   3.2310000e+02   6.9750071e-06
   3.2699880e+02   9.0870045e-06
   3.3089760e+02   1.1763458e-05
   3.3479640e+02   1.5131943e-05
   3.3869520e+02   1.9342273e-05
   3.4259399e+02   2.4568659e-05
   3.4649279e+02   3.1011658e-05
   3.5039159e+02   3.8899770e-05
   3.5429039e+02   4.8490529e-05
   3.5818919e+02   6.0070956e-05
   3.6208799e+02   7.3957169e-05
   3.6598679e+02   9.0493018e-05
   3.6988559e+02   1.1004758e-04
   3.7378438e+02   1.3301134e-04
   3.7768318e+02   1.5979108e-04
   3.8158198e+02   1.9080317e-04
   3.8548078e+02   2.2646558e-04
   3.8937958e+02   2.6718834e-04
   3.9327838e+02   3.1336285e-04
   3.9717718e+02   3.6535000e-04
   4.0107598e+02   4.2346762e-04
   4.0497477e+02   4.8797740e-04
   4.0887357e+02   5.5907185e-04
   4.1277237e+02   6.3686168e-04
   4.1667117e+02   7.2136420e-04
   4.2056997e+02   8.1249316e-04
   4.2446877e+02   9.1005066e-04
   4.2836757e+02   1.0137215e-03
   4.3226637e+02   1.1230706e-03
   4.3616517e+02   1.2375432e-03
   4.4006396e+02   1.3564693e-03
   4.4396276e+02   1.4790709e-03
   4.4786156e+02   1.6044730e-03
   4.5176036e+02   1.7317177e-03
   4.5565916e+02   1.8597819e-03
   4.5955796e+02   1.9875961e-03
   4.6345676e+02   2.1140664e-03
   4.6735556e+02   2.2380967e-03
   4.7125435e+02   2.3586115e-03
   4.7515315e+02   2.4745785e-03
   4.7905195e+02   2.5850295e-03
   4.8295075e+02   2.6890803e-03
   4.8684955e+02   2.7859468e-03
   4.9074835e+02   2.8749595e-03
   4.9464715e+02   2.9555733e-03
   4.9854595e+02   3.0273743e-03
   5.0244474e+02   3.0900829e-03
   5.0634354e+02   3.1435531e-03
   5.1024234e+02   3.1877679e-03
   5.1414114e+02   3.2228325e-03
   5.1803994e+02   3.2489639e-03
   5.2193874e+02   3.2664789e-03
   5.2583754e+02   3.2757803e-03
   5.2973634e+02   3.2773418e-03
   5.3363514e+02   3.2716930e-03
   5.3753393e+02   3.2594041e-03
   5.4143273e+02   3.2410711e-03
   5.4533153e+02   3.2173018e-03
   5.4923033e+02   3.1887039e-03
   5.5312913e+02   3.1558733e-03
   5.5702793e+02   3.1193853e-03
   5.6092673e+02   3.0797868e-03
   5.6482553e+02   3.0375904e-03
   5.6872432e+02   2.9932703e-03
   5.7262312e+02   2.9472596e-03
   5.7652192e+02   2.8999491e-03
   5.8042072e+02   2.8516873e-03
   5.8431952e+02   2.8027811e-03
   5.8821832e+02   2.7534980e-03
   5.9211712e+02   2.7040680e-03
   5.9601592e+02   2.6546868e-03
   5.9991471e+02   2.6055188e-03
   6.0381351e+02   2.5567001e-03
   6.0771231e+02   2.5083419e-03
   6.1161111e+02   2.4605336e-03
   6.1550991e+02   2.4133459e-03
   6.1940871e+02   2.3668331e-03
   6.2330751e+02   2.3210361e-03
   6.2720631e+02   2.2759845e-03
   6.3110511e+02   2.2316984e-03
   6.3500390e+02   2.1881904e-03
   6.3890270e+02   2.1454668e-03
   6.4280150e+02   2.1035291e-03
   6.4670030e+02   2.0623749e-03
   6.5059910e+02   2.0219988e-03
   6.5449790e+02   1.9823931e-03
   6.5839670e+02   1.9435485e-03
   6.6229550e+02   1.9054543e-03
   6.6619429e+02   1.8680990e-03
   6.7009309e+02   1.8314705e-03
   6.7399189e+02   1.7955561e-03
   6.7789069e+02   1.7603431e-03
   6.8178949e+02   1.7258188e-03
   6.8568829e+02   1.6919701e-03
   6.8958709e+02   1.6587843e-03
   6.9348589e+02   1.6262488e-03
   6.9738468e+02   1.5943510e-03
   7.0128348e+02   1.5630785e-03
   7.0518228e+02   1.5324192e-03
   7.0908108e+02   1.5023612e-03
   7.1297988e+02   1.4728926e-03
   7.1687868e+02   1.4440020e-03
   7.2077748e+02   1.4156781e-03
   7.2467628e+02   1.3879096e-03
   7.2857508e+02   1.3606859e-03
   7.3247387e+02   1.3339961e-03
   7.3637267e+02   1.3078298e-03
   7.4027147e+02   1.2821768e-03
   7.4417027e+02   1.2570270e-03
   7.4806907e+02   1.2323705e-03
   7.5196787e+02   1.2081976e-03
   7.5586667e+02   1.1844988e-03
   7.5976547e+02   1.1612649e-03
   7.6366426e+02   1.1384868e-03
   7.6756306e+02   1.1161554e-03
   7.7146186e+02   1.0942621e-03
   7.7536066e+02   1.0727982e-03
   7.7925946e+02   1.0517553e-03
   7.8315826e+02   1.0311251e-03
   7.8705706e+02   1.0108997e-03
   7.9095586e+02   9.9107091e-04
   7.9485465e+02   9.7163110e-04
   7.9875345e+02   9.5257259e-04
   8.0265225e+02   9.3388792e-04
   8.0655105e+02   9.1556975e-04
   8.1044985e+02   8.9761089e-04
   8.1434865e+02   8.8000429e-04
   8.1824745e+02   8.6274305e-04
   8.2214625e+02   8.4582038e-04
   8.2604505e+02   8.2922965e-04
   8.2994384e+02   8.1296435e-04
   8.3384264e+02   7.9701808e-04
   8.3774144e+02   7.8138461e-04
   8.4164024e+02   7.6605778e-04
   8.4553904e+02   7.5103159e-04
   8.4943784e+02   7.3630014e-04
   8.5333664e+02   7.2185765e-04
   8.5723544e+02   7.0769844e-04
   8.6113423e+02   6.9381697e-04
   8.6503303e+02   6.8020778e-04
   8.6893183e+02   6.6686553e-04
   8.7283063e+02   6.5378499e-04
   8.7672943e+02   6.4096103e-04
   8.8062823e+02   6.2838860e-04
   8.8452703e+02   6.1606279e-04
   8.8842583e+02   6.0397874e-04
   8.9232462e+02   5.9213173e-04
   8.9622342e+02   5.8051709e-04
   9.0012222e+02   5.6913027e-04
   9.0402102e+02   5.5796680e-04
   9.0791982e+02   5.4702231e-04
   9.1181862e+02   5.3629249e-04
   9.1571742e+02   5.2577314e-04
   9.1961622e+02   5.1546012e-04
   9.2351502e+02   5.0534939e-04
   9.2741381e+02   4.9543699e-04
   9.3131261e+02   4.8571901e-04
   9.3521141e+02   4.7619165e-04
   9.3911021e+02   4.6685117e-04
   9.4300901e+02   4.5769391e-04
   9.4690781e+02   4.4871626e-04
   9.5080661e+02   4.3991471e-04
   9.5470541e+02   4.3128580e-04
   9.5860420e+02   4.2282615e-04
   9.6250300e+02   4.1453243e-04
   9.6640180e+02   4.0640140e-04
   9.7030060e+02   3.9842985e-04
   9.7419940e+02   3.9061467e-04
   9.7809820e+02   3.8295278e-04
   9.8199700e+02   3.7544118e-04
   9.8589580e+02   3.6807691e-04
   9.8979459e+02   3.6085710e-04
   9.9369339e+02   3.5377891e-04
   9.9759219e+02   3.4683955e-04
   1.0014910e+03   3.4003630e-04
   1.0053898e+03   3.3336651e-04
   1.0092886e+03   3.2682754e-04
   1.0131874e+03   3.2041683e-04
   1.0170862e+03   3.1413187e-04
   1.0209850e+03   3.0797018e-04
   1.0248838e+03   3.0192936e-04
   1.0287826e+03   2.9600703e-04
   1.0326814e+03   2.9020087e-04
   1.0365802e+03   2.8450859e-04
   1.0404790e+03   2.7892796e-04
   1.0443778e+03   2.7345680e-04
   1.0482766e+03   2.6809296e-04
   1.0521754e+03   2.6283433e-04
   1.0560742e+03   2.5767885e-04
   1.0599730e+03   2.5262449e-04
   1.0638718e+03   2.4766927e-04
   1.0677706e+03   2.4281125e-04
   1.0716694e+03   2.3804851e-04
   1.0755682e+03   2.3337920e-04
   1.0794670e+03   2.2880148e-04
   1.0833658e+03   2.2431355e-04
   1.0872646e+03   2.1991365e-04
   1.0911634e+03   2.1560005e-04
   1.0950622e+03   2.1137107e-04
   1.0989610e+03   2.0722503e-04
   1.1028598e+03   2.0316032e-04
   1.1067586e+03   1.9917534e-04
   1.1106574e+03   1.9526852e-04
   1.1145562e+03   1.9143834e-04
   1.1184550e+03   1.8768329e-04
   1.1223538e+03   1.8400189e-04
   1.1262526e+03   1.8039270e-04
   1.1301514e+03   1.7685430e-04
   1.1340502e+03   1.7338531e-04
   1.1379489e+03   1.6998437e-04
   1.1418477e+03   1.6665013e-04
   1.1457465e+03   1.6338130e-04
   1.1496453e+03   1.6017658e-04
   1.1535441e+03   1.5703472e-04
   1.1574429e+03   1.5395449e-04
   1.1613417e+03   1.5093468e-04
   1.1652405e+03   1.4797410e-04
   1.1691393e+03   1.4507160e-04
   1.1730381e+03   1.4222603e-04
   1.1769369e+03   1.3943627e-04
   1.1808357e+03   1.3670123e-04
   1.1847345e+03   1.3401984e-04
   1.1886333e+03   1.3139105e-04
   1.1925321e+03   1.2881382e-04
   1.1964309e+03   1.2628714e-04
   1.2003297e+03   1.2381003e-04
   1.2042285e+03   1.2138150e-04
   1.2081273e+03   1.1900060e-04
   1.2120261e+03   1.1666641e-04
   1.2159249e+03   1.1437801e-04
   1.2198237e+03   1.1213449e-04
   1.2237225e+03   1.0993497e-04
   1.2276213e+03   1.0777860e-04
   1.2315201e+03   1.0566453e-04
   1.2354189e+03   1.0359193e-04
   1.2393177e+03   1.0155997e-04
   1.2432165e+03   9.9567880e-05
   1.2471153e+03   9.7614861e-05
   1.2510141e+03   9.5700149e-05
   1.2549129e+03   9.3822995e-05
   1.2588117e+03   9.1982661e-05
   1.2627105e+03   9.0178425e-05
   1.2666093e+03   8.8409579e-05
   1.2705081e+03   8.6675429e-05
   1.2744069e+03   8.4975294e-05
   1.2783057e+03   8.3308508e-05
   1.2822045e+03   8.1674415e-05
   1.2861033e+03   8.0072375e-05
   1.2900021e+03   7.8501759e-05
   1.2939009e+03   7.6961950e-05
   1.2977997e+03   7.5452345e-05
   1.3016985e+03   7.3972350e-05
   1.3055973e+03   7.2521386e-05
   1.3094961e+03   7.1098882e-05
   1.3133949e+03   6.9704280e-05
   1.3172937e+03   6.8337034e-05
   1.3211925e+03   6.6996606e-05
   1.3250913e+03   6.5682470e-05
   1.3289901e+03   6.4394112e-05
   1.3328889e+03   6.3131024e-05
   1.3367877e+03   6.1892712e-05
   1.3406865e+03   6.0678689e-05
   1.3445853e+03   5.9488479e-05
   1.3484841e+03   5.8321615e-05
   1.3523829e+03   5.7177639e-05
   1.3562817e+03   5.6056102e-05
   1.3601805e+03   5.4956564e-05
   1.3640793e+03   5.3878593e-05
   1.3679781e+03   5.2821767e-05
   1.3718769e+03   5.1785670e-05
   1.3757757e+03   5.0769897e-05
   1.3796745e+03   4.9774047e-05
   1.3835733e+03   4.8797732e-05
   1.3874721e+03   4.7840566e-05
   1.3913709e+03   4.6902176e-05
   1.3952697e+03   4.5982191e-05
   1.3991685e+03   4.5080253e-05
   1.4030673e+03   4.4196006e-05
   1.4069661e+03   4.3329103e-05
   1.4108649e+03   4.2479204e-05
   1.4147637e+03   4.1645977e-05
   1.4186625e+03   4.0829093e-05
   1.4225613e+03   4.0028232e-05
   1.4264601e+03   3.9243080e-05
   1.4303589e+03   3.8473328e-05
   1.4342577e+03   3.7718676e-05
   1.4381565e+03   3.6978825e-05
   1.4420553e+03   3.6253487e-05
   1.4459541e+03   3.5542377e-05
   1.4498529e+03   3.4845215e-05
   1.4537517e+03   3.4161727e-05
   1.4576505e+03   3.3491646e-05
   1.4615492e+03   3.2834709e-05
   1.4654480e+03   3.2190658e-05
   1.4693468e+03   3.1559239e-05
   1.4732456e+03   3.0940206e-05
   1.4771444e+03   3.0333316e-05
   1.4810432e+03   2.9738329e-05
   1.4849420e+03   2.9155013e-05
   1.4888408e+03   2.8583139e-05
   1.4927396e+03   2.8022481e-05
   1.4966384e+03   2.7472822e-05
   1.5005372e+03   2.6933944e-05
   1.5044360e+03   2.6405635e-05
   1.5083348e+03   2.5887690e-05
   1.5122336e+03   2.5379904e-05
   1.5161324e+03   2.4882078e-05
   1.5200312e+03   2.4394017e-05
   1.5239300e+03   2.3915530e-05
   1.5278288e+03   2.3446428e-05
   1.5317276e+03   2.2986527e-05
   1.5356264e+03   2.2535647e-05
   1.5395252e+03   2.2093612e-05
   1.5434240e+03   2.1660246e-05
   1.5473228e+03   2.1235382e-05
   1.5512216e+03   2.0818850e-05
   1.5551204e+03   2.0410490e-05
   1.5590192e+03   2.0010139e-05
   1.5629180e+03   1.9617641e-05
   1.5668168e+03   1.9232842e-05
   1.5707156e+03   1.8855590e-05
   1.5746144e+03   1.8485739e-05
   1.5785132e+03   1.8123142e-05
   1.5824120e+03   1.7767657e-05
   1.5863108e+03   1.7419145e-05
   1.5902096e+03   1.7077469e-05
   1.5941084e+03   1.6742496e-05
   1.5980072e+03   1.6414092e-05
   1.6019060e+03   1.6092131e-05
   1.6058048e+03   1.5776484e-05
   1.6097036e+03   1.5467029e-05
   1.6136024e+03   1.5163644e-05
   1.6175012e+03   1.4866210e-05
   1.6214000e+03   1.4574610e-05
   1.6252988e+03   1.4288729e-05
   1.6291976e+03   1.4008457e-05
   1.6330964e+03   1.3733681e-05
   1.6369952e+03   1.3464296e-05
   1.6408940e+03   1.3200194e-05
   1.6447928e+03   1.2941273e-05
   1.6486916e+03   1.2687430e-05
   1.6525904e+03   1.2438567e-05
   1.6564892e+03   1.2194585e-05
   1.6603880e+03   1.1955389e-05
   1.6642868e+03   1.1720884e-05
   1.6681856e+03   1.1490980e-05
   1.6720844e+03   1.1265585e-05
   1.6759832e+03   1.1044611e-05
   1.6798820e+03   1.0827971e-05
   1.6837808e+03   1.0615581e-05
   1.6876796e+03   1.0407357e-05
   1.6915784e+03   1.0203217e-05
   1.6954772e+03   1.0003081e-05
   1.6993760e+03   9.8068712e-06
   1.7032748e+03   9.6145099e-06
   1.7071736e+03   9.4259217e-06
   1.7110724e+03   9.2410326e-06
   1.7149712e+03   9.0597702e-06
   1.7188700e+03   8.8820632e-06
   1.7227688e+03   8.7078419e-06
   1.7266676e+03   8.5370379e-06
   1.7305664e+03   8.3695843e-06
   1.7344652e+03   8.2054153e-06
   1.7383640e+03   8.0444664e-06
   1.7422628e+03   7.8866745e-06
   1.7461616e+03   7.7319778e-06
   1.7500604e+03   7.5803154e-06
   1.7539592e+03   7.4316278e-06
   1.7578580e+03   7.2858567e-06
   1.7617568e+03   7.1429450e-06
   1.7656556e+03   7.0028364e-06
   1.7695544e+03   6.8654761e-06
   1.7734532e+03   6.7308101e-06
   1.7773520e+03   6.5987855e-06
   1.7812508e+03   6.4693506e-06
   1.7851495e+03   6.3424546e-06
   1.7890483e+03   6.2180476e-06
   1.7929471e+03   6.0960809e-06
   1.7968459e+03   5.9765065e-06
   1.8007447e+03   5.8592776e-06
   1.8046435e+03   5.7443481e-06
   1.8085423e+03   5.6316730e-06
   1.8124411e+03   5.5212080e-06
   1.8163399e+03   5.4129097e-06
   1.8202387e+03   5.3067357e-06
   1.8241375e+03   5.2026443e-06
   1.8280363e+03   5.1005947e-06
   1.8319351e+03   5.0005467e-06
   1.8358339e+03   4.9024612e-06
   1.8397327e+03   4.8062997e-06
   1.8436315e+03   4.7120243e-06
   1.8475303e+03   4.6195981e-06
   1.8514291e+03   4.5289849e-06
   1.8553279e+03   4.4401491e-06
   1.8592267e+03   4.3530558e-06
   1.8631255e+03   4.2676708e-06
   1.8670243e+03   4.1839606e-06
   1.8709231e+03   4.1018924e-06
   1.8748219e+03   4.0214339e-06
   1.8787207e+03   3.9425537e-06
   1.8826195e+03   3.8652207e-06
   1.8865183e+03   3.7894045e-06
   1.8904171e+03   3.7150755e-06
   1.8943159e+03   3.6422045e-06
   1.8982147e+03   3.5707628e-06
   1.9021135e+03   3.5007224e-06
   1.9060123e+03   3.4320559e-06
   1.9099111e+03   3.3647363e-06
   1.9138099e+03   3.2987371e-06
   1.9177087e+03   3.2340325e-06
   1.9216075e+03   3.1705971e-06
   1.9255063e+03   3.1084060e-06
   1.9294051e+03   3.0474348e-06
   1.9333039e+03   2.9876595e-06
   1.9372027e+03   2.9290566e-06
   1.9411015e+03   2.8716033e-06
   1.9450003e+03   2.8152769e-06
   1.9488991e+03   2.7600554e-06
   1.9527979e+03   2.7059170e-06
   1.9566967e+03   2.6528406e-06
   1.9605955e+03   2.6008052e-06
   1.9644943e+03   2.5497906e-06
   1.9683931e+03   2.4997765e-06
   1.9722919e+03   2.4507435e-06
   1.9761907e+03   2.4026723e-06
   1.9800895e+03   2.3555440e-06
   1.9839883e+03   2.3093401e-06
   1.9878871e+03   2.2640425e-06
   1.9917859e+03   2.2196334e-06
   1.9956847e+03   2.1760954e-06
   1.9995835e+03   2.1334114e-06
   2.0034823e+03   2.0915646e-06
   2.0073811e+03   2.0505386e-06
   2.0112799e+03   2.0103174e-06
   2.0151787e+03   1.9708851e-06
   2.0190775e+03   1.9322263e-06
   2.0229763e+03   1.8943258e-06
   2.0268751e+03   1.8571686e-06
   2.0307739e+03   1.8207404e-06
   2.0346727e+03   1.7850266e-06
   2.0385715e+03   1.7500134e-06
   2.0424703e+03   1.7156870e-06
   2.0463691e+03   1.6820338e-06
   2.0502679e+03   1.6490408e-06
   2.0541667e+03   1.6166949e-06
   2.0580655e+03   1.5849835e-06
   2.0619643e+03   1.5538942e-06
   2.0658631e+03   1.5234146e-06
   2.0697619e+03   1.4935329e-06
   2.0736607e+03   1.4642373e-06
   2.0775595e+03   1.4355163e-06
   2.0814583e+03   1.4073588e-06
   2.0853571e+03   1.3797535e-06
   2.0892559e+03   1.3526897e-06
   2.0931547e+03   1.3261567e-06
   2.0970535e+03   1.3001442e-06
   2.1009523e+03   1.2746419e-06
   2.1048511e+03   1.2496399e-06
   2.1087498e+03   1.2251283e-06
   2.1126486e+03   1.2010974e-06
   2.1165474e+03   1.1775379e-06
   2.1204462e+03   1.1544406e-06
   2.1243450e+03   1.1317963e-06
   2.1282438e+03   1.1095962e-06
   2.1321426e+03   1.0878315e-06
   2.1360414e+03   1.0664937e-06
   2.1399402e+03   1.0455745e-06
   2.1438390e+03   1.0250656e-06
   2.1477378e+03   1.0049590e-06
   2.1516366e+03   9.8524674e-07
   2.1555354e+03   9.6592117e-07
   2.1594342e+03   9.4697466e-07
   2.1633330e+03   9.2839980e-07
   2.1672318e+03   9.1018927e-07
   2.1711306e+03   8.9233595e-07
   2.1750294e+03   8.7483282e-07
   2.1789282e+03   8.5767301e-07
   2.1828270e+03   8.4084979e-07
   2.1867258e+03   8.2435656e-07
   2.1906246e+03   8.0818684e-07
   2.1945234e+03   7.9233429e-07
   2.1984222e+03   7.7679269e-07
   2.2023210e+03   7.6155593e-07
   2.2062198e+03   7.4661805e-07
   2.2101186e+03   7.3197317e-07
   2.2140174e+03   7.1761554e-07
   2.2179162e+03   7.0353955e-07
   2.2218150e+03   6.8973965e-07
   2.2257138e+03   6.7621044e-07
   2.2296126e+03   6.6294660e-07
   2.2335114e+03   6.4994293e-07
   2.2374102e+03   6.3719433e-07
   2.2413090e+03   6.2469579e-07
   2.2452078e+03   6.1244241e-07
   2.2491066e+03   6.0042937e-07
   2.2530054e+03   5.8865198e-07
   2.2569042e+03   5.7710559e-07
   2.2608030e+03   5.6578569e-07
   2.2647018e+03   5.5468783e-07
   2.2686006e+03   5.4380765e-07
   2.2724994e+03   5.3314089e-07
   2.2763982e+03   5.2268335e-07
   2.2802970e+03   5.1243094e-07
   2.2841958e+03   5.0237963e-07
   2.2880946e+03   4.9252548e-07
   2.2919934e+03   4.8286461e-07
   2.2958922e+03   4.7339324e-07
   2.2997910e+03   4.6410766e-07
   2.3036898e+03   4.5500420e-07
   2.3075886e+03   4.4607932e-07
   2.3114874e+03   4.3732949e-07
   2.3153862e+03   4.2875129e-07
   2.3192850e+03   4.2034135e-07
   2.3231838e+03   4.1209637e-07
   2.3270826e+03   4.0401312e-07
   2.3309814e+03   3.9608842e-07
   2.3348802e+03   3.8831916e-07
   2.3387790e+03   3.8070230e-07
   2.3426778e+03   3.7323484e-07
   2.3465766e+03   3.6591386e-07
   2.3504754e+03   3.5873647e-07
   2.3543742e+03   3.5169987e-07
   2.3582730e+03   3.4480129e-07
   2.3621718e+03   3.3803803e-07
   2.3660706e+03   3.3140743e-07
   2.3699694e+03   3.2490689e-07
   2.3738682e+03   3.1853385e-07
   2.3777670e+03   3.1228583e-07
   2.3816658e+03   3.0616035e-07
   2.3855646e+03   3.0015503e-07
   2.3894634e+03   2.9426750e-07
   2.3933622e+03   2.8849546e-07
   2.3972610e+03   2.8283663e-07
   2.4011598e+03   2.7728880e-07
   2.4050586e+03   2.7184980e-07
   2.4089574e+03   2.6651747e-07
   2.4128562e+03   2.6128975e-07
   2.4167550e+03   2.5616456e-07
   2.4206538e+03   2.5113990e-07
   2.4245526e+03   2.4621380e-07
   2.4284514e+03   2.4138433e-07
   2.4323502e+03   2.3664959e-07
   2.4362489e+03   2.3200772e-07
   2.4401477e+03   2.2745689e-07
   2.4440465e+03   2.2299534e-07
   2.4479453e+03   2.1862129e-07
   2.4518441e+03   2.1433305e-07
   2.4557429e+03   2.1012891e-07
   2.4596417e+03   2.0600724e-07
   2.4635405e+03   2.0196642e-07
   2.4674393e+03   1.9800486e-07
   2.4713381e+03   1.9412100e-07
   2.4752369e+03   1.9031333e-07
   2.4791357e+03   1.8658034e-07
   2.4830345e+03   1.8292057e-07
   2.4869333e+03   1.7933259e-07
   2.4908321e+03   1.7581499e-07
   2.4947309e+03   1.7236639e-07
   2.4986297e+03   1.6898543e-07
   2.5025285e+03   1.6567079e-07
   2.5064273e+03   1.6242116e-07
   2.5103261e+03   1.5923528e-07
   2.5142249e+03   1.5611188e-07
   2.5181237e+03   1.5304976e-07
   2.5220225e+03   1.5004769e-07
   2.5259213e+03   1.4710451e-07
   2.5298201e+03   1.4421906e-07
   2.5337189e+03   1.4139021e-07
   2.5376177e+03   1.3861685e-07
   2.5415165e+03   1.3589789e-07
   2.5454153e+03   1.3323226e-07
   2.5493141e+03   1.3061891e-07
   2.5532129e+03   1.2805683e-07
   2.5571117e+03   1.2554500e-07
   2.5610105e+03   1.2308244e-07
   2.5649093e+03   1.2066818e-07
   2.5688081e+03   1.1830128e-07
   2.5727069e+03   1.1598081e-07
   2.5766057e+03   1.1370585e-07
   2.5805045e+03   1.1147551e-07
   2.5844033e+03   1.0928892e-07
   2.5883021e+03   1.0714523e-07
   2.5922009e+03   1.0504358e-07
   2.5960997e+03   1.0298315e-07
   2.5999985e+03   1.0096314e-07
   2.6038973e+03   9.8982755e-08
   2.6077961e+03   9.7041213e-08
   2.6116949e+03   9.5137754e-08
   2.6155937e+03   9.3271631e-08
   2.6194925e+03   9.1442112e-08
   2.6233913e+03   8.9648479e-08
   2.6272901e+03   8.7890028e-08
   2.6311889e+03   8.6166068e-08
   2.6350877e+03   8.4475925e-08
   2.6389865e+03   8.2818933e-08
   2.6428853e+03   8.1194443e-08
   2.6467841e+03   7.9601818e-08
   2.6506829e+03   7.8040432e-08
   2.6545817e+03   7.6509672e-08
   2.6584805e+03   7.5008938e-08
   2.6623793e+03   7.3537641e-08
   2.6662781e+03   7.2095203e-08
   2.6701769e+03   7.0681059e-08
   2.6740757e+03   6.9294653e-08
   2.6779745e+03   6.7935441e-08
   2.6818733e+03   6.6602891e-08
   2.6857721e+03   6.5296478e-08
   2.6896709e+03   6.4015690e-08
   2.6935697e+03   6.2760025e-08
   2.6974685e+03   6.1528990e-08
   2.7013673e+03   6.0322102e-08
   2.7052661e+03   5.9138886e-08
   2.7091649e+03   5.7978880e-08
   2.7130637e+03   5.6841626e-08
   2.7169625e+03   5.5726680e-08
   2.7208613e+03   5.4633604e-08
   2.7247601e+03   5.3561968e-08
   2.7286589e+03   5.2511352e-08
   2.7325577e+03   5.1481344e-08
   2.7364565e+03   5.0471540e-08
   2.7403553e+03   4.9481543e-08
   2.7442541e+03   4.8510965e-08
   2.7481529e+03   4.7559424e-08
   2.7520517e+03   4.6626548e-08
   2.7559505e+03   4.5711970e-08
   2.7598492e+03   4.4815332e-08
   2.7637480e+03   4.3936281e-08
   2.7676468e+03   4.3074473e-08
   2.7715456e+03   4.2229569e-08
   2.7754444e+03   4.1401238e-08
   2.7793432e+03   4.0589154e-08
   2.7832420e+03   3.9793000e-08
   2.7871408e+03   3.9012462e-08
   2.7910396e+03   3.8247234e-08
   2.7949384e+03   3.7497016e-08
   2.7988372e+03   3.6761514e-08
   2.8027360e+03   3.6040438e-08
   2.8066348e+03   3.5333507e-08
   2.8105336e+03   3.4640442e-08
   2.8144324e+03   3.3960971e-08
   2.8183312e+03   3.3294828e-08
   2.8222300e+03   3.2641751e-08
   2.8261288e+03   3.2001485e-08
   2.8300276e+03   3.1373777e-08
   2.8339264e+03   3.0758382e-08
   2.8378252e+03   3.0155057e-08
   2.8417240e+03   2.9563567e-08
   2.8456228e+03   2.8983679e-08
   2.8495216e+03   2.8415166e-08
   2.8534204e+03   2.7857803e-08
   2.8573192e+03   2.7311374e-08
   2.8612180e+03   2.6775662e-08
   2.8651168e+03   2.6250459e-08
   2.8690156e+03   2.5735557e-08
   2.8729144e+03   2.5230755e-08
   2.8768132e+03   2.4735855e-08
   2.8807120e+03   2.4250662e-08
   2.8846108e+03   2.3774987e-08
   2.8885096e+03   2.3308641e-08
   2.8924084e+03   2.2851443e-08
   2.8963072e+03   2.2403213e-08
   2.9002060e+03   2.1963775e-08
   2.9041048e+03   2.1532957e-08
   2.9080036e+03   2.1110589e-08
   2.9119024e+03   2.0696505e-08
   2.9158012e+03   2.0290544e-08
   2.9197000e+03   1.9892546e-08
   2.9235988e+03   1.9502355e-08
   2.9274976e+03   1.9119817e-08
   2.9313964e+03   1.8744783e-08
   2.9352952e+03   1.8377104e-08
   2.9391940e+03   1.8016638e-08
   2.9430928e+03   1.7663243e-08
   2.9469916e+03   1.7316779e-08
   2.9508904e+03   1.6977111e-08
   2.9547892e+03   1.6644106e-08
   2.9586880e+03   1.6317632e-08
   2.9625868e+03   1.5997563e-08
   2.9664856e+03   1.5683771e-08
   2.9703844e+03   1.5376135e-08
   2.9742832e+03   1.5074533e-08
   2.9781820e+03   1.4778846e-08
   2.9820808e+03   1.4488960e-08
   2.9859796e+03   1.4204760e-08
   2.9898784e+03   1.3926134e-08
   2.9937772e+03   1.3652973e-08
   2.9976760e+03   1.3385171e-08
   3.0015748e+03   1.3122621e-08
   3.0054736e+03   1.2865222e-08
   3.0093724e+03   1.2612871e-08
   3.0132712e+03   1.2365470e-08
   3.0171700e+03   1.2122922e-08
   3.0210688e+03   1.1885131e-08
   3.0249676e+03   1.1652005e-08
   3.0288664e+03   1.1423451e-08
   3.0327652e+03   1.1199381e-08
   3.0366640e+03   1.0979705e-08
   3.0405628e+03   1.0764339e-08
   3.0444616e+03   1.0553197e-08
   3.0483604e+03   1.0346196e-08
   3.0522592e+03   1.0143256e-08
   3.0561580e+03   9.9442967e-09
   3.0600568e+03   9.7492397e-09
   3.0639556e+03   9.5580088e-09
   3.0678544e+03   9.3705289e-09
   3.0717532e+03   9.1867263e-09
   3.0756520e+03   9.0065291e-09
   3.0795508e+03   8.8298664e-09
   3.0834495e+03   8.6566690e-09
   3.0873483e+03   8.4868688e-09
   3.0912471e+03   8.3203992e-09
   3.0951459e+03   8.1571950e-09
   3.0990447e+03   7.9971919e-09
   3.1029435e+03   7.8403274e-09
   3.1068423e+03   7.6865397e-09
   3.1107411e+03   7.5357685e-09
   3.1146399e+03   7.3879548e-09
   3.1185387e+03   7.2430403e-09
   3.1224375e+03   7.1009684e-09
   3.1263363e+03   6.9616832e-09
   3.1302351e+03   6.8251301e-09
   3.1341339e+03   6.6912555e-09
   3.1380327e+03   6.5600068e-09
   3.1419315e+03   6.4313325e-09
   3.1458303e+03   6.3051822e-09
   3.1497291e+03   6.1815064e-09
   3.1536279e+03   6.0602564e-09
   3.1575267e+03   5.9413847e-09
   3.1614255e+03   5.8248447e-09
   3.1653243e+03   5.7105906e-09
   3.1692231e+03   5.5985776e-09
   3.1731219e+03   5.4887618e-09
   3.1770207e+03   5.3811000e-09
   3.1809195e+03   5.2755499e-09
   3.1848183e+03   5.1720702e-09
   3.1887171e+03   5.0706203e-09
   3.1926159e+03   4.9711603e-09
   3.1965147e+03   4.8736512e-09
   3.2004135e+03   4.7780547e-09
   3.2043123e+03   4.6843334e-09
   3.2082111e+03   4.5924504e-09
   3.2121099e+03   4.5023697e-09
   3.2160087e+03   4.4140559e-09
   3.2199075e+03   4.3274744e-09
   3.2238063e+03   4.2425912e-09
   3.2277051e+03   4.1593729e-09
   3.2316039e+03   4.0777870e-09
   3.2355027e+03   3.9978014e-09
   3.2394015e+03   3.9193847e-09
   3.2433003e+03   3.8425061e-09
   3.2471991e+03   3.7671355e-09
   3.2510979e+03   3.6932433e-09
   3.2549967e+03   3.6208005e-09
   3.2588955e+03   3.5497787e-09
   3.2627943e+03   3.4801499e-09
   3.2666931e+03   3.4118869e-09
   3.2705919e+03   3.3449629e-09
   3.2744907e+03   3.2793516e-09
   3.2783895e+03   3.2150273e-09
   3.2822883e+03   3.1519647e-09
   3.2861871e+03   3.0901390e-09
   3.2900859e+03   3.0295261e-09
   3.2939847e+03   2.9701020e-09
   3.2978835e+03   2.9118436e-09
   3.3017823e+03   2.8547279e-09
   3.3056811e+03   2.7987326e-09
   3.3095799e+03   2.7438355e-09
   3.3134787e+03   2.6900153e-09
   3.3173775e+03   2.6372508e-09
   3.3212763e+03   2.5855212e-09
   3.3251751e+03   2.5348063e-09
   3.3290739e+03   2.4850862e-09
   3.3329727e+03   2.4363414e-09
   3.3368715e+03   2.3885526e-09
   3.3407703e+03   2.3417013e-09
   3.3446691e+03   2.2957689e-09
   3.3485679e+03   2.2507375e-09
   3.3524667e+03   2.2065894e-09
   3.3563655e+03   2.1633072e-09
   3.3602643e+03   2.1208741e-09
   3.3641631e+03   2.0792732e-09
   3.3680619e+03   2.0384883e-09
   3.3719607e+03   1.9985035e-09
   3.3758595e+03   1.9593029e-09
   3.3797583e+03   1.9208713e-09
   3.3836571e+03   1.8831935e-09
   3.3875559e+03   1.8462547e-09
   3.3914547e+03   1.8100405e-09
   3.3953535e+03   1.7745366e-09
   3.3992523e+03   1.7397292e-09
   3.4031511e+03   1.7056045e-09
   3.4070498e+03   1.6721491e-09
   3.4109486e+03   1.6393500e-09
   3.4148474e+03   1.6071942e-09
   3.4187462e+03   1.5756692e-09
   3.4226450e+03   1.5447625e-09
   3.4265438e+03   1.5144620e-09
   3.4304426e+03   1.4847559e-09
   3.4343414e+03   1.4556325e-09
   3.4382402e+03   1.4270803e-09
   3.4421390e+03   1.3990882e-09
   3.4460378e+03   1.3716452e-09
   3.4499366e+03   1.3447404e-09
   3.4538354e+03   1.3183634e-09
   3.4577342e+03   1.2925037e-09
   3.4616330e+03   1.2671513e-09
   3.4655318e+03   1.2422962e-09
   3.4694306e+03   1.2179286e-09
   3.4733294e+03   1.1940390e-09
   3.4772282e+03   1.1706180e-09
   3.4811270e+03   1.1476564e-09
   3.4850258e+03   1.1251451e-09
   3.4889246e+03   1.1030755e-09
   3.4928234e+03   1.0814387e-09
   3.4967222e+03   1.0602263e-09
   3.5006210e+03   1.0394300e-09
   3.5045198e+03   1.0190416e-09
   3.5084186e+03   9.9905318e-10
   3.5123174e+03   9.7945679e-10
   3.5162162e+03   9.6024479e-10
   3.5201150e+03   9.4140963e-10
   3.5240138e+03   9.2294392e-10
   3.5279126e+03   9.0484041e-10
   3.5318114e+03   8.8709201e-10
   3.5357102e+03   8.6969174e-10
   3.5396090e+03   8.5263277e-10
   3.5435078e+03   8.3590842e-10
   3.5474066e+03   8.1951211e-10
   3.5513054e+03   8.0343741e-10
   3.5552042e+03   7.8767802e-10
   3.5591030e+03   7.7222775e-10
   3.5630018e+03   7.5708054e-10
   3.5669006e+03   7.4223044e-10
   3.5707994e+03   7.2767162e-10
   3.5746982e+03   7.1339837e-10
   3.5785970e+03   6.9940509e-10
   3.5824958e+03   6.8568629e-10
   3.5863946e+03   6.7223659e-10
   3.5902934e+03   6.5905069e-10
   3.5941922e+03   6.4612344e-10
   3.5980910e+03   6.3344976e-10
   3.6019898e+03   6.2102467e-10
   3.6058886e+03   6.0884330e-10
   3.6097874e+03   5.9690086e-10
   3.6136862e+03   5.8519268e-10
   3.6175850e+03   5.7371415e-10
   3.6214838e+03   5.6246077e-10
   3.6253826e+03   5.5142813e-10
   3.6292814e+03   5.4061189e-10
   3.6331802e+03   5.3000781e-10
   3.6370790e+03   5.1961173e-10
   3.6409778e+03   5.0941957e-10
   3.6448766e+03   4.9942733e-10
   3.6487754e+03   4.8963108e-10
   3.6526742e+03   4.8002699e-10
   3.6565730e+03   4.7061128e-10
   3.6604718e+03   4.6138026e-10
   3.6643706e+03   4.5233031e-10
   3.6682694e+03   4.4345787e-10
   3.6721682e+03   4.3475946e-10
   3.6760670e+03   4.2623167e-10
   3.6799658e+03   4.1787116e-10
   3.6838646e+03   4.0967463e-10
   3.6877634e+03   4.0163888e-10
   3.6916622e+03   3.9376075e-10
   3.6955610e+03   3.8603715e-10
   3.6994598e+03   3.7846505e-10
   3.7033586e+03   3.7104147e-10
   3.7072574e+03   3.6376351e-10
   3.7111562e+03   3.5662831e-10
   3.7150550e+03   3.4963306e-10
   3.7189538e+03   3.4277502e-10
   3.7228526e+03   3.3605150e-10
   3.7267514e+03   3.2945987e-10
   3.7306502e+03   3.2299753e-10
   3.7345489e+03   3.1666194e-10
   3.7384477e+03   3.1045063e-10
   3.7423465e+03   3.0436116e-10
   3.7462453e+03   2.9839113e-10
   3.7501441e+03   2.9253820e-10
   3.7540429e+03   2.8680007e-10
   3.7579417e+03   2.8117450e-10
   3.7618405e+03   2.7565928e-10
   3.7657393e+03   2.7025223e-10
   3.7696381e+03   2.6495125e-10
   3.7735369e+03   2.5975424e-10
   3.7774357e+03   2.5465917e-10
   3.7813345e+03   2.4966404e-10
   3.7852333e+03   2.4476689e-10
   3.7891321e+03   2.3996580e-10
   3.7930309e+03   2.3525888e-10
   3.7969297e+03   2.3064429e-10
   3.8008285e+03   2.2612021e-10
   3.8047273e+03   2.2168487e-10
   3.8086261e+03   2.1733653e-10
   3.8125249e+03   2.1307349e-10
   3.8164237e+03   2.0889406e-10
   3.8203225e+03   2.0479661e-10
   3.8242213e+03   2.0077953e-10
   3.8281201e+03   1.9684125e-10
   3.8320189e+03   1.9298022e-10
   3.8359177e+03   1.8919492e-10
   3.8398165e+03   1.8548387e-10
   3.8437153e+03   1.8184561e-10
   3.8476141e+03   1.7827872e-10
   3.8515129e+03   1.7478179e-10
   3.8554117e+03   1.7135345e-10
   3.8593105e+03   1.6799236e-10
   3.8632093e+03   1.6469720e-10
   3.8671081e+03   1.6146667e-10
   3.8710069e+03   1.5829951e-10
   3.8749057e+03   1.5519447e-10
   3.8788045e+03   1.5215034e-10
   3.8827033e+03   1.4916592e-10
   3.8866021e+03   1.4624003e-10
   3.8905009e+03   1.4337154e-10
   3.8943997e+03   1.4055931e-10
   3.8982985e+03   1.3780225e-10
   3.9021973e+03   1.3509926e-10
   3.9060961e+03   1.3244930e-10
   3.9099949e+03   1.2985131e-10
   3.9138937e+03   1.2730428e-10
   3.9177925e+03   1.2480721e-10
   3.9216913e+03   1.2235913e-10
   3.9255901e+03   1.1995906e-10
   3.9294889e+03   1.1760607e-10
   3.9333877e+03   1.1529923e-10
   3.9372865e+03   1.1303764e-10
   3.9411853e+03   1.1082041e-10
   3.9450841e+03   1.0864667e-10
   3.9489829e+03   1.0651557e-10
   3.9528817e+03   1.0442627e-10
   3.9567805e+03   1.0237796e-10
   3.9606793e+03   1.0036982e-10
   3.9645781e+03   9.8401069e-11
   3.9684769e+03   9.6470936e-11
   3.9723757e+03   9.4578663e-11
   3.9762745e+03   9.2723506e-11
   3.9801733e+03   9.0904739e-11
   3.9840721e+03   8.9121646e-11
   3.9879709e+03   8.7373529e-11
   3.9918697e+03   8.5659701e-11
   3.9957685e+03   8.3979490e-11
   3.9996673e+03   8.2332236e-11
   4.0035661e+03   8.0717292e-11
   4.0074649e+03   7.9134026e-11
   4.0113637e+03   7.7581816e-11
   4.0152625e+03   7.6060052e-11
   4.0191613e+03   7.4568137e-11
   4.0230601e+03   7.3105486e-11
   4.0269589e+03   7.1671525e-11
   4.0308577e+03   7.0265691e-11
   4.0347565e+03   6.8887433e-11
   4.0386553e+03   6.7536209e-11
   4.0425541e+03   6.6211489e-11
   4.0464529e+03   6.4912754e-11
   4.0503517e+03   6.3639493e-11
   4.0542505e+03   6.2391207e-11
   4.0581492e+03   6.1167406e-11
   4.0620480e+03   5.9967610e-11
   4.0659468e+03   5.8791348e-11
   4.0698456e+03   5.7638158e-11
   4.0737444e+03   5.6507588e-11
   4.0776432e+03   5.5399194e-11
   4.0815420e+03   5.4312541e-11
   4.0854408e+03   5.3247203e-11
   4.0893396e+03   5.2202762e-11
   4.0932384e+03   5.1178807e-11
   4.0971372e+03   5.0174937e-11
   4.1010360e+03   4.9190758e-11
   4.1049348e+03   4.8225883e-11
   4.1088336e+03   4.7279934e-11
   4.1127324e+03   4.6352540e-11
   4.1166312e+03   4.5443337e-11
   4.1205300e+03   4.4551968e-11
   4.1244288e+03   4.3678083e-11
   4.1283276e+03   4.2821340e-11
   4.1322264e+03   4.1981401e-11
   4.1361252e+03   4.1157938e-11
   4.1400240e+03   4.0350626e-11
   4.1439228e+03   3.9559151e-11
   4.1478216e+03   3.8783200e-11
   4.1517204e+03   3.8022469e-11
   4.1556192e+03   3.7276660e-11
   4.1595180e+03   3.6545480e-11
   4.1634168e+03   3.5828642e-11
   4.1673156e+03   3.5125864e-11
   4.1712144e+03   3.4436872e-11
   4.1751132e+03   3.3761394e-11
   4.1790120e+03   3.3099166e-11
   4.1829108e+03   3.2449927e-11
   4.1868096e+03   3.1813423e-11
   4.1907084e+03   3.1189404e-11
   4.1946072e+03   3.0577626e-11
   4.1985060e+03   2.9977847e-11
   4.2024048e+03   2.9389833e-11
   4.2063036e+03   2.8813352e-11
   4.2102024e+03   2.8248180e-11
   4.2141012e+03   2.7694093e-11
   4.2180000e+03   2.7150874e-11
