   3.5281500e+02   3.5015846e-05
   3.5412303e+02   3.7335760e-05
   3.5543107e+02   3.9791377e-05
   3.5673910e+02   4.2389340e-05
   3.5804713e+02   4.5136532e-05
   3.5935517e+02   4.8040076e-05
   3.6066320e+02   5.1107340e-05
   3.6197123e+02   5.4345937e-05
   3.6327926e+02   5.7763731e-05
   3.6458730e+02   6.1368833e-05
   3.6589533e+02   6.5169607e-05
   3.6720336e+02   6.9174667e-05
   3.6851140e+02   7.3392881e-05
   3.6981943e+02   7.7833364e-05
   3.7112746e+02   8.2505486e-05
   3.7243550e+02   8.7418861e-05
   3.7374353e+02   9.2583350e-05
   3.7505156e+02   9.8009060e-05
   3.7635959e+02   1.0370633e-04
   3.7766763e+02   1.0968575e-04
   3.7897566e+02   1.1595812e-04
   3.8028369e+02   1.2253448e-04
   3.8159173e+02   1.2942608e-04
   3.8289976e+02   1.3664437e-04
   3.8420779e+02   1.4420103e-04
   3.8551583e+02   1.5210790e-04
   3.8682386e+02   1.6037702e-04
   3.8813189e+02   1.6902061e-04
   3.8943992e+02   1.7805103e-04
   3.9074796e+02   1.8748080e-04
   3.9205599e+02   1.9732255e-04
   3.9336402e+02   2.0758907e-04
   3.9467206e+02   2.1829322e-04
   3.9598009e+02   2.2944795e-04
   3.9728812e+02   2.4106628e-04
   3.9859616e+02   2.5316129e-04
   3.9990419e+02   2.6574607e-04
   4.0121222e+02   2.7883374e-04
   4.0252026e+02   2.9243740e-04
   4.0382829e+02   3.0657010e-04
   4.0513632e+02   3.2124486e-04
   4.0644435e+02   3.3647459e-04
   4.0775239e+02   3.5227212e-04
   4.0906042e+02   3.6865012e-04
   4.1036845e+02   3.8562111e-04
   4.1167649e+02   4.0319743e-04
   4.1298452e+02   4.2139119e-04
   4.1429255e+02   4.4021427e-04
   4.1560059e+02   4.5967826e-04
   4.1690862e+02   4.7979445e-04
   4.1821665e+02   5.0057380e-04
   4.1952468e+02   5.2202689e-04
   4.2083272e+02   5.4416390e-04
   4.2214075e+02   5.6699461e-04
   4.2344878e+02   5.9052828e-04
   4.2475682e+02   6.1477373e-04
   4.2606485e+02   6.3973920e-04
   4.2737288e+02   6.6543242e-04
   4.2868092e+02   6.9186047e-04
   4.2998895e+02   7.1902985e-04
   4.3129698e+02   7.4694636e-04
   4.3260502e+02   7.7561514e-04
   4.3391305e+02   8.0504058e-04
   4.3522108e+02   8.3522633e-04
   4.3652911e+02   8.6617524e-04
   4.3783715e+02   8.9788935e-04
   4.3914518e+02   9.3036987e-04
   4.4045321e+02   9.6361710e-04
   4.4176125e+02   9.9763045e-04
   4.4306928e+02   1.0324084e-03
   4.4437731e+02   1.0679485e-03
   4.4568535e+02   1.1042473e-03
   4.4699338e+02   1.1413004e-03
   4.4830141e+02   1.1791022e-03
   4.4960944e+02   1.2176463e-03
   4.5091748e+02   1.2569250e-03
   4.5222551e+02   1.2969298e-03
   4.5353354e+02   1.3376508e-03
   4.5484158e+02   1.3790772e-03
   4.5614961e+02   1.4211971e-03
   4.5745764e+02   1.4639973e-03
   4.5876568e+02   1.5074636e-03
   4.6007371e+02   1.5515807e-03
   4.6138174e+02   1.5963321e-03
   4.6268977e+02   1.6417001e-03
   4.6399781e+02   1.6876659e-03
   4.6530584e+02   1.7342097e-03
   4.6661387e+02   1.7813104e-03
   4.6792191e+02   1.8289459e-03
   4.6922994e+02   1.8770929e-03
   4.7053797e+02   1.9257272e-03
   4.7184601e+02   1.9748233e-03
   4.7315404e+02   2.0243548e-03
   4.7446207e+02   2.0742942e-03
   4.7577011e+02   2.1246131e-03
   4.7707814e+02   2.1752820e-03
   4.7838617e+02   2.2262705e-03
   4.7969420e+02   2.2775474e-03
   4.8100224e+02   2.3290804e-03
   4.8231027e+02   2.3808366e-03
   4.8361830e+02   2.4327822e-03
   4.8492634e+02   2.4848825e-03
   4.8623437e+02   2.5371023e-03
   4.8754240e+02   2.5894057e-03
   4.8885044e+02   2.6417561e-03
   4.9015847e+02   2.6941163e-03
   4.9146650e+02   2.7464487e-03
   4.9277453e+02   2.7987151e-03
   4.9408257e+02   2.8508771e-03
   4.9539060e+02   2.9028956e-03
   4.9669863e+02   2.9547316e-03
   4.9800667e+02   3.0063456e-03
   4.9931470e+02   3.0576980e-03
   5.0062273e+02   3.1087490e-03
   5.0193077e+02   3.1594589e-03
   5.0323880e+02   3.2097879e-03
   5.0454683e+02   3.2596963e-03
   5.0585486e+02   3.3091445e-03
   5.0716290e+02   3.3580930e-03
   5.0847093e+02   3.4065028e-03
   5.0977896e+02   3.4543351e-03
   5.1108700e+02   3.5015513e-03
   5.1239503e+02   3.5481136e-03
   5.1370306e+02   3.5939843e-03
   5.1501110e+02   3.6391267e-03
   5.1631913e+02   3.6835043e-03
   5.1762716e+02   3.7270816e-03
   5.1893520e+02   3.7698237e-03
   5.2024323e+02   3.8116965e-03
   5.2155126e+02   3.8526668e-03
   5.2285929e+02   3.8927023e-03
   5.2416733e+02   3.9317715e-03
   5.2547536e+02   3.9698441e-03
   5.2678339e+02   4.0068908e-03
   5.2809143e+02   4.0428833e-03
   5.2939946e+02   4.0777947e-03
   5.3070749e+02   4.1115989e-03
   5.3201553e+02   4.1442713e-03
   5.3332356e+02   4.1757885e-03
   5.3463159e+02   4.2061283e-03
   5.3593962e+02   4.2352699e-03
   5.3724766e+02   4.2631938e-03
   5.3855569e+02   4.2898819e-03
   5.3986372e+02   4.3153175e-03
   5.4117176e+02   4.3394851e-03
   5.4247979e+02   4.3623710e-03
   5.4378782e+02   4.3839627e-03
   5.4509586e+02   4.4042492e-03
   5.4640389e+02   4.4232209e-03
   5.4771192e+02   4.4408698e-03
   5.4901995e+02   4.4571891e-03
   5.5032799e+02   4.4721738e-03
   5.5163602e+02   4.4858202e-03
   5.5294405e+02   4.4981259e-03
   5.5425209e+02   4.5090902e-03
   5.5556012e+02   4.5187137e-03
   5.5686815e+02   4.5269983e-03
   5.5817619e+02   4.5339476e-03
   5.5948422e+02   4.5395662e-03
   5.6079225e+02   4.5438604e-03
   5.6210029e+02   4.5468376e-03
   5.6340832e+02   4.5485066e-03
   5.6471635e+02   4.5488773e-03
   5.6602438e+02   4.5479612e-03
   5.6733242e+02   4.5457707e-03
   5.6864045e+02   4.5423193e-03
   5.6994848e+02   4.5376220e-03
   5.7125652e+02   4.5316945e-03
   5.7256455e+02   4.5245539e-03
   5.7387258e+02   4.5162180e-03
   5.7518062e+02   4.5067059e-03
   5.7648865e+02   4.4960372e-03
   5.7779668e+02   4.4842328e-03
   5.7910471e+02   4.4713143e-03
   5.8041275e+02   4.4573039e-03
   5.8172078e+02   4.4422248e-03
   5.8302881e+02   4.4261008e-03
   5.8433685e+02   4.4089562e-03
   5.8564488e+02   4.3908163e-03
   5.8695291e+02   4.3717064e-03
   5.8826095e+02   4.3516528e-03
   5.8956898e+02   4.3306820e-03
   5.9087701e+02   4.3088210e-03
   5.9218505e+02   4.2860970e-03
   5.9349308e+02   4.2625378e-03
   5.9480111e+02   4.2381711e-03
   5.9610914e+02   4.2130252e-03
   5.9741718e+02   4.1871283e-03
   5.9872521e+02   4.1605089e-03
   6.0003324e+02   4.1331954e-03
   6.0134128e+02   4.1052165e-03
   6.0264931e+02   4.0766007e-03
   6.0395734e+02   4.0473766e-03
   6.0526538e+02   4.0175725e-03
   6.0657341e+02   3.9872169e-03
   6.0788144e+02   3.9563379e-03
   6.0918947e+02   3.9249635e-03
   6.1049751e+02   3.8931215e-03
   6.1180554e+02   3.8608395e-03
   6.1311357e+02   3.8281446e-03
   6.1442161e+02   3.7950639e-03
   6.1572964e+02   3.7616239e-03
   6.1703767e+02   3.7278509e-03
   6.1834571e+02   3.6937706e-03
   6.1965374e+02   3.6594086e-03
   6.2096177e+02   3.6247897e-03
   6.2226980e+02   3.5899385e-03
   6.2357784e+02   3.5548791e-03
   6.2488587e+02   3.5196349e-03
   6.2619390e+02   3.4842291e-03
   6.2750194e+02   3.4486841e-03
   6.2880997e+02   3.4130219e-03
   6.3011800e+02   3.3772638e-03
   6.3142604e+02   3.3414309e-03
   6.3273407e+02   3.3055433e-03
   6.3404210e+02   3.2696207e-03
   6.3535014e+02   3.2336824e-03
   6.3665817e+02   3.1977467e-03
   6.3796620e+02   3.1618318e-03
   6.3927423e+02   3.1259548e-03
   6.4058227e+02   3.0901326e-03
   6.4189030e+02   3.0543813e-03
   6.4319833e+02   3.0187165e-03
   6.4450637e+02   2.9831532e-03
   6.4581440e+02   2.9477057e-03
   6.4712243e+02   2.9123879e-03
   6.4843047e+02   2.8772129e-03
   6.4973850e+02   2.8421934e-03
   6.5104653e+02   2.8073414e-03
   6.5235456e+02   2.7726685e-03
   6.5366260e+02   2.7381857e-03
   6.5497063e+02   2.7039032e-03
   6.5627866e+02   2.6698310e-03
   6.5758670e+02   2.6359784e-03
   6.5889473e+02   2.6023543e-03
   6.6020276e+02   2.5689669e-03
   6.6151080e+02   2.5358241e-03
   6.6281883e+02   2.5029332e-03
   6.6412686e+02   2.4703011e-03
   6.6543489e+02   2.4379341e-03
   6.6674293e+02   2.4058382e-03
   6.6805096e+02   2.3740190e-03
   6.6935899e+02   2.3424814e-03
   6.7066703e+02   2.3112302e-03
   6.7197506e+02   2.2802697e-03
   6.7328309e+02   2.2496036e-03
   6.7459113e+02   2.2192356e-03
   6.7589916e+02   2.1891688e-03
   6.7720719e+02   2.1594060e-03
   6.7851523e+02   2.1299496e-03
   6.7982326e+02   2.1008017e-03
   6.8113129e+02   2.0719643e-03
   6.8243932e+02   2.0434389e-03
   6.8374736e+02   2.0152266e-03
   6.8505539e+02   1.9873285e-03
   6.8636342e+02   1.9597452e-03
   6.8767146e+02   1.9324773e-03
   6.8897949e+02   1.9055248e-03
   6.9028752e+02   1.8788879e-03
   6.9159556e+02   1.8525663e-03
   6.9290359e+02   1.8265596e-03
   6.9421162e+02   1.8008670e-03
   6.9551965e+02   1.7754879e-03
   6.9682769e+02   1.7504212e-03
   6.9813572e+02   1.7256657e-03
   6.9944375e+02   1.7012201e-03
   7.0075179e+02   1.6770831e-03
   7.0205982e+02   1.6532529e-03
   7.0336785e+02   1.6297279e-03
   7.0467589e+02   1.6065062e-03
   7.0598392e+02   1.5835858e-03
   7.0729195e+02   1.5609648e-03
   7.0859998e+02   1.5386408e-03
   7.0990802e+02   1.5166117e-03
   7.1121605e+02   1.4948750e-03
   7.1252408e+02   1.4734285e-03
   7.1383212e+02   1.4522696e-03
   7.1514015e+02   1.4313958e-03
   7.1644818e+02   1.4108044e-03
   7.1775622e+02   1.3904928e-03
   7.1906425e+02   1.3704583e-03
   7.2037228e+02   1.3506981e-03
   7.2168032e+02   1.3312094e-03
   7.2298835e+02   1.3119895e-03
   7.2429638e+02   1.2930353e-03
   7.2560441e+02   1.2743442e-03
   7.2691245e+02   1.2559132e-03
   7.2822048e+02   1.2377393e-03
   7.2952851e+02   1.2198196e-03
   7.3083655e+02   1.2021513e-03
   7.3214458e+02   1.1847313e-03
   7.3345261e+02   1.1675566e-03
   7.3476065e+02   1.1506245e-03
   7.3606868e+02   1.1339318e-03
   7.3737671e+02   1.1174757e-03
   7.3868474e+02   1.1012532e-03
   7.3999278e+02   1.0852613e-03
   7.4130081e+02   1.0694973e-03
   7.4260884e+02   1.0539580e-03
   7.4391688e+02   1.0386407e-03
   7.4522491e+02   1.0235425e-03
   7.4653294e+02   1.0086605e-03
   7.4784098e+02   9.9399188e-04
   7.4914901e+02   9.7953376e-04
   7.5045704e+02   9.6528338e-04
   7.5176508e+02   9.5123794e-04
   7.5307311e+02   9.3739468e-04
   7.5438114e+02   9.2375086e-04
   7.5568917e+02   9.1030378e-04
   7.5699721e+02   8.9705074e-04
   7.5830524e+02   8.8398908e-04
   7.5961327e+02   8.7111617e-04
   7.6092131e+02   8.5842939e-04
   7.6222934e+02   8.4592615e-04
   7.6353737e+02   8.3360391e-04
   7.6484541e+02   8.2146014e-04
   7.6615344e+02   8.0949234e-04
   7.6746147e+02   7.9769803e-04
   7.6876950e+02   7.8607478e-04
   7.7007754e+02   7.7462017e-04
   7.7138557e+02   7.6333181e-04
   7.7269360e+02   7.5220735e-04
   7.7400164e+02   7.4124446e-04
   7.7530967e+02   7.3044084e-04
   7.7661770e+02   7.1979422e-04
   7.7792574e+02   7.0930236e-04
   7.7923377e+02   6.9896305e-04
   7.8054180e+02   6.8877410e-04
   7.8184983e+02   6.7873336e-04
   7.8315787e+02   6.6883870e-04
   7.8446590e+02   6.5908802e-04
   7.8577393e+02   6.4947925e-04
   7.8708197e+02   6.4001035e-04
   7.8839000e+02   6.3067930e-04
   7.8969803e+02   6.2148411e-04
   7.9100607e+02   6.1242282e-04
   7.9231410e+02   6.0349349e-04
   7.9362213e+02   5.9469423e-04
   7.9493017e+02   5.8602313e-04
   7.9623820e+02   5.7747836e-04
   7.9754623e+02   5.6905808e-04
   7.9885426e+02   5.6076049e-04
   8.0016230e+02   5.5258380e-04
   8.0147033e+02   5.4452626e-04
   8.0277836e+02   5.3658615e-04
   8.0408640e+02   5.2876176e-04
   8.0539443e+02   5.2105141e-04
   8.0670246e+02   5.1345344e-04
   8.0801050e+02   5.0596622e-04
   8.0931853e+02   4.9858814e-04
   8.1062656e+02   4.9131761e-04
   8.1193459e+02   4.8415306e-04
   8.1324263e+02   4.7709297e-04
   8.1455066e+02   4.7013580e-04
   8.1585869e+02   4.6328006e-04
   8.1716673e+02   4.5652427e-04
   8.1847476e+02   4.4986698e-04
   8.1978279e+02   4.4330675e-04
   8.2109083e+02   4.3684217e-04
   8.2239886e+02   4.3047185e-04
   8.2370689e+02   4.2419441e-04
   8.2501492e+02   4.1800850e-04
   8.2632296e+02   4.1191279e-04
   8.2763099e+02   4.0590596e-04
   8.2893902e+02   3.9998672e-04
   8.3024706e+02   3.9415380e-04
   8.3155509e+02   3.8840592e-04
   8.3286312e+02   3.8274187e-04
   8.3417116e+02   3.7716040e-04
   8.3547919e+02   3.7166032e-04
   8.3678722e+02   3.6624045e-04
   8.3809526e+02   3.6089961e-04
   8.3940329e+02   3.5563665e-04
   8.4071132e+02   3.5045044e-04
   8.4201935e+02   3.4533985e-04
   8.4332739e+02   3.4030379e-04
   8.4463542e+02   3.3534117e-04
   8.4594345e+02   3.3045092e-04
   8.4725149e+02   3.2563198e-04
   8.4855952e+02   3.2088331e-04
   8.4986755e+02   3.1620389e-04
   8.5117559e+02   3.1159271e-04
   8.5248362e+02   3.0704877e-04
   8.5379165e+02   3.0257109e-04
   8.5509968e+02   2.9815872e-04
   8.5640772e+02   2.9381068e-04
   8.5771575e+02   2.8952606e-04
   8.5902378e+02   2.8530391e-04
   8.6033182e+02   2.8114334e-04
   8.6163985e+02   2.7704344e-04
   8.6294788e+02   2.7300332e-04
   8.6425592e+02   2.6902213e-04
   8.6556395e+02   2.6509899e-04
   8.6687198e+02   2.6123306e-04
   8.6818002e+02   2.5742351e-04
   8.6948805e+02   2.5366951e-04
   8.7079608e+02   2.4997026e-04
   8.7210411e+02   2.4632495e-04
   8.7341215e+02   2.4273280e-04
   8.7472018e+02   2.3919304e-04
   8.7602821e+02   2.3570490e-04
   8.7733625e+02   2.3226762e-04
   8.7864428e+02   2.2888047e-04
   8.7995231e+02   2.2554271e-04
   8.8126035e+02   2.2225363e-04
   8.8256838e+02   2.1901251e-04
   8.8387641e+02   2.1581866e-04
   8.8518444e+02   2.1267138e-04
   8.8649248e+02   2.0957000e-04
   8.8780051e+02   2.0651385e-04
   8.8910854e+02   2.0350227e-04
   8.9041658e+02   2.0053460e-04
   8.9172461e+02   1.9761021e-04
   8.9303264e+02   1.9472847e-04
   8.9434068e+02   1.9188875e-04
   8.9564871e+02   1.8909044e-04
   8.9695674e+02   1.8633294e-04
   8.9826477e+02   1.8361565e-04
   8.9957281e+02   1.8093799e-04
   9.0088084e+02   1.7829938e-04
   9.0218887e+02   1.7569925e-04
   9.0349691e+02   1.7313703e-04
   9.0480494e+02   1.7061218e-04
   9.0611297e+02   1.6812415e-04
   9.0742101e+02   1.6567240e-04
   9.0872904e+02   1.6325640e-04
   9.1003707e+02   1.6087564e-04
   9.1134511e+02   1.5852959e-04
   9.1265314e+02   1.5621776e-04
   9.1396117e+02   1.5393964e-04
   9.1526920e+02   1.5169475e-04
   9.1657724e+02   1.4948259e-04
   9.1788527e+02   1.4730269e-04
   9.1919330e+02   1.4515458e-04
   9.2050134e+02   1.4303779e-04
   9.2180937e+02   1.4095188e-04
   9.2311740e+02   1.3889638e-04
   9.2442544e+02   1.3687086e-04
   9.2573347e+02   1.3487487e-04
   9.2704150e+02   1.3290800e-04
   9.2834953e+02   1.3096981e-04
   9.2965757e+02   1.2905988e-04
   9.3096560e+02   1.2717780e-04
   9.3227363e+02   1.2532317e-04
   9.3358167e+02   1.2349559e-04
   9.3488970e+02   1.2169465e-04
   9.3619773e+02   1.1991999e-04
   9.3750577e+02   1.1817120e-04
   9.3881380e+02   1.1644791e-04
   9.4012183e+02   1.1474975e-04
   9.4142986e+02   1.1307636e-04
   9.4273790e+02   1.1142737e-04
   9.4404593e+02   1.0980243e-04
   9.4535396e+02   1.0820118e-04
   9.4666200e+02   1.0662329e-04
   9.4797003e+02   1.0506841e-04
   9.4927806e+02   1.0353620e-04
   9.5058610e+02   1.0202633e-04
   9.5189413e+02   1.0053849e-04
   9.5320216e+02   9.9072336e-05
   9.5451020e+02   9.7627567e-05
   9.5581823e+02   9.6203867e-05
   9.5712626e+02   9.4800929e-05
   9.5843429e+02   9.3418450e-05
   9.5974233e+02   9.2056132e-05
   9.6105036e+02   9.0713680e-05
   9.6235839e+02   8.9390806e-05
   9.6366643e+02   8.8087222e-05
   9.6497446e+02   8.6802649e-05
   9.6628249e+02   8.5536809e-05
   9.6759053e+02   8.4289428e-05
   9.6889856e+02   8.3060238e-05
   9.7020659e+02   8.1848973e-05
   9.7151462e+02   8.0655372e-05
   9.7282266e+02   7.9479178e-05
   9.7413069e+02   7.8320135e-05
   9.7543872e+02   7.7177995e-05
   9.7674676e+02   7.6052511e-05
   9.7805479e+02   7.4943440e-05
   9.7936282e+02   7.3850542e-05
   9.8067086e+02   7.2773582e-05
   9.8197889e+02   7.1712327e-05
   9.8328692e+02   7.0666548e-05
   9.8459495e+02   6.9636020e-05
   9.8590299e+02   6.8620520e-05
   9.8721102e+02   6.7619830e-05
   9.8851905e+02   6.6633732e-05
   9.8982709e+02   6.5662014e-05
   9.9113512e+02   6.4704467e-05
   9.9244315e+02   6.3760884e-05
   9.9375119e+02   6.2831061e-05
   9.9505922e+02   6.1914797e-05
   9.9636725e+02   6.1011896e-05
   9.9767529e+02   6.0122161e-05
   9.9898332e+02   5.9245402e-05
   1.0002914e+03   5.8381428e-05
   1.0015994e+03   5.7530053e-05
   1.0029074e+03   5.6691095e-05
   1.0042155e+03   5.5864370e-05
   1.0055235e+03   5.5049702e-05
   1.0068315e+03   5.4246914e-05
   1.0081395e+03   5.3455833e-05
   1.0094476e+03   5.2676288e-05
   1.0107556e+03   5.1908111e-05
   1.0120636e+03   5.1151137e-05
   1.0133717e+03   5.0405202e-05
   1.0146797e+03   4.9670144e-05
   1.0159877e+03   4.8945806e-05
   1.0172958e+03   4.8232031e-05
   1.0186038e+03   4.7528665e-05
   1.0199118e+03   4.6835556e-05
   1.0212199e+03   4.6152554e-05
   1.0225279e+03   4.5479513e-05
   1.0238359e+03   4.4816287e-05
   1.0251440e+03   4.4162732e-05
   1.0264520e+03   4.3518708e-05
   1.0277600e+03   4.2884076e-05
   1.0290681e+03   4.2258699e-05
   1.0303761e+03   4.1642442e-05
   1.0316841e+03   4.1035172e-05
   1.0329922e+03   4.0436757e-05
   1.0343002e+03   3.9847069e-05
   1.0356082e+03   3.9265981e-05
   1.0369163e+03   3.8693366e-05
   1.0382243e+03   3.8129102e-05
   1.0395323e+03   3.7573066e-05
   1.0408404e+03   3.7025140e-05
   1.0421484e+03   3.6485203e-05
   1.0434564e+03   3.5953141e-05
   1.0447645e+03   3.5428837e-05
   1.0460725e+03   3.4912179e-05
   1.0473805e+03   3.4403056e-05
   1.0486886e+03   3.3901358e-05
   1.0499966e+03   3.3406975e-05
   1.0513046e+03   3.2919802e-05
   1.0526127e+03   3.2439734e-05
   1.0539207e+03   3.1966666e-05
   1.0552287e+03   3.1500497e-05
   1.0565368e+03   3.1041127e-05
   1.0578448e+03   3.0588455e-05
   1.0591528e+03   3.0142384e-05
   1.0604609e+03   2.9702819e-05
   1.0617689e+03   2.9269664e-05
   1.0630769e+03   2.8842825e-05
   1.0643850e+03   2.8422211e-05
   1.0656930e+03   2.8007731e-05
   1.0670010e+03   2.7599295e-05
   1.0683091e+03   2.7196815e-05
   1.0696171e+03   2.6800205e-05
   1.0709251e+03   2.6409378e-05
   1.0722332e+03   2.6024251e-05
   1.0735412e+03   2.5644741e-05
   1.0748492e+03   2.5270764e-05
   1.0761573e+03   2.4902241e-05
   1.0774653e+03   2.4539093e-05
   1.0787733e+03   2.4181240e-05
   1.0800814e+03   2.3828606e-05
   1.0813894e+03   2.3481114e-05
   1.0826974e+03   2.3138689e-05
   1.0840055e+03   2.2801259e-05
   1.0853135e+03   2.2468749e-05
   1.0866215e+03   2.2141088e-05
   1.0879296e+03   2.1818205e-05
   1.0892376e+03   2.1500031e-05
   1.0905456e+03   2.1186496e-05
   1.0918537e+03   2.0877534e-05
   1.0931617e+03   2.0573078e-05
   1.0944697e+03   2.0273061e-05
   1.0957778e+03   1.9977420e-05
   1.0970858e+03   1.9686090e-05
   1.0983938e+03   1.9399008e-05
   1.0997019e+03   1.9116113e-05
   1.1010099e+03   1.8837343e-05
   1.1023179e+03   1.8562639e-05
   1.1036260e+03   1.8291941e-05
   1.1049340e+03   1.8025190e-05
   1.1062420e+03   1.7762329e-05
   1.1075501e+03   1.7503302e-05
   1.1088581e+03   1.7248052e-05
   1.1101661e+03   1.6996524e-05
   1.1114742e+03   1.6748664e-05
   1.1127822e+03   1.6504419e-05
   1.1140902e+03   1.6263735e-05
   1.1153983e+03   1.6026562e-05
   1.1167063e+03   1.5792847e-05
   1.1180143e+03   1.5562540e-05
   1.1193224e+03   1.5335592e-05
   1.1206304e+03   1.5111954e-05
   1.1219384e+03   1.4891577e-05
   1.1232465e+03   1.4674413e-05
   1.1245545e+03   1.4460417e-05
   1.1258625e+03   1.4249541e-05
   1.1271706e+03   1.4041740e-05
   1.1284786e+03   1.3836970e-05
   1.1297866e+03   1.3635186e-05
   1.1310947e+03   1.3436345e-05
   1.1324027e+03   1.3240403e-05
   1.1337107e+03   1.3047318e-05
   1.1350188e+03   1.2857050e-05
   1.1363268e+03   1.2669556e-05
   1.1376348e+03   1.2484796e-05
   1.1389429e+03   1.2302731e-05
   1.1402509e+03   1.2123320e-05
   1.1415589e+03   1.1946526e-05
   1.1428670e+03   1.1772311e-05
   1.1441750e+03   1.1600635e-05
   1.1454830e+03   1.1431464e-05
   1.1467911e+03   1.1264759e-05
   1.1480991e+03   1.1100485e-05
   1.1494071e+03   1.0938607e-05
   1.1507152e+03   1.0779090e-05
   1.1520232e+03   1.0621899e-05
   1.1533312e+03   1.0467000e-05
   1.1546392e+03   1.0314360e-05
   1.1559473e+03   1.0163946e-05
   1.1572553e+03   1.0015726e-05
   1.1585633e+03   9.8696666e-06
   1.1598714e+03   9.7257376e-06
   1.1611794e+03   9.5839074e-06
   1.1624874e+03   9.4441456e-06
   1.1637955e+03   9.3064219e-06
   1.1651035e+03   9.1707067e-06
   1.1664115e+03   9.0369706e-06
   1.1677196e+03   8.9051847e-06
   1.1690276e+03   8.7753207e-06
   1.1703356e+03   8.6473504e-06
   1.1716437e+03   8.5212464e-06
   1.1729517e+03   8.3969813e-06
   1.1742597e+03   8.2745284e-06
   1.1755678e+03   8.1538612e-06
   1.1768758e+03   8.0349537e-06
   1.1781838e+03   7.9177803e-06
   1.1794919e+03   7.8023155e-06
   1.1807999e+03   7.6885346e-06
   1.1821079e+03   7.5764129e-06
   1.1834160e+03   7.4659264e-06
   1.1847240e+03   7.3570510e-06
   1.1860320e+03   7.2497633e-06
   1.1873401e+03   7.1440403e-06
   1.1886481e+03   7.0398590e-06
   1.1899561e+03   6.9371969e-06
   1.1912642e+03   6.8360320e-06
   1.1925722e+03   6.7363424e-06
   1.1938802e+03   6.6381065e-06
   1.1951883e+03   6.5413032e-06
   1.1964963e+03   6.4459116e-06
   1.1978043e+03   6.3519111e-06
   1.1991124e+03   6.2592813e-06
   1.2004204e+03   6.1680024e-06
   1.2017284e+03   6.0780546e-06
   1.2030365e+03   5.9894186e-06
   1.2043445e+03   5.9020751e-06
   1.2056525e+03   5.8160053e-06
   1.2069606e+03   5.7311907e-06
   1.2082686e+03   5.6476129e-06
   1.2095766e+03   5.5652539e-06
   1.2108847e+03   5.4840960e-06
   1.2121927e+03   5.4041216e-06
   1.2135007e+03   5.3253135e-06
   1.2148088e+03   5.2476546e-06
   1.2161168e+03   5.1711282e-06
   1.2174248e+03   5.0957178e-06
   1.2187329e+03   5.0214071e-06
   1.2200409e+03   4.9481801e-06
   1.2213489e+03   4.8760210e-06
   1.2226570e+03   4.8049141e-06
   1.2239650e+03   4.7348442e-06
   1.2252730e+03   4.6657961e-06
   1.2265811e+03   4.5977549e-06
   1.2278891e+03   4.5307060e-06
   1.2291971e+03   4.4646349e-06
   1.2305052e+03   4.3995273e-06
   1.2318132e+03   4.3353691e-06
   1.2331212e+03   4.2721465e-06
   1.2344293e+03   4.2098460e-06
   1.2357373e+03   4.1484539e-06
   1.2370453e+03   4.0879571e-06
   1.2383534e+03   4.0283426e-06
   1.2396614e+03   3.9695974e-06
   1.2409694e+03   3.9117089e-06
   1.2422775e+03   3.8546646e-06
   1.2435855e+03   3.7984521e-06
   1.2448935e+03   3.7430594e-06
   1.2462016e+03   3.6884745e-06
   1.2475096e+03   3.6346856e-06
   1.2488176e+03   3.5816811e-06
   1.2501257e+03   3.5294495e-06
   1.2514337e+03   3.4779797e-06
   1.2527417e+03   3.4272604e-06
   1.2540498e+03   3.3772808e-06
   1.2553578e+03   3.3280300e-06
   1.2566658e+03   3.2794974e-06
   1.2579739e+03   3.2316726e-06
   1.2592819e+03   3.1845453e-06
   1.2605899e+03   3.1381051e-06
   1.2618980e+03   3.0923422e-06
   1.2632060e+03   3.0472467e-06
   1.2645140e+03   3.0028088e-06
   1.2658221e+03   2.9590189e-06
   1.2671301e+03   2.9158677e-06
   1.2684381e+03   2.8733457e-06
   1.2697462e+03   2.8314438e-06
   1.2710542e+03   2.7901529e-06
   1.2723622e+03   2.7494642e-06
   1.2736703e+03   2.7093688e-06
   1.2749783e+03   2.6698582e-06
   1.2762863e+03   2.6309237e-06
   1.2775944e+03   2.5925571e-06
   1.2789024e+03   2.5547499e-06
   1.2802104e+03   2.5174940e-06
   1.2815185e+03   2.4807815e-06
   1.2828265e+03   2.4446044e-06
   1.2841345e+03   2.4089548e-06
   1.2854426e+03   2.3738251e-06
   1.2867506e+03   2.3392076e-06
   1.2880586e+03   2.3050950e-06
   1.2893667e+03   2.2714799e-06
   1.2906747e+03   2.2383550e-06
   1.2919827e+03   2.2057131e-06
   1.2932908e+03   2.1735473e-06
   1.2945988e+03   2.1418505e-06
   1.2959068e+03   2.1106160e-06
   1.2972148e+03   2.0798369e-06
   1.2985229e+03   2.0495067e-06
   1.2998309e+03   2.0196189e-06
   1.3011389e+03   1.9901668e-06
   1.3024470e+03   1.9611443e-06
   1.3037550e+03   1.9325450e-06
   1.3050630e+03   1.9043627e-06
   1.3063711e+03   1.8765915e-06
   1.3076791e+03   1.8492252e-06
   1.3089871e+03   1.8222580e-06
   1.3102952e+03   1.7956841e-06
   1.3116032e+03   1.7694977e-06
   1.3129112e+03   1.7436931e-06
   1.3142193e+03   1.7182649e-06
   1.3155273e+03   1.6932075e-06
   1.3168353e+03   1.6685155e-06
   1.3181434e+03   1.6441836e-06
   1.3194514e+03   1.6202065e-06
   1.3207594e+03   1.5965791e-06
   1.3220675e+03   1.5732962e-06
   1.3233755e+03   1.5503529e-06
   1.3246835e+03   1.5277442e-06
   1.3259916e+03   1.5054651e-06
   1.3272996e+03   1.4835110e-06
   1.3286076e+03   1.4618770e-06
   1.3299157e+03   1.4405585e-06
   1.3312237e+03   1.4195509e-06
   1.3325317e+03   1.3988496e-06
   1.3338398e+03   1.3784502e-06
   1.3351478e+03   1.3583483e-06
   1.3364558e+03   1.3385396e-06
   1.3377639e+03   1.3190197e-06
   1.3390719e+03   1.2997845e-06
   1.3403799e+03   1.2808297e-06
   1.3416880e+03   1.2621514e-06
   1.3429960e+03   1.2437455e-06
   1.3443040e+03   1.2256080e-06
   1.3456121e+03   1.2077350e-06
   1.3469201e+03   1.1901227e-06
   1.3482281e+03   1.1727671e-06
   1.3495362e+03   1.1556647e-06
   1.3508442e+03   1.1388117e-06
   1.3521522e+03   1.1222044e-06
   1.3534603e+03   1.1058394e-06
   1.3547683e+03   1.0897130e-06
   1.3560763e+03   1.0738217e-06
   1.3573844e+03   1.0581622e-06
   1.3586924e+03   1.0427310e-06
   1.3600004e+03   1.0275249e-06
   1.3613085e+03   1.0125406e-06
   1.3626165e+03   9.9777472e-07
   1.3639245e+03   9.8322421e-07
   1.3652326e+03   9.6888588e-07
   1.3665406e+03   9.5475665e-07
   1.3678486e+03   9.4083346e-07
   1.3691567e+03   9.2711331e-07
   1.3704647e+03   9.1359325e-07
   1.3717727e+03   9.0027035e-07
   1.3730808e+03   8.8714174e-07
   1.3743888e+03   8.7420458e-07
   1.3756968e+03   8.6145608e-07
   1.3770049e+03   8.4889349e-07
   1.3783129e+03   8.3651410e-07
   1.3796209e+03   8.2431525e-07
   1.3809290e+03   8.1229428e-07
   1.3822370e+03   8.0044862e-07
   1.3835450e+03   7.8877570e-07
   1.3848531e+03   7.7727301e-07
   1.3861611e+03   7.6593806e-07
   1.3874691e+03   7.5476841e-07
   1.3887772e+03   7.4376165e-07
   1.3900852e+03   7.3291540e-07
   1.3913932e+03   7.2222732e-07
   1.3927013e+03   7.1169510e-07
   1.3940093e+03   7.0131647e-07
   1.3953173e+03   6.9108919e-07
   1.3966254e+03   6.8101106e-07
   1.3979334e+03   6.7107990e-07
   1.3992414e+03   6.6129356e-07
   1.4005495e+03   6.5164994e-07
   1.4018575e+03   6.4214695e-07
   1.4031655e+03   6.3278254e-07
   1.4044736e+03   6.2355469e-07
   1.4057816e+03   6.1446141e-07
   1.4070896e+03   6.0550074e-07
   1.4083977e+03   5.9667074e-07
   1.4097057e+03   5.8796951e-07
   1.4110137e+03   5.7939517e-07
   1.4123218e+03   5.7094587e-07
   1.4136298e+03   5.6261979e-07
   1.4149378e+03   5.5441512e-07
   1.4162459e+03   5.4633010e-07
   1.4175539e+03   5.3836299e-07
   1.4188619e+03   5.3051206e-07
   1.4201700e+03   5.2277562e-07
   1.4214780e+03   5.1515200e-07
   1.4227860e+03   5.0763955e-07
   1.4240941e+03   5.0023666e-07
   1.4254021e+03   4.9294172e-07
   1.4267101e+03   4.8575317e-07
   1.4280182e+03   4.7866945e-07
   1.4293262e+03   4.7168903e-07
   1.4306342e+03   4.6481040e-07
   1.4319423e+03   4.5803208e-07
   1.4332503e+03   4.5135262e-07
   1.4345583e+03   4.4477056e-07
   1.4358664e+03   4.3828448e-07
   1.4371744e+03   4.3189299e-07
   1.4384824e+03   4.2559471e-07
   1.4397905e+03   4.1938828e-07
   1.4410985e+03   4.1327235e-07
   1.4424065e+03   4.0724561e-07
   1.4437145e+03   4.0130676e-07
   1.4450226e+03   3.9545452e-07
   1.4463306e+03   3.8968762e-07
   1.4476386e+03   3.8400482e-07
   1.4489467e+03   3.7840489e-07
   1.4502547e+03   3.7288662e-07
   1.4515627e+03   3.6744883e-07
   1.4528708e+03   3.6209033e-07
   1.4541788e+03   3.5680998e-07
   1.4554868e+03   3.5160663e-07
   1.4567949e+03   3.4647916e-07
   1.4581029e+03   3.4142647e-07
   1.4594109e+03   3.3644746e-07
   1.4607190e+03   3.3154105e-07
   1.4620270e+03   3.2670620e-07
   1.4633350e+03   3.2194185e-07
   1.4646431e+03   3.1724699e-07
   1.4659511e+03   3.1262058e-07
   1.4672591e+03   3.0806165e-07
   1.4685672e+03   3.0356919e-07
   1.4698752e+03   2.9914225e-07
   1.4711832e+03   2.9477987e-07
   1.4724913e+03   2.9048111e-07
   1.4737993e+03   2.8624503e-07
   1.4751073e+03   2.8207073e-07
   1.4764154e+03   2.7795730e-07
   1.4777234e+03   2.7390386e-07
   1.4790314e+03   2.6990953e-07
   1.4803395e+03   2.6597344e-07
   1.4816475e+03   2.6209476e-07
   1.4829555e+03   2.5827264e-07
   1.4842636e+03   2.5450626e-07
   1.4855716e+03   2.5079480e-07
   1.4868796e+03   2.4713747e-07
   1.4881877e+03   2.4353347e-07
   1.4894957e+03   2.3998203e-07
   1.4908037e+03   2.3648238e-07
   1.4921118e+03   2.3303377e-07
   1.4934198e+03   2.2963544e-07
   1.4947278e+03   2.2628668e-07
   1.4960359e+03   2.2298674e-07
   1.4973439e+03   2.1973494e-07
   1.4986519e+03   2.1653055e-07
   1.4999600e+03   2.1337289e-07
   1.5012680e+03   2.1026128e-07
   1.5025760e+03   2.0719505e-07
   1.5038841e+03   2.0417353e-07
   1.5051921e+03   2.0119607e-07
   1.5065001e+03   1.9826203e-07
   1.5078082e+03   1.9537079e-07
   1.5091162e+03   1.9252170e-07
   1.5104242e+03   1.8971416e-07
   1.5117323e+03   1.8694757e-07
   1.5130403e+03   1.8422132e-07
   1.5143483e+03   1.8153482e-07
   1.5156564e+03   1.7888751e-07
   1.5169644e+03   1.7627879e-07
   1.5182724e+03   1.7370813e-07
   1.5195805e+03   1.7117495e-07
   1.5208885e+03   1.6867871e-07
   1.5221965e+03   1.6621887e-07
   1.5235046e+03   1.6379491e-07
   1.5248126e+03   1.6140629e-07
   1.5261206e+03   1.5905251e-07
   1.5274287e+03   1.5673305e-07
   1.5287367e+03   1.5444742e-07
   1.5300447e+03   1.5219512e-07
   1.5313528e+03   1.4997566e-07
   1.5326608e+03   1.4778857e-07
   1.5339688e+03   1.4563337e-07
   1.5352769e+03   1.4350961e-07
   1.5365849e+03   1.4141681e-07
   1.5378929e+03   1.3935453e-07
   1.5392010e+03   1.3732233e-07
   1.5405090e+03   1.3531976e-07
   1.5418170e+03   1.3334640e-07
   1.5431251e+03   1.3140181e-07
   1.5444331e+03   1.2948558e-07
   1.5457411e+03   1.2759730e-07
   1.5470492e+03   1.2573655e-07
   1.5483572e+03   1.2390294e-07
   1.5496652e+03   1.2209607e-07
   1.5509733e+03   1.2031554e-07
   1.5522813e+03   1.1856099e-07
   1.5535893e+03   1.1683202e-07
   1.5548974e+03   1.1512826e-07
   1.5562054e+03   1.1344935e-07
   1.5575134e+03   1.1179492e-07
   1.5588215e+03   1.1016462e-07
   1.5601295e+03   1.0855809e-07
   1.5614375e+03   1.0697499e-07
   1.5627456e+03   1.0541498e-07
   1.5640536e+03   1.0387771e-07
   1.5653616e+03   1.0236287e-07
   1.5666697e+03   1.0087011e-07
   1.5679777e+03   9.9399129e-08
   1.5692857e+03   9.7949594e-08
   1.5705938e+03   9.6521198e-08
   1.5719018e+03   9.5113633e-08
   1.5732098e+03   9.3726594e-08
   1.5745179e+03   9.2359782e-08
   1.5758259e+03   9.1012902e-08
   1.5771339e+03   8.9685664e-08
   1.5784420e+03   8.8377780e-08
   1.5797500e+03   8.7088970e-08
   1.5810580e+03   8.5818954e-08
   1.5823661e+03   8.4567459e-08
   1.5836741e+03   8.3334215e-08
   1.5849821e+03   8.2118955e-08
   1.5862902e+03   8.0921416e-08
   1.5875982e+03   7.9741342e-08
   1.5889062e+03   7.8578476e-08
   1.5902142e+03   7.7432569e-08
   1.5915223e+03   7.6303372e-08
   1.5928303e+03   7.5190643e-08
   1.5941383e+03   7.4094140e-08
   1.5954464e+03   7.3013627e-08
   1.5967544e+03   7.1948872e-08
   1.5980624e+03   7.0899644e-08
   1.5993705e+03   6.9865717e-08
   1.6006785e+03   6.8846867e-08
   1.6019865e+03   6.7842875e-08
   1.6032946e+03   6.6853525e-08
   1.6046026e+03   6.5878602e-08
   1.6059106e+03   6.4917896e-08
   1.6072187e+03   6.3971201e-08
   1.6085267e+03   6.3038311e-08
   1.6098347e+03   6.2119025e-08
   1.6111428e+03   6.1213145e-08
   1.6124508e+03   6.0320476e-08
   1.6137588e+03   5.9440824e-08
   1.6150669e+03   5.8574001e-08
   1.6163749e+03   5.7719818e-08
   1.6176829e+03   5.6878092e-08
   1.6189910e+03   5.6048640e-08
   1.6202990e+03   5.5231285e-08
   1.6216070e+03   5.4425849e-08
   1.6229151e+03   5.3632158e-08
   1.6242231e+03   5.2850042e-08
   1.6255311e+03   5.2079332e-08
   1.6268392e+03   5.1319860e-08
   1.6281472e+03   5.0571464e-08
   1.6294552e+03   4.9833982e-08
   1.6307633e+03   4.9107255e-08
   1.6320713e+03   4.8391125e-08
   1.6333793e+03   4.7685439e-08
   1.6346874e+03   4.6990044e-08
   1.6359954e+03   4.6304790e-08
   1.6373034e+03   4.5629528e-08
   1.6386115e+03   4.4964114e-08
   1.6399195e+03   4.4308404e-08
   1.6412275e+03   4.3662256e-08
   1.6425356e+03   4.3025531e-08
   1.6438436e+03   4.2398091e-08
   1.6451516e+03   4.1779801e-08
   1.6464597e+03   4.1170527e-08
   1.6477677e+03   4.0570139e-08
   1.6490757e+03   3.9978506e-08
   1.6503838e+03   3.9395500e-08
   1.6516918e+03   3.8820997e-08
   1.6529998e+03   3.8254872e-08
   1.6543079e+03   3.7697002e-08
   1.6556159e+03   3.7147268e-08
   1.6569239e+03   3.6605551e-08
   1.6582320e+03   3.6071733e-08
   1.6595400e+03   3.5545700e-08
