   3.8400000e+02   5.1207798e-06
   3.8559710e+02   5.5751365e-06
   3.8719419e+02   6.0661707e-06
   3.8879129e+02   6.5965011e-06
   3.9038839e+02   7.1689028e-06
   3.9198549e+02   7.7863148e-06
   3.9358258e+02   8.4518466e-06
   3.9517968e+02   9.1687852e-06
   3.9677678e+02   9.9406026e-06
   3.9837387e+02   1.0770963e-05
   3.9997097e+02   1.1663729e-05
   4.0156807e+02   1.2622970e-05
   4.0316517e+02   1.3652970e-05
   4.0476226e+02   1.4758232e-05
   4.0635936e+02   1.5943489e-05
   4.0795646e+02   1.7213706e-05
   4.0955355e+02   1.8574092e-05
   4.1115065e+02   2.0030104e-05
   4.1274775e+02   2.1587454e-05
   4.1434484e+02   2.3252114e-05
   4.1594194e+02   2.5030323e-05
   4.1753904e+02   2.6928594e-05
   4.1913614e+02   2.8953718e-05
   4.2073323e+02   3.1112768e-05
   4.2233033e+02   3.3413103e-05
   4.2392743e+02   3.5862376e-05
   4.2552452e+02   3.8468532e-05
   4.2712162e+02   4.1239815e-05
   4.2871872e+02   4.4184768e-05
   4.3031582e+02   4.7312234e-05
   4.3191291e+02   5.0631358e-05
   4.3351001e+02   5.4151587e-05
   4.3510711e+02   5.7882669e-05
   4.3670420e+02   6.1834648e-05
   4.3830130e+02   6.6017867e-05
   4.3989840e+02   7.0442959e-05
   4.4149550e+02   7.5120844e-05
   4.4309259e+02   8.0062724e-05
   4.4468969e+02   8.5280076e-05
   4.4628679e+02   9.0784640e-05
   4.4788388e+02   9.6588416e-05
   4.4948098e+02   1.0270365e-04
   4.5107808e+02   1.0914281e-04
   4.5267518e+02   1.1591860e-04
   4.5427227e+02   1.2304391e-04
   4.5586937e+02   1.3053185e-04
   4.5746647e+02   1.3839568e-04
   4.5906356e+02   1.4664879e-04
   4.6066066e+02   1.5530475e-04
   4.6225776e+02   1.6437721e-04
   4.6385485e+02   1.7387991e-04
   4.6545195e+02   1.8382665e-04
   4.6704905e+02   1.9423127e-04
   4.6864615e+02   2.0510761e-04
   4.7024324e+02   2.1646950e-04
   4.7184034e+02   2.2833070e-04
   4.7343744e+02   2.4070491e-04
   4.7503453e+02   2.5360568e-04
   4.7663163e+02   2.6704643e-04
   4.7822873e+02   2.8104039e-04
   4.7982583e+02   2.9560055e-04
   4.8142292e+02   3.1073966e-04
   4.8302002e+02   3.2647014e-04
   4.8461712e+02   3.4280410e-04
   4.8621421e+02   3.5975323e-04
   4.8781131e+02   3.7732884e-04
   4.8940841e+02   3.9554172e-04
   4.9100551e+02   4.1440221e-04
   4.9260260e+02   4.3392005e-04
   4.9419970e+02   4.5410441e-04
   4.9579680e+02   4.7496383e-04
   4.9739389e+02   4.9650614e-04
   4.9899099e+02   5.1873848e-04
   5.0058809e+02   5.4166721e-04
   5.0218519e+02   5.6529787e-04
   5.0378228e+02   5.8963517e-04
   5.0537938e+02   6.1468292e-04
   5.0697648e+02   6.4044400e-04
   5.0857357e+02   6.6692033e-04
   5.1017067e+02   6.9411283e-04
   5.1176777e+02   7.2202135e-04
   5.1336486e+02   7.5064470e-04
   5.1496196e+02   7.7998058e-04
   5.1655906e+02   8.1002552e-04
   5.1815616e+02   8.4077492e-04
   5.1975325e+02   8.7222297e-04
   5.2135035e+02   9.0436267e-04
   5.2294745e+02   9.3718576e-04
   5.2454454e+02   9.7068273e-04
   5.2614164e+02   1.0048428e-03
   5.2773874e+02   1.0396540e-03
   5.2933584e+02   1.0751029e-03
   5.3093293e+02   1.1111748e-03
   5.3253003e+02   1.1478539e-03
   5.3412713e+02   1.1851230e-03
   5.3572422e+02   1.2229635e-03
   5.3732132e+02   1.2613555e-03
   5.3891842e+02   1.3002781e-03
   5.4051552e+02   1.3397089e-03
   5.4211261e+02   1.3796243e-03
   5.4370971e+02   1.4199995e-03
   5.4530681e+02   1.4608086e-03
   5.4690390e+02   1.5020244e-03
   5.4850100e+02   1.5436187e-03
   5.5009810e+02   1.5855620e-03
   5.5169520e+02   1.6278241e-03
   5.5329229e+02   1.6703734e-03
   5.5488939e+02   1.7131776e-03
   5.5648649e+02   1.7562035e-03
   5.5808358e+02   1.7994169e-03
   5.5968068e+02   1.8427829e-03
   5.6127778e+02   1.8862658e-03
   5.6287487e+02   1.9298294e-03
   5.6447197e+02   1.9734365e-03
   5.6606907e+02   2.0170499e-03
   5.6766617e+02   2.0606314e-03
   5.6926326e+02   2.1041429e-03
   5.7086036e+02   2.1475454e-03
   5.7245746e+02   2.1908002e-03
   5.7405455e+02   2.2338681e-03
   5.7565165e+02   2.2767099e-03
   5.7724875e+02   2.3192863e-03
   5.7884585e+02   2.3615581e-03
   5.8044294e+02   2.4034863e-03
   5.8204004e+02   2.4450320e-03
   5.8363714e+02   2.4861567e-03
   5.8523423e+02   2.5268222e-03
   5.8683133e+02   2.5669907e-03
   5.8842843e+02   2.6066251e-03
   5.9002553e+02   2.6456886e-03
   5.9162262e+02   2.6841454e-03
   5.9321972e+02   2.7219602e-03
   5.9481682e+02   2.7590987e-03
   5.9641391e+02   2.7955273e-03
   5.9801101e+02   2.8312134e-03
   5.9960811e+02   2.8661256e-03
   6.0120521e+02   2.9002333e-03
   6.0280230e+02   2.9335071e-03
   6.0439940e+02   2.9659190e-03
   6.0599650e+02   2.9974418e-03
   6.0759359e+02   3.0280501e-03
   6.0919069e+02   3.0577194e-03
   6.1078779e+02   3.0864267e-03
   6.1238488e+02   3.1141506e-03
   6.1398198e+02   3.1408709e-03
   6.1557908e+02   3.1665689e-03
   6.1717618e+02   3.1912274e-03
   6.1877327e+02   3.2148308e-03
   6.2037037e+02   3.2373650e-03
   6.2196747e+02   3.2588173e-03
   6.2356456e+02   3.2791767e-03
   6.2516166e+02   3.2984337e-03
   6.2675876e+02   3.3165804e-03
   6.2835586e+02   3.3336103e-03
   6.2995295e+02   3.3495187e-03
   6.3155005e+02   3.3643023e-03
   6.3314715e+02   3.3779591e-03
   6.3474424e+02   3.3904891e-03
   6.3634134e+02   3.4018933e-03
   6.3793844e+02   3.4121744e-03
   6.3953554e+02   3.4213365e-03
   6.4113263e+02   3.4293850e-03
   6.4272973e+02   3.4363268e-03
   6.4432683e+02   3.4421701e-03
   6.4592392e+02   3.4469242e-03
   6.4752102e+02   3.4505999e-03
   6.4911812e+02   3.4532090e-03
   6.5071522e+02   3.4547645e-03
   6.5231231e+02   3.4552807e-03
   6.5390941e+02   3.4547726e-03
   6.5550651e+02   3.4532565e-03
   6.5710360e+02   3.4507496e-03
   6.5870070e+02   3.4472697e-03
   6.6029780e+02   3.4428359e-03
   6.6189489e+02   3.4374678e-03
   6.6349199e+02   3.4311857e-03
   6.6508909e+02   3.4240108e-03
   6.6668619e+02   3.4159646e-03
   6.6828328e+02   3.4070696e-03
   6.6988038e+02   3.3973484e-03
   6.7147748e+02   3.3868241e-03
   6.7307457e+02   3.3755205e-03
   6.7467167e+02   3.3634615e-03
   6.7626877e+02   3.3506712e-03
   6.7786587e+02   3.3371742e-03
   6.7946296e+02   3.3229950e-03
   6.8106006e+02   3.3081585e-03
   6.8265716e+02   3.2926895e-03
   6.8425425e+02   3.2766129e-03
   6.8585135e+02   3.2599537e-03
   6.8744845e+02   3.2427365e-03
   6.8904555e+02   3.2249862e-03
   6.9064264e+02   3.2067274e-03
   6.9223974e+02   3.1879844e-03
   6.9383684e+02   3.1687816e-03
   6.9543393e+02   3.1491428e-03
   6.9703103e+02   3.1290918e-03
   6.9862813e+02   3.1086518e-03
   7.0022523e+02   3.0878461e-03
   7.0182232e+02   3.0666971e-03
   7.0341942e+02   3.0452271e-03
   7.0501652e+02   3.0234581e-03
   7.0661361e+02   3.0014114e-03
   7.0821071e+02   2.9791079e-03
   7.0980781e+02   2.9565682e-03
   7.1140490e+02   2.9338121e-03
   7.1300200e+02   2.9108592e-03
   7.1459910e+02   2.8877284e-03
   7.1619620e+02   2.8644381e-03
   7.1779329e+02   2.8410063e-03
   7.1939039e+02   2.8174502e-03
   7.2098749e+02   2.7937867e-03
   7.2258458e+02   2.7700320e-03
   7.2418168e+02   2.7462018e-03
   7.2577878e+02   2.7223112e-03
   7.2737588e+02   2.6983749e-03
   7.2897297e+02   2.6744067e-03
   7.3057007e+02   2.6504203e-03
   7.3216717e+02   2.6264284e-03
   7.3376426e+02   2.6024436e-03
   7.3536136e+02   2.5784776e-03
   7.3695846e+02   2.5545419e-03
   7.3855556e+02   2.5306471e-03
   7.4015265e+02   2.5068036e-03
   7.4174975e+02   2.4830211e-03
   7.4334685e+02   2.4593090e-03
   7.4494394e+02   2.4356761e-03
   7.4654104e+02   2.4121306e-03
   7.4813814e+02   2.3886806e-03
   7.4973524e+02   2.3653334e-03
   7.5133233e+02   2.3420961e-03
   7.5292943e+02   2.3189751e-03
   7.5452653e+02   2.2959767e-03
   7.5612362e+02   2.2731067e-03
   7.5772072e+02   2.2503704e-03
   7.5931782e+02   2.2277728e-03
   7.6091491e+02   2.2053186e-03
   7.6251201e+02   2.1830122e-03
   7.6410911e+02   2.1608574e-03
   7.6570621e+02   2.1388580e-03
   7.6730330e+02   2.1170172e-03
   7.6890040e+02   2.0953383e-03
   7.7049750e+02   2.0738238e-03
   7.7209459e+02   2.0524764e-03
   7.7369169e+02   2.0312983e-03
   7.7528879e+02   2.0102916e-03
   7.7688589e+02   1.9894578e-03
   7.7848298e+02   1.9687988e-03
   7.8008008e+02   1.9483157e-03
   7.8167718e+02   1.9280097e-03
   7.8327427e+02   1.9078818e-03
   7.8487137e+02   1.8879327e-03
   7.8646847e+02   1.8681631e-03
   7.8806557e+02   1.8485734e-03
   7.8966266e+02   1.8291639e-03
   7.9125976e+02   1.8099347e-03
   7.9285686e+02   1.7908859e-03
   7.9445395e+02   1.7720174e-03
   7.9605105e+02   1.7533290e-03
   7.9764815e+02   1.7348202e-03
   7.9924525e+02   1.7164908e-03
   8.0084234e+02   1.6983401e-03
   8.0243944e+02   1.6803676e-03
   8.0403654e+02   1.6625725e-03
   8.0563363e+02   1.6449542e-03
   8.0723073e+02   1.6275117e-03
   8.0882783e+02   1.6102441e-03
   8.1042492e+02   1.5931505e-03
   8.1202202e+02   1.5762298e-03
   8.1361912e+02   1.5594811e-03
   8.1521622e+02   1.5429031e-03
   8.1681331e+02   1.5264948e-03
   8.1841041e+02   1.5102548e-03
   8.2000751e+02   1.4941821e-03
   8.2160460e+02   1.4782753e-03
   8.2320170e+02   1.4625331e-03
   8.2479880e+02   1.4469543e-03
   8.2639590e+02   1.4315375e-03
   8.2799299e+02   1.4162814e-03
   8.2959009e+02   1.4011845e-03
   8.3118719e+02   1.3862456e-03
   8.3278428e+02   1.3714633e-03
   8.3438138e+02   1.3568360e-03
   8.3597848e+02   1.3423625e-03
   8.3757558e+02   1.3280413e-03
   8.3917267e+02   1.3138710e-03
   8.4076977e+02   1.2998501e-03
   8.4236687e+02   1.2859774e-03
   8.4396396e+02   1.2722512e-03
   8.4556106e+02   1.2586703e-03
   8.4715816e+02   1.2452332e-03
   8.4875526e+02   1.2319384e-03
   8.5035235e+02   1.2187847e-03
   8.5194945e+02   1.2057705e-03
   8.5354655e+02   1.1928945e-03
   8.5514364e+02   1.1801553e-03
   8.5674074e+02   1.1675515e-03
   8.5833784e+02   1.1550817e-03
   8.5993493e+02   1.1427446e-03
   8.6153203e+02   1.1305388e-03
   8.6312913e+02   1.1184629e-03
   8.6472623e+02   1.1065156e-03
   8.6632332e+02   1.0946956e-03
   8.6792042e+02   1.0830015e-03
   8.6951752e+02   1.0714321e-03
   8.7111461e+02   1.0599861e-03
   8.7271171e+02   1.0486621e-03
   8.7430881e+02   1.0374588e-03
   8.7590591e+02   1.0263751e-03
   8.7750300e+02   1.0154096e-03
   8.7910010e+02   1.0045611e-03
   8.8069720e+02   9.9382842e-04
   8.8229429e+02   9.8321027e-04
   8.8389139e+02   9.7270547e-04
   8.8548849e+02   9.6231280e-04
   8.8708559e+02   9.5203109e-04
   8.8868268e+02   9.4185916e-04
   8.9027978e+02   9.3179585e-04
   8.9187688e+02   9.2184000e-04
   8.9347397e+02   9.1199047e-04
   8.9507107e+02   9.0224614e-04
   8.9666817e+02   8.9260587e-04
   8.9826527e+02   8.8306858e-04
   8.9986236e+02   8.7363316e-04
   9.0145946e+02   8.6429852e-04
   9.0305656e+02   8.5506360e-04
   9.0465365e+02   8.4592733e-04
   9.0625075e+02   8.3688866e-04
   9.0784785e+02   8.2794655e-04
   9.0944494e+02   8.1909997e-04
   9.1104204e+02   8.1034790e-04
   9.1263914e+02   8.0168934e-04
   9.1423624e+02   7.9312328e-04
   9.1583333e+02   7.8464874e-04
   9.1743043e+02   7.7626475e-04
   9.1902753e+02   7.6797032e-04
   9.2062462e+02   7.5976452e-04
   9.2222172e+02   7.5164640e-04
   9.2381882e+02   7.4361501e-04
   9.2541592e+02   7.3566943e-04
   9.2701301e+02   7.2780874e-04
   9.2861011e+02   7.2003205e-04
   9.3020721e+02   7.1233845e-04
   9.3180430e+02   7.0472705e-04
   9.3340140e+02   6.9719698e-04
   9.3499850e+02   6.8974736e-04
   9.3659560e+02   6.8237734e-04
   9.3819269e+02   6.7508607e-04
   9.3978979e+02   6.6787271e-04
   9.4138689e+02   6.6073642e-04
   9.4298398e+02   6.5367639e-04
   9.4458108e+02   6.4669179e-04
   9.4617818e+02   6.3978182e-04
   9.4777528e+02   6.3294568e-04
   9.4937237e+02   6.2618259e-04
   9.5096947e+02   6.1949176e-04
   9.5256657e+02   6.1287242e-04
   9.5416366e+02   6.0632381e-04
   9.5576076e+02   5.9984517e-04
   9.5735786e+02   5.9343576e-04
   9.5895495e+02   5.8709484e-04
   9.6055205e+02   5.8082166e-04
   9.6214915e+02   5.7461552e-04
   9.6374625e+02   5.6847569e-04
   9.6534334e+02   5.6240146e-04
   9.6694044e+02   5.5639214e-04
   9.6853754e+02   5.5044702e-04
   9.7013463e+02   5.4456543e-04
   9.7173173e+02   5.3874669e-04
   9.7332883e+02   5.3299012e-04
   9.7492593e+02   5.2729506e-04
   9.7652302e+02   5.2166085e-04
   9.7812012e+02   5.1608685e-04
   9.7971722e+02   5.1057240e-04
   9.8131431e+02   5.0511688e-04
   9.8291141e+02   4.9971965e-04
   9.8450851e+02   4.9438009e-04
   9.8610561e+02   4.8909758e-04
   9.8770270e+02   4.8387151e-04
   9.8929980e+02   4.7870129e-04
   9.9089690e+02   4.7358631e-04
   9.9249399e+02   4.6852599e-04
   9.9409109e+02   4.6351974e-04
   9.9568819e+02   4.5856698e-04
   9.9728529e+02   4.5366714e-04
   9.9888238e+02   4.4881965e-04
   1.0004795e+03   4.4402396e-04
   1.0020766e+03   4.3927951e-04
   1.0036737e+03   4.3458576e-04
   1.0052708e+03   4.2994216e-04
   1.0068679e+03   4.2534818e-04
   1.0084650e+03   4.2080329e-04
   1.0100621e+03   4.1630696e-04
   1.0116592e+03   4.1185867e-04
   1.0132563e+03   4.0745791e-04
   1.0148534e+03   4.0310418e-04
   1.0164505e+03   3.9879697e-04
   1.0180475e+03   3.9453577e-04
   1.0196446e+03   3.9032011e-04
   1.0212417e+03   3.8614950e-04
   1.0228388e+03   3.8202345e-04
   1.0244359e+03   3.7794148e-04
   1.0260330e+03   3.7390314e-04
   1.0276301e+03   3.6990794e-04
   1.0292272e+03   3.6595543e-04
   1.0308243e+03   3.6204515e-04
   1.0324214e+03   3.5817666e-04
   1.0340185e+03   3.5434950e-04
   1.0356156e+03   3.5056324e-04
   1.0372127e+03   3.4681743e-04
   1.0388098e+03   3.4311165e-04
   1.0404069e+03   3.3944546e-04
   1.0420040e+03   3.3581844e-04
   1.0436011e+03   3.3223019e-04
   1.0451982e+03   3.2868027e-04
   1.0467953e+03   3.2516828e-04
   1.0483924e+03   3.2169382e-04
   1.0499895e+03   3.1825649e-04
   1.0515866e+03   3.1485588e-04
   1.0531837e+03   3.1149161e-04
   1.0547808e+03   3.0816329e-04
   1.0563779e+03   3.0487053e-04
   1.0579750e+03   3.0161295e-04
   1.0595721e+03   2.9839018e-04
   1.0611692e+03   2.9520185e-04
   1.0627663e+03   2.9204758e-04
   1.0643634e+03   2.8892702e-04
   1.0659605e+03   2.8583980e-04
   1.0675576e+03   2.8278557e-04
   1.0691547e+03   2.7976398e-04
   1.0707518e+03   2.7677467e-04
   1.0723488e+03   2.7381730e-04
   1.0739459e+03   2.7089153e-04
   1.0755430e+03   2.6799702e-04
   1.0771401e+03   2.6513344e-04
   1.0787372e+03   2.6230046e-04
   1.0803343e+03   2.5949775e-04
   1.0819314e+03   2.5672499e-04
   1.0835285e+03   2.5398185e-04
   1.0851256e+03   2.5126803e-04
   1.0867227e+03   2.4858320e-04
   1.0883198e+03   2.4592706e-04
   1.0899169e+03   2.4329930e-04
   1.0915140e+03   2.4069962e-04
   1.0931111e+03   2.3812772e-04
   1.0947082e+03   2.3558329e-04
   1.0963053e+03   2.3306606e-04
   1.0979024e+03   2.3057572e-04
   1.0994995e+03   2.2811200e-04
   1.1010966e+03   2.2567459e-04
   1.1026937e+03   2.2326323e-04
   1.1042908e+03   2.2087764e-04
   1.1058879e+03   2.1851754e-04
   1.1074850e+03   2.1618265e-04
   1.1090821e+03   2.1387272e-04
   1.1106792e+03   2.1158746e-04
   1.1122763e+03   2.0932663e-04
   1.1138734e+03   2.0708995e-04
   1.1154705e+03   2.0487717e-04
   1.1170676e+03   2.0268803e-04
   1.1186647e+03   2.0052229e-04
   1.1202618e+03   1.9837968e-04
   1.1218589e+03   1.9625997e-04
   1.1234560e+03   1.9416291e-04
   1.1250531e+03   1.9208826e-04
   1.1266502e+03   1.9003578e-04
   1.1282472e+03   1.8800522e-04
   1.1298443e+03   1.8599636e-04
   1.1314414e+03   1.8400897e-04
   1.1330385e+03   1.8204282e-04
   1.1346356e+03   1.8009767e-04
   1.1362327e+03   1.7817330e-04
   1.1378298e+03   1.7626950e-04
   1.1394269e+03   1.7438604e-04
   1.1410240e+03   1.7252271e-04
   1.1426211e+03   1.7067928e-04
   1.1442182e+03   1.6885555e-04
   1.1458153e+03   1.6705131e-04
   1.1474124e+03   1.6526635e-04
   1.1490095e+03   1.6350046e-04
   1.1506066e+03   1.6175344e-04
   1.1522037e+03   1.6002509e-04
   1.1538008e+03   1.5831520e-04
   1.1553979e+03   1.5662358e-04
   1.1569950e+03   1.5495004e-04
   1.1585921e+03   1.5329438e-04
   1.1601892e+03   1.5165642e-04
   1.1617863e+03   1.5003595e-04
   1.1633834e+03   1.4843280e-04
   1.1649805e+03   1.4684678e-04
   1.1665776e+03   1.4527770e-04
   1.1681747e+03   1.4372539e-04
   1.1697718e+03   1.4218967e-04
   1.1713689e+03   1.4067036e-04
   1.1729660e+03   1.3916728e-04
   1.1745631e+03   1.3768026e-04
   1.1761602e+03   1.3620913e-04
   1.1777573e+03   1.3475372e-04
   1.1793544e+03   1.3331386e-04
   1.1809515e+03   1.3188939e-04
   1.1825485e+03   1.3048014e-04
   1.1841456e+03   1.2908594e-04
   1.1857427e+03   1.2770664e-04
   1.1873398e+03   1.2634208e-04
   1.1889369e+03   1.2499210e-04
   1.1905340e+03   1.2365655e-04
   1.1921311e+03   1.2233526e-04
   1.1937282e+03   1.2102810e-04
   1.1953253e+03   1.1973490e-04
   1.1969224e+03   1.1845552e-04
   1.1985195e+03   1.1718981e-04
   1.2001166e+03   1.1593762e-04
   1.2017137e+03   1.1469881e-04
   1.2033108e+03   1.1347324e-04
   1.2049079e+03   1.1226077e-04
   1.2065050e+03   1.1106125e-04
   1.2081021e+03   1.0987455e-04
   1.2096992e+03   1.0870053e-04
   1.2112963e+03   1.0753905e-04
   1.2128934e+03   1.0638998e-04
   1.2144905e+03   1.0525319e-04
   1.2160876e+03   1.0412855e-04
   1.2176847e+03   1.0301592e-04
   1.2192818e+03   1.0191519e-04
   1.2208789e+03   1.0082621e-04
   1.2224760e+03   9.9748873e-05
   1.2240731e+03   9.8683045e-05
   1.2256702e+03   9.7628605e-05
   1.2272673e+03   9.6585432e-05
   1.2288644e+03   9.5553406e-05
   1.2304615e+03   9.4532407e-05
   1.2320586e+03   9.3522317e-05
   1.2336557e+03   9.2523021e-05
   1.2352528e+03   9.1534402e-05
   1.2368498e+03   9.0556346e-05
   1.2384469e+03   8.9588741e-05
   1.2400440e+03   8.8631475e-05
   1.2416411e+03   8.7684438e-05
   1.2432382e+03   8.6747520e-05
   1.2448353e+03   8.5820613e-05
   1.2464324e+03   8.4903609e-05
   1.2480295e+03   8.3996405e-05
   1.2496266e+03   8.3098894e-05
   1.2512237e+03   8.2210972e-05
   1.2528208e+03   8.1332539e-05
   1.2544179e+03   8.0463491e-05
   1.2560150e+03   7.9603730e-05
   1.2576121e+03   7.8753155e-05
   1.2592092e+03   7.7911668e-05
   1.2608063e+03   7.7079173e-05
   1.2624034e+03   7.6255574e-05
   1.2640005e+03   7.5440774e-05
   1.2655976e+03   7.4634681e-05
   1.2671947e+03   7.3837201e-05
   1.2687918e+03   7.3048242e-05
   1.2703889e+03   7.2267713e-05
   1.2719860e+03   7.1495524e-05
   1.2735831e+03   7.0731586e-05
   1.2751802e+03   6.9975811e-05
   1.2767773e+03   6.9228112e-05
   1.2783744e+03   6.8488401e-05
   1.2799715e+03   6.7756595e-05
   1.2815686e+03   6.7032608e-05
   1.2831657e+03   6.6316357e-05
   1.2847628e+03   6.5607759e-05
   1.2863599e+03   6.4906733e-05
   1.2879570e+03   6.4213197e-05
   1.2895541e+03   6.3527072e-05
   1.2911512e+03   6.2848278e-05
   1.2927482e+03   6.2176737e-05
   1.2943453e+03   6.1512371e-05
   1.2959424e+03   6.0855104e-05
   1.2975395e+03   6.0204861e-05
   1.2991366e+03   5.9561565e-05
   1.3007337e+03   5.8925143e-05
   1.3023308e+03   5.8295521e-05
   1.3039279e+03   5.7672627e-05
   1.3055250e+03   5.7056388e-05
   1.3071221e+03   5.6446734e-05
   1.3087192e+03   5.5843594e-05
   1.3103163e+03   5.5246899e-05
   1.3119134e+03   5.4656580e-05
   1.3135105e+03   5.4072568e-05
   1.3151076e+03   5.3494796e-05
   1.3167047e+03   5.2923198e-05
   1.3183018e+03   5.2357708e-05
   1.3198989e+03   5.1798260e-05
   1.3214960e+03   5.1244789e-05
   1.3230931e+03   5.0697233e-05
   1.3246902e+03   5.0155527e-05
   1.3262873e+03   4.9619610e-05
   1.3278844e+03   4.9089419e-05
   1.3294815e+03   4.8564892e-05
   1.3310786e+03   4.8045971e-05
   1.3326757e+03   4.7532594e-05
   1.3342728e+03   4.7024703e-05
   1.3358699e+03   4.6522239e-05
   1.3374670e+03   4.6025143e-05
   1.3390641e+03   4.5533360e-05
   1.3406612e+03   4.5046830e-05
   1.3422583e+03   4.4565500e-05
   1.3438554e+03   4.4089312e-05
   1.3454525e+03   4.3618213e-05
   1.3470495e+03   4.3152148e-05
   1.3486466e+03   4.2691062e-05
   1.3502437e+03   4.2234903e-05
   1.3518408e+03   4.1783618e-05
   1.3534379e+03   4.1337156e-05
   1.3550350e+03   4.0895463e-05
   1.3566321e+03   4.0458491e-05
   1.3582292e+03   4.0026187e-05
   1.3598263e+03   3.9598503e-05
   1.3614234e+03   3.9175388e-05
   1.3630205e+03   3.8756795e-05
   1.3646176e+03   3.8342674e-05
   1.3662147e+03   3.7932978e-05
   1.3678118e+03   3.7527660e-05
   1.3694089e+03   3.7126672e-05
   1.3710060e+03   3.6729970e-05
   1.3726031e+03   3.6337506e-05
   1.3742002e+03   3.5949235e-05
   1.3757973e+03   3.5565114e-05
   1.3773944e+03   3.5185096e-05
   1.3789915e+03   3.4809140e-05
   1.3805886e+03   3.4437200e-05
   1.3821857e+03   3.4069235e-05
   1.3837828e+03   3.3705201e-05
   1.3853799e+03   3.3345057e-05
   1.3869770e+03   3.2988761e-05
   1.3885741e+03   3.2636273e-05
   1.3901712e+03   3.2287550e-05
   1.3917683e+03   3.1942554e-05
   1.3933654e+03   3.1601244e-05
   1.3949625e+03   3.1263581e-05
   1.3965596e+03   3.0929527e-05
   1.3981567e+03   3.0599041e-05
   1.3997538e+03   3.0272087e-05
   1.4013509e+03   2.9948626e-05
   1.4029479e+03   2.9628622e-05
   1.4045450e+03   2.9312036e-05
   1.4061421e+03   2.8998834e-05
   1.4077392e+03   2.8688978e-05
   1.4093363e+03   2.8382433e-05
   1.4109334e+03   2.8079164e-05
   1.4125305e+03   2.7779134e-05
   1.4141276e+03   2.7482311e-05
   1.4157247e+03   2.7188660e-05
   1.4173218e+03   2.6898146e-05
   1.4189189e+03   2.6610736e-05
   1.4205160e+03   2.6326397e-05
   1.4221131e+03   2.6045097e-05
   1.4237102e+03   2.5766802e-05
   1.4253073e+03   2.5491481e-05
   1.4269044e+03   2.5219101e-05
   1.4285015e+03   2.4949632e-05
   1.4300986e+03   2.4683043e-05
   1.4316957e+03   2.4419301e-05
   1.4332928e+03   2.4158378e-05
   1.4348899e+03   2.3900243e-05
   1.4364870e+03   2.3644867e-05
   1.4380841e+03   2.3392218e-05
   1.4396812e+03   2.3142270e-05
   1.4412783e+03   2.2894992e-05
   1.4428754e+03   2.2650357e-05
   1.4444725e+03   2.2408335e-05
   1.4460696e+03   2.2168899e-05
   1.4476667e+03   2.1932022e-05
   1.4492638e+03   2.1697676e-05
   1.4508609e+03   2.1465834e-05
   1.4524580e+03   2.1236469e-05
   1.4540551e+03   2.1009555e-05
   1.4556522e+03   2.0785065e-05
   1.4572492e+03   2.0562974e-05
   1.4588463e+03   2.0343257e-05
   1.4604434e+03   2.0125887e-05
   1.4620405e+03   1.9910839e-05
   1.4636376e+03   1.9698090e-05
   1.4652347e+03   1.9487613e-05
   1.4668318e+03   1.9279386e-05
   1.4684289e+03   1.9073384e-05
   1.4700260e+03   1.8869582e-05
   1.4716231e+03   1.8667959e-05
   1.4732202e+03   1.8468489e-05
   1.4748173e+03   1.8271151e-05
   1.4764144e+03   1.8075922e-05
   1.4780115e+03   1.7882779e-05
   1.4796086e+03   1.7691699e-05
   1.4812057e+03   1.7502661e-05
   1.4828028e+03   1.7315644e-05
   1.4843999e+03   1.7130624e-05
   1.4859970e+03   1.6947581e-05
   1.4875941e+03   1.6766494e-05
   1.4891912e+03   1.6587343e-05
   1.4907883e+03   1.6410105e-05
   1.4923854e+03   1.6234761e-05
   1.4939825e+03   1.6061291e-05
   1.4955796e+03   1.5889674e-05
   1.4971767e+03   1.5719891e-05
   1.4987738e+03   1.5551922e-05
   1.5003709e+03   1.5385748e-05
   1.5019680e+03   1.5221350e-05
   1.5035651e+03   1.5058708e-05
   1.5051622e+03   1.4897804e-05
   1.5067593e+03   1.4738619e-05
   1.5083564e+03   1.4581135e-05
   1.5099535e+03   1.4425334e-05
   1.5115506e+03   1.4271198e-05
   1.5131476e+03   1.4118708e-05
   1.5147447e+03   1.3967848e-05
   1.5163418e+03   1.3818600e-05
   1.5179389e+03   1.3670947e-05
   1.5195360e+03   1.3524871e-05
   1.5211331e+03   1.3380357e-05
   1.5227302e+03   1.3237386e-05
   1.5243273e+03   1.3095943e-05
   1.5259244e+03   1.2956011e-05
   1.5275215e+03   1.2817575e-05
   1.5291186e+03   1.2680618e-05
   1.5307157e+03   1.2545124e-05
   1.5323128e+03   1.2411078e-05
   1.5339099e+03   1.2278464e-05
   1.5355070e+03   1.2147267e-05
   1.5371041e+03   1.2017472e-05
   1.5387012e+03   1.1889064e-05
   1.5402983e+03   1.1762028e-05
   1.5418954e+03   1.1636350e-05
   1.5434925e+03   1.1512014e-05
   1.5450896e+03   1.1389007e-05
   1.5466867e+03   1.1267314e-05
   1.5482838e+03   1.1146921e-05
   1.5498809e+03   1.1027815e-05
   1.5514780e+03   1.0909982e-05
   1.5530751e+03   1.0793407e-05
   1.5546722e+03   1.0678078e-05
   1.5562693e+03   1.0563982e-05
   1.5578664e+03   1.0451105e-05
   1.5594635e+03   1.0339433e-05
   1.5610606e+03   1.0228955e-05
   1.5626577e+03   1.0119658e-05
   1.5642548e+03   1.0011528e-05
   1.5658519e+03   9.9045538e-06
   1.5674489e+03   9.7987225e-06
   1.5690460e+03   9.6940220e-06
   1.5706431e+03   9.5904403e-06
   1.5722402e+03   9.4879654e-06
   1.5738373e+03   9.3865854e-06
   1.5754344e+03   9.2862886e-06
   1.5770315e+03   9.1870636e-06
   1.5786286e+03   9.0888988e-06
   1.5802257e+03   8.9917828e-06
   1.5818228e+03   8.8957046e-06
   1.5834199e+03   8.8006530e-06
   1.5850170e+03   8.7066170e-06
   1.5866141e+03   8.6135858e-06
   1.5882112e+03   8.5215487e-06
   1.5898083e+03   8.4304950e-06
   1.5914054e+03   8.3404142e-06
   1.5930025e+03   8.2512959e-06
   1.5945996e+03   8.1631298e-06
   1.5961967e+03   8.0759059e-06
   1.5977938e+03   7.9896139e-06
   1.5993909e+03   7.9042440e-06
   1.6009880e+03   7.8197862e-06
   1.6025851e+03   7.7362309e-06
   1.6041822e+03   7.6535684e-06
   1.6057793e+03   7.5717891e-06
   1.6073764e+03   7.4908837e-06
   1.6089735e+03   7.4108428e-06
   1.6105706e+03   7.3316571e-06
   1.6121677e+03   7.2533175e-06
   1.6137648e+03   7.1758149e-06
   1.6153619e+03   7.0991405e-06
   1.6169590e+03   7.0232854e-06
   1.6185561e+03   6.9482408e-06
   1.6201532e+03   6.8739981e-06
   1.6217503e+03   6.8005486e-06
   1.6233473e+03   6.7278840e-06
   1.6249444e+03   6.6559958e-06
   1.6265415e+03   6.5848757e-06
   1.6281386e+03   6.5145155e-06
   1.6297357e+03   6.4449072e-06
   1.6313328e+03   6.3760426e-06
   1.6329299e+03   6.3079139e-06
   1.6345270e+03   6.2405131e-06
   1.6361241e+03   6.1738325e-06
   1.6377212e+03   6.1078644e-06
   1.6393183e+03   6.0426012e-06
   1.6409154e+03   5.9780353e-06
   1.6425125e+03   5.9141593e-06
   1.6441096e+03   5.8509658e-06
   1.6457067e+03   5.7884476e-06
   1.6473038e+03   5.7265974e-06
   1.6489009e+03   5.6654080e-06
   1.6504980e+03   5.6048725e-06
   1.6520951e+03   5.5449838e-06
   1.6536922e+03   5.4857350e-06
   1.6552893e+03   5.4271193e-06
   1.6568864e+03   5.3691299e-06
   1.6584835e+03   5.3117602e-06
   1.6600806e+03   5.2550034e-06
   1.6616777e+03   5.1988531e-06
   1.6632748e+03   5.1433027e-06
   1.6648719e+03   5.0883460e-06
   1.6664690e+03   5.0339764e-06
   1.6680661e+03   4.9801878e-06
   1.6696632e+03   4.9269739e-06
   1.6712603e+03   4.8743286e-06
   1.6728574e+03   4.8222459e-06
   1.6744545e+03   4.7707196e-06
   1.6760516e+03   4.7197439e-06
   1.6776486e+03   4.6693129e-06
   1.6792457e+03   4.6194208e-06
   1.6808428e+03   4.5700618e-06
   1.6824399e+03   4.5212301e-06
   1.6840370e+03   4.4729203e-06
   1.6856341e+03   4.4251266e-06
   1.6872312e+03   4.3778436e-06
   1.6888283e+03   4.3310659e-06
   1.6904254e+03   4.2847879e-06
   1.6920225e+03   4.2390045e-06
   1.6936196e+03   4.1937102e-06
   1.6952167e+03   4.1489000e-06
   1.6968138e+03   4.1045685e-06
   1.6984109e+03   4.0607107e-06
   1.7000080e+03   4.0173216e-06
   1.7016051e+03   3.9743960e-06
   1.7032022e+03   3.9319291e-06
   1.7047993e+03   3.8899160e-06
   1.7063964e+03   3.8483518e-06
   1.7079935e+03   3.8072318e-06
   1.7095906e+03   3.7665511e-06
   1.7111877e+03   3.7263050e-06
   1.7127848e+03   3.6864890e-06
   1.7143819e+03   3.6470985e-06
   1.7159790e+03   3.6081288e-06
   1.7175761e+03   3.5695755e-06
   1.7191732e+03   3.5314342e-06
   1.7207703e+03   3.4937004e-06
   1.7223674e+03   3.4563699e-06
   1.7239645e+03   3.4194382e-06
   1.7255616e+03   3.3829011e-06
   1.7271587e+03   3.3467544e-06
   1.7287558e+03   3.3109939e-06
   1.7303529e+03   3.2756156e-06
   1.7319499e+03   3.2406153e-06
   1.7335470e+03   3.2059889e-06
   1.7351441e+03   3.1717326e-06
   1.7367412e+03   3.1378422e-06
   1.7383383e+03   3.1043140e-06
   1.7399354e+03   3.0711441e-06
   1.7415325e+03   3.0383286e-06
   1.7431296e+03   3.0058637e-06
   1.7447267e+03   2.9737457e-06
   1.7463238e+03   2.9419709e-06
   1.7479209e+03   2.9105356e-06
   1.7495180e+03   2.8794362e-06
   1.7511151e+03   2.8486691e-06
   1.7527122e+03   2.8182307e-06
   1.7543093e+03   2.7881176e-06
   1.7559064e+03   2.7583262e-06
   1.7575035e+03   2.7288532e-06
   1.7591006e+03   2.6996951e-06
   1.7606977e+03   2.6708485e-06
   1.7622948e+03   2.6423102e-06
   1.7638919e+03   2.6140768e-06
   1.7654890e+03   2.5861451e-06
   1.7670861e+03   2.5585119e-06
   1.7686832e+03   2.5311739e-06
   1.7702803e+03   2.5041280e-06
   1.7718774e+03   2.4773711e-06
   1.7734745e+03   2.4509001e-06
   1.7750716e+03   2.4247120e-06
   1.7766687e+03   2.3988036e-06
   1.7782658e+03   2.3731721e-06
   1.7798629e+03   2.3478145e-06
   1.7814600e+03   2.3227279e-06
   1.7830571e+03   2.2979093e-06
   1.7846542e+03   2.2733558e-06
   1.7862513e+03   2.2490648e-06
   1.7878483e+03   2.2250332e-06
   1.7894454e+03   2.2012585e-06
   1.7910425e+03   2.1777378e-06
   1.7926396e+03   2.1544684e-06
   1.7942367e+03   2.1314477e-06
   1.7958338e+03   2.1086729e-06
   1.7974309e+03   2.0861415e-06
   1.7990280e+03   2.0638509e-06
   1.8006251e+03   2.0417984e-06
   1.8022222e+03   2.0199815e-06
   1.8038193e+03   1.9983978e-06
   1.8054164e+03   1.9770447e-06
   1.8070135e+03   1.9559197e-06
   1.8086106e+03   1.9350205e-06
   1.8102077e+03   1.9143446e-06
   1.8118048e+03   1.8938896e-06
   1.8134019e+03   1.8736532e-06
   1.8149990e+03   1.8536330e-06
   1.8165961e+03   1.8338267e-06
   1.8181932e+03   1.8142321e-06
   1.8197903e+03   1.7948468e-06
   1.8213874e+03   1.7756686e-06
   1.8229845e+03   1.7566954e-06
   1.8245816e+03   1.7379249e-06
   1.8261787e+03   1.7193550e-06
   1.8277758e+03   1.7009835e-06
   1.8293729e+03   1.6828083e-06
   1.8309700e+03   1.6648273e-06
   1.8325671e+03   1.6470384e-06
   1.8341642e+03   1.6294396e-06
   1.8357613e+03   1.6120289e-06
   1.8373584e+03   1.5948042e-06
   1.8389555e+03   1.5777635e-06
   1.8405526e+03   1.5609049e-06
   1.8421496e+03   1.5442265e-06
   1.8437467e+03   1.5277262e-06
   1.8453438e+03   1.5114023e-06
   1.8469409e+03   1.4952528e-06
   1.8485380e+03   1.4792759e-06
   1.8501351e+03   1.4634696e-06
   1.8517322e+03   1.4478323e-06
   1.8533293e+03   1.4323620e-06
   1.8549264e+03   1.4170571e-06
   1.8565235e+03   1.4019157e-06
   1.8581206e+03   1.3869360e-06
   1.8597177e+03   1.3721165e-06
   1.8613148e+03   1.3574552e-06
   1.8629119e+03   1.3429507e-06
   1.8645090e+03   1.3286011e-06
   1.8661061e+03   1.3144048e-06
   1.8677032e+03   1.3003603e-06
   1.8693003e+03   1.2864658e-06
   1.8708974e+03   1.2727197e-06
   1.8724945e+03   1.2591206e-06
   1.8740916e+03   1.2456667e-06
   1.8756887e+03   1.2323567e-06
   1.8772858e+03   1.2191888e-06
   1.8788829e+03   1.2061616e-06
   1.8804800e+03   1.1932736e-06
   1.8820771e+03   1.1805234e-06
   1.8836742e+03   1.1679093e-06
   1.8852713e+03   1.1554301e-06
   1.8868684e+03   1.1430842e-06
   1.8884655e+03   1.1308702e-06
   1.8900626e+03   1.1187867e-06
   1.8916597e+03   1.1068324e-06
   1.8932568e+03   1.0950057e-06
   1.8948539e+03   1.0833055e-06
   1.8964510e+03   1.0717302e-06
   1.8980480e+03   1.0602787e-06
   1.8996451e+03   1.0489495e-06
   1.9012422e+03   1.0377413e-06
   1.9028393e+03   1.0266530e-06
   1.9044364e+03   1.0156830e-06
   1.9060335e+03   1.0048304e-06
   1.9076306e+03   9.9409363e-07
   1.9092277e+03   9.8347163e-07
   1.9108248e+03   9.7296312e-07
   1.9124219e+03   9.6256690e-07
   1.9140190e+03   9.5228176e-07
   1.9156161e+03   9.4210652e-07
   1.9172132e+03   9.3204001e-07
   1.9188103e+03   9.2208105e-07
   1.9204074e+03   9.1222851e-07
   1.9220045e+03   9.0248124e-07
   1.9236016e+03   8.9283813e-07
   1.9251987e+03   8.8329805e-07
   1.9267958e+03   8.7385991e-07
   1.9283929e+03   8.6452262e-07
   1.9299900e+03   8.5528510e-07
   1.9315871e+03   8.4614628e-07
   1.9331842e+03   8.3710511e-07
   1.9347813e+03   8.2816054e-07
   1.9363784e+03   8.1931155e-07
   1.9379755e+03   8.1055712e-07
   1.9395726e+03   8.0189622e-07
   1.9411697e+03   7.9332787e-07
   1.9427668e+03   7.8485107e-07
   1.9443639e+03   7.7646485e-07
   1.9459610e+03   7.6816823e-07
   1.9475581e+03   7.5996027e-07
   1.9491552e+03   7.5184000e-07
   1.9507523e+03   7.4380651e-07
   1.9523493e+03   7.3585885e-07
   1.9539464e+03   7.2799611e-07
   1.9555435e+03   7.2021739e-07
   1.9571406e+03   7.1252179e-07
   1.9587377e+03   7.0490841e-07
   1.9603348e+03   6.9737638e-07
   1.9619319e+03   6.8992484e-07
   1.9635290e+03   6.8255291e-07
   1.9651261e+03   6.7525976e-07
   1.9667232e+03   6.6804453e-07
   1.9683203e+03   6.6090640e-07
   1.9699174e+03   6.5384454e-07
   1.9715145e+03   6.4685813e-07
   1.9731116e+03   6.3994638e-07
   1.9747087e+03   6.3310848e-07
   1.9763058e+03   6.2634364e-07
   1.9779029e+03   6.1965109e-07
   1.9795000e+03   6.1303005e-07
