   4.2810000e+02   2.4182293e-06
   4.3034224e+02   3.0004992e-06
   4.3258448e+02   3.7098114e-06
   4.3482673e+02   4.5706178e-06
   4.3706897e+02   5.6113240e-06
   4.3931121e+02   6.8647679e-06
   4.4155345e+02   8.3687235e-06
   4.4379570e+02   1.0166427e-05
   4.4603794e+02   1.2307113e-05
   4.4828018e+02   1.4846563e-05
   4.5052242e+02   1.7847638e-05
   4.5276466e+02   2.1380803e-05
   4.5500691e+02   2.5524616e-05
   4.5724915e+02   3.0366166e-05
   4.5949139e+02   3.6001452e-05
   4.6173363e+02   4.2535670e-05
   4.6397588e+02   5.0083398e-05
   4.6621812e+02   5.8768658e-05
   4.6846036e+02   6.8724822e-05
   4.7070260e+02   8.0094350e-05
   4.7294484e+02   9.3028345e-05
   4.7518709e+02   1.0768589e-04
   4.7742933e+02   1.2423316e-04
   4.7967157e+02   1.4284229e-04
   4.8191381e+02   1.6369003e-04
   4.8415606e+02   1.8695607e-04
   4.8639830e+02   2.1282118e-04
   4.8864054e+02   2.4146511e-04
   4.9088278e+02   2.7306417e-04
   4.9312503e+02   3.0778870e-04
   4.9536727e+02   3.4580029e-04
   4.9760951e+02   3.8724889e-04
   4.9985175e+02   4.3226979e-04
   5.0209399e+02   4.8098056e-04
   5.0433624e+02   5.3347798e-04
   5.0657848e+02   5.8983505e-04
   5.0882072e+02   6.5009809e-04
   5.1106296e+02   7.1428408e-04
   5.1330521e+02   7.8237823e-04
   5.1554745e+02   8.5433186e-04
   5.1778969e+02   9.3006074e-04
   5.2003193e+02   1.0094438e-03
   5.2227417e+02   1.0923225e-03
   5.2451642e+02   1.1785003e-03
   5.2675866e+02   1.2677434e-03
   5.2900090e+02   1.3597817e-03
   5.3124314e+02   1.4543101e-03
   5.3348539e+02   1.5509908e-03
   5.3572763e+02   1.6494564e-03
   5.3796987e+02   1.7493128e-03
   5.4021211e+02   1.8501431e-03
   5.4245435e+02   1.9515123e-03
   5.4469660e+02   2.0529712e-03
   5.4693884e+02   2.1540623e-03
   5.4918108e+02   2.2543239e-03
   5.5142332e+02   2.3532964e-03
   5.5366557e+02   2.4505267e-03
   5.5590781e+02   2.5455739e-03
   5.5815005e+02   2.6380140e-03
   5.6039229e+02   2.7274448e-03
   5.6263453e+02   2.8134901e-03
   5.6487678e+02   2.8958039e-03
   5.6711902e+02   2.9740732e-03
   5.6936126e+02   3.0480215e-03
   5.7160350e+02   3.1174105e-03
   5.7384575e+02   3.1820419e-03
   5.7608799e+02   3.2417587e-03
   5.7833023e+02   3.2964447e-03
   5.8057247e+02   3.3460251e-03
   5.8281471e+02   3.3904652e-03
   5.8505696e+02   3.4297688e-03
   5.8729920e+02   3.4639766e-03
   5.8954144e+02   3.4931639e-03
   5.9178368e+02   3.5174375e-03
   5.9402593e+02   3.5369331e-03
   5.9626817e+02   3.5518118e-03
   5.9851041e+02   3.5622568e-03
   6.0075265e+02   3.5684701e-03
   6.0299489e+02   3.5706687e-03
   6.0523714e+02   3.5690813e-03
   6.0747938e+02   3.5639452e-03
   6.0972162e+02   3.5555028e-03
   6.1196386e+02   3.5439988e-03
   6.1420611e+02   3.5296775e-03
   6.1644835e+02   3.5127804e-03
   6.1869059e+02   3.4935437e-03
   6.2093283e+02   3.4721969e-03
   6.2317508e+02   3.4489605e-03
   6.2541732e+02   3.4240454e-03
   6.2765956e+02   3.3976516e-03
   6.2990180e+02   3.3699671e-03
   6.3214404e+02   3.3411680e-03
   6.3438629e+02   3.3114176e-03
   6.3662853e+02   3.2808667e-03
   6.3887077e+02   3.2496537e-03
   6.4111301e+02   3.2179046e-03
   6.4335526e+02   3.1857336e-03
   6.4559750e+02   3.1532435e-03
   6.4783974e+02   3.1205263e-03
   6.5008198e+02   3.0876639e-03
   6.5232422e+02   3.0547285e-03
   6.5456647e+02   3.0217838e-03
   6.5680871e+02   2.9888852e-03
   6.5905095e+02   2.9560808e-03
   6.6129319e+02   2.9234119e-03
   6.6353544e+02   2.8909141e-03
   6.6577768e+02   2.8586173e-03
   6.6801992e+02   2.8265467e-03
   6.7026216e+02   2.7947233e-03
   6.7250440e+02   2.7631645e-03
   6.7474665e+02   2.7318843e-03
   6.7698889e+02   2.7008939e-03
   6.7923113e+02   2.6702023e-03
   6.8147337e+02   2.6398161e-03
   6.8371562e+02   2.6097404e-03
   6.8595786e+02   2.5799786e-03
   6.8820010e+02   2.5505329e-03
   6.9044234e+02   2.5214046e-03
   6.9268458e+02   2.4925938e-03
   6.9492683e+02   2.4641002e-03
   6.9716907e+02   2.4359228e-03
   6.9941131e+02   2.4080600e-03
   7.0165355e+02   2.3805098e-03
   7.0389580e+02   2.3532701e-03
   7.0613804e+02   2.3263384e-03
   7.0838028e+02   2.2997121e-03
   7.1062252e+02   2.2733882e-03
   7.1286476e+02   2.2473639e-03
   7.1510701e+02   2.2216362e-03
   7.1734925e+02   2.1962019e-03
   7.1959149e+02   2.1710581e-03
   7.2183373e+02   2.1462015e-03
   7.2407598e+02   2.1216290e-03
   7.2631822e+02   2.0973376e-03
   7.2856046e+02   2.0733240e-03
   7.3080270e+02   2.0495851e-03
   7.3304494e+02   2.0261179e-03
   7.3528719e+02   2.0029193e-03
   7.3752943e+02   1.9799862e-03
   7.3977167e+02   1.9573156e-03
   7.4201391e+02   1.9349046e-03
   7.4425616e+02   1.9127502e-03
   7.4649840e+02   1.8908493e-03
   7.4874064e+02   1.8691993e-03
   7.5098288e+02   1.8477971e-03
   7.5322513e+02   1.8266399e-03
   7.5546737e+02   1.8057250e-03
   7.5770961e+02   1.7850496e-03
   7.5995185e+02   1.7646109e-03
   7.6219409e+02   1.7444062e-03
   7.6443634e+02   1.7244329e-03
   7.6667858e+02   1.7046882e-03
   7.6892082e+02   1.6851696e-03
   7.7116306e+02   1.6658745e-03
   7.7340531e+02   1.6468004e-03
   7.7564755e+02   1.6279446e-03
   7.7788979e+02   1.6093047e-03
   7.8013203e+02   1.5908783e-03
   7.8237427e+02   1.5726628e-03
   7.8461652e+02   1.5546559e-03
   7.8685876e+02   1.5368552e-03
   7.8910100e+02   1.5192583e-03
   7.9134324e+02   1.5018629e-03
   7.9358549e+02   1.4846667e-03
   7.9582773e+02   1.4676673e-03
   7.9806997e+02   1.4508626e-03
   8.0031221e+02   1.4342503e-03
   8.0255445e+02   1.4178282e-03
   8.0479670e+02   1.4015942e-03
   8.0703894e+02   1.3855460e-03
   8.0928118e+02   1.3696816e-03
   8.1152342e+02   1.3539988e-03
   8.1376567e+02   1.3384956e-03
   8.1600791e+02   1.3231699e-03
   8.1825015e+02   1.3080197e-03
   8.2049239e+02   1.2930429e-03
   8.2273463e+02   1.2782377e-03
   8.2497688e+02   1.2636019e-03
   8.2721912e+02   1.2491338e-03
   8.2946136e+02   1.2348313e-03
   8.3170360e+02   1.2206925e-03
   8.3394585e+02   1.2067156e-03
   8.3618809e+02   1.1928988e-03
   8.3843033e+02   1.1792402e-03
   8.4067257e+02   1.1657380e-03
   8.4291481e+02   1.1523903e-03
   8.4515706e+02   1.1391955e-03
   8.4739930e+02   1.1261518e-03
   8.4964154e+02   1.1132574e-03
   8.5188378e+02   1.1005107e-03
   8.5412603e+02   1.0879099e-03
   8.5636827e+02   1.0754534e-03
   8.5861051e+02   1.0631395e-03
   8.6085275e+02   1.0509667e-03
   8.6309499e+02   1.0389332e-03
   8.6533724e+02   1.0270374e-03
   8.6757948e+02   1.0152779e-03
   8.6982172e+02   1.0036530e-03
   8.7206396e+02   9.9216127e-04
   8.7430621e+02   9.8080108e-04
   8.7654845e+02   9.6957096e-04
   8.7879069e+02   9.5846943e-04
   8.8103293e+02   9.4749501e-04
   8.8327518e+02   9.3664625e-04
   8.8551742e+02   9.2592171e-04
   8.8775966e+02   9.1531996e-04
   8.9000190e+02   9.0483960e-04
   8.9224414e+02   8.9447924e-04
   8.9448639e+02   8.8423750e-04
   8.9672863e+02   8.7411303e-04
   8.9897087e+02   8.6410449e-04
   9.0121311e+02   8.5421055e-04
   9.0345536e+02   8.4442988e-04
   9.0569760e+02   8.3476121e-04
   9.0793984e+02   8.2520324e-04
   9.1018208e+02   8.1575472e-04
   9.1242432e+02   8.0641437e-04
   9.1466657e+02   7.9718097e-04
   9.1690881e+02   7.8805330e-04
   9.1915105e+02   7.7903014e-04
   9.2139329e+02   7.7011029e-04
   9.2363554e+02   7.6129257e-04
   9.2587778e+02   7.5257581e-04
   9.2812002e+02   7.4395886e-04
   9.3036226e+02   7.3544058e-04
   9.3260450e+02   7.2701983e-04
   9.3484675e+02   7.1869549e-04
   9.3708899e+02   7.1046647e-04
   9.3933123e+02   7.0233167e-04
   9.4157347e+02   6.9429001e-04
   9.4381572e+02   6.8634043e-04
   9.4605796e+02   6.7848188e-04
   9.4830020e+02   6.7071330e-04
   9.5054244e+02   6.6303367e-04
   9.5278468e+02   6.5544197e-04
   9.5502693e+02   6.4793720e-04
   9.5726917e+02   6.4051836e-04
   9.5951141e+02   6.3318446e-04
   9.6175365e+02   6.2593454e-04
   9.6399590e+02   6.1876762e-04
   9.6623814e+02   6.1168277e-04
   9.6848038e+02   6.0467904e-04
   9.7072262e+02   5.9775550e-04
   9.7296486e+02   5.9091123e-04
   9.7520711e+02   5.8414533e-04
   9.7744935e+02   5.7745690e-04
   9.7969159e+02   5.7084506e-04
   9.8193383e+02   5.6430891e-04
   9.8417608e+02   5.5784761e-04
   9.8641832e+02   5.5146029e-04
   9.8866056e+02   5.4514610e-04
   9.9090280e+02   5.3890421e-04
   9.9314505e+02   5.3273379e-04
   9.9538729e+02   5.2663402e-04
   9.9762953e+02   5.2060409e-04
   9.9987177e+02   5.1464320e-04
   1.0021140e+03   5.0875057e-04
   1.0043563e+03   5.0292540e-04
   1.0065985e+03   4.9716694e-04
   1.0088407e+03   4.9147440e-04
   1.0110830e+03   4.8584705e-04
   1.0133252e+03   4.8028413e-04
   1.0155675e+03   4.7478490e-04
   1.0178097e+03   4.6934865e-04
   1.0200520e+03   4.6397463e-04
   1.0222942e+03   4.5866215e-04
   1.0245364e+03   4.5341049e-04
   1.0267787e+03   4.4821897e-04
   1.0290209e+03   4.4308689e-04
   1.0312632e+03   4.3801357e-04
   1.0335054e+03   4.3299834e-04
   1.0357476e+03   4.2804053e-04
   1.0379899e+03   4.2313950e-04
   1.0402321e+03   4.1829457e-04
   1.0424744e+03   4.1350512e-04
   1.0447166e+03   4.0877052e-04
   1.0469589e+03   4.0409012e-04
   1.0492011e+03   3.9946331e-04
   1.0514433e+03   3.9488948e-04
   1.0536856e+03   3.9036802e-04
   1.0559278e+03   3.8589832e-04
   1.0581701e+03   3.8147981e-04
   1.0604123e+03   3.7711189e-04
   1.0626546e+03   3.7279398e-04
   1.0648968e+03   3.6852551e-04
   1.0671390e+03   3.6430592e-04
   1.0693813e+03   3.6013463e-04
   1.0716235e+03   3.5601111e-04
   1.0738658e+03   3.5193481e-04
   1.0761080e+03   3.4790517e-04
   1.0783503e+03   3.4392168e-04
   1.0805925e+03   3.3998380e-04
   1.0828347e+03   3.3609100e-04
   1.0850770e+03   3.3224278e-04
   1.0873192e+03   3.2843862e-04
   1.0895615e+03   3.2467802e-04
   1.0918037e+03   3.2096047e-04
   1.0940459e+03   3.1728549e-04
   1.0962882e+03   3.1365259e-04
   1.0985304e+03   3.1006129e-04
   1.1007727e+03   3.0651111e-04
   1.1030149e+03   3.0300157e-04
   1.1052572e+03   2.9953222e-04
   1.1074994e+03   2.9610260e-04
   1.1097416e+03   2.9271224e-04
   1.1119839e+03   2.8936070e-04
   1.1142261e+03   2.8604754e-04
   1.1164684e+03   2.8277231e-04
   1.1187106e+03   2.7953458e-04
   1.1209529e+03   2.7633393e-04
   1.1231951e+03   2.7316992e-04
   1.1254373e+03   2.7004214e-04
   1.1276796e+03   2.6695017e-04
   1.1299218e+03   2.6389361e-04
   1.1321641e+03   2.6087204e-04
   1.1344063e+03   2.5788508e-04
   1.1366485e+03   2.5493231e-04
   1.1388908e+03   2.5201335e-04
   1.1411330e+03   2.4912781e-04
   1.1433753e+03   2.4627531e-04
   1.1456175e+03   2.4345547e-04
   1.1478598e+03   2.4066792e-04
   1.1501020e+03   2.3791229e-04
   1.1523442e+03   2.3518821e-04
   1.1545865e+03   2.3249531e-04
   1.1568287e+03   2.2983326e-04
   1.1590710e+03   2.2720168e-04
   1.1613132e+03   2.2460023e-04
   1.1635555e+03   2.2202857e-04
   1.1657977e+03   2.1948636e-04
   1.1680399e+03   2.1697325e-04
   1.1702822e+03   2.1448892e-04
   1.1725244e+03   2.1203304e-04
   1.1747667e+03   2.0960527e-04
   1.1770089e+03   2.0720530e-04
   1.1792512e+03   2.0483281e-04
   1.1814934e+03   2.0248749e-04
   1.1837356e+03   2.0016902e-04
   1.1859779e+03   1.9787710e-04
   1.1882201e+03   1.9561142e-04
   1.1904624e+03   1.9337168e-04
   1.1927046e+03   1.9115758e-04
   1.1949468e+03   1.8896884e-04
   1.1971891e+03   1.8680516e-04
   1.1994313e+03   1.8466625e-04
   1.2016736e+03   1.8255183e-04
   1.2039158e+03   1.8046162e-04
   1.2061581e+03   1.7839535e-04
   1.2084003e+03   1.7635273e-04
   1.2106425e+03   1.7433350e-04
   1.2128848e+03   1.7233739e-04
   1.2151270e+03   1.7036414e-04
   1.2173693e+03   1.6841348e-04
   1.2196115e+03   1.6648516e-04
   1.2218538e+03   1.6457891e-04
   1.2240960e+03   1.6269449e-04
   1.2263382e+03   1.6083165e-04
   1.2285805e+03   1.5899014e-04
   1.2308227e+03   1.5716971e-04
   1.2330650e+03   1.5537013e-04
   1.2353072e+03   1.5359115e-04
   1.2375494e+03   1.5183254e-04
   1.2397917e+03   1.5009406e-04
   1.2420339e+03   1.4837550e-04
   1.2442762e+03   1.4667661e-04
   1.2465184e+03   1.4499717e-04
   1.2487607e+03   1.4333696e-04
   1.2510029e+03   1.4169576e-04
   1.2532451e+03   1.4007335e-04
   1.2554874e+03   1.3846952e-04
   1.2577296e+03   1.3688405e-04
   1.2599719e+03   1.3531674e-04
   1.2622141e+03   1.3376737e-04
   1.2644564e+03   1.3223574e-04
   1.2666986e+03   1.3072165e-04
   1.2689408e+03   1.2922489e-04
   1.2711831e+03   1.2774527e-04
   1.2734253e+03   1.2628260e-04
   1.2756676e+03   1.2483667e-04
   1.2779098e+03   1.2340730e-04
   1.2801521e+03   1.2199429e-04
   1.2823943e+03   1.2059746e-04
   1.2846365e+03   1.1921663e-04
   1.2868788e+03   1.1785161e-04
   1.2891210e+03   1.1650221e-04
   1.2913633e+03   1.1516827e-04
   1.2936055e+03   1.1384960e-04
   1.2958477e+03   1.1254603e-04
   1.2980900e+03   1.1125738e-04
   1.3003322e+03   1.0998349e-04
   1.3025745e+03   1.0872419e-04
   1.3048167e+03   1.0747930e-04
   1.3070590e+03   1.0624867e-04
   1.3093012e+03   1.0503213e-04
   1.3115434e+03   1.0382952e-04
   1.3137857e+03   1.0264068e-04
   1.3160279e+03   1.0146545e-04
   1.3182702e+03   1.0030367e-04
   1.3205124e+03   9.9155201e-05
   1.3227547e+03   9.8019880e-05
   1.3249969e+03   9.6897558e-05
   1.3272391e+03   9.5788086e-05
   1.3294814e+03   9.4691318e-05
   1.3317236e+03   9.3607108e-05
   1.3339659e+03   9.2535312e-05
   1.3362081e+03   9.1475789e-05
   1.3384504e+03   9.0428396e-05
   1.3406926e+03   8.9392996e-05
   1.3429348e+03   8.8369452e-05
   1.3451771e+03   8.7357627e-05
   1.3474193e+03   8.6357387e-05
   1.3496616e+03   8.5368600e-05
   1.3519038e+03   8.4391134e-05
   1.3541460e+03   8.3424861e-05
   1.3563883e+03   8.2469651e-05
   1.3586305e+03   8.1525378e-05
   1.3608728e+03   8.0591918e-05
   1.3631150e+03   7.9669145e-05
   1.3653573e+03   7.8756938e-05
   1.3675995e+03   7.7855175e-05
   1.3698417e+03   7.6963738e-05
   1.3720840e+03   7.6082508e-05
   1.3743262e+03   7.5211368e-05
   1.3765685e+03   7.4350202e-05
   1.3788107e+03   7.3498897e-05
   1.3810530e+03   7.2657338e-05
   1.3832952e+03   7.1825416e-05
   1.3855374e+03   7.1003019e-05
   1.3877797e+03   7.0190039e-05
   1.3900219e+03   6.9386367e-05
   1.3922642e+03   6.8591897e-05
   1.3945064e+03   6.7806524e-05
   1.3967486e+03   6.7030143e-05
   1.3989909e+03   6.6262652e-05
   1.4012331e+03   6.5503949e-05
   1.4034754e+03   6.4753932e-05
   1.4057176e+03   6.4012503e-05
   1.4079599e+03   6.3279564e-05
   1.4102021e+03   6.2555017e-05
   1.4124443e+03   6.1838765e-05
   1.4146866e+03   6.1130715e-05
   1.4169288e+03   6.0430772e-05
   1.4191711e+03   5.9738843e-05
   1.4214133e+03   5.9054837e-05
   1.4236556e+03   5.8378663e-05
   1.4258978e+03   5.7710230e-05
   1.4281400e+03   5.7049452e-05
   1.4303823e+03   5.6396239e-05
   1.4326245e+03   5.5750505e-05
   1.4348668e+03   5.5112165e-05
   1.4371090e+03   5.4481134e-05
   1.4393513e+03   5.3857328e-05
   1.4415935e+03   5.3240665e-05
   1.4438357e+03   5.2631062e-05
   1.4460780e+03   5.2028440e-05
   1.4483202e+03   5.1432717e-05
   1.4505625e+03   5.0843816e-05
   1.4528047e+03   5.0261657e-05
   1.4550469e+03   4.9686164e-05
   1.4572892e+03   4.9117260e-05
   1.4595314e+03   4.8554871e-05
   1.4617737e+03   4.7998920e-05
   1.4640159e+03   4.7449335e-05
   1.4662582e+03   4.6906043e-05
   1.4685004e+03   4.6368972e-05
   1.4707426e+03   4.5838050e-05
   1.4729849e+03   4.5313207e-05
   1.4752271e+03   4.4794373e-05
   1.4774694e+03   4.4281480e-05
   1.4797116e+03   4.3774460e-05
   1.4819539e+03   4.3273245e-05
   1.4841961e+03   4.2777769e-05
   1.4864383e+03   4.2287966e-05
   1.4886806e+03   4.1803771e-05
   1.4909228e+03   4.1325120e-05
   1.4931651e+03   4.0851950e-05
   1.4954073e+03   4.0384198e-05
   1.4976495e+03   3.9921801e-05
   1.4998918e+03   3.9464699e-05
   1.5021340e+03   3.9012830e-05
   1.5043763e+03   3.8566136e-05
   1.5066185e+03   3.8124556e-05
   1.5088608e+03   3.7688032e-05
   1.5111030e+03   3.7256506e-05
   1.5133452e+03   3.6829921e-05
   1.5155875e+03   3.6408221e-05
   1.5178297e+03   3.5991349e-05
   1.5200720e+03   3.5579250e-05
   1.5223142e+03   3.5171869e-05
   1.5245565e+03   3.4769154e-05
   1.5267987e+03   3.4371049e-05
   1.5290409e+03   3.3977502e-05
   1.5312832e+03   3.3588462e-05
   1.5335254e+03   3.3203876e-05
   1.5357677e+03   3.2823694e-05
   1.5380099e+03   3.2447864e-05
   1.5402522e+03   3.2076338e-05
   1.5424944e+03   3.1709066e-05
   1.5447366e+03   3.1345999e-05
   1.5469789e+03   3.0987089e-05
   1.5492211e+03   3.0632289e-05
   1.5514634e+03   3.0281551e-05
   1.5537056e+03   2.9934829e-05
   1.5559478e+03   2.9592077e-05
   1.5581901e+03   2.9253249e-05
   1.5604323e+03   2.8918301e-05
   1.5626746e+03   2.8587188e-05
   1.5649168e+03   2.8259867e-05
   1.5671591e+03   2.7936293e-05
   1.5694013e+03   2.7616424e-05
   1.5716435e+03   2.7300218e-05
   1.5738858e+03   2.6987632e-05
   1.5761280e+03   2.6678625e-05
   1.5783703e+03   2.6373156e-05
   1.5806125e+03   2.6071185e-05
   1.5828548e+03   2.5772672e-05
   1.5850970e+03   2.5477576e-05
   1.5873392e+03   2.5185859e-05
   1.5895815e+03   2.4897483e-05
   1.5918237e+03   2.4612408e-05
   1.5940660e+03   2.4330597e-05
   1.5963082e+03   2.4052013e-05
   1.5985505e+03   2.3776619e-05
   1.6007927e+03   2.3504378e-05
   1.6030349e+03   2.3235255e-05
   1.6052772e+03   2.2969212e-05
   1.6075194e+03   2.2706216e-05
   1.6097617e+03   2.2446231e-05
   1.6120039e+03   2.2189223e-05
   1.6142461e+03   2.1935158e-05
   1.6164884e+03   2.1684002e-05
   1.6187306e+03   2.1435721e-05
   1.6209729e+03   2.1190283e-05
   1.6232151e+03   2.0947656e-05
   1.6254574e+03   2.0707806e-05
   1.6276996e+03   2.0470703e-05
   1.6299418e+03   2.0236315e-05
   1.6321841e+03   2.0004610e-05
   1.6344263e+03   1.9775559e-05
   1.6366686e+03   1.9549130e-05
   1.6389108e+03   1.9325293e-05
   1.6411531e+03   1.9104020e-05
   1.6433953e+03   1.8885280e-05
   1.6456375e+03   1.8669044e-05
   1.6478798e+03   1.8455285e-05
   1.6501220e+03   1.8243973e-05
   1.6523643e+03   1.8035081e-05
   1.6546065e+03   1.7828580e-05
   1.6568487e+03   1.7624444e-05
   1.6590910e+03   1.7422645e-05
   1.6613332e+03   1.7223157e-05
   1.6635755e+03   1.7025953e-05
   1.6658177e+03   1.6831006e-05
   1.6680600e+03   1.6638292e-05
   1.6703022e+03   1.6447785e-05
   1.6725444e+03   1.6259459e-05
   1.6747867e+03   1.6073289e-05
   1.6770289e+03   1.5889251e-05
   1.6792712e+03   1.5707320e-05
   1.6815134e+03   1.5527472e-05
   1.6837557e+03   1.5349683e-05
   1.6859979e+03   1.5173930e-05
   1.6882401e+03   1.5000190e-05
   1.6904824e+03   1.4828438e-05
   1.6927246e+03   1.4658654e-05
   1.6949669e+03   1.4490813e-05
   1.6972091e+03   1.4324894e-05
   1.6994514e+03   1.4160875e-05
   1.7016936e+03   1.3998733e-05
   1.7039358e+03   1.3838449e-05
   1.7061781e+03   1.3679999e-05
   1.7084203e+03   1.3523364e-05
   1.7106626e+03   1.3368522e-05
   1.7129048e+03   1.3215454e-05
   1.7151470e+03   1.3064137e-05
   1.7173893e+03   1.2914554e-05
   1.7196315e+03   1.2766683e-05
   1.7218738e+03   1.2620505e-05
   1.7241160e+03   1.2476001e-05
   1.7263583e+03   1.2333152e-05
   1.7286005e+03   1.2191938e-05
   1.7308427e+03   1.2052341e-05
   1.7330850e+03   1.1914342e-05
   1.7353272e+03   1.1777924e-05
   1.7375695e+03   1.1643067e-05
   1.7398117e+03   1.1509755e-05
   1.7420540e+03   1.1377969e-05
   1.7442962e+03   1.1247692e-05
   1.7465384e+03   1.1118906e-05
   1.7487807e+03   1.0991595e-05
   1.7510229e+03   1.0865742e-05
   1.7532652e+03   1.0741330e-05
   1.7555074e+03   1.0618343e-05
   1.7577496e+03   1.0496763e-05
   1.7599919e+03   1.0376576e-05
   1.7622341e+03   1.0257765e-05
   1.7644764e+03   1.0140314e-05
   1.7667186e+03   1.0024208e-05
   1.7689609e+03   9.9094313e-06
   1.7712031e+03   9.7959688e-06
   1.7734453e+03   9.6838056e-06
   1.7756876e+03   9.5729266e-06
   1.7779298e+03   9.4633171e-06
   1.7801721e+03   9.3549627e-06
   1.7824143e+03   9.2478489e-06
   1.7846566e+03   9.1419616e-06
   1.7868988e+03   9.0372867e-06
   1.7891410e+03   8.9338103e-06
   1.7913833e+03   8.8315187e-06
   1.7936255e+03   8.7303983e-06
   1.7958678e+03   8.6304357e-06
   1.7981100e+03   8.5316177e-06
   1.8003523e+03   8.4339312e-06
   1.8025945e+03   8.3373632e-06
   1.8048367e+03   8.2419009e-06
   1.8070790e+03   8.1475316e-06
   1.8093212e+03   8.0542428e-06
   1.8115635e+03   7.9620222e-06
   1.8138057e+03   7.8708575e-06
   1.8160479e+03   7.7807367e-06
   1.8182902e+03   7.6916477e-06
   1.8205324e+03   7.6035788e-06
   1.8227747e+03   7.5165183e-06
   1.8250169e+03   7.4304546e-06
   1.8272592e+03   7.3453763e-06
   1.8295014e+03   7.2612722e-06
   1.8317436e+03   7.1781310e-06
   1.8339859e+03   7.0959418e-06
   1.8362281e+03   7.0146937e-06
   1.8384704e+03   6.9343759e-06
   1.8407126e+03   6.8549777e-06
   1.8429549e+03   6.7764886e-06
   1.8451971e+03   6.6988982e-06
   1.8474393e+03   6.6221962e-06
   1.8496816e+03   6.5463724e-06
   1.8519238e+03   6.4714169e-06
   1.8541661e+03   6.3973195e-06
   1.8564083e+03   6.3240706e-06
   1.8586506e+03   6.2516604e-06
   1.8608928e+03   6.1800792e-06
   1.8631350e+03   6.1093177e-06
   1.8653773e+03   6.0393663e-06
   1.8676195e+03   5.9702159e-06
   1.8698618e+03   5.9018573e-06
   1.8721040e+03   5.8342814e-06
   1.8743462e+03   5.7674792e-06
   1.8765885e+03   5.7014419e-06
   1.8788307e+03   5.6361607e-06
   1.8810730e+03   5.5716270e-06
   1.8833152e+03   5.5078322e-06
   1.8855575e+03   5.4447679e-06
   1.8877997e+03   5.3824256e-06
   1.8900419e+03   5.3207971e-06
   1.8922842e+03   5.2598743e-06
   1.8945264e+03   5.1996491e-06
   1.8967687e+03   5.1401134e-06
   1.8990109e+03   5.0812594e-06
   1.9012532e+03   5.0230793e-06
   1.9034954e+03   4.9655653e-06
   1.9057376e+03   4.9087099e-06
   1.9079799e+03   4.8525054e-06
   1.9102221e+03   4.7969445e-06
   1.9124644e+03   4.7420198e-06
   1.9147066e+03   4.6877239e-06
   1.9169488e+03   4.6340498e-06
   1.9191911e+03   4.5809902e-06
   1.9214333e+03   4.5285381e-06
   1.9236756e+03   4.4766866e-06
   1.9259178e+03   4.4254288e-06
   1.9281601e+03   4.3747579e-06
   1.9304023e+03   4.3246672e-06
   1.9326445e+03   4.2751500e-06
   1.9348868e+03   4.2261998e-06
   1.9371290e+03   4.1778100e-06
   1.9393713e+03   4.1299744e-06
   1.9416135e+03   4.0826864e-06
   1.9438558e+03   4.0359399e-06
   1.9460980e+03   3.9897286e-06
   1.9483402e+03   3.9440464e-06
   1.9505825e+03   3.8988873e-06
   1.9528247e+03   3.8542453e-06
   1.9550670e+03   3.8101144e-06
   1.9573092e+03   3.7664888e-06
   1.9595515e+03   3.7233628e-06
   1.9617937e+03   3.6807305e-06
   1.9640359e+03   3.6385863e-06
   1.9662782e+03   3.5969247e-06
   1.9685204e+03   3.5557402e-06
   1.9707627e+03   3.5150271e-06
   1.9730049e+03   3.4747803e-06
   1.9752471e+03   3.4349943e-06
   1.9774894e+03   3.3956638e-06
   1.9797316e+03   3.3567836e-06
   1.9819739e+03   3.3183486e-06
   1.9842161e+03   3.2803537e-06
   1.9864584e+03   3.2427939e-06
   1.9887006e+03   3.2056641e-06
   1.9909428e+03   3.1689594e-06
   1.9931851e+03   3.1326750e-06
   1.9954273e+03   3.0968061e-06
   1.9976696e+03   3.0613478e-06
   1.9999118e+03   3.0262956e-06
   2.0021541e+03   2.9916447e-06
   2.0043963e+03   2.9573905e-06
   2.0066385e+03   2.9235286e-06
   2.0088808e+03   2.8900543e-06
   2.0111230e+03   2.8569634e-06
   2.0133653e+03   2.8242513e-06
   2.0156075e+03   2.7919138e-06
   2.0178497e+03   2.7599466e-06
   2.0200920e+03   2.7283453e-06
   2.0223342e+03   2.6971059e-06
   2.0245765e+03   2.6662242e-06
   2.0268187e+03   2.6356961e-06
   2.0290610e+03   2.6055175e-06
   2.0313032e+03   2.5756845e-06
   2.0335454e+03   2.5461931e-06
   2.0357877e+03   2.5170393e-06
   2.0380299e+03   2.4882194e-06
   2.0402722e+03   2.4597294e-06
   2.0425144e+03   2.4315656e-06
   2.0447567e+03   2.4037244e-06
   2.0469989e+03   2.3762019e-06
   2.0492411e+03   2.3489945e-06
   2.0514834e+03   2.3220986e-06
   2.0537256e+03   2.2955107e-06
   2.0559679e+03   2.2692273e-06
   2.0582101e+03   2.2432448e-06
   2.0604524e+03   2.2175597e-06
   2.0626946e+03   2.1921688e-06
   2.0649368e+03   2.1670686e-06
   2.0671791e+03   2.1422558e-06
   2.0694213e+03   2.1177271e-06
   2.0716636e+03   2.0934792e-06
   2.0739058e+03   2.0695090e-06
   2.0761480e+03   2.0458133e-06
   2.0783903e+03   2.0223888e-06
   2.0806325e+03   1.9992326e-06
   2.0828748e+03   1.9763415e-06
   2.0851170e+03   1.9537125e-06
   2.0873593e+03   1.9313426e-06
   2.0896015e+03   1.9092289e-06
   2.0918437e+03   1.8873683e-06
   2.0940860e+03   1.8657580e-06
   2.0963282e+03   1.8443952e-06
   2.0985705e+03   1.8232770e-06
   2.1008127e+03   1.8024006e-06
   2.1030550e+03   1.7817632e-06
   2.1052972e+03   1.7613621e-06
   2.1075394e+03   1.7411946e-06
   2.1097817e+03   1.7212580e-06
   2.1120239e+03   1.7015497e-06
   2.1142662e+03   1.6820671e-06
   2.1165084e+03   1.6628075e-06
   2.1187507e+03   1.6437685e-06
   2.1209929e+03   1.6249474e-06
   2.1232351e+03   1.6063419e-06
   2.1254774e+03   1.5879494e-06
   2.1277196e+03   1.5697674e-06
   2.1299619e+03   1.5517937e-06
   2.1322041e+03   1.5340257e-06
   2.1344463e+03   1.5164612e-06
   2.1366886e+03   1.4990978e-06
   2.1389308e+03   1.4819333e-06
   2.1411731e+03   1.4649652e-06
   2.1434153e+03   1.4481914e-06
   2.1456576e+03   1.4316097e-06
   2.1478998e+03   1.4152179e-06
   2.1501420e+03   1.3990137e-06
   2.1523843e+03   1.3829951e-06
   2.1546265e+03   1.3671599e-06
   2.1568688e+03   1.3515060e-06
   2.1591110e+03   1.3360313e-06
   2.1613533e+03   1.3207338e-06
   2.1635955e+03   1.3056115e-06
   2.1658377e+03   1.2906623e-06
   2.1680800e+03   1.2758843e-06
   2.1703222e+03   1.2612755e-06
   2.1725645e+03   1.2468340e-06
   2.1748067e+03   1.2325578e-06
   2.1770489e+03   1.2184451e-06
   2.1792912e+03   1.2044940e-06
   2.1815334e+03   1.1907026e-06
   2.1837757e+03   1.1770691e-06
   2.1860179e+03   1.1635917e-06
   2.1882602e+03   1.1502687e-06
   2.1905024e+03   1.1370982e-06
   2.1927446e+03   1.1240785e-06
   2.1949869e+03   1.1112078e-06
   2.1972291e+03   1.0984846e-06
   2.1994714e+03   1.0859070e-06
   2.2017136e+03   1.0734734e-06
   2.2039559e+03   1.0611822e-06
   2.2061981e+03   1.0490317e-06
   2.2084403e+03   1.0370204e-06
   2.2106826e+03   1.0251466e-06
   2.2129248e+03   1.0134087e-06
   2.2151671e+03   1.0018052e-06
   2.2174093e+03   9.9033461e-07
   2.2196516e+03   9.7899534e-07
   2.2218938e+03   9.6778590e-07
   2.2241360e+03   9.5670481e-07
   2.2263783e+03   9.4575060e-07
   2.2286205e+03   9.3492181e-07
   2.2308628e+03   9.2421701e-07
   2.2331050e+03   9.1363478e-07
   2.2353472e+03   9.0317371e-07
   2.2375895e+03   8.9283243e-07
   2.2398317e+03   8.8260955e-07
   2.2420740e+03   8.7250372e-07
   2.2443162e+03   8.6251360e-07
   2.2465585e+03   8.5263787e-07
   2.2488007e+03   8.4287522e-07
   2.2510429e+03   8.3322435e-07
   2.2532852e+03   8.2368398e-07
   2.2555274e+03   8.1425284e-07
   2.2577697e+03   8.0492970e-07
   2.2600119e+03   7.9571330e-07
   2.2622542e+03   7.8660243e-07
   2.2644964e+03   7.7759588e-07
   2.2667386e+03   7.6869245e-07
   2.2689809e+03   7.5989096e-07
   2.2712231e+03   7.5119026e-07
   2.2734654e+03   7.4258917e-07
   2.2757076e+03   7.3408657e-07
   2.2779498e+03   7.2568132e-07
   2.2801921e+03   7.1737231e-07
   2.2824343e+03   7.0915844e-07
   2.2846766e+03   7.0103862e-07
   2.2869188e+03   6.9301177e-07
   2.2891611e+03   6.8507682e-07
   2.2914033e+03   6.7723273e-07
   2.2936455e+03   6.6947846e-07
   2.2958878e+03   6.6181297e-07
   2.2981300e+03   6.5423525e-07
   2.3003723e+03   6.4674430e-07
   2.3026145e+03   6.3933911e-07
   2.3048568e+03   6.3201872e-07
   2.3070990e+03   6.2478214e-07
   2.3093412e+03   6.1762842e-07
   2.3115835e+03   6.1055661e-07
   2.3138257e+03   6.0356577e-07
   2.3160680e+03   5.9665498e-07
   2.3183102e+03   5.8982332e-07
   2.3205525e+03   5.8306987e-07
   2.3227947e+03   5.7639376e-07
   2.3250369e+03   5.6979408e-07
   2.3272792e+03   5.6326997e-07
   2.3295214e+03   5.5682057e-07
   2.3317637e+03   5.5044500e-07
   2.3340059e+03   5.4414244e-07
   2.3362481e+03   5.3791204e-07
   2.3384904e+03   5.3175298e-07
   2.3407326e+03   5.2566444e-07
   2.3429749e+03   5.1964561e-07
   2.3452171e+03   5.1369570e-07
   2.3474594e+03   5.0781391e-07
   2.3497016e+03   5.0199947e-07
   2.3519438e+03   4.9625161e-07
   2.3541861e+03   4.9056956e-07
   2.3564283e+03   4.8495256e-07
   2.3586706e+03   4.7939989e-07
   2.3609128e+03   4.7391079e-07
   2.3631551e+03   4.6848453e-07
   2.3653973e+03   4.6312041e-07
   2.3676395e+03   4.5781771e-07
   2.3698818e+03   4.5257573e-07
   2.3721240e+03   4.4739376e-07
   2.3743663e+03   4.4227113e-07
   2.3766085e+03   4.3720715e-07
   2.3788508e+03   4.3220115e-07
   2.3810930e+03   4.2725248e-07
   2.3833352e+03   4.2236046e-07
   2.3855775e+03   4.1752446e-07
   2.3878197e+03   4.1274383e-07
   2.3900620e+03   4.0801793e-07
   2.3923042e+03   4.0334615e-07
   2.3945464e+03   3.9872786e-07
   2.3967887e+03   3.9416245e-07
   2.3990309e+03   3.8964932e-07
   2.4012732e+03   3.8518785e-07
   2.4035154e+03   3.8077747e-07
   2.4057577e+03   3.7641760e-07
   2.4079999e+03   3.7210764e-07
   2.4102421e+03   3.6784703e-07
   2.4124844e+03   3.6363520e-07
   2.4147266e+03   3.5947160e-07
   2.4169689e+03   3.5535567e-07
   2.4192111e+03   3.5128687e-07
   2.4214534e+03   3.4726465e-07
   2.4236956e+03   3.4328849e-07
   2.4259378e+03   3.3935786e-07
   2.4281801e+03   3.3547223e-07
   2.4304223e+03   3.3163109e-07
   2.4326646e+03   3.2783394e-07
   2.4349068e+03   3.2408026e-07
   2.4371490e+03   3.2036956e-07
   2.4393913e+03   3.1670135e-07
   2.4416335e+03   3.1307513e-07
   2.4438758e+03   3.0949044e-07
   2.4461180e+03   3.0594679e-07
   2.4483603e+03   3.0244372e-07
   2.4506025e+03   2.9898076e-07
   2.4528447e+03   2.9555745e-07
   2.4550870e+03   2.9217333e-07
   2.4573292e+03   2.8882796e-07
   2.4595715e+03   2.8552090e-07
   2.4618137e+03   2.8225170e-07
   2.4640560e+03   2.7901994e-07
   2.4662982e+03   2.7582517e-07
   2.4685404e+03   2.7266699e-07
   2.4707827e+03   2.6954497e-07
   2.4730249e+03   2.6645870e-07
   2.4752672e+03   2.6340776e-07
   2.4775094e+03   2.6039176e-07
   2.4797517e+03   2.5741029e-07
   2.4819939e+03   2.5446295e-07
   2.4842361e+03   2.5154937e-07
   2.4864784e+03   2.4866914e-07
   2.4887206e+03   2.4582190e-07
   2.4909629e+03   2.4300725e-07
   2.4932051e+03   2.4022483e-07
   2.4954473e+03   2.3747427e-07
   2.4976896e+03   2.3475520e-07
   2.4999318e+03   2.3206727e-07
   2.5021741e+03   2.2941011e-07
   2.5044163e+03   2.2678338e-07
   2.5066586e+03   2.2418672e-07
   2.5089008e+03   2.2161980e-07
   2.5111430e+03   2.1908227e-07
   2.5133853e+03   2.1657379e-07
   2.5156275e+03   2.1409403e-07
   2.5178698e+03   2.1164267e-07
   2.5201120e+03   2.0921937e-07
   2.5223543e+03   2.0682382e-07
   2.5245965e+03   2.0445570e-07
   2.5268387e+03   2.0211469e-07
   2.5290810e+03   1.9980049e-07
   2.5313232e+03   1.9751279e-07
   2.5335655e+03   1.9525128e-07
   2.5358077e+03   1.9301566e-07
   2.5380499e+03   1.9080564e-07
   2.5402922e+03   1.8862093e-07
   2.5425344e+03   1.8646123e-07
   2.5447767e+03   1.8432626e-07
   2.5470189e+03   1.8221574e-07
   2.5492612e+03   1.8012938e-07
   2.5515034e+03   1.7806691e-07
   2.5537456e+03   1.7602805e-07
   2.5559879e+03   1.7401254e-07
   2.5582301e+03   1.7202011e-07
   2.5604724e+03   1.7005049e-07
   2.5627146e+03   1.6810342e-07
   2.5649569e+03   1.6617864e-07
   2.5671991e+03   1.6427591e-07
   2.5694413e+03   1.6239496e-07
   2.5716836e+03   1.6053555e-07
   2.5739258e+03   1.5869742e-07
   2.5761681e+03   1.5688035e-07
   2.5784103e+03   1.5508408e-07
   2.5806526e+03   1.5330837e-07
   2.5828948e+03   1.5155300e-07
   2.5851370e+03   1.4981773e-07
   2.5873793e+03   1.4810232e-07
   2.5896215e+03   1.4640656e-07
   2.5918638e+03   1.4473021e-07
   2.5941060e+03   1.4307306e-07
   2.5963482e+03   1.4143488e-07
   2.5985905e+03   1.3981546e-07
   2.6008327e+03   1.3821458e-07
   2.6030750e+03   1.3663204e-07
   2.6053172e+03   1.3506761e-07
   2.6075595e+03   1.3352109e-07
   2.6098017e+03   1.3199228e-07
   2.6120439e+03   1.3048098e-07
   2.6142862e+03   1.2898698e-07
   2.6165284e+03   1.2751008e-07
   2.6187707e+03   1.2605010e-07
   2.6210129e+03   1.2460684e-07
   2.6232552e+03   1.2318009e-07
   2.6254974e+03   1.2176969e-07
   2.6277396e+03   1.2037543e-07
   2.6299819e+03   1.1899714e-07
   2.6322241e+03   1.1763463e-07
   2.6344664e+03   1.1628772e-07
   2.6367086e+03   1.1495623e-07
   2.6389509e+03   1.1363999e-07
   2.6411931e+03   1.1233882e-07
   2.6434353e+03   1.1105255e-07
   2.6456776e+03   1.0978100e-07
   2.6479198e+03   1.0852402e-07
   2.6501621e+03   1.0728142e-07
   2.6524043e+03   1.0605306e-07
   2.6546465e+03   1.0483876e-07
   2.6568888e+03   1.0363836e-07
   2.6591310e+03   1.0245171e-07
   2.6613733e+03   1.0127864e-07
   2.6636155e+03   1.0011900e-07
   2.6658578e+03   9.8972648e-08
   2.6681000e+03   9.7839417e-08
