   4.4470000e+02   2.9720847e-05
   4.4700651e+02   3.1758058e-05
   4.4931301e+02   3.3915206e-05
   4.5161952e+02   3.6197870e-05
   4.5392603e+02   3.8611787e-05
   4.5623253e+02   4.1162845e-05
   4.5853904e+02   4.3857086e-05
   4.6084555e+02   4.6700696e-05
   4.6315205e+02   4.9700006e-05
   4.6545856e+02   5.2861482e-05
   4.6776507e+02   5.6191723e-05
   4.7007157e+02   5.9697453e-05
   4.7237808e+02   6.3385513e-05
   4.7468458e+02   6.7262857e-05
   4.7699109e+02   7.1336537e-05
   4.7929760e+02   7.5613701e-05
   4.8160410e+02   8.0101577e-05
   4.8391061e+02   8.4807466e-05
   4.8621712e+02   8.9738729e-05
   4.8852362e+02   9.4902775e-05
   4.9083013e+02   1.0030705e-04
   4.9313664e+02   1.0595901e-04
   4.9544314e+02   1.1186613e-04
   4.9774965e+02   1.1803587e-04
   5.0005616e+02   1.2447567e-04
   5.0236266e+02   1.3119292e-04
   5.0466917e+02   1.3819495e-04
   5.0697568e+02   1.4548903e-04
   5.0928218e+02   1.5308232e-04
   5.1158869e+02   1.6098186e-04
   5.1389520e+02   1.6919457e-04
   5.1620170e+02   1.7772719e-04
   5.1850821e+02   1.8658632e-04
   5.2081471e+02   1.9577834e-04
   5.2312122e+02   2.0530940e-04
   5.2542773e+02   2.1518544e-04
   5.2773423e+02   2.2541212e-04
   5.3004074e+02   2.3599480e-04
   5.3234725e+02   2.4693857e-04
   5.3465375e+02   2.5824816e-04
   5.3696026e+02   2.6992796e-04
   5.3926677e+02   2.8198198e-04
   5.4157327e+02   2.9441384e-04
   5.4387978e+02   3.0722674e-04
   5.4618629e+02   3.2042344e-04
   5.4849279e+02   3.3400623e-04
   5.5079930e+02   3.4797694e-04
   5.5310581e+02   3.6233689e-04
   5.5541231e+02   3.7708686e-04
   5.5771882e+02   3.9222712e-04
   5.6002533e+02   4.0775738e-04
   5.6233183e+02   4.2367675e-04
   5.6463834e+02   4.3998378e-04
   5.6694484e+02   4.5667641e-04
   5.6925135e+02   4.7375196e-04
   5.7155786e+02   4.9120712e-04
   5.7386436e+02   5.0903795e-04
   5.7617087e+02   5.2723984e-04
   5.7847738e+02   5.4580755e-04
   5.8078388e+02   5.6473515e-04
   5.8309039e+02   5.8401608e-04
   5.8539690e+02   6.0364306e-04
   5.8770340e+02   6.2360818e-04
   5.9000991e+02   6.4390284e-04
   5.9231642e+02   6.6451776e-04
   5.9462292e+02   6.8544301e-04
   5.9692943e+02   7.0666800e-04
   5.9923594e+02   7.2818148e-04
   6.0154244e+02   7.4997154e-04
   6.0384895e+02   7.7202568e-04
   6.0615546e+02   7.9433074e-04
   6.0846196e+02   8.1687298e-04
   6.1076847e+02   8.3963807e-04
   6.1307497e+02   8.6261109e-04
   6.1538148e+02   8.8577660e-04
   6.1768799e+02   9.0911861e-04
   6.1999449e+02   9.3262066e-04
   6.2230100e+02   9.5626579e-04
   6.2460751e+02   9.8003658e-04
   6.2691401e+02   1.0039152e-03
   6.2922052e+02   1.0278835e-03
   6.3152703e+02   1.0519228e-03
   6.3383353e+02   1.0760143e-03
   6.3614004e+02   1.1001387e-03
   6.3844655e+02   1.1242766e-03
   6.4075305e+02   1.1484084e-03
   6.4305956e+02   1.1725142e-03
   6.4536607e+02   1.1965739e-03
   6.4767257e+02   1.2205675e-03
   6.4997908e+02   1.2444747e-03
   6.5228559e+02   1.2682755e-03
   6.5459209e+02   1.2919495e-03
   6.5689860e+02   1.3154766e-03
   6.5920511e+02   1.3388367e-03
   6.6151161e+02   1.3620100e-03
   6.6381812e+02   1.3849765e-03
   6.6612462e+02   1.4077169e-03
   6.6843113e+02   1.4302117e-03
   6.7073764e+02   1.4524419e-03
   6.7304414e+02   1.4743888e-03
   6.7535065e+02   1.4960340e-03
   6.7765716e+02   1.5173596e-03
   6.7996366e+02   1.5383480e-03
   6.8227017e+02   1.5589822e-03
   6.8457668e+02   1.5792454e-03
   6.8688318e+02   1.5991218e-03
   6.8918969e+02   1.6185957e-03
   6.9149620e+02   1.6376523e-03
   6.9380270e+02   1.6562771e-03
   6.9610921e+02   1.6744565e-03
   6.9841572e+02   1.6921775e-03
   7.0072222e+02   1.7094275e-03
   7.0302873e+02   1.7261951e-03
   7.0533524e+02   1.7424691e-03
   7.0764174e+02   1.7582393e-03
   7.0994825e+02   1.7734963e-03
   7.1225475e+02   1.7882311e-03
   7.1456126e+02   1.8024358e-03
   7.1686777e+02   1.8161032e-03
   7.1917427e+02   1.8292268e-03
   7.2148078e+02   1.8418008e-03
   7.2378729e+02   1.8538202e-03
   7.2609379e+02   1.8652811e-03
   7.2840030e+02   1.8761798e-03
   7.3070681e+02   1.8865138e-03
   7.3301331e+02   1.8962812e-03
   7.3531982e+02   1.9054808e-03
   7.3762633e+02   1.9141124e-03
   7.3993283e+02   1.9221761e-03
   7.4223934e+02   1.9296730e-03
   7.4454585e+02   1.9366049e-03
   7.4685235e+02   1.9429743e-03
   7.4915886e+02   1.9487841e-03
   7.5146537e+02   1.9540381e-03
   7.5377187e+02   1.9587407e-03
   7.5607838e+02   1.9628969e-03
   7.5838488e+02   1.9665122e-03
   7.6069139e+02   1.9695927e-03
   7.6299790e+02   1.9721450e-03
   7.6530440e+02   1.9741763e-03
   7.6761091e+02   1.9756942e-03
   7.6991742e+02   1.9767068e-03
   7.7222392e+02   1.9772226e-03
   7.7453043e+02   1.9772507e-03
   7.7683694e+02   1.9768001e-03
   7.7914344e+02   1.9758807e-03
   7.8144995e+02   1.9745024e-03
   7.8375646e+02   1.9726755e-03
   7.8606296e+02   1.9704105e-03
   7.8836947e+02   1.9677182e-03
   7.9067598e+02   1.9646096e-03
   7.9298248e+02   1.9610960e-03
   7.9528899e+02   1.9571886e-03
   7.9759550e+02   1.9528989e-03
   7.9990200e+02   1.9482386e-03
   8.0220851e+02   1.9432193e-03
   8.0451502e+02   1.9378529e-03
   8.0682152e+02   1.9321510e-03
   8.0912803e+02   1.9261255e-03
   8.1143453e+02   1.9197883e-03
   8.1374104e+02   1.9131511e-03
   8.1604755e+02   1.9062256e-03
   8.1835405e+02   1.8990235e-03
   8.2066056e+02   1.8915565e-03
   8.2296707e+02   1.8838359e-03
   8.2527357e+02   1.8758733e-03
   8.2758008e+02   1.8676798e-03
   8.2988659e+02   1.8592666e-03
   8.3219309e+02   1.8506445e-03
   8.3449960e+02   1.8418244e-03
   8.3680611e+02   1.8328169e-03
   8.3911261e+02   1.8236323e-03
   8.4141912e+02   1.8142809e-03
   8.4372563e+02   1.8047726e-03
   8.4603213e+02   1.7951172e-03
   8.4833864e+02   1.7853242e-03
   8.5064515e+02   1.7754029e-03
   8.5295165e+02   1.7653624e-03
   8.5525816e+02   1.7552115e-03
   8.5756466e+02   1.7449587e-03
   8.5987117e+02   1.7346124e-03
   8.6217768e+02   1.7241807e-03
   8.6448418e+02   1.7136713e-03
   8.6679069e+02   1.7030917e-03
   8.6909720e+02   1.6924494e-03
   8.7140370e+02   1.6817513e-03
   8.7371021e+02   1.6710043e-03
   8.7601672e+02   1.6602148e-03
   8.7832322e+02   1.6493891e-03
   8.8062973e+02   1.6385334e-03
   8.8293624e+02   1.6276533e-03
   8.8524274e+02   1.6167545e-03
   8.8754925e+02   1.6058423e-03
   8.8985576e+02   1.5949217e-03
   8.9216226e+02   1.5839975e-03
   8.9446877e+02   1.5730745e-03
   8.9677528e+02   1.5621570e-03
   8.9908178e+02   1.5512492e-03
   9.0138829e+02   1.5403551e-03
   9.0369479e+02   1.5294784e-03
   9.0600130e+02   1.5186228e-03
   9.0830781e+02   1.5077917e-03
   9.1061431e+02   1.4969881e-03
   9.1292082e+02   1.4862153e-03
   9.1522733e+02   1.4754758e-03
   9.1753383e+02   1.4647726e-03
   9.1984034e+02   1.4541080e-03
   9.2214685e+02   1.4434845e-03
   9.2445335e+02   1.4329041e-03
   9.2675986e+02   1.4223691e-03
   9.2906637e+02   1.4118812e-03
   9.3137287e+02   1.4014422e-03
   9.3367938e+02   1.3910539e-03
   9.3598589e+02   1.3807178e-03
   9.3829239e+02   1.3704352e-03
   9.4059890e+02   1.3602074e-03
   9.4290541e+02   1.3500357e-03
   9.4521191e+02   1.3399211e-03
   9.4751842e+02   1.3298646e-03
   9.4982492e+02   1.3198672e-03
   9.5213143e+02   1.3099296e-03
   9.5443794e+02   1.3000525e-03
   9.5674444e+02   1.2902367e-03
   9.5905095e+02   1.2804826e-03
   9.6135746e+02   1.2707909e-03
   9.6366396e+02   1.2611618e-03
   9.6597047e+02   1.2515959e-03
   9.6827698e+02   1.2420934e-03
   9.7058348e+02   1.2326546e-03
   9.7288999e+02   1.2232797e-03
   9.7519650e+02   1.2139689e-03
   9.7750300e+02   1.2047223e-03
   9.7980951e+02   1.1955399e-03
   9.8211602e+02   1.1864218e-03
   9.8442252e+02   1.1773679e-03
   9.8672903e+02   1.1683784e-03
   9.8903554e+02   1.1594530e-03
   9.9134204e+02   1.1505916e-03
   9.9364855e+02   1.1417943e-03
   9.9595506e+02   1.1330607e-03
   9.9826156e+02   1.1243907e-03
   1.0005681e+03   1.1157841e-03
   1.0028746e+03   1.1072408e-03
   1.0051811e+03   1.0987604e-03
   1.0074876e+03   1.0903427e-03
   1.0097941e+03   1.0819874e-03
   1.0121006e+03   1.0736943e-03
   1.0144071e+03   1.0654629e-03
   1.0167136e+03   1.0572932e-03
   1.0190201e+03   1.0491846e-03
   1.0213266e+03   1.0411369e-03
   1.0236331e+03   1.0331498e-03
   1.0259396e+03   1.0252228e-03
   1.0282461e+03   1.0173556e-03
   1.0305527e+03   1.0095480e-03
   1.0328592e+03   1.0017994e-03
   1.0351657e+03   9.9410953e-04
   1.0374722e+03   9.8647803e-04
   1.0397787e+03   9.7890451e-04
   1.0420852e+03   9.7138857e-04
   1.0443917e+03   9.6392983e-04
   1.0466982e+03   9.5652791e-04
   1.0490047e+03   9.4918241e-04
   1.0513112e+03   9.4189295e-04
   1.0536177e+03   9.3465913e-04
   1.0559242e+03   9.2748056e-04
   1.0582307e+03   9.2035686e-04
   1.0605372e+03   9.1328762e-04
   1.0628437e+03   9.0627245e-04
   1.0651503e+03   8.9931097e-04
   1.0674568e+03   8.9240278e-04
   1.0697633e+03   8.8554750e-04
   1.0720698e+03   8.7874473e-04
   1.0743763e+03   8.7199409e-04
   1.0766828e+03   8.6529519e-04
   1.0789893e+03   8.5864764e-04
   1.0812958e+03   8.5205108e-04
   1.0836023e+03   8.4550510e-04
   1.0859088e+03   8.3900934e-04
   1.0882153e+03   8.3256341e-04
   1.0905218e+03   8.2616695e-04
   1.0928283e+03   8.1981957e-04
   1.0951348e+03   8.1352092e-04
   1.0974413e+03   8.0727061e-04
   1.0997478e+03   8.0106829e-04
   1.1020544e+03   7.9491358e-04
   1.1043609e+03   7.8880613e-04
   1.1066674e+03   7.8274558e-04
   1.1089739e+03   7.7673157e-04
   1.1112804e+03   7.7076374e-04
   1.1135869e+03   7.6484175e-04
   1.1158934e+03   7.5896524e-04
   1.1181999e+03   7.5313386e-04
   1.1205064e+03   7.4734728e-04
   1.1228129e+03   7.4160514e-04
   1.1251194e+03   7.3590712e-04
   1.1274259e+03   7.3025286e-04
   1.1297324e+03   7.2464204e-04
   1.1320389e+03   7.1907433e-04
   1.1343454e+03   7.1354938e-04
   1.1366520e+03   7.0806688e-04
   1.1389585e+03   7.0262650e-04
   1.1412650e+03   6.9722792e-04
   1.1435715e+03   6.9187081e-04
   1.1458780e+03   6.8655486e-04
   1.1481845e+03   6.8127975e-04
   1.1504910e+03   6.7604517e-04
   1.1527975e+03   6.7085081e-04
   1.1551040e+03   6.6569636e-04
   1.1574105e+03   6.6058151e-04
   1.1597170e+03   6.5550595e-04
   1.1620235e+03   6.5046940e-04
   1.1643300e+03   6.4547154e-04
   1.1666365e+03   6.4051208e-04
   1.1689430e+03   6.3559072e-04
   1.1712495e+03   6.3070718e-04
   1.1735561e+03   6.2586116e-04
   1.1758626e+03   6.2105237e-04
   1.1781691e+03   6.1628053e-04
   1.1804756e+03   6.1154535e-04
   1.1827821e+03   6.0684656e-04
   1.1850886e+03   6.0218387e-04
   1.1873951e+03   5.9755700e-04
   1.1897016e+03   5.9296569e-04
   1.1920081e+03   5.8840965e-04
   1.1943146e+03   5.8388862e-04
   1.1966211e+03   5.7940232e-04
   1.1989276e+03   5.7495050e-04
   1.2012341e+03   5.7053288e-04
   1.2035406e+03   5.6614920e-04
   1.2058471e+03   5.6179921e-04
   1.2081537e+03   5.5748263e-04
   1.2104602e+03   5.5319923e-04
   1.2127667e+03   5.4894873e-04
   1.2150732e+03   5.4473090e-04
   1.2173797e+03   5.4054547e-04
   1.2196862e+03   5.3639220e-04
   1.2219927e+03   5.3227084e-04
   1.2242992e+03   5.2818115e-04
   1.2266057e+03   5.2412288e-04
   1.2289122e+03   5.2009579e-04
   1.2312187e+03   5.1609965e-04
   1.2335252e+03   5.1213421e-04
   1.2358317e+03   5.0819923e-04
   1.2381382e+03   5.0429450e-04
   1.2404447e+03   5.0041976e-04
   1.2427513e+03   4.9657479e-04
   1.2450578e+03   4.9275937e-04
   1.2473643e+03   4.8897327e-04
   1.2496708e+03   4.8521625e-04
   1.2519773e+03   4.8148810e-04
   1.2542838e+03   4.7778860e-04
   1.2565903e+03   4.7411752e-04
   1.2588968e+03   4.7047464e-04
   1.2612033e+03   4.6685976e-04
   1.2635098e+03   4.6327265e-04
   1.2658163e+03   4.5971311e-04
   1.2681228e+03   4.5618091e-04
   1.2704293e+03   4.5267586e-04
   1.2727358e+03   4.4919773e-04
   1.2750423e+03   4.4574633e-04
   1.2773488e+03   4.4232145e-04
   1.2796554e+03   4.3892288e-04
   1.2819619e+03   4.3555042e-04
   1.2842684e+03   4.3220388e-04
   1.2865749e+03   4.2888305e-04
   1.2888814e+03   4.2558774e-04
   1.2911879e+03   4.2231774e-04
   1.2934944e+03   4.1907287e-04
   1.2958009e+03   4.1585293e-04
   1.2981074e+03   4.1265774e-04
   1.3004139e+03   4.0948709e-04
   1.3027204e+03   4.0634080e-04
   1.3050269e+03   4.0321869e-04
   1.3073334e+03   4.0012057e-04
   1.3096399e+03   3.9704625e-04
   1.3119464e+03   3.9399555e-04
   1.3142530e+03   3.9096830e-04
   1.3165595e+03   3.8796430e-04
   1.3188660e+03   3.8498338e-04
   1.3211725e+03   3.8202537e-04
   1.3234790e+03   3.7909009e-04
   1.3257855e+03   3.7617736e-04
   1.3280920e+03   3.7328701e-04
   1.3303985e+03   3.7041886e-04
   1.3327050e+03   3.6757276e-04
   1.3350115e+03   3.6474852e-04
   1.3373180e+03   3.6194598e-04
   1.3396245e+03   3.5916498e-04
   1.3419310e+03   3.5640534e-04
   1.3442375e+03   3.5366691e-04
   1.3465440e+03   3.5094951e-04
   1.3488506e+03   3.4825300e-04
   1.3511571e+03   3.4557721e-04
   1.3534636e+03   3.4292197e-04
   1.3557701e+03   3.4028714e-04
   1.3580766e+03   3.3767255e-04
   1.3603831e+03   3.3507805e-04
   1.3626896e+03   3.3250348e-04
   1.3649961e+03   3.2994870e-04
   1.3673026e+03   3.2741354e-04
   1.3696091e+03   3.2489787e-04
   1.3719156e+03   3.2240152e-04
   1.3742221e+03   3.1992436e-04
   1.3765286e+03   3.1746623e-04
   1.3788351e+03   3.1502698e-04
   1.3811416e+03   3.1260648e-04
   1.3834481e+03   3.1020457e-04
   1.3857547e+03   3.0782112e-04
   1.3880612e+03   3.0545598e-04
   1.3903677e+03   3.0310902e-04
   1.3926742e+03   3.0078009e-04
   1.3949807e+03   2.9846905e-04
   1.3972872e+03   2.9617577e-04
   1.3995937e+03   2.9390011e-04
   1.4019002e+03   2.9164193e-04
   1.4042067e+03   2.8940111e-04
   1.4065132e+03   2.8717750e-04
   1.4088197e+03   2.8497098e-04
   1.4111262e+03   2.8278141e-04
   1.4134327e+03   2.8060866e-04
   1.4157392e+03   2.7845261e-04
   1.4180457e+03   2.7631313e-04
   1.4203523e+03   2.7419008e-04
   1.4226588e+03   2.7208335e-04
   1.4249653e+03   2.6999280e-04
   1.4272718e+03   2.6791832e-04
   1.4295783e+03   2.6585977e-04
   1.4318848e+03   2.6381704e-04
   1.4341913e+03   2.6179001e-04
   1.4364978e+03   2.5977855e-04
   1.4388043e+03   2.5778255e-04
   1.4411108e+03   2.5580188e-04
   1.4434173e+03   2.5383643e-04
   1.4457238e+03   2.5188609e-04
   1.4480303e+03   2.4995072e-04
   1.4503368e+03   2.4803023e-04
   1.4526433e+03   2.4612450e-04
   1.4549498e+03   2.4423341e-04
   1.4572564e+03   2.4235684e-04
   1.4595629e+03   2.4049470e-04
   1.4618694e+03   2.3864686e-04
   1.4641759e+03   2.3681322e-04
   1.4664824e+03   2.3499367e-04
   1.4687889e+03   2.3318811e-04
   1.4710954e+03   2.3139641e-04
   1.4734019e+03   2.2961848e-04
   1.4757084e+03   2.2785421e-04
   1.4780149e+03   2.2610350e-04
   1.4803214e+03   2.2436624e-04
   1.4826279e+03   2.2264232e-04
   1.4849344e+03   2.2093166e-04
   1.4872409e+03   2.1923413e-04
   1.4895474e+03   2.1754965e-04
   1.4918540e+03   2.1587811e-04
   1.4941605e+03   2.1421942e-04
   1.4964670e+03   2.1257347e-04
   1.4987735e+03   2.1094016e-04
   1.5010800e+03   2.0931941e-04
   1.5033865e+03   2.0771111e-04
   1.5056930e+03   2.0611516e-04
   1.5079995e+03   2.0453148e-04
   1.5103060e+03   2.0295997e-04
   1.5126125e+03   2.0140053e-04
   1.5149190e+03   1.9985307e-04
   1.5172255e+03   1.9831750e-04
   1.5195320e+03   1.9679374e-04
   1.5218385e+03   1.9528168e-04
   1.5241450e+03   1.9378123e-04
   1.5264516e+03   1.9229232e-04
   1.5287581e+03   1.9081484e-04
   1.5310646e+03   1.8934872e-04
   1.5333711e+03   1.8789387e-04
   1.5356776e+03   1.8645019e-04
   1.5379841e+03   1.8501760e-04
   1.5402906e+03   1.8359602e-04
   1.5425971e+03   1.8218537e-04
   1.5449036e+03   1.8078555e-04
   1.5472101e+03   1.7939649e-04
   1.5495166e+03   1.7801810e-04
   1.5518231e+03   1.7665030e-04
   1.5541296e+03   1.7529301e-04
   1.5564361e+03   1.7394615e-04
   1.5587426e+03   1.7260964e-04
   1.5610491e+03   1.7128339e-04
   1.5633557e+03   1.6996734e-04
   1.5656622e+03   1.6866140e-04
   1.5679687e+03   1.6736549e-04
   1.5702752e+03   1.6607955e-04
   1.5725817e+03   1.6480348e-04
   1.5748882e+03   1.6353721e-04
   1.5771947e+03   1.6228068e-04
   1.5795012e+03   1.6103380e-04
   1.5818077e+03   1.5979650e-04
   1.5841142e+03   1.5856870e-04
   1.5864207e+03   1.5735035e-04
   1.5887272e+03   1.5614135e-04
   1.5910337e+03   1.5494164e-04
   1.5933402e+03   1.5375115e-04
   1.5956467e+03   1.5256980e-04
   1.5979533e+03   1.5139754e-04
   1.6002598e+03   1.5023428e-04
   1.6025663e+03   1.4907995e-04
   1.6048728e+03   1.4793450e-04
   1.6071793e+03   1.4679785e-04
   1.6094858e+03   1.4566993e-04
   1.6117923e+03   1.4455068e-04
   1.6140988e+03   1.4344003e-04
   1.6164053e+03   1.4233791e-04
   1.6187118e+03   1.4124426e-04
   1.6210183e+03   1.4015901e-04
   1.6233248e+03   1.3908210e-04
   1.6256313e+03   1.3801347e-04
   1.6279378e+03   1.3695304e-04
   1.6302443e+03   1.3590077e-04
   1.6325509e+03   1.3485658e-04
   1.6348574e+03   1.3382041e-04
   1.6371639e+03   1.3279220e-04
   1.6394704e+03   1.3177190e-04
   1.6417769e+03   1.3075943e-04
   1.6440834e+03   1.2975474e-04
   1.6463899e+03   1.2875777e-04
   1.6486964e+03   1.2776847e-04
   1.6510029e+03   1.2678676e-04
   1.6533094e+03   1.2581260e-04
   1.6556159e+03   1.2484592e-04
   1.6579224e+03   1.2388667e-04
   1.6602289e+03   1.2293479e-04
   1.6625354e+03   1.2199022e-04
   1.6648419e+03   1.2105291e-04
   1.6671484e+03   1.2012280e-04
   1.6694550e+03   1.1919984e-04
   1.6717615e+03   1.1828397e-04
   1.6740680e+03   1.1737514e-04
   1.6763745e+03   1.1647329e-04
   1.6786810e+03   1.1557837e-04
   1.6809875e+03   1.1469033e-04
   1.6832940e+03   1.1380911e-04
   1.6856005e+03   1.1293466e-04
   1.6879070e+03   1.1206692e-04
   1.6902135e+03   1.1120586e-04
   1.6925200e+03   1.1035141e-04
   1.6948265e+03   1.0950353e-04
   1.6971330e+03   1.0866216e-04
   1.6994395e+03   1.0782726e-04
   1.7017460e+03   1.0699877e-04
   1.7040526e+03   1.0617665e-04
   1.7063591e+03   1.0536084e-04
   1.7086656e+03   1.0455130e-04
   1.7109721e+03   1.0374798e-04
   1.7132786e+03   1.0295084e-04
   1.7155851e+03   1.0215982e-04
   1.7178916e+03   1.0137488e-04
   1.7201981e+03   1.0059596e-04
   1.7225046e+03   9.9823037e-05
   1.7248111e+03   9.9056049e-05
   1.7271176e+03   9.8294953e-05
   1.7294241e+03   9.7539706e-05
   1.7317306e+03   9.6790262e-05
   1.7340371e+03   9.6046576e-05
   1.7363436e+03   9.5308604e-05
   1.7386502e+03   9.4576302e-05
   1.7409567e+03   9.3849627e-05
   1.7432632e+03   9.3128535e-05
   1.7455697e+03   9.2412984e-05
   1.7478762e+03   9.1702931e-05
   1.7501827e+03   9.0998333e-05
   1.7524892e+03   9.0299149e-05
   1.7547957e+03   8.9605338e-05
   1.7571022e+03   8.8916857e-05
   1.7594087e+03   8.8233666e-05
   1.7617152e+03   8.7555724e-05
   1.7640217e+03   8.6882992e-05
   1.7663282e+03   8.6215428e-05
   1.7686347e+03   8.5552994e-05
   1.7709412e+03   8.4895649e-05
   1.7732477e+03   8.4243355e-05
   1.7755543e+03   8.3596073e-05
   1.7778608e+03   8.2953764e-05
   1.7801673e+03   8.2316391e-05
   1.7824738e+03   8.1683914e-05
   1.7847803e+03   8.1056298e-05
   1.7870868e+03   8.0433503e-05
   1.7893933e+03   7.9815494e-05
   1.7916998e+03   7.9202233e-05
   1.7940063e+03   7.8593685e-05
   1.7963128e+03   7.7989812e-05
   1.7986193e+03   7.7390578e-05
   1.8009258e+03   7.6795949e-05
   1.8032323e+03   7.6205889e-05
   1.8055388e+03   7.5620363e-05
   1.8078453e+03   7.5039335e-05
   1.8101519e+03   7.4462772e-05
   1.8124584e+03   7.3890639e-05
   1.8147649e+03   7.3322902e-05
   1.8170714e+03   7.2759527e-05
   1.8193779e+03   7.2200480e-05
   1.8216844e+03   7.1645730e-05
   1.8239909e+03   7.1095241e-05
   1.8262974e+03   7.0548982e-05
   1.8286039e+03   7.0006921e-05
   1.8309104e+03   6.9469024e-05
   1.8332169e+03   6.8935260e-05
   1.8355234e+03   6.8405597e-05
   1.8378299e+03   6.7880004e-05
   1.8401364e+03   6.7358450e-05
   1.8424429e+03   6.6840902e-05
   1.8447494e+03   6.6327332e-05
   1.8470560e+03   6.5817707e-05
   1.8493625e+03   6.5311998e-05
   1.8516690e+03   6.4810175e-05
   1.8539755e+03   6.4312207e-05
   1.8562820e+03   6.3818065e-05
   1.8585885e+03   6.3327721e-05
   1.8608950e+03   6.2841143e-05
   1.8632015e+03   6.2358305e-05
   1.8655080e+03   6.1879176e-05
   1.8678145e+03   6.1403728e-05
   1.8701210e+03   6.0931934e-05
   1.8724275e+03   6.0463765e-05
   1.8747340e+03   5.9999193e-05
   1.8770405e+03   5.9538190e-05
   1.8793470e+03   5.9080730e-05
   1.8816536e+03   5.8626784e-05
   1.8839601e+03   5.8176326e-05
   1.8862666e+03   5.7729330e-05
   1.8885731e+03   5.7285768e-05
   1.8908796e+03   5.6845614e-05
   1.8931861e+03   5.6408842e-05
   1.8954926e+03   5.5975425e-05
   1.8977991e+03   5.5545339e-05
   1.9001056e+03   5.5118558e-05
   1.9024121e+03   5.4695056e-05
   1.9047186e+03   5.4274807e-05
   1.9070251e+03   5.3857788e-05
   1.9093316e+03   5.3443973e-05
   1.9116381e+03   5.3033337e-05
   1.9139446e+03   5.2625856e-05
   1.9162512e+03   5.2221507e-05
   1.9185577e+03   5.1820264e-05
   1.9208642e+03   5.1422104e-05
   1.9231707e+03   5.1027003e-05
   1.9254772e+03   5.0634938e-05
   1.9277837e+03   5.0245886e-05
   1.9300902e+03   4.9859822e-05
   1.9323967e+03   4.9476726e-05
   1.9347032e+03   4.9096572e-05
   1.9370097e+03   4.8719340e-05
   1.9393162e+03   4.8345006e-05
   1.9416227e+03   4.7973548e-05
   1.9439292e+03   4.7604944e-05
   1.9462357e+03   4.7239172e-05
   1.9485422e+03   4.6876211e-05
   1.9508487e+03   4.6516039e-05
   1.9531553e+03   4.6158634e-05
   1.9554618e+03   4.5803975e-05
   1.9577683e+03   4.5452041e-05
   1.9600748e+03   4.5102811e-05
   1.9623813e+03   4.4756264e-05
   1.9646878e+03   4.4412381e-05
   1.9669943e+03   4.4071139e-05
   1.9693008e+03   4.3732519e-05
   1.9716073e+03   4.3396501e-05
   1.9739138e+03   4.3063065e-05
   1.9762203e+03   4.2732191e-05
   1.9785268e+03   4.2403859e-05
   1.9808333e+03   4.2078050e-05
   1.9831398e+03   4.1754744e-05
   1.9854463e+03   4.1433922e-05
   1.9877529e+03   4.1115566e-05
   1.9900594e+03   4.0799655e-05
   1.9923659e+03   4.0486172e-05
   1.9946724e+03   4.0175097e-05
   1.9969789e+03   3.9866412e-05
   1.9992854e+03   3.9560100e-05
   2.0015919e+03   3.9256140e-05
   2.0038984e+03   3.8954517e-05
   2.0062049e+03   3.8655210e-05
   2.0085114e+03   3.8358204e-05
   2.0108179e+03   3.8063479e-05
   2.0131244e+03   3.7771020e-05
   2.0154309e+03   3.7480807e-05
   2.0177374e+03   3.7192824e-05
   2.0200439e+03   3.6907053e-05
   2.0223505e+03   3.6623479e-05
   2.0246570e+03   3.6342083e-05
   2.0269635e+03   3.6062849e-05
   2.0292700e+03   3.5785761e-05
   2.0315765e+03   3.5510802e-05
   2.0338830e+03   3.5237955e-05
   2.0361895e+03   3.4967205e-05
   2.0384960e+03   3.4698536e-05
   2.0408025e+03   3.4431930e-05
   2.0431090e+03   3.4167373e-05
   2.0454155e+03   3.3904849e-05
   2.0477220e+03   3.3644341e-05
   2.0500285e+03   3.3385836e-05
   2.0523350e+03   3.3129316e-05
   2.0546415e+03   3.2874768e-05
   2.0569480e+03   3.2622175e-05
   2.0592546e+03   3.2371524e-05
   2.0615611e+03   3.2122798e-05
   2.0638676e+03   3.1875983e-05
   2.0661741e+03   3.1631064e-05
   2.0684806e+03   3.1388028e-05
   2.0707871e+03   3.1146858e-05
   2.0730936e+03   3.0907542e-05
   2.0754001e+03   3.0670065e-05
   2.0777066e+03   3.0434412e-05
   2.0800131e+03   3.0200570e-05
   2.0823196e+03   2.9968524e-05
   2.0846261e+03   2.9738262e-05
   2.0869326e+03   2.9509768e-05
   2.0892391e+03   2.9283031e-05
   2.0915456e+03   2.9058035e-05
   2.0938522e+03   2.8834768e-05
   2.0961587e+03   2.8613217e-05
   2.0984652e+03   2.8393368e-05
   2.1007717e+03   2.8175208e-05
   2.1030782e+03   2.7958724e-05
   2.1053847e+03   2.7743904e-05
   2.1076912e+03   2.7530734e-05
   2.1099977e+03   2.7319203e-05
   2.1123042e+03   2.7109296e-05
   2.1146107e+03   2.6901002e-05
   2.1169172e+03   2.6694309e-05
   2.1192237e+03   2.6489204e-05
   2.1215302e+03   2.6285675e-05
   2.1238367e+03   2.6083709e-05
   2.1261432e+03   2.5883295e-05
   2.1284497e+03   2.5684422e-05
   2.1307563e+03   2.5487076e-05
   2.1330628e+03   2.5291246e-05
   2.1353693e+03   2.5096922e-05
   2.1376758e+03   2.4904090e-05
   2.1399823e+03   2.4712740e-05
   2.1422888e+03   2.4522860e-05
   2.1445953e+03   2.4334439e-05
   2.1469018e+03   2.4147466e-05
   2.1492083e+03   2.3961929e-05
   2.1515148e+03   2.3777818e-05
   2.1538213e+03   2.3595122e-05
   2.1561278e+03   2.3413829e-05
   2.1584343e+03   2.3233930e-05
   2.1607408e+03   2.3055412e-05
   2.1630473e+03   2.2878267e-05
   2.1653539e+03   2.2702482e-05
   2.1676604e+03   2.2528048e-05
   2.1699669e+03   2.2354954e-05
   2.1722734e+03   2.2183190e-05
   2.1745799e+03   2.2012746e-05
   2.1768864e+03   2.1843612e-05
   2.1791929e+03   2.1675777e-05
   2.1814994e+03   2.1509231e-05
   2.1838059e+03   2.1343966e-05
   2.1861124e+03   2.1179970e-05
   2.1884189e+03   2.1017234e-05
   2.1907254e+03   2.0855748e-05
   2.1930319e+03   2.0695504e-05
   2.1953384e+03   2.0536490e-05
   2.1976449e+03   2.0378698e-05
   2.1999515e+03   2.0222119e-05
   2.2022580e+03   2.0066743e-05
   2.2045645e+03   1.9912560e-05
   2.2068710e+03   1.9759563e-05
   2.2091775e+03   1.9607740e-05
   2.2114840e+03   1.9457085e-05
   2.2137905e+03   1.9307587e-05
   2.2160970e+03   1.9159237e-05
   2.2184035e+03   1.9012028e-05
   2.2207100e+03   1.8865949e-05
   2.2230165e+03   1.8720993e-05
   2.2253230e+03   1.8577151e-05
   2.2276295e+03   1.8434413e-05
   2.2299360e+03   1.8292773e-05
   2.2322425e+03   1.8152221e-05
   2.2345490e+03   1.8012749e-05
   2.2368556e+03   1.7874348e-05
   2.2391621e+03   1.7737011e-05
   2.2414686e+03   1.7600729e-05
   2.2437751e+03   1.7465494e-05
   2.2460816e+03   1.7331298e-05
   2.2483881e+03   1.7198134e-05
   2.2506946e+03   1.7065992e-05
   2.2530011e+03   1.6934866e-05
   2.2553076e+03   1.6804747e-05
   2.2576141e+03   1.6675628e-05
   2.2599206e+03   1.6547501e-05
   2.2622271e+03   1.6420359e-05
   2.2645336e+03   1.6294193e-05
   2.2668401e+03   1.6168997e-05
   2.2691466e+03   1.6044763e-05
   2.2714532e+03   1.5921484e-05
   2.2737597e+03   1.5799151e-05
   2.2760662e+03   1.5677759e-05
   2.2783727e+03   1.5557299e-05
   2.2806792e+03   1.5437765e-05
   2.2829857e+03   1.5319149e-05
   2.2852922e+03   1.5201445e-05
   2.2875987e+03   1.5084645e-05
   2.2899052e+03   1.4968742e-05
   2.2922117e+03   1.4853730e-05
   2.2945182e+03   1.4739602e-05
   2.2968247e+03   1.4626350e-05
   2.2991312e+03   1.4513969e-05
   2.3014377e+03   1.4402451e-05
   2.3037442e+03   1.4291790e-05
   2.3060508e+03   1.4181980e-05
   2.3083573e+03   1.4073013e-05
   2.3106638e+03   1.3964883e-05
   2.3129703e+03   1.3857584e-05
   2.3152768e+03   1.3751110e-05
   2.3175833e+03   1.3645453e-05
   2.3198898e+03   1.3540609e-05
   2.3221963e+03   1.3436570e-05
   2.3245028e+03   1.3333330e-05
   2.3268093e+03   1.3230884e-05
   2.3291158e+03   1.3129225e-05
   2.3314223e+03   1.3028346e-05
   2.3337288e+03   1.2928243e-05
   2.3360353e+03   1.2828909e-05
   2.3383418e+03   1.2730339e-05
   2.3406483e+03   1.2632526e-05
   2.3429549e+03   1.2535464e-05
   2.3452614e+03   1.2439148e-05
   2.3475679e+03   1.2343572e-05
   2.3498744e+03   1.2248730e-05
   2.3521809e+03   1.2154617e-05
   2.3544874e+03   1.2061228e-05
   2.3567939e+03   1.1968555e-05
   2.3591004e+03   1.1876595e-05
   2.3614069e+03   1.1785342e-05
   2.3637134e+03   1.1694789e-05
   2.3660199e+03   1.1604933e-05
   2.3683264e+03   1.1515766e-05
   2.3706329e+03   1.1427285e-05
   2.3729394e+03   1.1339484e-05
   2.3752459e+03   1.1252357e-05
   2.3775525e+03   1.1165900e-05
   2.3798590e+03   1.1080107e-05
   2.3821655e+03   1.0994973e-05
   2.3844720e+03   1.0910494e-05
   2.3867785e+03   1.0826663e-05
   2.3890850e+03   1.0743477e-05
   2.3913915e+03   1.0660929e-05
   2.3936980e+03   1.0579016e-05
   2.3960045e+03   1.0497733e-05
   2.3983110e+03   1.0417073e-05
   2.4006175e+03   1.0337034e-05
   2.4029240e+03   1.0257610e-05
   2.4052305e+03   1.0178796e-05
   2.4075370e+03   1.0100587e-05
   2.4098435e+03   1.0022979e-05
   2.4121501e+03   9.9459680e-06
   2.4144566e+03   9.8695483e-06
   2.4167631e+03   9.7937158e-06
   2.4190696e+03   9.7184660e-06
   2.4213761e+03   9.6437944e-06
   2.4236826e+03   9.5696965e-06
   2.4259891e+03   9.4961679e-06
   2.4282956e+03   9.4232043e-06
   2.4306021e+03   9.3508013e-06
   2.4329086e+03   9.2789546e-06
   2.4352151e+03   9.2076600e-06
   2.4375216e+03   9.1369131e-06
   2.4398281e+03   9.0667098e-06
   2.4421346e+03   8.9970459e-06
   2.4444411e+03   8.9279173e-06
   2.4467476e+03   8.8593198e-06
   2.4490542e+03   8.7912494e-06
   2.4513607e+03   8.7237020e-06
   2.4536672e+03   8.6566737e-06
   2.4559737e+03   8.5901603e-06
   2.4582802e+03   8.5241580e-06
   2.4605867e+03   8.4586628e-06
   2.4628932e+03   8.3936708e-06
   2.4651997e+03   8.3291782e-06
   2.4675062e+03   8.2651811e-06
   2.4698127e+03   8.2016758e-06
   2.4721192e+03   8.1386584e-06
   2.4744257e+03   8.0761252e-06
   2.4767322e+03   8.0140724e-06
   2.4790387e+03   7.9524964e-06
   2.4813452e+03   7.8913936e-06
   2.4836518e+03   7.8307602e-06
   2.4859583e+03   7.7705928e-06
   2.4882648e+03   7.7108876e-06
   2.4905713e+03   7.6516411e-06
   2.4928778e+03   7.5928499e-06
   2.4951843e+03   7.5345104e-06
   2.4974908e+03   7.4766191e-06
   2.4997973e+03   7.4191727e-06
   2.5021038e+03   7.3621676e-06
   2.5044103e+03   7.3056005e-06
   2.5067168e+03   7.2494681e-06
   2.5090233e+03   7.1937670e-06
   2.5113298e+03   7.1384938e-06
   2.5136363e+03   7.0836453e-06
   2.5159428e+03   7.0292183e-06
   2.5182493e+03   6.9752094e-06
   2.5205559e+03   6.9216156e-06
   2.5228624e+03   6.8684335e-06
   2.5251689e+03   6.8156600e-06
   2.5274754e+03   6.7632920e-06
   2.5297819e+03   6.7113264e-06
   2.5320884e+03   6.6597601e-06
   2.5343949e+03   6.6085899e-06
   2.5367014e+03   6.5578130e-06
   2.5390079e+03   6.5074261e-06
   2.5413144e+03   6.4574265e-06
   2.5436209e+03   6.4078110e-06
   2.5459274e+03   6.3585767e-06
   2.5482339e+03   6.3097207e-06
   2.5505404e+03   6.2612401e-06
   2.5528469e+03   6.2131320e-06
   2.5551535e+03   6.1653935e-06
   2.5574600e+03   6.1180218e-06
   2.5597665e+03   6.0710141e-06
   2.5620730e+03   6.0243676e-06
   2.5643795e+03   5.9780795e-06
   2.5666860e+03   5.9321470e-06
   2.5689925e+03   5.8865675e-06
   2.5712990e+03   5.8413382e-06
   2.5736055e+03   5.7964564e-06
   2.5759120e+03   5.7519194e-06
   2.5782185e+03   5.7077247e-06
   2.5805250e+03   5.6638695e-06
   2.5828315e+03   5.6203513e-06
   2.5851380e+03   5.5771674e-06
   2.5874445e+03   5.5343154e-06
   2.5897511e+03   5.4917926e-06
   2.5920576e+03   5.4495965e-06
   2.5943641e+03   5.4077246e-06
   2.5966706e+03   5.3661745e-06
   2.5989771e+03   5.3249436e-06
   2.6012836e+03   5.2840295e-06
   2.6035901e+03   5.2434297e-06
   2.6058966e+03   5.2031420e-06
   2.6082031e+03   5.1631637e-06
   2.6105096e+03   5.1234927e-06
   2.6128161e+03   5.0841264e-06
   2.6151226e+03   5.0450626e-06
   2.6174291e+03   5.0062990e-06
   2.6197356e+03   4.9678332e-06
   2.6220421e+03   4.9296630e-06
   2.6243486e+03   4.8917860e-06
   2.6266552e+03   4.8542001e-06
   2.6289617e+03   4.8169029e-06
   2.6312682e+03   4.7798923e-06
   2.6335747e+03   4.7431661e-06
   2.6358812e+03   4.7067221e-06
   2.6381877e+03   4.6705581e-06
   2.6404942e+03   4.6346720e-06
   2.6428007e+03   4.5990616e-06
   2.6451072e+03   4.5637248e-06
   2.6474137e+03   4.5286595e-06
   2.6497202e+03   4.4938636e-06
   2.6520267e+03   4.4593351e-06
   2.6543332e+03   4.4250719e-06
   2.6566397e+03   4.3910719e-06
   2.6589462e+03   4.3573332e-06
   2.6612528e+03   4.3238537e-06
   2.6635593e+03   4.2906315e-06
   2.6658658e+03   4.2576645e-06
   2.6681723e+03   4.2249508e-06
   2.6704788e+03   4.1924885e-06
   2.6727853e+03   4.1602756e-06
   2.6750918e+03   4.1283102e-06
   2.6773983e+03   4.0965904e-06
   2.6797048e+03   4.0651144e-06
   2.6820113e+03   4.0338801e-06
   2.6843178e+03   4.0028859e-06
   2.6866243e+03   3.9721298e-06
   2.6889308e+03   3.9416100e-06
   2.6912373e+03   3.9113248e-06
   2.6935438e+03   3.8812722e-06
   2.6958504e+03   3.8514505e-06
   2.6981569e+03   3.8218580e-06
   2.7004634e+03   3.7924928e-06
   2.7027699e+03   3.7633532e-06
   2.7050764e+03   3.7344376e-06
   2.7073829e+03   3.7057441e-06
   2.7096894e+03   3.6772711e-06
   2.7119959e+03   3.6490169e-06
   2.7143024e+03   3.6209797e-06
   2.7166089e+03   3.5931580e-06
   2.7189154e+03   3.5655500e-06
   2.7212219e+03   3.5381542e-06
   2.7235284e+03   3.5109689e-06
   2.7258349e+03   3.4839924e-06
   2.7281414e+03   3.4572232e-06
   2.7304479e+03   3.4306597e-06
   2.7327545e+03   3.4043003e-06
   2.7350610e+03   3.3781435e-06
   2.7373675e+03   3.3521876e-06
   2.7396740e+03   3.3264311e-06
   2.7419805e+03   3.3008725e-06
   2.7442870e+03   3.2755103e-06
   2.7465935e+03   3.2503430e-06
   2.7489000e+03   3.2253691e-06
