   5.1440000e+02   6.6930216e-06
   5.1572242e+02   7.1497618e-06
   5.1704484e+02   7.6347933e-06
   5.1836727e+02   8.1496592e-06
   5.1968969e+02   8.6959723e-06
   5.2101211e+02   9.2754175e-06
   5.2233453e+02   9.8897541e-06
   5.2365696e+02   1.0540818e-05
   5.2497938e+02   1.1230524e-05
   5.2630180e+02   1.1960867e-05
   5.2762422e+02   1.2733928e-05
   5.2894665e+02   1.3551871e-05
   5.3026907e+02   1.4416949e-05
   5.3159149e+02   1.5331505e-05
   5.3291391e+02   1.6297975e-05
   5.3423634e+02   1.7318888e-05
   5.3555876e+02   1.8396872e-05
   5.3688118e+02   1.9534652e-05
   5.3820360e+02   2.0735054e-05
   5.3952603e+02   2.2001008e-05
   5.4084845e+02   2.3335547e-05
   5.4217087e+02   2.4741812e-05
   5.4349329e+02   2.6223052e-05
   5.4481572e+02   2.7782625e-05
   5.4613814e+02   2.9424002e-05
   5.4746056e+02   3.1150766e-05
   5.4878298e+02   3.2966614e-05
   5.5010541e+02   3.4875361e-05
   5.5142783e+02   3.6880935e-05
   5.5275025e+02   3.8987384e-05
   5.5407267e+02   4.1198874e-05
   5.5539510e+02   4.3519690e-05
   5.5671752e+02   4.5954235e-05
   5.5803994e+02   4.8507034e-05
   5.5936236e+02   5.1182728e-05
   5.6068478e+02   5.3986082e-05
   5.6200721e+02   5.6921976e-05
   5.6332963e+02   5.9995411e-05
   5.6465205e+02   6.3211505e-05
   5.6597447e+02   6.6575492e-05
   5.6729690e+02   7.0092722e-05
   5.6861932e+02   7.3768657e-05
   5.6994174e+02   7.7608872e-05
   5.7126416e+02   8.1619052e-05
   5.7258659e+02   8.5804987e-05
   5.7390901e+02   9.0172572e-05
   5.7523143e+02   9.4727805e-05
   5.7655385e+02   9.9476778e-05
   5.7787628e+02   1.0442568e-04
   5.7919870e+02   1.0958079e-04
   5.8052112e+02   1.1494847e-04
   5.8184354e+02   1.2053516e-04
   5.8316597e+02   1.2634738e-04
   5.8448839e+02   1.3239173e-04
   5.8581081e+02   1.3867485e-04
   5.8713323e+02   1.4520345e-04
   5.8845566e+02   1.5198431e-04
   5.8977808e+02   1.5902422e-04
   5.9110050e+02   1.6633004e-04
   5.9242292e+02   1.7390863e-04
   5.9374535e+02   1.8176689e-04
   5.9506777e+02   1.8991174e-04
   5.9639019e+02   1.9835007e-04
   5.9771261e+02   2.0708881e-04
   5.9903504e+02   2.1613484e-04
   6.0035746e+02   2.2549503e-04
   6.0167988e+02   2.3517623e-04
   6.0300230e+02   2.4518521e-04
   6.0432472e+02   2.5552872e-04
   6.0564715e+02   2.6621343e-04
   6.0696957e+02   2.7724592e-04
   6.0829199e+02   2.8863269e-04
   6.0961441e+02   3.0038015e-04
   6.1093684e+02   3.1249458e-04
   6.1225926e+02   3.2498214e-04
   6.1358168e+02   3.3784884e-04
   6.1490410e+02   3.5110056e-04
   6.1622653e+02   3.6474300e-04
   6.1754895e+02   3.7878167e-04
   6.1887137e+02   3.9322192e-04
   6.2019379e+02   4.0806887e-04
   6.2151622e+02   4.2332743e-04
   6.2283864e+02   4.3900228e-04
   6.2416106e+02   4.5509785e-04
   6.2548348e+02   4.7161831e-04
   6.2680591e+02   4.8856755e-04
   6.2812833e+02   5.0594919e-04
   6.2945075e+02   5.2376655e-04
   6.3077317e+02   5.4202261e-04
   6.3209560e+02   5.6072006e-04
   6.3341802e+02   5.7986122e-04
   6.3474044e+02   5.9944807e-04
   6.3606286e+02   6.1948222e-04
   6.3738529e+02   6.3996492e-04
   6.3870771e+02   6.6089700e-04
   6.4003013e+02   6.8227891e-04
   6.4135255e+02   7.0411068e-04
   6.4267497e+02   7.2639193e-04
   6.4399740e+02   7.4912182e-04
   6.4531982e+02   7.7229908e-04
   6.4664224e+02   7.9592200e-04
   6.4796466e+02   8.1998838e-04
   6.4928709e+02   8.4449556e-04
   6.5060951e+02   8.6944042e-04
   6.5193193e+02   8.9481933e-04
   6.5325435e+02   9.2062817e-04
   6.5457678e+02   9.4686233e-04
   6.5589920e+02   9.7351669e-04
   6.5722162e+02   1.0005856e-03
   6.5854404e+02   1.0280630e-03
   6.5986647e+02   1.0559422e-03
   6.6118889e+02   1.0842160e-03
   6.6251131e+02   1.1128767e-03
   6.6383373e+02   1.1419162e-03
   6.6515616e+02   1.1713257e-03
   6.6647858e+02   1.2010960e-03
   6.6780100e+02   1.2312173e-03
   6.6912342e+02   1.2616793e-03
   6.7044585e+02   1.2924714e-03
   6.7176827e+02   1.3235822e-03
   6.7309069e+02   1.3550000e-03
   6.7441311e+02   1.3867125e-03
   6.7573554e+02   1.4187070e-03
   6.7705796e+02   1.4509703e-03
   6.7838038e+02   1.4834886e-03
   6.7970280e+02   1.5162480e-03
   6.8102523e+02   1.5492338e-03
   6.8234765e+02   1.5824311e-03
   6.8367007e+02   1.6158244e-03
   6.8499249e+02   1.6493979e-03
   6.8631491e+02   1.6831355e-03
   6.8763734e+02   1.7170206e-03
   6.8895976e+02   1.7510362e-03
   6.9028218e+02   1.7851652e-03
   6.9160460e+02   1.8193900e-03
   6.9292703e+02   1.8536926e-03
   6.9424945e+02   1.8880550e-03
   6.9557187e+02   1.9224588e-03
   6.9689429e+02   1.9568852e-03
   6.9821672e+02   1.9913156e-03
   6.9953914e+02   2.0257307e-03
   7.0086156e+02   2.0601114e-03
   7.0218398e+02   2.0944382e-03
   7.0350641e+02   2.1286918e-03
   7.0482883e+02   2.1628525e-03
   7.0615125e+02   2.1969005e-03
   7.0747367e+02   2.2308163e-03
   7.0879610e+02   2.2645799e-03
   7.1011852e+02   2.2981717e-03
   7.1144094e+02   2.3315718e-03
   7.1276336e+02   2.3647606e-03
   7.1408579e+02   2.3977185e-03
   7.1540821e+02   2.4304258e-03
   7.1673063e+02   2.4628632e-03
   7.1805305e+02   2.4950115e-03
   7.1937548e+02   2.5268514e-03
   7.2069790e+02   2.5583641e-03
   7.2202032e+02   2.5895309e-03
   7.2334274e+02   2.6203334e-03
   7.2466517e+02   2.6507534e-03
   7.2598759e+02   2.6807729e-03
   7.2731001e+02   2.7103744e-03
   7.2863243e+02   2.7395406e-03
   7.2995485e+02   2.7682547e-03
   7.3127728e+02   2.7965002e-03
   7.3259970e+02   2.8242609e-03
   7.3392212e+02   2.8515210e-03
   7.3524454e+02   2.8782655e-03
   7.3656697e+02   2.9044794e-03
   7.3788939e+02   2.9301484e-03
   7.3921181e+02   2.9552586e-03
   7.4053423e+02   2.9797968e-03
   7.4185666e+02   3.0037500e-03
   7.4317908e+02   3.0271060e-03
   7.4450150e+02   3.0498531e-03
   7.4582392e+02   3.0719800e-03
   7.4714635e+02   3.0934761e-03
   7.4846877e+02   3.1143314e-03
   7.4979119e+02   3.1345365e-03
   7.5111361e+02   3.1540824e-03
   7.5243604e+02   3.1729609e-03
   7.5375846e+02   3.1911644e-03
   7.5508088e+02   3.2086859e-03
   7.5640330e+02   3.2255190e-03
   7.5772573e+02   3.2416578e-03
   7.5904815e+02   3.2570972e-03
   7.6037057e+02   3.2718328e-03
   7.6169299e+02   3.2858605e-03
   7.6301542e+02   3.2991771e-03
   7.6433784e+02   3.3117800e-03
   7.6566026e+02   3.3236671e-03
   7.6698268e+02   3.3348371e-03
   7.6830511e+02   3.3452890e-03
   7.6962753e+02   3.3550227e-03
   7.7094995e+02   3.3640386e-03
   7.7227237e+02   3.3723377e-03
   7.7359479e+02   3.3799215e-03
   7.7491722e+02   3.3867923e-03
   7.7623964e+02   3.3929527e-03
   7.7756206e+02   3.3984060e-03
   7.7888448e+02   3.4031559e-03
   7.8020691e+02   3.4072069e-03
   7.8152933e+02   3.4105638e-03
   7.8285175e+02   3.4132320e-03
   7.8417417e+02   3.4152172e-03
   7.8549660e+02   3.4165259e-03
   7.8681902e+02   3.4171648e-03
   7.8814144e+02   3.4171411e-03
   7.8946386e+02   3.4164625e-03
   7.9078629e+02   3.4151371e-03
   7.9210871e+02   3.4131734e-03
   7.9343113e+02   3.4105802e-03
   7.9475355e+02   3.4073666e-03
   7.9607598e+02   3.4035424e-03
   7.9739840e+02   3.3991172e-03
   7.9872082e+02   3.3941014e-03
   8.0004324e+02   3.3885055e-03
   8.0136567e+02   3.3823401e-03
   8.0268809e+02   3.3756163e-03
   8.0401051e+02   3.3683453e-03
   8.0533293e+02   3.3605386e-03
   8.0665536e+02   3.3522079e-03
   8.0797778e+02   3.3433650e-03
   8.0930020e+02   3.3340219e-03
   8.1062262e+02   3.3241908e-03
   8.1194505e+02   3.3138840e-03
   8.1326747e+02   3.3031140e-03
   8.1458989e+02   3.2918931e-03
   8.1591231e+02   3.2802340e-03
   8.1723473e+02   3.2681493e-03
   8.1855716e+02   3.2556518e-03
   8.1987958e+02   3.2427542e-03
   8.2120200e+02   3.2294691e-03
   8.2252442e+02   3.2158094e-03
   8.2384685e+02   3.2017878e-03
   8.2516927e+02   3.1874169e-03
   8.2649169e+02   3.1727095e-03
   8.2781411e+02   3.1576781e-03
   8.2913654e+02   3.1423354e-03
   8.3045896e+02   3.1266937e-03
   8.3178138e+02   3.1107655e-03
   8.3310380e+02   3.0945629e-03
   8.3442623e+02   3.0780983e-03
   8.3574865e+02   3.0613835e-03
   8.3707107e+02   3.0444305e-03
   8.3839349e+02   3.0272511e-03
   8.3971592e+02   3.0098569e-03
   8.4103834e+02   2.9922593e-03
   8.4236076e+02   2.9744696e-03
   8.4368318e+02   2.9564989e-03
   8.4500561e+02   2.9383582e-03
   8.4632803e+02   2.9200581e-03
   8.4765045e+02   2.9016093e-03
   8.4897287e+02   2.8830220e-03
   8.5029530e+02   2.8643064e-03
   8.5161772e+02   2.8454725e-03
   8.5294014e+02   2.8265300e-03
   8.5426256e+02   2.8074883e-03
   8.5558498e+02   2.7883569e-03
   8.5690741e+02   2.7691446e-03
   8.5822983e+02   2.7498605e-03
   8.5955225e+02   2.7305131e-03
   8.6087467e+02   2.7111108e-03
   8.6219710e+02   2.6916618e-03
   8.6351952e+02   2.6721741e-03
   8.6484194e+02   2.6526553e-03
   8.6616436e+02   2.6331129e-03
   8.6748679e+02   2.6135543e-03
   8.6880921e+02   2.5939864e-03
   8.7013163e+02   2.5744160e-03
   8.7145405e+02   2.5548498e-03
   8.7277648e+02   2.5352942e-03
   8.7409890e+02   2.5157551e-03
   8.7542132e+02   2.4962387e-03
   8.7674374e+02   2.4767506e-03
   8.7806617e+02   2.4572963e-03
   8.7938859e+02   2.4378810e-03
   8.8071101e+02   2.4185100e-03
   8.8203343e+02   2.3991880e-03
   8.8335586e+02   2.3799197e-03
   8.8467828e+02   2.3607097e-03
   8.8600070e+02   2.3415621e-03
   8.8732312e+02   2.3224812e-03
   8.8864555e+02   2.3034708e-03
   8.8996797e+02   2.2845345e-03
   8.9129039e+02   2.2656761e-03
   8.9261281e+02   2.2468988e-03
   8.9393524e+02   2.2282059e-03
   8.9525766e+02   2.2096004e-03
   8.9658008e+02   2.1910852e-03
   8.9790250e+02   2.1726629e-03
   8.9922492e+02   2.1543362e-03
   9.0054735e+02   2.1361075e-03
   9.0186977e+02   2.1179790e-03
   9.0319219e+02   2.0999529e-03
   9.0451461e+02   2.0820312e-03
   9.0583704e+02   2.0642156e-03
   9.0715946e+02   2.0465080e-03
   9.0848188e+02   2.0289100e-03
   9.0980430e+02   2.0114230e-03
   9.1112673e+02   1.9940485e-03
   9.1244915e+02   1.9767876e-03
   9.1377157e+02   1.9596415e-03
   9.1509399e+02   1.9426114e-03
   9.1641642e+02   1.9256980e-03
   9.1773884e+02   1.9089024e-03
   9.1906126e+02   1.8922252e-03
   9.2038368e+02   1.8756671e-03
   9.2170611e+02   1.8592288e-03
   9.2302853e+02   1.8429106e-03
   9.2435095e+02   1.8267131e-03
   9.2567337e+02   1.8106366e-03
   9.2699580e+02   1.7946813e-03
   9.2831822e+02   1.7788476e-03
   9.2964064e+02   1.7631355e-03
   9.3096306e+02   1.7475451e-03
   9.3228549e+02   1.7320765e-03
   9.3360791e+02   1.7167296e-03
   9.3493033e+02   1.7015043e-03
   9.3625275e+02   1.6864006e-03
   9.3757518e+02   1.6714182e-03
   9.3889760e+02   1.6565569e-03
   9.4022002e+02   1.6418164e-03
   9.4154244e+02   1.6271965e-03
   9.4286486e+02   1.6126967e-03
   9.4418729e+02   1.5983167e-03
   9.4550971e+02   1.5840562e-03
   9.4683213e+02   1.5699145e-03
   9.4815455e+02   1.5558913e-03
   9.4947698e+02   1.5419860e-03
   9.5079940e+02   1.5281981e-03
   9.5212182e+02   1.5145270e-03
   9.5344424e+02   1.5009722e-03
   9.5476667e+02   1.4875331e-03
   9.5608909e+02   1.4742089e-03
   9.5741151e+02   1.4609992e-03
   9.5873393e+02   1.4479031e-03
   9.6005636e+02   1.4349201e-03
   9.6137878e+02   1.4220494e-03
   9.6270120e+02   1.4092904e-03
   9.6402362e+02   1.3966423e-03
   9.6534605e+02   1.3841044e-03
   9.6666847e+02   1.3716759e-03
   9.6799089e+02   1.3593562e-03
   9.6931331e+02   1.3471444e-03
   9.7063574e+02   1.3350398e-03
   9.7195816e+02   1.3230416e-03
   9.7328058e+02   1.3111490e-03
   9.7460300e+02   1.2993614e-03
   9.7592543e+02   1.2876778e-03
   9.7724785e+02   1.2760975e-03
   9.7857027e+02   1.2646197e-03
   9.7989269e+02   1.2532437e-03
   9.8121512e+02   1.2419685e-03
   9.8253754e+02   1.2307935e-03
   9.8385996e+02   1.2197178e-03
   9.8518238e+02   1.2087407e-03
   9.8650480e+02   1.1978613e-03
   9.8782723e+02   1.1870788e-03
   9.8914965e+02   1.1763925e-03
   9.9047207e+02   1.1658016e-03
   9.9179449e+02   1.1553053e-03
   9.9311692e+02   1.1449027e-03
   9.9443934e+02   1.1345932e-03
   9.9576176e+02   1.1243758e-03
   9.9708418e+02   1.1142499e-03
   9.9840661e+02   1.1042147e-03
   9.9972903e+02   1.0942694e-03
   1.0010515e+03   1.0844132e-03
   1.0023739e+03   1.0746454e-03
   1.0036963e+03   1.0649652e-03
   1.0050187e+03   1.0553718e-03
   1.0063411e+03   1.0458645e-03
   1.0076636e+03   1.0364426e-03
   1.0089860e+03   1.0271053e-03
   1.0103084e+03   1.0178518e-03
   1.0116308e+03   1.0086815e-03
   1.0129533e+03   9.9959362e-04
   1.0142757e+03   9.9058740e-04
   1.0155981e+03   9.8166214e-04
   1.0169205e+03   9.7281714e-04
   1.0182429e+03   9.6405168e-04
   1.0195654e+03   9.5536506e-04
   1.0208878e+03   9.4675659e-04
   1.0222102e+03   9.3822556e-04
   1.0235326e+03   9.2977131e-04
   1.0248551e+03   9.2139313e-04
   1.0261775e+03   9.1309036e-04
   1.0274999e+03   9.0486232e-04
   1.0288223e+03   8.9670836e-04
   1.0301447e+03   8.8862780e-04
   1.0314672e+03   8.8062000e-04
   1.0327896e+03   8.7268430e-04
   1.0341120e+03   8.6482006e-04
   1.0354344e+03   8.5702664e-04
   1.0367569e+03   8.4930341e-04
   1.0380793e+03   8.4164974e-04
   1.0394017e+03   8.3406501e-04
   1.0407241e+03   8.2654859e-04
   1.0420465e+03   8.1909988e-04
   1.0433690e+03   8.1171827e-04
   1.0446914e+03   8.0440316e-04
   1.0460138e+03   7.9715394e-04
   1.0473362e+03   7.8997004e-04
   1.0486587e+03   7.8285085e-04
   1.0499811e+03   7.7579581e-04
   1.0513035e+03   7.6880433e-04
   1.0526259e+03   7.6187585e-04
   1.0539483e+03   7.5500979e-04
   1.0552708e+03   7.4820560e-04
   1.0565932e+03   7.4146272e-04
   1.0579156e+03   7.3478059e-04
   1.0592380e+03   7.2815868e-04
   1.0605605e+03   7.2159643e-04
   1.0618829e+03   7.1509332e-04
   1.0632053e+03   7.0864881e-04
   1.0645277e+03   7.0226237e-04
   1.0658502e+03   6.9593348e-04
   1.0671726e+03   6.8966162e-04
   1.0684950e+03   6.8344629e-04
   1.0698174e+03   6.7728696e-04
   1.0711398e+03   6.7118314e-04
   1.0724623e+03   6.6513432e-04
   1.0737847e+03   6.5914001e-04
   1.0751071e+03   6.5319972e-04
   1.0764295e+03   6.4731297e-04
   1.0777520e+03   6.4147926e-04
   1.0790744e+03   6.3569813e-04
   1.0803968e+03   6.2996910e-04
   1.0817192e+03   6.2429169e-04
   1.0830416e+03   6.1866545e-04
   1.0843641e+03   6.1308992e-04
   1.0856865e+03   6.0756463e-04
   1.0870089e+03   6.0208913e-04
   1.0883313e+03   5.9666299e-04
   1.0896538e+03   5.9128574e-04
   1.0909762e+03   5.8595695e-04
   1.0922986e+03   5.8067618e-04
   1.0936210e+03   5.7544301e-04
   1.0949434e+03   5.7025700e-04
   1.0962659e+03   5.6511772e-04
   1.0975883e+03   5.6002476e-04
   1.0989107e+03   5.5497770e-04
   1.1002331e+03   5.4997612e-04
   1.1015556e+03   5.4501962e-04
   1.1028780e+03   5.4010779e-04
   1.1042004e+03   5.3524022e-04
   1.1055228e+03   5.3041652e-04
   1.1068452e+03   5.2563630e-04
   1.1081677e+03   5.2089915e-04
   1.1094901e+03   5.1620469e-04
   1.1108125e+03   5.1155255e-04
   1.1121349e+03   5.0694233e-04
   1.1134574e+03   5.0237365e-04
   1.1147798e+03   4.9784615e-04
   1.1161022e+03   4.9335946e-04
   1.1174246e+03   4.8891319e-04
   1.1187470e+03   4.8450700e-04
   1.1200695e+03   4.8014052e-04
   1.1213919e+03   4.7581339e-04
   1.1227143e+03   4.7152526e-04
   1.1240367e+03   4.6727577e-04
   1.1253592e+03   4.6306458e-04
   1.1266816e+03   4.5889134e-04
   1.1280040e+03   4.5475572e-04
   1.1293264e+03   4.5065736e-04
   1.1306488e+03   4.4659594e-04
   1.1319713e+03   4.4257112e-04
   1.1332937e+03   4.3858257e-04
   1.1346161e+03   4.3462997e-04
   1.1359385e+03   4.3071299e-04
   1.1372610e+03   4.2683131e-04
   1.1385834e+03   4.2298462e-04
   1.1399058e+03   4.1917259e-04
   1.1412282e+03   4.1539491e-04
   1.1425507e+03   4.1165128e-04
   1.1438731e+03   4.0794139e-04
   1.1451955e+03   4.0426494e-04
   1.1465179e+03   4.0062161e-04
   1.1478403e+03   3.9701112e-04
   1.1491628e+03   3.9343317e-04
   1.1504852e+03   3.8988747e-04
   1.1518076e+03   3.8637372e-04
   1.1531300e+03   3.8289164e-04
   1.1544525e+03   3.7944093e-04
   1.1557749e+03   3.7602133e-04
   1.1570973e+03   3.7263254e-04
   1.1584197e+03   3.6927430e-04
   1.1597421e+03   3.6594632e-04
   1.1610646e+03   3.6264833e-04
   1.1623870e+03   3.5938007e-04
   1.1637094e+03   3.5614125e-04
   1.1650318e+03   3.5293163e-04
   1.1663543e+03   3.4975094e-04
   1.1676767e+03   3.4659890e-04
   1.1689991e+03   3.4347528e-04
   1.1703215e+03   3.4037981e-04
   1.1716439e+03   3.3731223e-04
   1.1729664e+03   3.3427230e-04
   1.1742888e+03   3.3125976e-04
   1.1756112e+03   3.2827438e-04
   1.1769336e+03   3.2531590e-04
   1.1782561e+03   3.2238408e-04
   1.1795785e+03   3.1947869e-04
   1.1809009e+03   3.1659948e-04
   1.1822233e+03   3.1374621e-04
   1.1835457e+03   3.1091866e-04
   1.1848682e+03   3.0811660e-04
   1.1861906e+03   3.0533978e-04
   1.1875130e+03   3.0258800e-04
   1.1888354e+03   2.9986101e-04
   1.1901579e+03   2.9715859e-04
   1.1914803e+03   2.9448054e-04
   1.1928027e+03   2.9182661e-04
   1.1941251e+03   2.8919661e-04
   1.1954475e+03   2.8659031e-04
   1.1967700e+03   2.8400749e-04
   1.1980924e+03   2.8144796e-04
   1.1994148e+03   2.7891149e-04
   1.2007372e+03   2.7639788e-04
   1.2020597e+03   2.7390692e-04
   1.2033821e+03   2.7143841e-04
   1.2047045e+03   2.6899215e-04
   1.2060269e+03   2.6656793e-04
   1.2073493e+03   2.6416556e-04
   1.2086718e+03   2.6178485e-04
   1.2099942e+03   2.5942558e-04
   1.2113166e+03   2.5708759e-04
   1.2126390e+03   2.5477066e-04
   1.2139615e+03   2.5247461e-04
   1.2152839e+03   2.5019925e-04
   1.2166063e+03   2.4794440e-04
   1.2179287e+03   2.4570987e-04
   1.2192512e+03   2.4349548e-04
   1.2205736e+03   2.4130105e-04
   1.2218960e+03   2.3912639e-04
   1.2232184e+03   2.3697133e-04
   1.2245408e+03   2.3483570e-04
   1.2258633e+03   2.3271931e-04
   1.2271857e+03   2.3062199e-04
   1.2285081e+03   2.2854357e-04
   1.2298305e+03   2.2648389e-04
   1.2311530e+03   2.2444277e-04
   1.2324754e+03   2.2242004e-04
   1.2337978e+03   2.2041554e-04
   1.2351202e+03   2.1842911e-04
   1.2364426e+03   2.1646058e-04
   1.2377651e+03   2.1450979e-04
   1.2390875e+03   2.1257658e-04
   1.2404099e+03   2.1066079e-04
   1.2417323e+03   2.0876227e-04
   1.2430548e+03   2.0688086e-04
   1.2443772e+03   2.0501641e-04
   1.2456996e+03   2.0316876e-04
   1.2470220e+03   2.0133775e-04
   1.2483444e+03   1.9952326e-04
   1.2496669e+03   1.9772511e-04
   1.2509893e+03   1.9594317e-04
   1.2523117e+03   1.9417728e-04
   1.2536341e+03   1.9242732e-04
   1.2549566e+03   1.9069312e-04
   1.2562790e+03   1.8897455e-04
   1.2576014e+03   1.8727147e-04
   1.2589238e+03   1.8558374e-04
   1.2602462e+03   1.8391122e-04
   1.2615687e+03   1.8225377e-04
   1.2628911e+03   1.8061126e-04
   1.2642135e+03   1.7898355e-04
   1.2655359e+03   1.7737052e-04
   1.2668584e+03   1.7577201e-04
   1.2681808e+03   1.7418792e-04
   1.2695032e+03   1.7261810e-04
   1.2708256e+03   1.7106243e-04
   1.2721480e+03   1.6952078e-04
   1.2734705e+03   1.6799302e-04
   1.2747929e+03   1.6647903e-04
   1.2761153e+03   1.6497868e-04
   1.2774377e+03   1.6349186e-04
   1.2787602e+03   1.6201844e-04
   1.2800826e+03   1.6055829e-04
   1.2814050e+03   1.5911130e-04
   1.2827274e+03   1.5767736e-04
   1.2840498e+03   1.5625634e-04
   1.2853723e+03   1.5484812e-04
   1.2866947e+03   1.5345260e-04
   1.2880171e+03   1.5206965e-04
   1.2893395e+03   1.5069916e-04
   1.2906620e+03   1.4934103e-04
   1.2919844e+03   1.4799514e-04
   1.2933068e+03   1.4666137e-04
   1.2946292e+03   1.4533963e-04
   1.2959517e+03   1.4402980e-04
   1.2972741e+03   1.4273177e-04
   1.2985965e+03   1.4144544e-04
   1.2999189e+03   1.4017070e-04
   1.3012413e+03   1.3890745e-04
   1.3025638e+03   1.3765559e-04
   1.3038862e+03   1.3641501e-04
   1.3052086e+03   1.3518560e-04
   1.3065310e+03   1.3396728e-04
   1.3078535e+03   1.3275994e-04
   1.3091759e+03   1.3156348e-04
   1.3104983e+03   1.3037780e-04
   1.3118207e+03   1.2920281e-04
   1.3131431e+03   1.2803840e-04
   1.3144656e+03   1.2688449e-04
   1.3157880e+03   1.2574098e-04
   1.3171104e+03   1.2460778e-04
   1.3184328e+03   1.2348479e-04
   1.3197553e+03   1.2237191e-04
   1.3210777e+03   1.2126907e-04
   1.3224001e+03   1.2017617e-04
   1.3237225e+03   1.1909312e-04
   1.3250449e+03   1.1801982e-04
   1.3263674e+03   1.1695620e-04
   1.3276898e+03   1.1590217e-04
   1.3290122e+03   1.1485763e-04
   1.3303346e+03   1.1382251e-04
   1.3316571e+03   1.1279672e-04
   1.3329795e+03   1.1178017e-04
   1.3343019e+03   1.1077278e-04
   1.3356243e+03   1.0977447e-04
   1.3369467e+03   1.0878516e-04
   1.3382692e+03   1.0780477e-04
   1.3395916e+03   1.0683321e-04
   1.3409140e+03   1.0587040e-04
   1.3422364e+03   1.0491628e-04
   1.3435589e+03   1.0397075e-04
   1.3448813e+03   1.0303374e-04
   1.3462037e+03   1.0210518e-04
   1.3475261e+03   1.0118498e-04
   1.3488485e+03   1.0027308e-04
   1.3501710e+03   9.9369400e-05
   1.3514934e+03   9.8473861e-05
   1.3528158e+03   9.7586394e-05
   1.3541382e+03   9.6706924e-05
   1.3554607e+03   9.5835380e-05
   1.3567831e+03   9.4971691e-05
   1.3581055e+03   9.4115785e-05
   1.3594279e+03   9.3267594e-05
   1.3607504e+03   9.2427046e-05
   1.3620728e+03   9.1594073e-05
   1.3633952e+03   9.0768608e-05
   1.3647176e+03   8.9950581e-05
   1.3660400e+03   8.9139927e-05
   1.3673625e+03   8.8336579e-05
   1.3686849e+03   8.7540470e-05
   1.3700073e+03   8.6751537e-05
   1.3713297e+03   8.5969713e-05
   1.3726522e+03   8.5194935e-05
   1.3739746e+03   8.4427140e-05
   1.3752970e+03   8.3666264e-05
   1.3766194e+03   8.2912246e-05
   1.3779418e+03   8.2165023e-05
   1.3792643e+03   8.1424534e-05
   1.3805867e+03   8.0690718e-05
   1.3819091e+03   7.9963516e-05
   1.3832315e+03   7.9242867e-05
   1.3845540e+03   7.8528713e-05
   1.3858764e+03   7.7820996e-05
   1.3871988e+03   7.7119656e-05
   1.3885212e+03   7.6424637e-05
   1.3898436e+03   7.5735882e-05
   1.3911661e+03   7.5053333e-05
   1.3924885e+03   7.4376936e-05
   1.3938109e+03   7.3706635e-05
   1.3951333e+03   7.3042375e-05
   1.3964558e+03   7.2384102e-05
   1.3977782e+03   7.1731760e-05
   1.3991006e+03   7.1085298e-05
   1.4004230e+03   7.0444662e-05
   1.4017454e+03   6.9809799e-05
   1.4030679e+03   6.9180658e-05
   1.4043903e+03   6.8557187e-05
   1.4057127e+03   6.7939335e-05
   1.4070351e+03   6.7327051e-05
   1.4083576e+03   6.6720285e-05
   1.4096800e+03   6.6118987e-05
   1.4110024e+03   6.5523109e-05
   1.4123248e+03   6.4932600e-05
   1.4136472e+03   6.4347414e-05
   1.4149697e+03   6.3767501e-05
   1.4162921e+03   6.3192814e-05
   1.4176145e+03   6.2623307e-05
   1.4189369e+03   6.2058932e-05
   1.4202594e+03   6.1499644e-05
   1.4215818e+03   6.0945395e-05
   1.4229042e+03   6.0396142e-05
   1.4242266e+03   5.9851839e-05
   1.4255490e+03   5.9312441e-05
   1.4268715e+03   5.8777905e-05
   1.4281939e+03   5.8248186e-05
   1.4295163e+03   5.7723240e-05
   1.4308387e+03   5.7203026e-05
   1.4321612e+03   5.6687500e-05
   1.4334836e+03   5.6176620e-05
   1.4348060e+03   5.5670344e-05
   1.4361284e+03   5.5168631e-05
   1.4374509e+03   5.4671439e-05
   1.4387733e+03   5.4178728e-05
   1.4400957e+03   5.3690458e-05
   1.4414181e+03   5.3206588e-05
   1.4427405e+03   5.2727079e-05
   1.4440630e+03   5.2251891e-05
   1.4453854e+03   5.1780985e-05
   1.4467078e+03   5.1314324e-05
   1.4480302e+03   5.0851868e-05
   1.4493527e+03   5.0393580e-05
   1.4506751e+03   4.9939422e-05
   1.4519975e+03   4.9489357e-05
   1.4533199e+03   4.9043348e-05
   1.4546423e+03   4.8601359e-05
   1.4559648e+03   4.8163353e-05
   1.4572872e+03   4.7729295e-05
   1.4586096e+03   4.7299148e-05
   1.4599320e+03   4.6872878e-05
   1.4612545e+03   4.6450449e-05
   1.4625769e+03   4.6031828e-05
   1.4638993e+03   4.5616979e-05
   1.4652217e+03   4.5205869e-05
   1.4665441e+03   4.4798464e-05
   1.4678666e+03   4.4394730e-05
   1.4691890e+03   4.3994635e-05
   1.4705114e+03   4.3598146e-05
   1.4718338e+03   4.3205230e-05
   1.4731563e+03   4.2815855e-05
   1.4744787e+03   4.2429989e-05
   1.4758011e+03   4.2047601e-05
   1.4771235e+03   4.1668659e-05
   1.4784459e+03   4.1293132e-05
   1.4797684e+03   4.0920989e-05
   1.4810908e+03   4.0552201e-05
   1.4824132e+03   4.0186735e-05
   1.4837356e+03   3.9824564e-05
   1.4850581e+03   3.9465656e-05
   1.4863805e+03   3.9109983e-05
   1.4877029e+03   3.8757515e-05
   1.4890253e+03   3.8408224e-05
   1.4903477e+03   3.8062081e-05
   1.4916702e+03   3.7719057e-05
   1.4929926e+03   3.7379125e-05
   1.4943150e+03   3.7042256e-05
   1.4956374e+03   3.6708423e-05
   1.4969599e+03   3.6377599e-05
   1.4982823e+03   3.6049756e-05
   1.4996047e+03   3.5724868e-05
   1.5009271e+03   3.5402908e-05
   1.5022495e+03   3.5083849e-05
   1.5035720e+03   3.4767666e-05
   1.5048944e+03   3.4454332e-05
   1.5062168e+03   3.4143822e-05
   1.5075392e+03   3.3836111e-05
   1.5088617e+03   3.3531172e-05
   1.5101841e+03   3.3228982e-05
   1.5115065e+03   3.2929515e-05
   1.5128289e+03   3.2632747e-05
   1.5141514e+03   3.2338654e-05
   1.5154738e+03   3.2047211e-05
   1.5167962e+03   3.1758395e-05
   1.5181186e+03   3.1472181e-05
   1.5194410e+03   3.1188547e-05
   1.5207635e+03   3.0907469e-05
   1.5220859e+03   3.0628924e-05
   1.5234083e+03   3.0352890e-05
   1.5247307e+03   3.0079343e-05
   1.5260532e+03   2.9808261e-05
   1.5273756e+03   2.9539623e-05
   1.5286980e+03   2.9273405e-05
   1.5300204e+03   2.9009587e-05
   1.5313428e+03   2.8748146e-05
   1.5326653e+03   2.8489062e-05
   1.5339877e+03   2.8232312e-05
   1.5353101e+03   2.7977877e-05
   1.5366325e+03   2.7725734e-05
   1.5379550e+03   2.7475864e-05
   1.5392774e+03   2.7228245e-05
   1.5405998e+03   2.6982858e-05
   1.5419222e+03   2.6739683e-05
   1.5432446e+03   2.6498699e-05
   1.5445671e+03   2.6259887e-05
   1.5458895e+03   2.6023227e-05
   1.5472119e+03   2.5788700e-05
   1.5485343e+03   2.5556287e-05
   1.5498568e+03   2.5325968e-05
   1.5511792e+03   2.5097725e-05
   1.5525016e+03   2.4871539e-05
   1.5538240e+03   2.4647391e-05
   1.5551464e+03   2.4425264e-05
   1.5564689e+03   2.4205138e-05
   1.5577913e+03   2.3986996e-05
   1.5591137e+03   2.3770820e-05
   1.5604361e+03   2.3556592e-05
   1.5617586e+03   2.3344295e-05
   1.5630810e+03   2.3133911e-05
   1.5644034e+03   2.2925423e-05
   1.5657258e+03   2.2718814e-05
   1.5670482e+03   2.2514068e-05
   1.5683707e+03   2.2311166e-05
   1.5696931e+03   2.2110093e-05
   1.5710155e+03   2.1910832e-05
   1.5723379e+03   2.1713367e-05
   1.5736604e+03   2.1517681e-05
   1.5749828e+03   2.1323759e-05
   1.5763052e+03   2.1131585e-05
   1.5776276e+03   2.0941142e-05
   1.5789501e+03   2.0752416e-05
   1.5802725e+03   2.0565391e-05
   1.5815949e+03   2.0380051e-05
   1.5829173e+03   2.0196382e-05
   1.5842397e+03   2.0014368e-05
   1.5855622e+03   1.9833994e-05
   1.5868846e+03   1.9655246e-05
   1.5882070e+03   1.9478108e-05
   1.5895294e+03   1.9302567e-05
   1.5908519e+03   1.9128608e-05
   1.5921743e+03   1.8956217e-05
   1.5934967e+03   1.8785380e-05
   1.5948191e+03   1.8616082e-05
   1.5961415e+03   1.8448310e-05
   1.5974640e+03   1.8282049e-05
   1.5987864e+03   1.8117288e-05
   1.6001088e+03   1.7954011e-05
   1.6014312e+03   1.7792205e-05
   1.6027537e+03   1.7631858e-05
   1.6040761e+03   1.7472956e-05
   1.6053985e+03   1.7315486e-05
   1.6067209e+03   1.7159435e-05
   1.6080433e+03   1.7004790e-05
   1.6093658e+03   1.6851540e-05
   1.6106882e+03   1.6699670e-05
   1.6120106e+03   1.6549169e-05
   1.6133330e+03   1.6400024e-05
   1.6146555e+03   1.6252223e-05
   1.6159779e+03   1.6105755e-05
   1.6173003e+03   1.5960606e-05
   1.6186227e+03   1.5816766e-05
   1.6199451e+03   1.5674222e-05
   1.6212676e+03   1.5532962e-05
   1.6225900e+03   1.5392976e-05
   1.6239124e+03   1.5254251e-05
   1.6252348e+03   1.5116776e-05
   1.6265573e+03   1.4980541e-05
   1.6278797e+03   1.4845533e-05
   1.6292021e+03   1.4711742e-05
   1.6305245e+03   1.4579156e-05
   1.6318469e+03   1.4447766e-05
   1.6331694e+03   1.4317559e-05
   1.6344918e+03   1.4188526e-05
   1.6358142e+03   1.4060656e-05
   1.6371366e+03   1.3933939e-05
   1.6384591e+03   1.3808363e-05
   1.6397815e+03   1.3683919e-05
   1.6411039e+03   1.3560597e-05
   1.6424263e+03   1.3438386e-05
   1.6437487e+03   1.3317276e-05
   1.6450712e+03   1.3197258e-05
   1.6463936e+03   1.3078321e-05
   1.6477160e+03   1.2960457e-05
   1.6490384e+03   1.2843654e-05
   1.6503609e+03   1.2727904e-05
   1.6516833e+03   1.2613198e-05
   1.6530057e+03   1.2499525e-05
   1.6543281e+03   1.2386876e-05
   1.6556506e+03   1.2275243e-05
   1.6569730e+03   1.2164616e-05
   1.6582954e+03   1.2054986e-05
   1.6596178e+03   1.1946344e-05
   1.6609402e+03   1.1838681e-05
   1.6622627e+03   1.1731988e-05
   1.6635851e+03   1.1626257e-05
   1.6649075e+03   1.1521478e-05
   1.6662299e+03   1.1417644e-05
   1.6675524e+03   1.1314746e-05
   1.6688748e+03   1.1212775e-05
   1.6701972e+03   1.1111723e-05
   1.6715196e+03   1.1011582e-05
   1.6728420e+03   1.0912343e-05
   1.6741645e+03   1.0813999e-05
   1.6754869e+03   1.0716541e-05
   1.6768093e+03   1.0619961e-05
   1.6781317e+03   1.0524251e-05
   1.6794542e+03   1.0429405e-05
   1.6807766e+03   1.0335413e-05
   1.6820990e+03   1.0242268e-05
   1.6834214e+03   1.0149962e-05
   1.6847438e+03   1.0058488e-05
   1.6860663e+03   9.9678391e-06
   1.6873887e+03   9.8780067e-06
   1.6887111e+03   9.7889840e-06
   1.6900335e+03   9.7007636e-06
   1.6913560e+03   9.6133382e-06
   1.6926784e+03   9.5267007e-06
   1.6940008e+03   9.4408440e-06
   1.6953232e+03   9.3557611e-06
   1.6966456e+03   9.2714449e-06
   1.6979681e+03   9.1878886e-06
   1.6992905e+03   9.1050854e-06
   1.7006129e+03   9.0230284e-06
   1.7019353e+03   8.9417109e-06
   1.7032578e+03   8.8611263e-06
   1.7045802e+03   8.7812679e-06
   1.7059026e+03   8.7021292e-06
   1.7072250e+03   8.6237037e-06
   1.7085474e+03   8.5459850e-06
   1.7098699e+03   8.4689668e-06
   1.7111923e+03   8.3926426e-06
   1.7125147e+03   8.3170063e-06
   1.7138371e+03   8.2420516e-06
   1.7151596e+03   8.1677725e-06
   1.7164820e+03   8.0941627e-06
   1.7178044e+03   8.0212164e-06
   1.7191268e+03   7.9489274e-06
   1.7204492e+03   7.8772900e-06
   1.7217717e+03   7.8062981e-06
   1.7230941e+03   7.7359461e-06
   1.7244165e+03   7.6662281e-06
   1.7257389e+03   7.5971384e-06
   1.7270614e+03   7.5286713e-06
   1.7283838e+03   7.4608213e-06
   1.7297062e+03   7.3935827e-06
   1.7310286e+03   7.3269502e-06
   1.7323511e+03   7.2609181e-06
   1.7336735e+03   7.1954811e-06
   1.7349959e+03   7.1306339e-06
   1.7363183e+03   7.0663711e-06
   1.7376407e+03   7.0026874e-06
   1.7389632e+03   6.9395777e-06
   1.7402856e+03   6.8770367e-06
   1.7416080e+03   6.8150594e-06
   1.7429304e+03   6.7536406e-06
   1.7442529e+03   6.6927753e-06
   1.7455753e+03   6.6324585e-06
   1.7468977e+03   6.5726854e-06
   1.7482201e+03   6.5134509e-06
   1.7495425e+03   6.4547503e-06
   1.7508650e+03   6.3965787e-06
   1.7521874e+03   6.3389313e-06
   1.7535098e+03   6.2818035e-06
   1.7548322e+03   6.2251905e-06
   1.7561547e+03   6.1690878e-06
   1.7574771e+03   6.1134906e-06
   1.7587995e+03   6.0583945e-06
   1.7601219e+03   6.0037949e-06
   1.7614443e+03   5.9496874e-06
   1.7627668e+03   5.8960676e-06
   1.7640892e+03   5.8429309e-06
   1.7654116e+03   5.7902732e-06
   1.7667340e+03   5.7380900e-06
   1.7680565e+03   5.6863771e-06
   1.7693789e+03   5.6351302e-06
   1.7707013e+03   5.5843452e-06
   1.7720237e+03   5.5340179e-06
   1.7733461e+03   5.4841441e-06
   1.7746686e+03   5.4347198e-06
   1.7759910e+03   5.3857409e-06
   1.7773134e+03   5.3372035e-06
   1.7786358e+03   5.2891034e-06
   1.7799583e+03   5.2414369e-06
   1.7812807e+03   5.1941999e-06
   1.7826031e+03   5.1473887e-06
   1.7839255e+03   5.1009993e-06
   1.7852479e+03   5.0550280e-06
   1.7865704e+03   5.0094710e-06
   1.7878928e+03   4.9643245e-06
   1.7892152e+03   4.9195849e-06
   1.7905376e+03   4.8752486e-06
   1.7918601e+03   4.8313118e-06
   1.7931825e+03   4.7877710e-06
   1.7945049e+03   4.7446225e-06
   1.7958273e+03   4.7018630e-06
   1.7971497e+03   4.6594888e-06
   1.7984722e+03   4.6174964e-06
   1.7997946e+03   4.5758825e-06
   1.8011170e+03   4.5346437e-06
   1.8024394e+03   4.4937765e-06
   1.8037619e+03   4.4532776e-06
   1.8050843e+03   4.4131437e-06
   1.8064067e+03   4.3733715e-06
   1.8077291e+03   4.3339577e-06
   1.8090516e+03   4.2948992e-06
   1.8103740e+03   4.2561926e-06
   1.8116964e+03   4.2178349e-06
   1.8130188e+03   4.1798228e-06
   1.8143412e+03   4.1421534e-06
   1.8156637e+03   4.1048234e-06
   1.8169861e+03   4.0678298e-06
   1.8183085e+03   4.0311697e-06
   1.8196309e+03   3.9948399e-06
   1.8209534e+03   3.9588375e-06
   1.8222758e+03   3.9231596e-06
   1.8235982e+03   3.8878033e-06
   1.8249206e+03   3.8527655e-06
   1.8262430e+03   3.8180436e-06
   1.8275655e+03   3.7836345e-06
   1.8288879e+03   3.7495356e-06
   1.8302103e+03   3.7157440e-06
   1.8315327e+03   3.6822569e-06
   1.8328552e+03   3.6490716e-06
   1.8341776e+03   3.6161854e-06
   1.8355000e+03   3.5835955e-06
