   4.7289500e+02   1.7530542e-04
   4.7431147e+02   1.8872073e-04
   4.7572794e+02   2.0295543e-04
   4.7714441e+02   2.1804167e-04
   4.7856089e+02   2.3401146e-04
   4.7997736e+02   2.5089651e-04
   4.8139383e+02   2.6872807e-04
   4.8281030e+02   2.8753682e-04
   4.8422677e+02   3.0735271e-04
   4.8564324e+02   3.2820480e-04
   4.8705971e+02   3.5012110e-04
   4.8847619e+02   3.7312840e-04
   4.8989266e+02   3.9725213e-04
   4.9130913e+02   4.2251617e-04
   4.9272560e+02   4.4894267e-04
   4.9414207e+02   4.7655190e-04
   4.9555854e+02   5.0536208e-04
   4.9697502e+02   5.3538918e-04
   4.9839149e+02   5.6664681e-04
   4.9980796e+02   5.9914601e-04
   5.0122443e+02   6.3289510e-04
   5.0264090e+02   6.6789955e-04
   5.0405737e+02   7.0416182e-04
   5.0547384e+02   7.4168124e-04
   5.0689032e+02   7.8045385e-04
   5.0830679e+02   8.2047233e-04
   5.0972326e+02   8.6172587e-04
   5.1113973e+02   9.0420009e-04
   5.1255620e+02   9.4787694e-04
   5.1397267e+02   9.9273469e-04
   5.1538914e+02   1.0387478e-03
   5.1680562e+02   1.0858871e-03
   5.1822209e+02   1.1341193e-03
   5.1963856e+02   1.1834077e-03
   5.2105503e+02   1.2337115e-03
   5.2247150e+02   1.2849864e-03
   5.2388797e+02   1.3371844e-03
   5.2530444e+02   1.3902538e-03
   5.2672092e+02   1.4441394e-03
   5.2813739e+02   1.4987829e-03
   5.2955386e+02   1.5541224e-03
   5.3097033e+02   1.6100931e-03
   5.3238680e+02   1.6666275e-03
   5.3380327e+02   1.7236549e-03
   5.3521974e+02   1.7811025e-03
   5.3663622e+02   1.8388950e-03
   5.3805269e+02   1.8969552e-03
   5.3946916e+02   1.9552039e-03
   5.4088563e+02   2.0135604e-03
   5.4230210e+02   2.0719428e-03
   5.4371857e+02   2.1302681e-03
   5.4513505e+02   2.1884526e-03
   5.4655152e+02   2.2464121e-03
   5.4796799e+02   2.3040625e-03
   5.4938446e+02   2.3613195e-03
   5.5080093e+02   2.4180996e-03
   5.5221740e+02   2.4743197e-03
   5.5363387e+02   2.5298979e-03
   5.5505035e+02   2.5847539e-03
   5.5646682e+02   2.6388084e-03
   5.5788329e+02   2.6919846e-03
   5.5929976e+02   2.7442075e-03
   5.6071623e+02   2.7954045e-03
   5.6213270e+02   2.8455059e-03
   5.6354917e+02   2.8944445e-03
   5.6496565e+02   2.9421566e-03
   5.6638212e+02   2.9885814e-03
   5.6779859e+02   3.0336619e-03
   5.6921506e+02   3.0773444e-03
   5.7063153e+02   3.1195793e-03
   5.7204800e+02   3.1603207e-03
   5.7346447e+02   3.1995267e-03
   5.7488095e+02   3.2371596e-03
   5.7629742e+02   3.2731858e-03
   5.7771389e+02   3.3075758e-03
   5.7913036e+02   3.3403045e-03
   5.8054683e+02   3.3713510e-03
   5.8196330e+02   3.4006986e-03
   5.8337977e+02   3.4283346e-03
   5.8479625e+02   3.4542509e-03
   5.8621272e+02   3.4784430e-03
   5.8762919e+02   3.5009107e-03
   5.8904566e+02   3.5216575e-03
   5.9046213e+02   3.5406908e-03
   5.9187860e+02   3.5580216e-03
   5.9329508e+02   3.5736644e-03
   5.9471155e+02   3.5876370e-03
   5.9612802e+02   3.5999606e-03
   5.9754449e+02   3.6106593e-03
   5.9896096e+02   3.6197598e-03
   6.0037743e+02   3.6272919e-03
   6.0179390e+02   3.6332875e-03
   6.0321038e+02   3.6377810e-03
   6.0462685e+02   3.6408087e-03
   6.0604332e+02   3.6424089e-03
   6.0745979e+02   3.6426216e-03
   6.0887626e+02   3.6414882e-03
   6.1029273e+02   3.6390513e-03
   6.1170920e+02   3.6353547e-03
   6.1312568e+02   3.6304431e-03
   6.1454215e+02   3.6243619e-03
   6.1595862e+02   3.6171571e-03
   6.1737509e+02   3.6088748e-03
   6.1879156e+02   3.5995616e-03
   6.2020803e+02   3.5892640e-03
   6.2162450e+02   3.5780283e-03
   6.2304098e+02   3.5659008e-03
   6.2445745e+02   3.5529270e-03
   6.2587392e+02   3.5391524e-03
   6.2729039e+02   3.5246214e-03
   6.2870686e+02   3.5093779e-03
   6.3012333e+02   3.4934650e-03
   6.3153980e+02   3.4769247e-03
   6.3295628e+02   3.4597980e-03
   6.3437275e+02   3.4421251e-03
   6.3578922e+02   3.4239448e-03
   6.3720569e+02   3.4052947e-03
   6.3862216e+02   3.3862115e-03
   6.4003863e+02   3.3667301e-03
   6.4145511e+02   3.3468847e-03
   6.4287158e+02   3.3267077e-03
   6.4428805e+02   3.3062305e-03
   6.4570452e+02   3.2854829e-03
   6.4712099e+02   3.2644937e-03
   6.4853746e+02   3.2432900e-03
   6.4995393e+02   3.2218978e-03
   6.5137041e+02   3.2003418e-03
   6.5278688e+02   3.1786454e-03
   6.5420335e+02   3.1568306e-03
   6.5561982e+02   3.1349184e-03
   6.5703629e+02   3.1129284e-03
   6.5845276e+02   3.0908791e-03
   6.5986923e+02   3.0687880e-03
   6.6128571e+02   3.0466712e-03
   6.6270218e+02   3.0245439e-03
   6.6411865e+02   3.0024204e-03
   6.6553512e+02   2.9803139e-03
   6.6695159e+02   2.9582366e-03
   6.6836806e+02   2.9361999e-03
   6.6978453e+02   2.9142144e-03
   6.7120101e+02   2.8922896e-03
   6.7261748e+02   2.8704346e-03
   6.7403395e+02   2.8486575e-03
   6.7545042e+02   2.8269658e-03
   6.7686689e+02   2.8053665e-03
   6.7828336e+02   2.7838656e-03
   6.7969983e+02   2.7624689e-03
   6.8111631e+02   2.7411814e-03
   6.8253278e+02   2.7200079e-03
   6.8394925e+02   2.6989523e-03
   6.8536572e+02   2.6780184e-03
   6.8678219e+02   2.6572095e-03
   6.8819866e+02   2.6365285e-03
   6.8961514e+02   2.6159778e-03
   6.9103161e+02   2.5955598e-03
   6.9244808e+02   2.5752763e-03
   6.9386455e+02   2.5551289e-03
   6.9528102e+02   2.5351190e-03
   6.9669749e+02   2.5152479e-03
   6.9811396e+02   2.4955162e-03
   6.9953044e+02   2.4759249e-03
   7.0094691e+02   2.4564745e-03
   7.0236338e+02   2.4371652e-03
   7.0377985e+02   2.4179974e-03
   7.0519632e+02   2.3989712e-03
   7.0661279e+02   2.3800865e-03
   7.0802926e+02   2.3613432e-03
   7.0944574e+02   2.3427410e-03
   7.1086221e+02   2.3242796e-03
   7.1227868e+02   2.3059586e-03
   7.1369515e+02   2.2877776e-03
   7.1511162e+02   2.2697360e-03
   7.1652809e+02   2.2518331e-03
   7.1794456e+02   2.2340683e-03
   7.1936104e+02   2.2164410e-03
   7.2077751e+02   2.1989504e-03
   7.2219398e+02   2.1815958e-03
   7.2361045e+02   2.1643762e-03
   7.2502692e+02   2.1472910e-03
   7.2644339e+02   2.1303392e-03
   7.2785986e+02   2.1135200e-03
   7.2927634e+02   2.0968326e-03
   7.3069281e+02   2.0802760e-03
   7.3210928e+02   2.0638492e-03
   7.3352575e+02   2.0475515e-03
   7.3494222e+02   2.0313819e-03
   7.3635869e+02   2.0153394e-03
   7.3777517e+02   1.9994232e-03
   7.3919164e+02   1.9836323e-03
   7.4060811e+02   1.9679657e-03
   7.4202458e+02   1.9524226e-03
   7.4344105e+02   1.9370020e-03
   7.4485752e+02   1.9217029e-03
   7.4627399e+02   1.9065245e-03
   7.4769047e+02   1.8914658e-03
   7.4910694e+02   1.8765259e-03
   7.5052341e+02   1.8617039e-03
   7.5193988e+02   1.8469989e-03
   7.5335635e+02   1.8324100e-03
   7.5477282e+02   1.8179362e-03
   7.5618929e+02   1.8035766e-03
   7.5760577e+02   1.7893304e-03
   7.5902224e+02   1.7751967e-03
   7.6043871e+02   1.7611747e-03
   7.6185518e+02   1.7472633e-03
   7.6327165e+02   1.7334618e-03
   7.6468812e+02   1.7197693e-03
   7.6610459e+02   1.7061849e-03
   7.6752107e+02   1.6927078e-03
   7.6893754e+02   1.6793371e-03
   7.7035401e+02   1.6660721e-03
   7.7177048e+02   1.6529118e-03
   7.7318695e+02   1.6398555e-03
   7.7460342e+02   1.6269023e-03
   7.7601989e+02   1.6140514e-03
   7.7743637e+02   1.6013020e-03
   7.7885284e+02   1.5886533e-03
   7.8026931e+02   1.5761045e-03
   7.8168578e+02   1.5636548e-03
   7.8310225e+02   1.5513035e-03
   7.8451872e+02   1.5390497e-03
   7.8593520e+02   1.5268928e-03
   7.8735167e+02   1.5148318e-03
   7.8876814e+02   1.5028661e-03
   7.9018461e+02   1.4909950e-03
   7.9160108e+02   1.4792176e-03
   7.9301755e+02   1.4675332e-03
   7.9443402e+02   1.4559411e-03
   7.9585050e+02   1.4444406e-03
   7.9726697e+02   1.4330310e-03
   7.9868344e+02   1.4217114e-03
   8.0009991e+02   1.4104813e-03
   8.0151638e+02   1.3993399e-03
   8.0293285e+02   1.3882865e-03
   8.0434932e+02   1.3773204e-03
   8.0576580e+02   1.3664409e-03
   8.0718227e+02   1.3556474e-03
   8.0859874e+02   1.3449391e-03
   8.1001521e+02   1.3343154e-03
   8.1143168e+02   1.3237756e-03
   8.1284815e+02   1.3133191e-03
   8.1426462e+02   1.3029451e-03
   8.1568110e+02   1.2926531e-03
   8.1709757e+02   1.2824425e-03
   8.1851404e+02   1.2723124e-03
   8.1993051e+02   1.2622624e-03
   8.2134698e+02   1.2522918e-03
   8.2276345e+02   1.2423999e-03
   8.2417992e+02   1.2325861e-03
   8.2559640e+02   1.2228499e-03
   8.2701287e+02   1.2131906e-03
   8.2842934e+02   1.2036076e-03
   8.2984581e+02   1.1941003e-03
   8.3126228e+02   1.1846681e-03
   8.3267875e+02   1.1753103e-03
   8.3409523e+02   1.1660265e-03
   8.3551170e+02   1.1568161e-03
   8.3692817e+02   1.1476784e-03
   8.3834464e+02   1.1386128e-03
   8.3976111e+02   1.1296189e-03
   8.4117758e+02   1.1206960e-03
   8.4259405e+02   1.1118436e-03
   8.4401053e+02   1.1030612e-03
   8.4542700e+02   1.0943481e-03
   8.4684347e+02   1.0857038e-03
   8.4825994e+02   1.0771278e-03
   8.4967641e+02   1.0686195e-03
   8.5109288e+02   1.0601785e-03
   8.5250935e+02   1.0518041e-03
   8.5392583e+02   1.0434959e-03
   8.5534230e+02   1.0352533e-03
   8.5675877e+02   1.0270758e-03
   8.5817524e+02   1.0189629e-03
   8.5959171e+02   1.0109141e-03
   8.6100818e+02   1.0029289e-03
   8.6242465e+02   9.9500673e-04
   8.6384113e+02   9.8714715e-04
   8.6525760e+02   9.7934966e-04
   8.6667407e+02   9.7161376e-04
   8.6809054e+02   9.6393896e-04
   8.6950701e+02   9.5632479e-04
   8.7092348e+02   9.4877076e-04
   8.7233995e+02   9.4127641e-04
   8.7375643e+02   9.3384125e-04
   8.7517290e+02   9.2646482e-04
   8.7658937e+02   9.1914665e-04
   8.7800584e+02   9.1188630e-04
   8.7942231e+02   9.0468329e-04
   8.8083878e+02   8.9753718e-04
   8.8225526e+02   8.9044752e-04
   8.8367173e+02   8.8341385e-04
   8.8508820e+02   8.7643575e-04
   8.8650467e+02   8.6951277e-04
   8.8792114e+02   8.6264447e-04
   8.8933761e+02   8.5583043e-04
   8.9075408e+02   8.4907020e-04
   8.9217056e+02   8.4236338e-04
   8.9358703e+02   8.3570954e-04
   8.9500350e+02   8.2910825e-04
   8.9641997e+02   8.2255911e-04
   8.9783644e+02   8.1606170e-04
   8.9925291e+02   8.0961561e-04
   9.0066938e+02   8.0322045e-04
   9.0208586e+02   7.9687579e-04
   9.0350233e+02   7.9058126e-04
   9.0491880e+02   7.8433644e-04
   9.0633527e+02   7.7814095e-04
   9.0775174e+02   7.7199440e-04
   9.0916821e+02   7.6589640e-04
   9.1058468e+02   7.5984657e-04
   9.1200116e+02   7.5384453e-04
   9.1341763e+02   7.4788990e-04
   9.1483410e+02   7.4198230e-04
   9.1625057e+02   7.3612137e-04
   9.1766704e+02   7.3030673e-04
   9.1908351e+02   7.2453803e-04
   9.2049998e+02   7.1881489e-04
   9.2191646e+02   7.1313695e-04
   9.2333293e+02   7.0750387e-04
   9.2474940e+02   7.0191528e-04
   9.2616587e+02   6.9637084e-04
   9.2758234e+02   6.9087020e-04
   9.2899881e+02   6.8541300e-04
   9.3041529e+02   6.7999891e-04
   9.3183176e+02   6.7462758e-04
   9.3324823e+02   6.6929869e-04
   9.3466470e+02   6.6401189e-04
   9.3608117e+02   6.5876684e-04
   9.3749764e+02   6.5356323e-04
   9.3891411e+02   6.4840072e-04
   9.4033059e+02   6.4327899e-04
   9.4174706e+02   6.3819772e-04
   9.4316353e+02   6.3315658e-04
   9.4458000e+02   6.2815527e-04
   9.4599647e+02   6.2319346e-04
   9.4741294e+02   6.1827084e-04
   9.4882941e+02   6.1338711e-04
   9.5024589e+02   6.0854195e-04
   9.5166236e+02   6.0373507e-04
   9.5307883e+02   5.9896615e-04
   9.5449530e+02   5.9423491e-04
   9.5591177e+02   5.8954104e-04
   9.5732824e+02   5.8488424e-04
   9.5874471e+02   5.8026423e-04
   9.6016119e+02   5.7568071e-04
   9.6157766e+02   5.7113340e-04
   9.6299413e+02   5.6662200e-04
   9.6441060e+02   5.6214625e-04
   9.6582707e+02   5.5770584e-04
   9.6724354e+02   5.5330051e-04
   9.6866002e+02   5.4892998e-04
   9.7007649e+02   5.4459397e-04
   9.7149296e+02   5.4029222e-04
   9.7290943e+02   5.3602444e-04
   9.7432590e+02   5.3179037e-04
   9.7574237e+02   5.2758975e-04
   9.7715884e+02   5.2342231e-04
   9.7857532e+02   5.1928778e-04
   9.7999179e+02   5.1518592e-04
   9.8140826e+02   5.1111646e-04
   9.8282473e+02   5.0707914e-04
   9.8424120e+02   5.0307371e-04
   9.8565767e+02   4.9909992e-04
   9.8707414e+02   4.9515752e-04
   9.8849062e+02   4.9124626e-04
   9.8990709e+02   4.8736590e-04
   9.9132356e+02   4.8351619e-04
   9.9274003e+02   4.7969688e-04
   9.9415650e+02   4.7590775e-04
   9.9557297e+02   4.7214854e-04
   9.9698944e+02   4.6841903e-04
   9.9840592e+02   4.6471898e-04
   9.9982239e+02   4.6104816e-04
   1.0012389e+03   4.5740633e-04
   1.0026553e+03   4.5379327e-04
   1.0040718e+03   4.5020875e-04
   1.0054883e+03   4.4665254e-04
   1.0069047e+03   4.4312442e-04
   1.0083212e+03   4.3962418e-04
   1.0097377e+03   4.3615158e-04
   1.0111542e+03   4.3270641e-04
   1.0125706e+03   4.2928845e-04
   1.0139871e+03   4.2589749e-04
   1.0154036e+03   4.2253332e-04
   1.0168200e+03   4.1919572e-04
   1.0182365e+03   4.1588449e-04
   1.0196530e+03   4.1259941e-04
   1.0210695e+03   4.0934028e-04
   1.0224859e+03   4.0610689e-04
   1.0239024e+03   4.0289904e-04
   1.0253189e+03   3.9971654e-04
   1.0267353e+03   3.9655917e-04
   1.0281518e+03   3.9342674e-04
   1.0295683e+03   3.9031905e-04
   1.0309848e+03   3.8723592e-04
   1.0324012e+03   3.8417713e-04
   1.0338177e+03   3.8114251e-04
   1.0352342e+03   3.7813186e-04
   1.0366506e+03   3.7514499e-04
   1.0380671e+03   3.7218171e-04
   1.0394836e+03   3.6924184e-04
   1.0409001e+03   3.6632519e-04
   1.0423165e+03   3.6343158e-04
   1.0437330e+03   3.6056083e-04
   1.0451495e+03   3.5771275e-04
   1.0465659e+03   3.5488717e-04
   1.0479824e+03   3.5208391e-04
   1.0493989e+03   3.4930280e-04
   1.0508154e+03   3.4654365e-04
   1.0522318e+03   3.4380629e-04
   1.0536483e+03   3.4109056e-04
   1.0550648e+03   3.3839628e-04
   1.0564812e+03   3.3572328e-04
   1.0578977e+03   3.3307139e-04
   1.0593142e+03   3.3044046e-04
   1.0607307e+03   3.2783030e-04
   1.0621471e+03   3.2524076e-04
   1.0635636e+03   3.2267168e-04
   1.0649801e+03   3.2012289e-04
   1.0663965e+03   3.1759423e-04
   1.0678130e+03   3.1508555e-04
   1.0692295e+03   3.1259669e-04
   1.0706460e+03   3.1012748e-04
   1.0720624e+03   3.0767778e-04
   1.0734789e+03   3.0524742e-04
   1.0748954e+03   3.0283627e-04
   1.0763118e+03   3.0044416e-04
   1.0777283e+03   2.9807094e-04
   1.0791448e+03   2.9571648e-04
   1.0805613e+03   2.9338061e-04
   1.0819777e+03   2.9106319e-04
   1.0833942e+03   2.8876407e-04
   1.0848107e+03   2.8648312e-04
   1.0862271e+03   2.8422018e-04
   1.0876436e+03   2.8197512e-04
   1.0890601e+03   2.7974780e-04
   1.0904766e+03   2.7753806e-04
   1.0918930e+03   2.7534579e-04
   1.0933095e+03   2.7317082e-04
   1.0947260e+03   2.7101304e-04
   1.0961424e+03   2.6887231e-04
   1.0975589e+03   2.6674848e-04
   1.0989754e+03   2.6464143e-04
   1.1003919e+03   2.6255102e-04
   1.1018083e+03   2.6047712e-04
   1.1032248e+03   2.5841961e-04
   1.1046413e+03   2.5637835e-04
   1.1060577e+03   2.5435321e-04
   1.1074742e+03   2.5234407e-04
   1.1088907e+03   2.5035080e-04
   1.1103072e+03   2.4837327e-04
   1.1117236e+03   2.4641137e-04
   1.1131401e+03   2.4446496e-04
   1.1145566e+03   2.4253393e-04
   1.1159730e+03   2.4061815e-04
   1.1173895e+03   2.3871750e-04
   1.1188060e+03   2.3683187e-04
   1.1202225e+03   2.3496113e-04
   1.1216389e+03   2.3310516e-04
   1.1230554e+03   2.3126386e-04
   1.1244719e+03   2.2943710e-04
   1.1258883e+03   2.2762478e-04
   1.1273048e+03   2.2582676e-04
   1.1287213e+03   2.2404295e-04
   1.1301378e+03   2.2227323e-04
   1.1315542e+03   2.2051749e-04
   1.1329707e+03   2.1877562e-04
   1.1343872e+03   2.1704751e-04
   1.1358036e+03   2.1533305e-04
   1.1372201e+03   2.1363213e-04
   1.1386366e+03   2.1194464e-04
   1.1400531e+03   2.1027049e-04
   1.1414695e+03   2.0860956e-04
   1.1428860e+03   2.0696175e-04
   1.1443025e+03   2.0532695e-04
   1.1457189e+03   2.0370507e-04
   1.1471354e+03   2.0209600e-04
   1.1485519e+03   2.0049964e-04
   1.1499684e+03   1.9891589e-04
   1.1513848e+03   1.9734465e-04
   1.1528013e+03   1.9578582e-04
   1.1542178e+03   1.9423930e-04
   1.1556342e+03   1.9270500e-04
   1.1570507e+03   1.9118282e-04
   1.1584672e+03   1.8967267e-04
   1.1598837e+03   1.8817444e-04
   1.1613001e+03   1.8668805e-04
   1.1627166e+03   1.8521339e-04
   1.1641331e+03   1.8375039e-04
   1.1655495e+03   1.8229894e-04
   1.1669660e+03   1.8085896e-04
   1.1683825e+03   1.7943035e-04
   1.1697990e+03   1.7801303e-04
   1.1712154e+03   1.7660690e-04
   1.1726319e+03   1.7521188e-04
   1.1740484e+03   1.7382788e-04
   1.1754648e+03   1.7245481e-04
   1.1768813e+03   1.7109258e-04
   1.1782978e+03   1.6974112e-04
   1.1797143e+03   1.6840033e-04
   1.1811307e+03   1.6707013e-04
   1.1825472e+03   1.6575044e-04
   1.1839637e+03   1.6444118e-04
   1.1853802e+03   1.6314225e-04
   1.1867966e+03   1.6185359e-04
   1.1882131e+03   1.6057510e-04
   1.1896296e+03   1.5930672e-04
   1.1910460e+03   1.5804835e-04
   1.1924625e+03   1.5679992e-04
   1.1938790e+03   1.5556136e-04
   1.1952955e+03   1.5433258e-04
   1.1967119e+03   1.5311350e-04
   1.1981284e+03   1.5190405e-04
   1.1995449e+03   1.5070416e-04
   1.2009613e+03   1.4951375e-04
   1.2023778e+03   1.4833273e-04
   1.2037943e+03   1.4716105e-04
   1.2052108e+03   1.4599862e-04
   1.2066272e+03   1.4484538e-04
   1.2080437e+03   1.4370124e-04
   1.2094602e+03   1.4256614e-04
   1.2108766e+03   1.4144001e-04
   1.2122931e+03   1.4032277e-04
   1.2137096e+03   1.3921436e-04
   1.2151261e+03   1.3811470e-04
   1.2165425e+03   1.3702373e-04
   1.2179590e+03   1.3594138e-04
   1.2193755e+03   1.3486758e-04
   1.2207919e+03   1.3380225e-04
   1.2222084e+03   1.3274535e-04
   1.2236249e+03   1.3169679e-04
   1.2250414e+03   1.3065651e-04
   1.2264578e+03   1.2962446e-04
   1.2278743e+03   1.2860055e-04
   1.2292908e+03   1.2758473e-04
   1.2307072e+03   1.2657694e-04
   1.2321237e+03   1.2557710e-04
   1.2335402e+03   1.2458517e-04
   1.2349567e+03   1.2360107e-04
   1.2363731e+03   1.2262474e-04
   1.2377896e+03   1.2165613e-04
   1.2392061e+03   1.2069516e-04
   1.2406225e+03   1.1974179e-04
   1.2420390e+03   1.1879595e-04
   1.2434555e+03   1.1785757e-04
   1.2448720e+03   1.1692662e-04
   1.2462884e+03   1.1600301e-04
   1.2477049e+03   1.1508670e-04
   1.2491214e+03   1.1417763e-04
   1.2505378e+03   1.1327574e-04
   1.2519543e+03   1.1238097e-04
   1.2533708e+03   1.1149327e-04
   1.2547873e+03   1.1061258e-04
   1.2562037e+03   1.0973885e-04
   1.2576202e+03   1.0887202e-04
   1.2590367e+03   1.0801204e-04
   1.2604531e+03   1.0715885e-04
   1.2618696e+03   1.0631240e-04
   1.2632861e+03   1.0547264e-04
   1.2647026e+03   1.0463951e-04
   1.2661190e+03   1.0381296e-04
   1.2675355e+03   1.0299294e-04
   1.2689520e+03   1.0217939e-04
   1.2703684e+03   1.0137228e-04
   1.2717849e+03   1.0057154e-04
   1.2732014e+03   9.9777119e-05
   1.2746179e+03   9.8988978e-05
   1.2760343e+03   9.8207062e-05
   1.2774508e+03   9.7431322e-05
   1.2788673e+03   9.6661710e-05
   1.2802837e+03   9.5898178e-05
   1.2817002e+03   9.5140676e-05
   1.2831167e+03   9.4389158e-05
   1.2845332e+03   9.3643576e-05
   1.2859496e+03   9.2903884e-05
   1.2873661e+03   9.2170035e-05
   1.2887826e+03   9.1441982e-05
   1.2901990e+03   9.0719680e-05
   1.2916155e+03   9.0003083e-05
   1.2930320e+03   8.9292147e-05
   1.2944485e+03   8.8586827e-05
   1.2958649e+03   8.7887078e-05
   1.2972814e+03   8.7192856e-05
   1.2986979e+03   8.6504118e-05
   1.3001143e+03   8.5820820e-05
   1.3015308e+03   8.5142920e-05
   1.3029473e+03   8.4470375e-05
   1.3043638e+03   8.3803142e-05
   1.3057802e+03   8.3141179e-05
   1.3071967e+03   8.2484445e-05
   1.3086132e+03   8.1832899e-05
   1.3100296e+03   8.1186499e-05
   1.3114461e+03   8.0545206e-05
   1.3128626e+03   7.9908978e-05
   1.3142791e+03   7.9277775e-05
   1.3156955e+03   7.8651558e-05
   1.3171120e+03   7.8030288e-05
   1.3185285e+03   7.7413926e-05
   1.3199449e+03   7.6802432e-05
   1.3213614e+03   7.6195768e-05
   1.3227779e+03   7.5593896e-05
   1.3241944e+03   7.4996778e-05
   1.3256108e+03   7.4404377e-05
   1.3270273e+03   7.3816656e-05
   1.3284438e+03   7.3233577e-05
   1.3298602e+03   7.2655103e-05
   1.3312767e+03   7.2081199e-05
   1.3326932e+03   7.1511828e-05
   1.3341097e+03   7.0946955e-05
   1.3355261e+03   7.0386544e-05
   1.3369426e+03   6.9830559e-05
   1.3383591e+03   6.9278966e-05
   1.3397755e+03   6.8731730e-05
   1.3411920e+03   6.8188817e-05
   1.3426085e+03   6.7650192e-05
   1.3440250e+03   6.7115822e-05
   1.3454414e+03   6.6585673e-05
   1.3468579e+03   6.6059712e-05
   1.3482744e+03   6.5537905e-05
   1.3496908e+03   6.5020219e-05
   1.3511073e+03   6.4506624e-05
   1.3525238e+03   6.3997084e-05
   1.3539403e+03   6.3491570e-05
   1.3553567e+03   6.2990049e-05
   1.3567732e+03   6.2492490e-05
   1.3581897e+03   6.1998860e-05
   1.3596061e+03   6.1509130e-05
   1.3610226e+03   6.1023268e-05
   1.3624391e+03   6.0541244e-05
   1.3638556e+03   6.0063028e-05
   1.3652720e+03   5.9588589e-05
   1.3666885e+03   5.9117897e-05
   1.3681050e+03   5.8650924e-05
   1.3695214e+03   5.8187639e-05
   1.3709379e+03   5.7728014e-05
   1.3723544e+03   5.7272019e-05
   1.3737709e+03   5.6819627e-05
   1.3751873e+03   5.6370807e-05
   1.3766038e+03   5.5925533e-05
   1.3780203e+03   5.5483776e-05
   1.3794367e+03   5.5045509e-05
   1.3808532e+03   5.4610704e-05
   1.3822697e+03   5.4179333e-05
   1.3836862e+03   5.3751369e-05
   1.3851026e+03   5.3326786e-05
   1.3865191e+03   5.2905557e-05
   1.3879356e+03   5.2487655e-05
   1.3893520e+03   5.2073054e-05
   1.3907685e+03   5.1661728e-05
   1.3921850e+03   5.1253651e-05
   1.3936015e+03   5.0848797e-05
   1.3950179e+03   5.0447141e-05
   1.3964344e+03   5.0048659e-05
   1.3978509e+03   4.9653323e-05
   1.3992673e+03   4.9261111e-05
   1.4006838e+03   4.8871996e-05
   1.4021003e+03   4.8485955e-05
   1.4035168e+03   4.8102964e-05
   1.4049332e+03   4.7722998e-05
   1.4063497e+03   4.7346033e-05
   1.4077662e+03   4.6972046e-05
   1.4091826e+03   4.6601013e-05
   1.4105991e+03   4.6232910e-05
   1.4120156e+03   4.5867716e-05
   1.4134321e+03   4.5505406e-05
   1.4148485e+03   4.5145958e-05
   1.4162650e+03   4.4789349e-05
   1.4176815e+03   4.4435557e-05
   1.4190979e+03   4.4084560e-05
   1.4205144e+03   4.3736335e-05
   1.4219309e+03   4.3390861e-05
   1.4233474e+03   4.3048116e-05
   1.4247638e+03   4.2708078e-05
   1.4261803e+03   4.2370726e-05
   1.4275968e+03   4.2036039e-05
   1.4290132e+03   4.1703995e-05
   1.4304297e+03   4.1374574e-05
   1.4318462e+03   4.1047756e-05
   1.4332627e+03   4.0723519e-05
   1.4346791e+03   4.0401843e-05
   1.4360956e+03   4.0082708e-05
   1.4375121e+03   3.9766094e-05
   1.4389285e+03   3.9451981e-05
   1.4403450e+03   3.9140349e-05
   1.4417615e+03   3.8831179e-05
   1.4431780e+03   3.8524450e-05
   1.4445944e+03   3.8220145e-05
   1.4460109e+03   3.7918243e-05
   1.4474274e+03   3.7618726e-05
   1.4488438e+03   3.7321575e-05
   1.4502603e+03   3.7026772e-05
   1.4516768e+03   3.6734296e-05
   1.4530933e+03   3.6444132e-05
   1.4545097e+03   3.6156259e-05
   1.4559262e+03   3.5870660e-05
   1.4573427e+03   3.5587317e-05
   1.4587591e+03   3.5306212e-05
   1.4601756e+03   3.5027327e-05
   1.4615921e+03   3.4750646e-05
   1.4630086e+03   3.4476150e-05
   1.4644250e+03   3.4203822e-05
   1.4658415e+03   3.3933645e-05
   1.4672580e+03   3.3665603e-05
   1.4686744e+03   3.3399678e-05
   1.4700909e+03   3.3135853e-05
   1.4715074e+03   3.2874112e-05
   1.4729239e+03   3.2614439e-05
   1.4743403e+03   3.2356817e-05
   1.4757568e+03   3.2101230e-05
   1.4771733e+03   3.1847662e-05
   1.4785897e+03   3.1596096e-05
   1.4800062e+03   3.1346518e-05
   1.4814227e+03   3.1098911e-05
   1.4828392e+03   3.0853261e-05
   1.4842556e+03   3.0609550e-05
   1.4856721e+03   3.0367765e-05
   1.4870886e+03   3.0127889e-05
   1.4885050e+03   2.9889908e-05
   1.4899215e+03   2.9653807e-05
   1.4913380e+03   2.9419571e-05
   1.4927545e+03   2.9187186e-05
   1.4941709e+03   2.8956636e-05
   1.4955874e+03   2.8727907e-05
   1.4970039e+03   2.8500984e-05
   1.4984203e+03   2.8275854e-05
   1.4998368e+03   2.8052503e-05
   1.5012533e+03   2.7830916e-05
   1.5026698e+03   2.7611079e-05
   1.5040862e+03   2.7392978e-05
   1.5055027e+03   2.7176601e-05
   1.5069192e+03   2.6961932e-05
   1.5083356e+03   2.6748959e-05
   1.5097521e+03   2.6537669e-05
   1.5111686e+03   2.6328047e-05
   1.5125851e+03   2.6120082e-05
   1.5140015e+03   2.5913758e-05
   1.5154180e+03   2.5709065e-05
   1.5168345e+03   2.5505989e-05
   1.5182509e+03   2.5304517e-05
   1.5196674e+03   2.5104636e-05
   1.5210839e+03   2.4906334e-05
   1.5225004e+03   2.4709598e-05
   1.5239168e+03   2.4514417e-05
   1.5253333e+03   2.4320777e-05
   1.5267498e+03   2.4128666e-05
   1.5281662e+03   2.3938074e-05
   1.5295827e+03   2.3748986e-05
   1.5309992e+03   2.3561393e-05
   1.5324157e+03   2.3375281e-05
   1.5338321e+03   2.3190639e-05
   1.5352486e+03   2.3007456e-05
   1.5366651e+03   2.2825719e-05
   1.5380815e+03   2.2645419e-05
   1.5394980e+03   2.2466542e-05
   1.5409145e+03   2.2289078e-05
   1.5423310e+03   2.2113016e-05
   1.5437474e+03   2.1938345e-05
   1.5451639e+03   2.1765054e-05
   1.5465804e+03   2.1593131e-05
   1.5479968e+03   2.1422567e-05
   1.5494133e+03   2.1253350e-05
   1.5508298e+03   2.1085469e-05
   1.5522463e+03   2.0918914e-05
   1.5536627e+03   2.0753676e-05
   1.5550792e+03   2.0589742e-05
   1.5564957e+03   2.0427103e-05
   1.5579121e+03   2.0265749e-05
   1.5593286e+03   2.0105669e-05
   1.5607451e+03   1.9946854e-05
   1.5621616e+03   1.9789294e-05
   1.5635780e+03   1.9632978e-05
   1.5649945e+03   1.9477897e-05
   1.5664110e+03   1.9324040e-05
   1.5678274e+03   1.9171399e-05
   1.5692439e+03   1.9019964e-05
   1.5706604e+03   1.8869725e-05
   1.5720769e+03   1.8720673e-05
   1.5734933e+03   1.8572798e-05
   1.5749098e+03   1.8426091e-05
   1.5763263e+03   1.8280543e-05
   1.5777427e+03   1.8136144e-05
   1.5791592e+03   1.7992887e-05
   1.5805757e+03   1.7850761e-05
   1.5819922e+03   1.7709757e-05
   1.5834086e+03   1.7569867e-05
   1.5848251e+03   1.7431083e-05
   1.5862416e+03   1.7293394e-05
   1.5876580e+03   1.7156793e-05
   1.5890745e+03   1.7021272e-05
   1.5904910e+03   1.6886820e-05
   1.5919075e+03   1.6753431e-05
   1.5933239e+03   1.6621095e-05
   1.5947404e+03   1.6489805e-05
   1.5961569e+03   1.6359552e-05
   1.5975733e+03   1.6230327e-05
   1.5989898e+03   1.6102123e-05
   1.6004063e+03   1.5974933e-05
   1.6018228e+03   1.5848746e-05
   1.6032392e+03   1.5723557e-05
   1.6046557e+03   1.5599356e-05
   1.6060722e+03   1.5476136e-05
   1.6074886e+03   1.5353890e-05
   1.6089051e+03   1.5232609e-05
   1.6103216e+03   1.5112287e-05
   1.6117381e+03   1.4992915e-05
   1.6131545e+03   1.4874485e-05
   1.6145710e+03   1.4756991e-05
   1.6159875e+03   1.4640426e-05
   1.6174039e+03   1.4524781e-05
   1.6188204e+03   1.4410049e-05
   1.6202369e+03   1.4296224e-05
   1.6216534e+03   1.4183298e-05
   1.6230698e+03   1.4071264e-05
   1.6244863e+03   1.3960114e-05
   1.6259028e+03   1.3849843e-05
   1.6273192e+03   1.3740443e-05
   1.6287357e+03   1.3631907e-05
   1.6301522e+03   1.3524228e-05
   1.6315687e+03   1.3417400e-05
   1.6329851e+03   1.3311416e-05
   1.6344016e+03   1.3206269e-05
   1.6358181e+03   1.3101952e-05
   1.6372345e+03   1.2998460e-05
   1.6386510e+03   1.2895785e-05
   1.6400675e+03   1.2793920e-05
   1.6414840e+03   1.2692861e-05
   1.6429004e+03   1.2592600e-05
   1.6443169e+03   1.2493131e-05
   1.6457334e+03   1.2394447e-05
   1.6471498e+03   1.2296543e-05
   1.6485663e+03   1.2199413e-05
   1.6499828e+03   1.2103049e-05
   1.6513993e+03   1.2007447e-05
   1.6528157e+03   1.1912600e-05
   1.6542322e+03   1.1818502e-05
   1.6556487e+03   1.1725148e-05
   1.6570652e+03   1.1632530e-05
   1.6584816e+03   1.1540645e-05
   1.6598981e+03   1.1449485e-05
   1.6613146e+03   1.1359045e-05
   1.6627310e+03   1.1269320e-05
   1.6641475e+03   1.1180303e-05
   1.6655640e+03   1.1091990e-05
   1.6669805e+03   1.1004374e-05
   1.6683969e+03   1.0917450e-05
   1.6698134e+03   1.0831213e-05
   1.6712299e+03   1.0745657e-05
   1.6726463e+03   1.0660777e-05
   1.6740628e+03   1.0576568e-05
   1.6754793e+03   1.0493023e-05
   1.6768958e+03   1.0410138e-05
   1.6783122e+03   1.0327909e-05
   1.6797287e+03   1.0246328e-05
   1.6811452e+03   1.0165392e-05
   1.6825616e+03   1.0085096e-05
   1.6839781e+03   1.0005433e-05
   1.6853946e+03   9.9264002e-06
   1.6868111e+03   9.8479913e-06
   1.6882275e+03   9.7702019e-06
   1.6896440e+03   9.6930269e-06
   1.6910605e+03   9.6164615e-06
   1.6924769e+03   9.5405008e-06
   1.6938934e+03   9.4651402e-06
   1.6953099e+03   9.3903749e-06
   1.6967264e+03   9.3162002e-06
   1.6981428e+03   9.2426113e-06
   1.6995593e+03   9.1696038e-06
   1.7009758e+03   9.0971729e-06
   1.7023922e+03   9.0253142e-06
   1.7038087e+03   8.9540230e-06
   1.7052252e+03   8.8832950e-06
   1.7066417e+03   8.8131257e-06
   1.7080581e+03   8.7435107e-06
   1.7094746e+03   8.6744455e-06
   1.7108911e+03   8.6059259e-06
   1.7123075e+03   8.5379475e-06
   1.7137240e+03   8.4705061e-06
   1.7151405e+03   8.4035974e-06
   1.7165570e+03   8.3372173e-06
   1.7179734e+03   8.2713614e-06
   1.7193899e+03   8.2060258e-06
   1.7208064e+03   8.1412062e-06
   1.7222228e+03   8.0768987e-06
   1.7236393e+03   8.0130991e-06
   1.7250558e+03   7.9498035e-06
   1.7264723e+03   7.8870078e-06
   1.7278887e+03   7.8247082e-06
   1.7293052e+03   7.7629007e-06
   1.7307217e+03   7.7015814e-06
   1.7321381e+03   7.6407465e-06
   1.7335546e+03   7.5803921e-06
   1.7349711e+03   7.5205144e-06
   1.7363876e+03   7.4611097e-06
   1.7378040e+03   7.4021743e-06
   1.7392205e+03   7.3437044e-06
   1.7406370e+03   7.2856963e-06
   1.7420534e+03   7.2281464e-06
   1.7434699e+03   7.1710512e-06
   1.7448864e+03   7.1144069e-06
   1.7463029e+03   7.0582101e-06
   1.7477193e+03   7.0024571e-06
   1.7491358e+03   6.9471446e-06
   1.7505523e+03   6.8922690e-06
   1.7519687e+03   6.8378268e-06
   1.7533852e+03   6.7838147e-06
   1.7548017e+03   6.7302292e-06
   1.7562182e+03   6.6770670e-06
   1.7576346e+03   6.6243247e-06
   1.7590511e+03   6.5719991e-06
   1.7604676e+03   6.5200867e-06
   1.7618840e+03   6.4685844e-06
   1.7633005e+03   6.4174889e-06
   1.7647170e+03   6.3667971e-06
   1.7661335e+03   6.3165056e-06
   1.7675499e+03   6.2666114e-06
   1.7689664e+03   6.2171114e-06
   1.7703829e+03   6.1680023e-06
   1.7717993e+03   6.1192811e-06
   1.7732158e+03   6.0709448e-06
   1.7746323e+03   6.0229903e-06
   1.7760488e+03   5.9754146e-06
   1.7774652e+03   5.9282147e-06
   1.7788817e+03   5.8813876e-06
   1.7802982e+03   5.8349304e-06
   1.7817146e+03   5.7888402e-06
   1.7831311e+03   5.7431140e-06
   1.7845476e+03   5.6977490e-06
   1.7859641e+03   5.6527424e-06
   1.7873805e+03   5.6080913e-06
   1.7887970e+03   5.5637929e-06
   1.7902135e+03   5.5198444e-06
   1.7916299e+03   5.4762430e-06
   1.7930464e+03   5.4329861e-06
   1.7944629e+03   5.3900708e-06
   1.7958794e+03   5.3474945e-06
   1.7972958e+03   5.3052546e-06
   1.7987123e+03   5.2633483e-06
   1.8001288e+03   5.2217730e-06
   1.8015452e+03   5.1805261e-06
   1.8029617e+03   5.1396050e-06
   1.8043782e+03   5.0990072e-06
   1.8057947e+03   5.0587300e-06
   1.8072111e+03   5.0187710e-06
   1.8086276e+03   4.9791277e-06
   1.8100441e+03   4.9397974e-06
   1.8114605e+03   4.9007779e-06
   1.8128770e+03   4.8620665e-06
   1.8142935e+03   4.8236610e-06
   1.8157100e+03   4.7855588e-06
   1.8171264e+03   4.7477576e-06
   1.8185429e+03   4.7102549e-06
   1.8199594e+03   4.6730486e-06
   1.8213758e+03   4.6361361e-06
   1.8227923e+03   4.5995151e-06
   1.8242088e+03   4.5631835e-06
   1.8256253e+03   4.5271388e-06
   1.8270417e+03   4.4913788e-06
   1.8284582e+03   4.4559014e-06
   1.8298747e+03   4.4207041e-06
   1.8312911e+03   4.3857849e-06
   1.8327076e+03   4.3511415e-06
   1.8341241e+03   4.3167717e-06
   1.8355406e+03   4.2826735e-06
   1.8369570e+03   4.2488446e-06
   1.8383735e+03   4.2152829e-06
   1.8397900e+03   4.1819863e-06
   1.8412064e+03   4.1489527e-06
   1.8426229e+03   4.1161800e-06
   1.8440394e+03   4.0836662e-06
   1.8454559e+03   4.0514093e-06
   1.8468723e+03   4.0194071e-06
   1.8482888e+03   3.9876577e-06
   1.8497053e+03   3.9561592e-06
   1.8511217e+03   3.9249094e-06
   1.8525382e+03   3.8939064e-06
   1.8539547e+03   3.8631484e-06
   1.8553712e+03   3.8326333e-06
   1.8567876e+03   3.8023593e-06
   1.8582041e+03   3.7723244e-06
   1.8596206e+03   3.7425267e-06
   1.8610370e+03   3.7129644e-06
   1.8624535e+03   3.6836356e-06
   1.8638700e+03   3.6545385e-06
   1.8652865e+03   3.6256713e-06
   1.8667029e+03   3.5970320e-06
   1.8681194e+03   3.5686190e-06
   1.8695359e+03   3.5404304e-06
   1.8709523e+03   3.5124645e-06
   1.8723688e+03   3.4847195e-06
   1.8737853e+03   3.4571936e-06
   1.8752018e+03   3.4298852e-06
   1.8766182e+03   3.4027924e-06
   1.8780347e+03   3.3759137e-06
   1.8794512e+03   3.3492473e-06
   1.8808676e+03   3.3227915e-06
   1.8822841e+03   3.2965447e-06
   1.8837006e+03   3.2705053e-06
   1.8851171e+03   3.2446715e-06
   1.8865335e+03   3.2190418e-06
   1.8879500e+03   3.1936145e-06
