   4.2220000e+02   6.4299775e-05
   4.2509449e+02   7.5001251e-05
   4.2798899e+02   8.7164926e-05
   4.3088348e+02   1.0093347e-04
   4.3377798e+02   1.1645416e-04
   4.3667247e+02   1.3387754e-04
   4.3956697e+02   1.5335576e-04
   4.4246146e+02   1.7504076e-04
   4.4535596e+02   1.9908218e-04
   4.4825045e+02   2.2562509e-04
   4.5114494e+02   2.5480751e-04
   4.5403944e+02   2.8675783e-04
   4.5693393e+02   3.2159208e-04
   4.5982843e+02   3.5941114e-04
   4.6272292e+02   4.0029801e-04
   4.6561742e+02   4.4431503e-04
   4.6851191e+02   4.9150133e-04
   4.7140641e+02   5.4187034e-04
   4.7430090e+02   5.9540771e-04
   4.7719540e+02   6.5206935e-04
   4.8008989e+02   7.1178002e-04
   4.8298438e+02   7.7443227e-04
   4.8587888e+02   8.3988583e-04
   4.8877337e+02   9.0796763e-04
   4.9166787e+02   9.7847225e-04
   4.9456236e+02   1.0511630e-03
   4.9745686e+02   1.1257738e-03
   5.0035135e+02   1.2020108e-03
   5.0324585e+02   1.2795558e-03
   5.0614034e+02   1.3580692e-03
   5.0903483e+02   1.4371935e-03
   5.1192933e+02   1.5165579e-03
   5.1482382e+02   1.5957819e-03
   5.1771832e+02   1.6744808e-03
   5.2061281e+02   1.7522696e-03
   5.2350731e+02   1.8287682e-03
   5.2640180e+02   1.9036062e-03
   5.2929630e+02   1.9764269e-03
   5.3219079e+02   2.0468922e-03
   5.3508529e+02   2.1146860e-03
   5.3797978e+02   2.1795181e-03
   5.4087427e+02   2.2411273e-03
   5.4376877e+02   2.2992835e-03
   5.4666326e+02   2.3537901e-03
   5.4955776e+02   2.4044852e-03
   5.5245225e+02   2.4512423e-03
   5.5534675e+02   2.4939708e-03
   5.5824124e+02   2.5326152e-03
   5.6113574e+02   2.5671545e-03
   5.6403023e+02   2.5976007e-03
   5.6692472e+02   2.6239967e-03
   5.6981922e+02   2.6464145e-03
   5.7271371e+02   2.6649524e-03
   5.7560821e+02   2.6797320e-03
   5.7850270e+02   2.6908956e-03
   5.8139720e+02   2.6986028e-03
   5.8429169e+02   2.7030278e-03
   5.8718619e+02   2.7043558e-03
   5.9008068e+02   2.7027801e-03
   5.9297518e+02   2.6984996e-03
   5.9586967e+02   2.6917157e-03
   5.9876416e+02   2.6826299e-03
   6.0165866e+02   2.6714416e-03
   6.0455315e+02   2.6583462e-03
   6.0744765e+02   2.6435331e-03
   6.1034214e+02   2.6271846e-03
   6.1323664e+02   2.6094743e-03
   6.1613113e+02   2.5905667e-03
   6.1902563e+02   2.5706160e-03
   6.2192012e+02   2.5497660e-03
   6.2481461e+02   2.5281499e-03
   6.2770911e+02   2.5058897e-03
   6.3060360e+02   2.4830973e-03
   6.3349810e+02   2.4598738e-03
   6.3639259e+02   2.4363104e-03
   6.3928709e+02   2.4124888e-03
   6.4218158e+02   2.3884816e-03
   6.4507608e+02   2.3643528e-03
   6.4797057e+02   2.3401589e-03
   6.5086507e+02   2.3159490e-03
   6.5375956e+02   2.2917656e-03
   6.5665405e+02   2.2676453e-03
   6.5954855e+02   2.2436194e-03
   6.6244304e+02   2.2197144e-03
   6.6533754e+02   2.1959526e-03
   6.6823203e+02   2.1723524e-03
   6.7112653e+02   2.1489292e-03
   6.7402102e+02   2.1256955e-03
   6.7691552e+02   2.1026612e-03
   6.7981001e+02   2.0798343e-03
   6.8270450e+02   2.0572209e-03
   6.8559900e+02   2.0348255e-03
   6.8849349e+02   2.0126516e-03
   6.9138799e+02   1.9907014e-03
   6.9428248e+02   1.9689763e-03
   6.9717698e+02   1.9474768e-03
   7.0007147e+02   1.9262031e-03
   7.0296597e+02   1.9051547e-03
   7.0586046e+02   1.8843307e-03
   7.0875495e+02   1.8637299e-03
   7.1164945e+02   1.8433510e-03
   7.1454394e+02   1.8231923e-03
   7.1743844e+02   1.8032520e-03
   7.2033293e+02   1.7835283e-03
   7.2322743e+02   1.7640191e-03
   7.2612192e+02   1.7447224e-03
   7.2901642e+02   1.7256361e-03
   7.3191091e+02   1.7067580e-03
   7.3480541e+02   1.6880861e-03
   7.3769990e+02   1.6696182e-03
   7.4059439e+02   1.6513521e-03
   7.4348889e+02   1.6332857e-03
   7.4638338e+02   1.6154168e-03
   7.4927788e+02   1.5977433e-03
   7.5217237e+02   1.5802632e-03
   7.5506687e+02   1.5629742e-03
   7.5796136e+02   1.5458743e-03
   7.6085586e+02   1.5289615e-03
   7.6375035e+02   1.5122337e-03
   7.6664484e+02   1.4956889e-03
   7.6953934e+02   1.4793251e-03
   7.7243383e+02   1.4631403e-03
   7.7532833e+02   1.4471326e-03
   7.7822282e+02   1.4313000e-03
   7.8111732e+02   1.4156407e-03
   7.8401181e+02   1.4001526e-03
   7.8690631e+02   1.3848341e-03
   7.8980080e+02   1.3696831e-03
   7.9269530e+02   1.3546978e-03
   7.9558979e+02   1.3398766e-03
   7.9848428e+02   1.3252174e-03
   8.0137878e+02   1.3107187e-03
   8.0427327e+02   1.2963786e-03
   8.0716777e+02   1.2821953e-03
   8.1006226e+02   1.2681673e-03
   8.1295676e+02   1.2542927e-03
   8.1585125e+02   1.2405699e-03
   8.1874575e+02   1.2269972e-03
   8.2164024e+02   1.2135731e-03
   8.2453473e+02   1.2002958e-03
   8.2742923e+02   1.1871638e-03
   8.3032372e+02   1.1741754e-03
   8.3321822e+02   1.1613292e-03
   8.3611271e+02   1.1486235e-03
   8.3900721e+02   1.1360568e-03
   8.4190170e+02   1.1236276e-03
   8.4479620e+02   1.1113344e-03
   8.4769069e+02   1.0991756e-03
   8.5058519e+02   1.0871499e-03
   8.5347968e+02   1.0752558e-03
   8.5637417e+02   1.0634918e-03
   8.5926867e+02   1.0518565e-03
   8.6216316e+02   1.0403485e-03
   8.6505766e+02   1.0289664e-03
   8.6795215e+02   1.0177088e-03
   8.7084665e+02   1.0065744e-03
   8.7374114e+02   9.9556184e-04
   8.7663564e+02   9.8466974e-04
   8.7953013e+02   9.7389680e-04
   8.8242462e+02   9.6324173e-04
   8.8531912e+02   9.5270324e-04
   8.8821361e+02   9.4228004e-04
   8.9110811e+02   9.3197088e-04
   8.9400260e+02   9.2177450e-04
   8.9689710e+02   9.1168968e-04
   8.9979159e+02   9.0171520e-04
   9.0268609e+02   8.9184984e-04
   9.0558058e+02   8.8209242e-04
   9.0847508e+02   8.7244175e-04
   9.1136957e+02   8.6289667e-04
   9.1426406e+02   8.5345601e-04
   9.1715856e+02   8.4411864e-04
   9.2005305e+02   8.3488343e-04
   9.2294755e+02   8.2574926e-04
   9.2584204e+02   8.1671502e-04
   9.2873654e+02   8.0777962e-04
   9.3163103e+02   7.9894198e-04
   9.3452553e+02   7.9020103e-04
   9.3742002e+02   7.8155571e-04
   9.4031451e+02   7.7300498e-04
   9.4320901e+02   7.6454780e-04
   9.4610350e+02   7.5618314e-04
   9.4899800e+02   7.4791000e-04
   9.5189249e+02   7.3972738e-04
   9.5478699e+02   7.3163427e-04
   9.5768148e+02   7.2362971e-04
   9.6057598e+02   7.1571273e-04
   9.6347047e+02   7.0788236e-04
   9.6636496e+02   7.0013767e-04
   9.6925946e+02   6.9247770e-04
   9.7215395e+02   6.8490154e-04
   9.7504845e+02   6.7740827e-04
   9.7794294e+02   6.6999698e-04
   9.8083744e+02   6.6266677e-04
   9.8373193e+02   6.5541676e-04
   9.8662643e+02   6.4824607e-04
   9.8952092e+02   6.4115383e-04
   9.9241542e+02   6.3413919e-04
   9.9530991e+02   6.2720129e-04
   9.9820440e+02   6.2033930e-04
   1.0010989e+03   6.1355238e-04
   1.0039934e+03   6.0683971e-04
   1.0068879e+03   6.0020049e-04
   1.0097824e+03   5.9363390e-04
   1.0126769e+03   5.8713915e-04
   1.0155714e+03   5.8071547e-04
   1.0184659e+03   5.7436206e-04
   1.0213604e+03   5.6807816e-04
   1.0242549e+03   5.6186301e-04
   1.0271493e+03   5.5571586e-04
   1.0300438e+03   5.4963597e-04
   1.0329383e+03   5.4362259e-04
   1.0358328e+03   5.3767500e-04
   1.0387273e+03   5.3179248e-04
   1.0416218e+03   5.2597432e-04
   1.0445163e+03   5.2021982e-04
   1.0474108e+03   5.1452827e-04
   1.0503053e+03   5.0889900e-04
   1.0531998e+03   5.0333131e-04
   1.0560943e+03   4.9782453e-04
   1.0589888e+03   4.9237800e-04
   1.0618833e+03   4.8699107e-04
   1.0647778e+03   4.8166306e-04
   1.0676723e+03   4.7639335e-04
   1.0705668e+03   4.7118130e-04
   1.0734613e+03   4.6602626e-04
   1.0763558e+03   4.6092763e-04
   1.0792503e+03   4.5588478e-04
   1.0821447e+03   4.5089710e-04
   1.0850392e+03   4.4596399e-04
   1.0879337e+03   4.4108485e-04
   1.0908282e+03   4.3625910e-04
   1.0937227e+03   4.3148613e-04
   1.0966172e+03   4.2676539e-04
   1.0995117e+03   4.2209630e-04
   1.1024062e+03   4.1747829e-04
   1.1053007e+03   4.1291080e-04
   1.1081952e+03   4.0839329e-04
   1.1110897e+03   4.0392520e-04
   1.1139842e+03   3.9950599e-04
   1.1168787e+03   3.9513513e-04
   1.1197732e+03   3.9081209e-04
   1.1226677e+03   3.8653635e-04
   1.1255622e+03   3.8230739e-04
   1.1284567e+03   3.7812470e-04
   1.1313512e+03   3.7398777e-04
   1.1342456e+03   3.6989609e-04
   1.1371401e+03   3.6584919e-04
   1.1400346e+03   3.6184656e-04
   1.1429291e+03   3.5788772e-04
   1.1458236e+03   3.5397219e-04
   1.1487181e+03   3.5009950e-04
   1.1516126e+03   3.4626919e-04
   1.1545071e+03   3.4248077e-04
   1.1574016e+03   3.3873381e-04
   1.1602961e+03   3.3502784e-04
   1.1631906e+03   3.3136241e-04
   1.1660851e+03   3.2773709e-04
   1.1689796e+03   3.2415143e-04
   1.1718741e+03   3.2060500e-04
   1.1747686e+03   3.1709737e-04
   1.1776631e+03   3.1362812e-04
   1.1805576e+03   3.1019682e-04
   1.1834521e+03   3.0680307e-04
   1.1863465e+03   3.0344644e-04
   1.1892410e+03   3.0012654e-04
   1.1921355e+03   2.9684295e-04
   1.1950300e+03   2.9359530e-04
   1.1979245e+03   2.9038317e-04
   1.2008190e+03   2.8720619e-04
   1.2037135e+03   2.8406397e-04
   1.2066080e+03   2.8095612e-04
   1.2095025e+03   2.7788228e-04
   1.2123970e+03   2.7484206e-04
   1.2152915e+03   2.7183511e-04
   1.2181860e+03   2.6886105e-04
   1.2210805e+03   2.6591954e-04
   1.2239750e+03   2.6301020e-04
   1.2268695e+03   2.6013270e-04
   1.2297640e+03   2.5728668e-04
   1.2326585e+03   2.5447179e-04
   1.2355530e+03   2.5168770e-04
   1.2384474e+03   2.4893407e-04
   1.2413419e+03   2.4621057e-04
   1.2442364e+03   2.4351687e-04
   1.2471309e+03   2.4085263e-04
   1.2500254e+03   2.3821755e-04
   1.2529199e+03   2.3561129e-04
   1.2558144e+03   2.3303355e-04
   1.2587089e+03   2.3048401e-04
   1.2616034e+03   2.2796236e-04
   1.2644979e+03   2.2546830e-04
   1.2673924e+03   2.2300153e-04
   1.2702869e+03   2.2056175e-04
   1.2731814e+03   2.1814866e-04
   1.2760759e+03   2.1576197e-04
   1.2789704e+03   2.1340139e-04
   1.2818649e+03   2.1106664e-04
   1.2847594e+03   2.0875743e-04
   1.2876539e+03   2.0647349e-04
   1.2905483e+03   2.0421453e-04
   1.2934428e+03   2.0198029e-04
   1.2963373e+03   1.9977050e-04
   1.2992318e+03   1.9758488e-04
   1.3021263e+03   1.9542317e-04
   1.3050208e+03   1.9328511e-04
   1.3079153e+03   1.9117044e-04
   1.3108098e+03   1.8907891e-04
   1.3137043e+03   1.8701027e-04
   1.3165988e+03   1.8496425e-04
   1.3194933e+03   1.8294062e-04
   1.3223878e+03   1.8093913e-04
   1.3252823e+03   1.7895954e-04
   1.3281768e+03   1.7700160e-04
   1.3310713e+03   1.7506509e-04
   1.3339658e+03   1.7314976e-04
   1.3368603e+03   1.7125539e-04
   1.3397548e+03   1.6938174e-04
   1.3426492e+03   1.6752860e-04
   1.3455437e+03   1.6569572e-04
   1.3484382e+03   1.6388290e-04
   1.3513327e+03   1.6208992e-04
   1.3542272e+03   1.6031655e-04
   1.3571217e+03   1.5856258e-04
   1.3600162e+03   1.5682780e-04
   1.3629107e+03   1.5511200e-04
   1.3658052e+03   1.5341497e-04
   1.3686997e+03   1.5173651e-04
   1.3715942e+03   1.5007642e-04
   1.3744887e+03   1.4843448e-04
   1.3773832e+03   1.4681051e-04
   1.3802777e+03   1.4520431e-04
   1.3831722e+03   1.4361568e-04
   1.3860667e+03   1.4204443e-04
   1.3889612e+03   1.4049037e-04
   1.3918557e+03   1.3895331e-04
   1.3947502e+03   1.3743307e-04
   1.3976446e+03   1.3592946e-04
   1.4005391e+03   1.3444231e-04
   1.4034336e+03   1.3297142e-04
   1.4063281e+03   1.3151662e-04
   1.4092226e+03   1.3007775e-04
   1.4121171e+03   1.2865461e-04
   1.4150116e+03   1.2724704e-04
   1.4179061e+03   1.2585488e-04
   1.4208006e+03   1.2447794e-04
   1.4236951e+03   1.2311607e-04
   1.4265896e+03   1.2176910e-04
   1.4294841e+03   1.2043687e-04
   1.4323786e+03   1.1911921e-04
   1.4352731e+03   1.1781597e-04
   1.4381676e+03   1.1652698e-04
   1.4410621e+03   1.1525210e-04
   1.4439566e+03   1.1399117e-04
   1.4468511e+03   1.1274403e-04
   1.4497455e+03   1.1151054e-04
   1.4526400e+03   1.1029054e-04
   1.4555345e+03   1.0908389e-04
   1.4584290e+03   1.0789044e-04
   1.4613235e+03   1.0671004e-04
   1.4642180e+03   1.0554257e-04
   1.4671125e+03   1.0438786e-04
   1.4700070e+03   1.0324579e-04
   1.4729015e+03   1.0211621e-04
   1.4757960e+03   1.0099899e-04
   1.4786905e+03   9.9893999e-05
   1.4815850e+03   9.8801094e-05
   1.4844795e+03   9.7720145e-05
   1.4873740e+03   9.6651022e-05
   1.4902685e+03   9.5593597e-05
   1.4931630e+03   9.4547740e-05
   1.4960575e+03   9.3513326e-05
   1.4989520e+03   9.2490228e-05
   1.5018464e+03   9.1478325e-05
   1.5047409e+03   9.0477492e-05
   1.5076354e+03   8.9487608e-05
   1.5105299e+03   8.8508555e-05
   1.5134244e+03   8.7540214e-05
   1.5163189e+03   8.6582466e-05
   1.5192134e+03   8.5635197e-05
   1.5221079e+03   8.4698292e-05
   1.5250024e+03   8.3771637e-05
   1.5278969e+03   8.2855120e-05
   1.5307914e+03   8.1948631e-05
   1.5336859e+03   8.1052059e-05
   1.5365804e+03   8.0165296e-05
   1.5394749e+03   7.9288235e-05
   1.5423694e+03   7.8420770e-05
   1.5452639e+03   7.7562795e-05
   1.5481584e+03   7.6714207e-05
   1.5510529e+03   7.5874904e-05
   1.5539473e+03   7.5044782e-05
   1.5568418e+03   7.4223743e-05
   1.5597363e+03   7.3411687e-05
   1.5626308e+03   7.2608515e-05
   1.5655253e+03   7.1814130e-05
   1.5684198e+03   7.1028436e-05
   1.5713143e+03   7.0251338e-05
   1.5742088e+03   6.9482743e-05
   1.5771033e+03   6.8722556e-05
   1.5799978e+03   6.7970686e-05
   1.5828923e+03   6.7227042e-05
   1.5857868e+03   6.6491534e-05
   1.5886813e+03   6.5764073e-05
   1.5915758e+03   6.5044571e-05
   1.5944703e+03   6.4332941e-05
   1.5973648e+03   6.3629096e-05
   1.6002593e+03   6.2932952e-05
   1.6031538e+03   6.2244424e-05
   1.6060482e+03   6.1563429e-05
   1.6089427e+03   6.0889885e-05
   1.6118372e+03   6.0223710e-05
   1.6147317e+03   5.9564823e-05
   1.6176262e+03   5.8913144e-05
   1.6205207e+03   5.8268596e-05
   1.6234152e+03   5.7631099e-05
   1.6263097e+03   5.7000577e-05
   1.6292042e+03   5.6376954e-05
   1.6320987e+03   5.5760153e-05
   1.6349932e+03   5.5150100e-05
   1.6378877e+03   5.4546722e-05
   1.6407822e+03   5.3949945e-05
   1.6436767e+03   5.3359697e-05
   1.6465712e+03   5.2775907e-05
   1.6494657e+03   5.2198504e-05
   1.6523602e+03   5.1627418e-05
   1.6552547e+03   5.1062580e-05
   1.6581491e+03   5.0503922e-05
   1.6610436e+03   4.9951376e-05
   1.6639381e+03   4.9404875e-05
   1.6668326e+03   4.8864353e-05
   1.6697271e+03   4.8329745e-05
   1.6726216e+03   4.7800986e-05
   1.6755161e+03   4.7278012e-05
   1.6784106e+03   4.6760759e-05
   1.6813051e+03   4.6249166e-05
   1.6841996e+03   4.5743170e-05
   1.6870941e+03   4.5242709e-05
   1.6899886e+03   4.4747724e-05
   1.6928831e+03   4.4258155e-05
   1.6957776e+03   4.3773942e-05
   1.6986721e+03   4.3295026e-05
   1.7015666e+03   4.2821350e-05
   1.7044611e+03   4.2352856e-05
   1.7073556e+03   4.1889488e-05
   1.7102501e+03   4.1431190e-05
   1.7131445e+03   4.0977905e-05
   1.7160390e+03   4.0529580e-05
   1.7189335e+03   4.0086160e-05
   1.7218280e+03   3.9647591e-05
   1.7247225e+03   3.9213820e-05
   1.7276170e+03   3.8784795e-05
   1.7305115e+03   3.8360464e-05
   1.7334060e+03   3.7940776e-05
   1.7363005e+03   3.7525679e-05
   1.7391950e+03   3.7115123e-05
   1.7420895e+03   3.6709059e-05
   1.7449840e+03   3.6307438e-05
   1.7478785e+03   3.5910211e-05
   1.7507730e+03   3.5517330e-05
   1.7536675e+03   3.5128747e-05
   1.7565620e+03   3.4744415e-05
   1.7594565e+03   3.4364288e-05
   1.7623510e+03   3.3988321e-05
   1.7652454e+03   3.3616466e-05
   1.7681399e+03   3.3248680e-05
   1.7710344e+03   3.2884917e-05
   1.7739289e+03   3.2525135e-05
   1.7768234e+03   3.2169289e-05
   1.7797179e+03   3.1817335e-05
   1.7826124e+03   3.1469233e-05
   1.7855069e+03   3.1124939e-05
   1.7884014e+03   3.0784412e-05
   1.7912959e+03   3.0447610e-05
   1.7941904e+03   3.0114493e-05
   1.7970849e+03   2.9785021e-05
   1.7999794e+03   2.9459153e-05
   1.8028739e+03   2.9136851e-05
   1.8057684e+03   2.8818074e-05
   1.8086629e+03   2.8502786e-05
   1.8115574e+03   2.8190947e-05
   1.8144519e+03   2.7882519e-05
   1.8173463e+03   2.7577466e-05
   1.8202408e+03   2.7275750e-05
   1.8231353e+03   2.6977336e-05
   1.8260298e+03   2.6682186e-05
   1.8289243e+03   2.6390265e-05
   1.8318188e+03   2.6101539e-05
   1.8347133e+03   2.5815971e-05
   1.8376078e+03   2.5533527e-05
   1.8405023e+03   2.5254173e-05
   1.8433968e+03   2.4977876e-05
   1.8462913e+03   2.4704602e-05
   1.8491858e+03   2.4434317e-05
   1.8520803e+03   2.4166990e-05
   1.8549748e+03   2.3902587e-05
   1.8578693e+03   2.3641077e-05
   1.8607638e+03   2.3382428e-05
   1.8636583e+03   2.3126609e-05
   1.8665528e+03   2.2873589e-05
   1.8694472e+03   2.2623337e-05
   1.8723417e+03   2.2375823e-05
   1.8752362e+03   2.2131016e-05
   1.8781307e+03   2.1888888e-05
   1.8810252e+03   2.1649410e-05
   1.8839197e+03   2.1412551e-05
   1.8868142e+03   2.1178284e-05
   1.8897087e+03   2.0946579e-05
   1.8926032e+03   2.0717410e-05
   1.8954977e+03   2.0490748e-05
   1.8983922e+03   2.0266566e-05
   1.9012867e+03   2.0044836e-05
   1.9041812e+03   1.9825532e-05
   1.9070757e+03   1.9608628e-05
   1.9099702e+03   1.9394097e-05
   1.9128647e+03   1.9181913e-05
   1.9157592e+03   1.8972050e-05
   1.9186537e+03   1.8764483e-05
   1.9215481e+03   1.8559188e-05
   1.9244426e+03   1.8356138e-05
   1.9273371e+03   1.8155310e-05
   1.9302316e+03   1.7956679e-05
   1.9331261e+03   1.7760221e-05
   1.9360206e+03   1.7565912e-05
   1.9389151e+03   1.7373730e-05
   1.9418096e+03   1.7183650e-05
   1.9447041e+03   1.6995649e-05
   1.9475986e+03   1.6809706e-05
   1.9504931e+03   1.6625796e-05
   1.9533876e+03   1.6443899e-05
   1.9562821e+03   1.6263992e-05
   1.9591766e+03   1.6086054e-05
   1.9620711e+03   1.5910062e-05
   1.9649656e+03   1.5735995e-05
   1.9678601e+03   1.5563833e-05
   1.9707546e+03   1.5393554e-05
   1.9736490e+03   1.5225139e-05
   1.9765435e+03   1.5058566e-05
   1.9794380e+03   1.4893815e-05
   1.9823325e+03   1.4730867e-05
   1.9852270e+03   1.4569702e-05
   1.9881215e+03   1.4410300e-05
   1.9910160e+03   1.4252641e-05
   1.9939105e+03   1.4096708e-05
   1.9968050e+03   1.3942481e-05
   1.9996995e+03   1.3789941e-05
   2.0025940e+03   1.3639070e-05
   2.0054885e+03   1.3489850e-05
   2.0083830e+03   1.3342262e-05
   2.0112775e+03   1.3196289e-05
   2.0141720e+03   1.3051913e-05
   2.0170665e+03   1.2909116e-05
   2.0199610e+03   1.2767882e-05
   2.0228555e+03   1.2628193e-05
   2.0257499e+03   1.2490032e-05
   2.0286444e+03   1.2353383e-05
   2.0315389e+03   1.2218229e-05
   2.0344334e+03   1.2084554e-05
   2.0373279e+03   1.1952341e-05
   2.0402224e+03   1.1821574e-05
   2.0431169e+03   1.1692238e-05
   2.0460114e+03   1.1564318e-05
   2.0489059e+03   1.1437796e-05
   2.0518004e+03   1.1312659e-05
   2.0546949e+03   1.1188891e-05
   2.0575894e+03   1.1066478e-05
   2.0604839e+03   1.0945403e-05
   2.0633784e+03   1.0825653e-05
   2.0662729e+03   1.0707213e-05
   2.0691674e+03   1.0590070e-05
   2.0720619e+03   1.0474207e-05
   2.0749564e+03   1.0359613e-05
   2.0778509e+03   1.0246272e-05
   2.0807453e+03   1.0134171e-05
   2.0836398e+03   1.0023296e-05
   2.0865343e+03   9.9136347e-06
   2.0894288e+03   9.8051730e-06
   2.0923233e+03   9.6978980e-06
   2.0952178e+03   9.5917966e-06
   2.0981123e+03   9.4868561e-06
   2.1010068e+03   9.3830637e-06
   2.1039013e+03   9.2804068e-06
   2.1067958e+03   9.1788730e-06
   2.1096903e+03   9.0784501e-06
   2.1125848e+03   8.9791259e-06
   2.1154793e+03   8.8808884e-06
   2.1183738e+03   8.7837257e-06
   2.1212683e+03   8.6876259e-06
   2.1241628e+03   8.5925776e-06
   2.1270573e+03   8.4985692e-06
   2.1299518e+03   8.4055892e-06
   2.1328462e+03   8.3136266e-06
   2.1357407e+03   8.2226700e-06
   2.1386352e+03   8.1327086e-06
   2.1415297e+03   8.0437315e-06
   2.1444242e+03   7.9557278e-06
   2.1473187e+03   7.8686869e-06
   2.1502132e+03   7.7825983e-06
   2.1531077e+03   7.6974515e-06
   2.1560022e+03   7.6132364e-06
   2.1588967e+03   7.5299426e-06
   2.1617912e+03   7.4475601e-06
   2.1646857e+03   7.3660789e-06
   2.1675802e+03   7.2854891e-06
   2.1704747e+03   7.2057811e-06
   2.1733692e+03   7.1269451e-06
   2.1762637e+03   7.0489717e-06
   2.1791582e+03   6.9718513e-06
   2.1820527e+03   6.8955746e-06
   2.1849471e+03   6.8201325e-06
   2.1878416e+03   6.7455158e-06
   2.1907361e+03   6.6717154e-06
   2.1936306e+03   6.5987225e-06
   2.1965251e+03   6.5265281e-06
   2.1994196e+03   6.4551236e-06
   2.2023141e+03   6.3845003e-06
   2.2052086e+03   6.3146497e-06
   2.2081031e+03   6.2455633e-06
   2.2109976e+03   6.1772327e-06
   2.2138921e+03   6.1096498e-06
   2.2167866e+03   6.0428062e-06
   2.2196811e+03   5.9766939e-06
   2.2225756e+03   5.9113050e-06
   2.2254701e+03   5.8466314e-06
   2.2283646e+03   5.7826654e-06
   2.2312591e+03   5.7193993e-06
   2.2341536e+03   5.6568253e-06
   2.2370480e+03   5.5949359e-06
   2.2399425e+03   5.5337236e-06
   2.2428370e+03   5.4731811e-06
   2.2457315e+03   5.4133009e-06
   2.2486260e+03   5.3540758e-06
   2.2515205e+03   5.2954987e-06
   2.2544150e+03   5.2375625e-06
   2.2573095e+03   5.1802601e-06
   2.2602040e+03   5.1235846e-06
   2.2630985e+03   5.0675293e-06
   2.2659930e+03   5.0120872e-06
   2.2688875e+03   4.9572516e-06
   2.2717820e+03   4.9030161e-06
   2.2746765e+03   4.8493738e-06
   2.2775710e+03   4.7963185e-06
   2.2804655e+03   4.7438436e-06
   2.2833600e+03   4.6919429e-06
   2.2862545e+03   4.6406099e-06
   2.2891489e+03   4.5898386e-06
   2.2920434e+03   4.5396228e-06
   2.2949379e+03   4.4899563e-06
   2.2978324e+03   4.4408333e-06
   2.3007269e+03   4.3922476e-06
   2.3036214e+03   4.3441935e-06
   2.3065159e+03   4.2966652e-06
   2.3094104e+03   4.2496569e-06
   2.3123049e+03   4.2031628e-06
   2.3151994e+03   4.1571775e-06
   2.3180939e+03   4.1116952e-06
   2.3209884e+03   4.0667106e-06
   2.3238829e+03   4.0222181e-06
   2.3267774e+03   3.9782124e-06
   2.3296719e+03   3.9346881e-06
   2.3325664e+03   3.8916401e-06
   2.3354609e+03   3.8490630e-06
   2.3383554e+03   3.8069517e-06
   2.3412498e+03   3.7653012e-06
   2.3441443e+03   3.7241063e-06
   2.3470388e+03   3.6833621e-06
   2.3499333e+03   3.6430637e-06
   2.3528278e+03   3.6032062e-06
   2.3557223e+03   3.5637848e-06
   2.3586168e+03   3.5247946e-06
   2.3615113e+03   3.4862311e-06
   2.3644058e+03   3.4480894e-06
   2.3673003e+03   3.4103650e-06
   2.3701948e+03   3.3730534e-06
   2.3730893e+03   3.3361500e-06
   2.3759838e+03   3.2996503e-06
   2.3788783e+03   3.2635500e-06
   2.3817728e+03   3.2278446e-06
   2.3846673e+03   3.1925299e-06
   2.3875618e+03   3.1576015e-06
   2.3904563e+03   3.1230553e-06
   2.3933508e+03   3.0888870e-06
   2.3962452e+03   3.0550925e-06
   2.3991397e+03   3.0216678e-06
   2.4020342e+03   2.9886088e-06
   2.4049287e+03   2.9559114e-06
   2.4078232e+03   2.9235718e-06
   2.4107177e+03   2.8915860e-06
   2.4136122e+03   2.8599502e-06
   2.4165067e+03   2.8286605e-06
   2.4194012e+03   2.7977130e-06
   2.4222957e+03   2.7671042e-06
   2.4251902e+03   2.7368303e-06
   2.4280847e+03   2.7068876e-06
   2.4309792e+03   2.6772724e-06
   2.4338737e+03   2.6479813e-06
   2.4367682e+03   2.6190107e-06
   2.4396627e+03   2.5903570e-06
   2.4425572e+03   2.5620168e-06
   2.4454517e+03   2.5339866e-06
   2.4483461e+03   2.5062632e-06
   2.4512406e+03   2.4788430e-06
   2.4541351e+03   2.4517228e-06
   2.4570296e+03   2.4248994e-06
   2.4599241e+03   2.3983694e-06
   2.4628186e+03   2.3721296e-06
   2.4657131e+03   2.3461770e-06
   2.4686076e+03   2.3205083e-06
   2.4715021e+03   2.2951204e-06
   2.4743966e+03   2.2700103e-06
   2.4772911e+03   2.2451749e-06
   2.4801856e+03   2.2206112e-06
   2.4830801e+03   2.1963162e-06
   2.4859746e+03   2.1722871e-06
   2.4888691e+03   2.1485208e-06
   2.4917636e+03   2.1250146e-06
   2.4946581e+03   2.1017656e-06
   2.4975526e+03   2.0787709e-06
   2.5004470e+03   2.0560277e-06
   2.5033415e+03   2.0335334e-06
   2.5062360e+03   2.0112853e-06
   2.5091305e+03   1.9892805e-06
   2.5120250e+03   1.9675164e-06
   2.5149195e+03   1.9459905e-06
   2.5178140e+03   1.9247001e-06
   2.5207085e+03   1.9036426e-06
   2.5236030e+03   1.8828155e-06
   2.5264975e+03   1.8622163e-06
   2.5293920e+03   1.8418424e-06
   2.5322865e+03   1.8216915e-06
   2.5351810e+03   1.8017610e-06
   2.5380755e+03   1.7820485e-06
   2.5409700e+03   1.7625517e-06
   2.5438645e+03   1.7432683e-06
   2.5467590e+03   1.7241958e-06
   2.5496535e+03   1.7053319e-06
   2.5525479e+03   1.6866745e-06
   2.5554424e+03   1.6682211e-06
   2.5583369e+03   1.6499697e-06
   2.5612314e+03   1.6319180e-06
   2.5641259e+03   1.6140637e-06
   2.5670204e+03   1.5964048e-06
   2.5699149e+03   1.5789391e-06
   2.5728094e+03   1.5616644e-06
   2.5757039e+03   1.5445788e-06
   2.5785984e+03   1.5276801e-06
   2.5814929e+03   1.5109663e-06
   2.5843874e+03   1.4944353e-06
   2.5872819e+03   1.4780852e-06
   2.5901764e+03   1.4619140e-06
   2.5930709e+03   1.4459197e-06
   2.5959654e+03   1.4301004e-06
   2.5988599e+03   1.4144541e-06
   2.6017544e+03   1.3989791e-06
   2.6046488e+03   1.3836733e-06
   2.6075433e+03   1.3685350e-06
   2.6104378e+03   1.3535624e-06
   2.6133323e+03   1.3387535e-06
   2.6162268e+03   1.3241067e-06
   2.6191213e+03   1.3096201e-06
   2.6220158e+03   1.2952920e-06
   2.6249103e+03   1.2811206e-06
   2.6278048e+03   1.2671043e-06
   2.6306993e+03   1.2532414e-06
   2.6335938e+03   1.2395301e-06
   2.6364883e+03   1.2259688e-06
   2.6393828e+03   1.2125559e-06
   2.6422773e+03   1.1992898e-06
   2.6451718e+03   1.1861687e-06
   2.6480663e+03   1.1731913e-06
   2.6509608e+03   1.1603558e-06
   2.6538553e+03   1.1476607e-06
   2.6567497e+03   1.1351046e-06
   2.6596442e+03   1.1226858e-06
   2.6625387e+03   1.1104029e-06
   2.6654332e+03   1.0982543e-06
   2.6683277e+03   1.0862387e-06
   2.6712222e+03   1.0743545e-06
   2.6741167e+03   1.0626004e-06
   2.6770112e+03   1.0509748e-06
   2.6799057e+03   1.0394765e-06
   2.6828002e+03   1.0281039e-06
   2.6856947e+03   1.0168558e-06
   2.6885892e+03   1.0057307e-06
   2.6914837e+03   9.9472738e-07
   2.6943782e+03   9.8384441e-07
   2.6972727e+03   9.7308051e-07
   2.7001672e+03   9.6243437e-07
   2.7030617e+03   9.5190471e-07
   2.7059562e+03   9.4149024e-07
   2.7088507e+03   9.3118972e-07
   2.7117451e+03   9.2100190e-07
   2.7146396e+03   9.1092553e-07
   2.7175341e+03   9.0095941e-07
   2.7204286e+03   8.9110232e-07
   2.7233231e+03   8.8135308e-07
   2.7262176e+03   8.7171049e-07
   2.7291121e+03   8.6217341e-07
   2.7320066e+03   8.5274067e-07
   2.7349011e+03   8.4341112e-07
   2.7377956e+03   8.3418365e-07
   2.7406901e+03   8.2505714e-07
   2.7435846e+03   8.1603047e-07
   2.7464791e+03   8.0710256e-07
   2.7493736e+03   7.9827233e-07
   2.7522681e+03   7.8953870e-07
   2.7551626e+03   7.8090063e-07
   2.7580571e+03   7.7235707e-07
   2.7609516e+03   7.6390697e-07
   2.7638460e+03   7.5554933e-07
   2.7667405e+03   7.4728312e-07
   2.7696350e+03   7.3910736e-07
   2.7725295e+03   7.3102104e-07
   2.7754240e+03   7.2302319e-07
   2.7783185e+03   7.1511284e-07
   2.7812130e+03   7.0728903e-07
   2.7841075e+03   6.9955083e-07
   2.7870020e+03   6.9189728e-07
   2.7898965e+03   6.8432747e-07
   2.7927910e+03   6.7684048e-07
   2.7956855e+03   6.6943540e-07
   2.7985800e+03   6.6211134e-07
   2.8014745e+03   6.5486741e-07
   2.8043690e+03   6.4770273e-07
   2.8072635e+03   6.4061643e-07
   2.8101580e+03   6.3360767e-07
   2.8130525e+03   6.2667559e-07
   2.8159469e+03   6.1981934e-07
   2.8188414e+03   6.1303811e-07
   2.8217359e+03   6.0633107e-07
   2.8246304e+03   5.9969741e-07
   2.8275249e+03   5.9313633e-07
   2.8304194e+03   5.8664703e-07
   2.8333139e+03   5.8022873e-07
   2.8362084e+03   5.7388064e-07
   2.8391029e+03   5.6760201e-07
   2.8419974e+03   5.6139207e-07
   2.8448919e+03   5.5525008e-07
   2.8477864e+03   5.4917528e-07
   2.8506809e+03   5.4316694e-07
   2.8535754e+03   5.3722433e-07
   2.8564699e+03   5.3134675e-07
   2.8593644e+03   5.2553347e-07
   2.8622589e+03   5.1978378e-07
   2.8651534e+03   5.1409701e-07
   2.8680478e+03   5.0847245e-07
   2.8709423e+03   5.0290943e-07
   2.8738368e+03   4.9740727e-07
   2.8767313e+03   4.9196531e-07
   2.8796258e+03   4.8658288e-07
   2.8825203e+03   4.8125935e-07
   2.8854148e+03   4.7599405e-07
   2.8883093e+03   4.7078637e-07
   2.8912038e+03   4.6563565e-07
   2.8940983e+03   4.6054129e-07
   2.8969928e+03   4.5550267e-07
   2.8998873e+03   4.5051917e-07
   2.9027818e+03   4.4559020e-07
   2.9056763e+03   4.4071515e-07
   2.9085708e+03   4.3589343e-07
   2.9114653e+03   4.3112447e-07
   2.9143598e+03   4.2640769e-07
   2.9172543e+03   4.2174251e-07
   2.9201487e+03   4.1712837e-07
   2.9230432e+03   4.1256471e-07
   2.9259377e+03   4.0805098e-07
   2.9288322e+03   4.0358664e-07
   2.9317267e+03   3.9917113e-07
   2.9346212e+03   3.9480394e-07
   2.9375157e+03   3.9048453e-07
   2.9404102e+03   3.8621237e-07
   2.9433047e+03   3.8198695e-07
   2.9461992e+03   3.7780776e-07
   2.9490937e+03   3.7367430e-07
   2.9519882e+03   3.6958606e-07
   2.9548827e+03   3.6554254e-07
   2.9577772e+03   3.6154327e-07
   2.9606717e+03   3.5758775e-07
   2.9635662e+03   3.5367550e-07
   2.9664607e+03   3.4980606e-07
   2.9693552e+03   3.4597895e-07
   2.9722496e+03   3.4219372e-07
   2.9751441e+03   3.3844989e-07
   2.9780386e+03   3.3474703e-07
   2.9809331e+03   3.3108467e-07
   2.9838276e+03   3.2746239e-07
   2.9867221e+03   3.2387974e-07
   2.9896166e+03   3.2033628e-07
   2.9925111e+03   3.1683159e-07
   2.9954056e+03   3.1336525e-07
   2.9983001e+03   3.0993682e-07
   3.0011946e+03   3.0654591e-07
   3.0040891e+03   3.0319210e-07
   3.0069836e+03   2.9987498e-07
   3.0098781e+03   2.9659415e-07
   3.0127726e+03   2.9334921e-07
   3.0156671e+03   2.9013978e-07
   3.0185616e+03   2.8696546e-07
   3.0214561e+03   2.8382587e-07
   3.0243506e+03   2.8072063e-07
   3.0272450e+03   2.7764936e-07
   3.0301395e+03   2.7461170e-07
   3.0330340e+03   2.7160726e-07
   3.0359285e+03   2.6863570e-07
   3.0388230e+03   2.6569665e-07
   3.0417175e+03   2.6278975e-07
   3.0446120e+03   2.5991466e-07
   3.0475065e+03   2.5707103e-07
   3.0504010e+03   2.5425850e-07
   3.0532955e+03   2.5147674e-07
   3.0561900e+03   2.4872542e-07
   3.0590845e+03   2.4600420e-07
   3.0619790e+03   2.4331276e-07
   3.0648735e+03   2.4065076e-07
   3.0677680e+03   2.3801788e-07
   3.0706625e+03   2.3541381e-07
   3.0735570e+03   2.3283823e-07
   3.0764515e+03   2.3029082e-07
   3.0793459e+03   2.2777129e-07
   3.0822404e+03   2.2527932e-07
   3.0851349e+03   2.2281462e-07
   3.0880294e+03   2.2037688e-07
   3.0909239e+03   2.1796581e-07
   3.0938184e+03   2.1558112e-07
   3.0967129e+03   2.1322252e-07
   3.0996074e+03   2.1088973e-07
   3.1025019e+03   2.0858246e-07
   3.1053964e+03   2.0630043e-07
   3.1082909e+03   2.0404337e-07
   3.1111854e+03   2.0181100e-07
   3.1140799e+03   1.9960305e-07
   3.1169744e+03   1.9741927e-07
   3.1198689e+03   1.9525937e-07
   3.1227634e+03   1.9312310e-07
   3.1256579e+03   1.9101021e-07
   3.1285524e+03   1.8892043e-07
   3.1314468e+03   1.8685352e-07
   3.1343413e+03   1.8480922e-07
   3.1372358e+03   1.8278728e-07
   3.1401303e+03   1.8078747e-07
   3.1430248e+03   1.7880954e-07
   3.1459193e+03   1.7685324e-07
   3.1488138e+03   1.7491835e-07
   3.1517083e+03   1.7300463e-07
   3.1546028e+03   1.7111185e-07
   3.1574973e+03   1.6923977e-07
   3.1603918e+03   1.6738818e-07
   3.1632863e+03   1.6555684e-07
   3.1661808e+03   1.6374554e-07
   3.1690753e+03   1.6195406e-07
   3.1719698e+03   1.6018217e-07
   3.1748643e+03   1.5842968e-07
   3.1777588e+03   1.5669635e-07
   3.1806533e+03   1.5498199e-07
   3.1835477e+03   1.5328639e-07
   3.1864422e+03   1.5160933e-07
   3.1893367e+03   1.4995063e-07
   3.1922312e+03   1.4831007e-07
   3.1951257e+03   1.4668746e-07
   3.1980202e+03   1.4508260e-07
   3.2009147e+03   1.4349530e-07
   3.2038092e+03   1.4192537e-07
   3.2067037e+03   1.4037261e-07
   3.2095982e+03   1.3883684e-07
   3.2124927e+03   1.3731788e-07
   3.2153872e+03   1.3581553e-07
   3.2182817e+03   1.3432962e-07
   3.2211762e+03   1.3285996e-07
   3.2240707e+03   1.3140639e-07
   3.2269652e+03   1.2996872e-07
   3.2298597e+03   1.2854677e-07
   3.2327542e+03   1.2714039e-07
   3.2356486e+03   1.2574939e-07
   3.2385431e+03   1.2437361e-07
   3.2414376e+03   1.2301288e-07
   3.2443321e+03   1.2166704e-07
   3.2472266e+03   1.2033592e-07
   3.2501211e+03   1.1901937e-07
   3.2530156e+03   1.1771722e-07
   3.2559101e+03   1.1642931e-07
   3.2588046e+03   1.1515550e-07
   3.2616991e+03   1.1389562e-07
   3.2645936e+03   1.1264953e-07
   3.2674881e+03   1.1141707e-07
   3.2703826e+03   1.1019809e-07
   3.2732771e+03   1.0899245e-07
   3.2761716e+03   1.0780001e-07
   3.2790661e+03   1.0662060e-07
   3.2819606e+03   1.0545410e-07
   3.2848551e+03   1.0430037e-07
   3.2877495e+03   1.0315925e-07
   3.2906440e+03   1.0203062e-07
   3.2935385e+03   1.0091434e-07
   3.2964330e+03   9.9810271e-08
   3.2993275e+03   9.8718281e-08
   3.3022220e+03   9.7638238e-08
   3.3051165e+03   9.6570012e-08
   3.3080110e+03   9.5513473e-08
   3.3109055e+03   9.4468492e-08
   3.3138000e+03   9.3434945e-08
