   3.6800000e+02   9.3348140e-05
   3.6925526e+02   9.7648815e-05
   3.7051051e+02   1.0211787e-04
   3.7176577e+02   1.0676036e-04
   3.7302102e+02   1.1158143e-04
   3.7427628e+02   1.1658629e-04
   3.7553153e+02   1.2178025e-04
   3.7678679e+02   1.2716865e-04
   3.7804204e+02   1.3275693e-04
   3.7929730e+02   1.3855058e-04
   3.8055255e+02   1.4455517e-04
   3.8180781e+02   1.5077631e-04
   3.8306306e+02   1.5721966e-04
   3.8431832e+02   1.6389095e-04
   3.8557357e+02   1.7079594e-04
   3.8682883e+02   1.7794044e-04
   3.8808408e+02   1.8533029e-04
   3.8933934e+02   1.9297138e-04
   3.9059459e+02   2.0086960e-04
   3.9184985e+02   2.0903088e-04
   3.9310511e+02   2.1746116e-04
   3.9436036e+02   2.2616639e-04
   3.9561562e+02   2.3515252e-04
   3.9687087e+02   2.4442549e-04
   3.9812613e+02   2.5399127e-04
   3.9938138e+02   2.6385575e-04
   4.0063664e+02   2.7402486e-04
   4.0189189e+02   2.8450446e-04
   4.0314715e+02   2.9530037e-04
   4.0440240e+02   3.0641840e-04
   4.0565766e+02   3.1786427e-04
   4.0691291e+02   3.2964366e-04
   4.0816817e+02   3.4176216e-04
   4.0942342e+02   3.5422531e-04
   4.1067868e+02   3.6703854e-04
   4.1193393e+02   3.8020719e-04
   4.1318919e+02   3.9373650e-04
   4.1444444e+02   4.0763159e-04
   4.1569970e+02   4.2189747e-04
   4.1695495e+02   4.3653900e-04
   4.1821021e+02   4.5156091e-04
   4.1946547e+02   4.6696779e-04
   4.2072072e+02   4.8276403e-04
   4.2197598e+02   4.9895390e-04
   4.2323123e+02   5.1554146e-04
   4.2448649e+02   5.3253058e-04
   4.2574174e+02   5.4992494e-04
   4.2699700e+02   5.6772801e-04
   4.2825225e+02   5.8594303e-04
   4.2950751e+02   6.0457304e-04
   4.3076276e+02   6.2362080e-04
   4.3201802e+02   6.4308885e-04
   4.3327327e+02   6.6297948e-04
   4.3452853e+02   6.8329468e-04
   4.3578378e+02   7.0403618e-04
   4.3703904e+02   7.2520544e-04
   4.3829429e+02   7.4680360e-04
   4.3954955e+02   7.6883152e-04
   4.4080480e+02   7.9128972e-04
   4.4206006e+02   8.1417842e-04
   4.4331532e+02   8.3749750e-04
   4.4457057e+02   8.6124651e-04
   4.4582583e+02   8.8542465e-04
   4.4708108e+02   9.1003076e-04
   4.4833634e+02   9.3506334e-04
   4.4959159e+02   9.6052051e-04
   4.5084685e+02   9.8640000e-04
   4.5210210e+02   1.0126992e-03
   4.5335736e+02   1.0394151e-03
   4.5461261e+02   1.0665442e-03
   4.5586787e+02   1.0940828e-03
   4.5712312e+02   1.1220267e-03
   4.5837838e+02   1.1503713e-03
   4.5963363e+02   1.1791114e-03
   4.6088889e+02   1.2082418e-03
   4.6214414e+02   1.2377565e-03
   4.6339940e+02   1.2676494e-03
   4.6465465e+02   1.2979136e-03
   4.6590991e+02   1.3285422e-03
   4.6716517e+02   1.3595276e-03
   4.6842042e+02   1.3908619e-03
   4.6967568e+02   1.4225367e-03
   4.7093093e+02   1.4545432e-03
   4.7218619e+02   1.4868723e-03
   4.7344144e+02   1.5195144e-03
   4.7469670e+02   1.5524593e-03
   4.7595195e+02   1.5856968e-03
   4.7720721e+02   1.6192160e-03
   4.7846246e+02   1.6530057e-03
   4.7971772e+02   1.6870541e-03
   4.8097297e+02   1.7213495e-03
   4.8222823e+02   1.7558793e-03
   4.8348348e+02   1.7906308e-03
   4.8473874e+02   1.8255908e-03
   4.8599399e+02   1.8607460e-03
   4.8724925e+02   1.8960824e-03
   4.8850450e+02   1.9315859e-03
   4.8975976e+02   1.9672419e-03
   4.9101502e+02   2.0030358e-03
   4.9227027e+02   2.0389523e-03
   4.9352553e+02   2.0749760e-03
   4.9478078e+02   2.1110912e-03
   4.9603604e+02   2.1472820e-03
   4.9729129e+02   2.1835321e-03
   4.9854655e+02   2.2198250e-03
   4.9980180e+02   2.2561441e-03
   5.0105706e+02   2.2924724e-03
   5.0231231e+02   2.3287928e-03
   5.0356757e+02   2.3650881e-03
   5.0482282e+02   2.4013407e-03
   5.0607808e+02   2.4375331e-03
   5.0733333e+02   2.4736475e-03
   5.0858859e+02   2.5096660e-03
   5.0984384e+02   2.5455707e-03
   5.1109910e+02   2.5813436e-03
   5.1235435e+02   2.6169666e-03
   5.1360961e+02   2.6524214e-03
   5.1486486e+02   2.6876900e-03
   5.1612012e+02   2.7227541e-03
   5.1737538e+02   2.7575956e-03
   5.1863063e+02   2.7921963e-03
   5.1988589e+02   2.8265382e-03
   5.2114114e+02   2.8606031e-03
   5.2239640e+02   2.8943732e-03
   5.2365165e+02   2.9278306e-03
   5.2490691e+02   2.9609577e-03
   5.2616216e+02   2.9937367e-03
   5.2741742e+02   3.0261504e-03
   5.2867267e+02   3.0581814e-03
   5.2992793e+02   3.0898128e-03
   5.3118318e+02   3.1210277e-03
   5.3243844e+02   3.1518096e-03
   5.3369369e+02   3.1821420e-03
   5.3494895e+02   3.2120089e-03
   5.3620420e+02   3.2413946e-03
   5.3745946e+02   3.2702834e-03
   5.3871471e+02   3.2986604e-03
   5.3996997e+02   3.3265106e-03
   5.4122523e+02   3.3538195e-03
   5.4248048e+02   3.3805731e-03
   5.4373574e+02   3.4067576e-03
   5.4499099e+02   3.4323595e-03
   5.4624625e+02   3.4573661e-03
   5.4750150e+02   3.4817647e-03
   5.4875676e+02   3.5055433e-03
   5.5001201e+02   3.5286902e-03
   5.5126727e+02   3.5511942e-03
   5.5252252e+02   3.5730445e-03
   5.5377778e+02   3.5942310e-03
   5.5503303e+02   3.6147438e-03
   5.5628829e+02   3.6345737e-03
   5.5754354e+02   3.6537119e-03
   5.5879880e+02   3.6721500e-03
   5.6005405e+02   3.6898804e-03
   5.6130931e+02   3.7068958e-03
   5.6256456e+02   3.7231895e-03
   5.6381982e+02   3.7387553e-03
   5.6507508e+02   3.7535876e-03
   5.6633033e+02   3.7676812e-03
   5.6758559e+02   3.7810316e-03
   5.6884084e+02   3.7936348e-03
   5.7009610e+02   3.8054872e-03
   5.7135135e+02   3.8165860e-03
   5.7260661e+02   3.8269287e-03
   5.7386186e+02   3.8365135e-03
   5.7511712e+02   3.8453390e-03
   5.7637237e+02   3.8534045e-03
   5.7762763e+02   3.8607097e-03
   5.7888288e+02   3.8672549e-03
   5.8013814e+02   3.8730410e-03
   5.8139339e+02   3.8780692e-03
   5.8264865e+02   3.8823414e-03
   5.8390390e+02   3.8858600e-03
   5.8515916e+02   3.8886277e-03
   5.8641441e+02   3.8906480e-03
   5.8766967e+02   3.8919247e-03
   5.8892492e+02   3.8924622e-03
   5.9018018e+02   3.8922651e-03
   5.9143544e+02   3.8913388e-03
   5.9269069e+02   3.8896889e-03
   5.9394595e+02   3.8873216e-03
   5.9520120e+02   3.8842434e-03
   5.9645646e+02   3.8804614e-03
   5.9771171e+02   3.8759829e-03
   5.9896697e+02   3.8708156e-03
   6.0022222e+02   3.8649678e-03
   6.0147748e+02   3.8584479e-03
   6.0273273e+02   3.8512649e-03
   6.0398799e+02   3.8434280e-03
   6.0524324e+02   3.8349468e-03
   6.0649850e+02   3.8258310e-03
   6.0775375e+02   3.8160909e-03
   6.0900901e+02   3.8057369e-03
   6.1026426e+02   3.7947798e-03
   6.1151952e+02   3.7832305e-03
   6.1277477e+02   3.7711004e-03
   6.1403003e+02   3.7584007e-03
   6.1528529e+02   3.7451433e-03
   6.1654054e+02   3.7313400e-03
   6.1779580e+02   3.7170029e-03
   6.1905105e+02   3.7021441e-03
   6.2030631e+02   3.6867762e-03
   6.2156156e+02   3.6709116e-03
   6.2281682e+02   3.6545630e-03
   6.2407207e+02   3.6377432e-03
   6.2532733e+02   3.6204650e-03
   6.2658258e+02   3.6027415e-03
   6.2783784e+02   3.5845857e-03
   6.2909309e+02   3.5660106e-03
   6.3034835e+02   3.5470295e-03
   6.3160360e+02   3.5276555e-03
   6.3285886e+02   3.5079017e-03
   6.3411411e+02   3.4877815e-03
   6.3536937e+02   3.4673079e-03
   6.3662462e+02   3.4464943e-03
   6.3787988e+02   3.4253537e-03
   6.3913514e+02   3.4038993e-03
   6.4039039e+02   3.3821441e-03
   6.4164565e+02   3.3601011e-03
   6.4290090e+02   3.3377832e-03
   6.4415616e+02   3.3152034e-03
   6.4541141e+02   3.2923743e-03
   6.4666667e+02   3.2693086e-03
   6.4792192e+02   3.2460188e-03
   6.4917718e+02   3.2225174e-03
   6.5043243e+02   3.1988166e-03
   6.5168769e+02   3.1749285e-03
   6.5294294e+02   3.1508653e-03
   6.5419820e+02   3.1266387e-03
   6.5545345e+02   3.1022603e-03
   6.5670871e+02   3.0777419e-03
   6.5796396e+02   3.0530946e-03
   6.5921922e+02   3.0283297e-03
   6.6047447e+02   3.0034582e-03
   6.6172973e+02   2.9784908e-03
   6.6298498e+02   2.9534382e-03
   6.6424024e+02   2.9283108e-03
   6.6549550e+02   2.9031188e-03
   6.6675075e+02   2.8778722e-03
   6.6800601e+02   2.8525807e-03
   6.6926126e+02   2.8272541e-03
   6.7051652e+02   2.8019016e-03
   6.7177177e+02   2.7765324e-03
   6.7302703e+02   2.7511554e-03
   6.7428228e+02   2.7257793e-03
   6.7553754e+02   2.7004127e-03
   6.7679279e+02   2.6750638e-03
   6.7804805e+02   2.6497407e-03
   6.7930330e+02   2.6244511e-03
   6.8055856e+02   2.5992027e-03
   6.8181381e+02   2.5740028e-03
   6.8306907e+02   2.5488586e-03
   6.8432432e+02   2.5237770e-03
   6.8557958e+02   2.4987647e-03
   6.8683483e+02   2.4738282e-03
   6.8809009e+02   2.4489738e-03
   6.8934535e+02   2.4242075e-03
   6.9060060e+02   2.3995351e-03
   6.9185586e+02   2.3749623e-03
   6.9311111e+02   2.3504944e-03
   6.9436637e+02   2.3261366e-03
   6.9562162e+02   2.3018939e-03
   6.9687688e+02   2.2777712e-03
   6.9813213e+02   2.2537728e-03
   6.9938739e+02   2.2299033e-03
   7.0064264e+02   2.2061668e-03
   7.0189790e+02   2.1825673e-03
   7.0315315e+02   2.1591086e-03
   7.0440841e+02   2.1357942e-03
   7.0566366e+02   2.1126276e-03
   7.0691892e+02   2.0896121e-03
   7.0817417e+02   2.0667506e-03
   7.0942943e+02   2.0440461e-03
   7.1068468e+02   2.0215014e-03
   7.1193994e+02   1.9991188e-03
   7.1319520e+02   1.9769009e-03
   7.1445045e+02   1.9548499e-03
   7.1570571e+02   1.9329678e-03
   7.1696096e+02   1.9112566e-03
   7.1821622e+02   1.8897180e-03
   7.1947147e+02   1.8683537e-03
   7.2072673e+02   1.8471652e-03
   7.2198198e+02   1.8261539e-03
   7.2323724e+02   1.8053209e-03
   7.2449249e+02   1.7846674e-03
   7.2574775e+02   1.7641943e-03
   7.2700300e+02   1.7439026e-03
   7.2825826e+02   1.7237929e-03
   7.2951351e+02   1.7038659e-03
   7.3076877e+02   1.6841222e-03
   7.3202402e+02   1.6645620e-03
   7.3327928e+02   1.6451858e-03
   7.3453453e+02   1.6259938e-03
   7.3578979e+02   1.6069861e-03
   7.3704505e+02   1.5881628e-03
   7.3830030e+02   1.5695237e-03
   7.3955556e+02   1.5510688e-03
   7.4081081e+02   1.5327978e-03
   7.4206607e+02   1.5147105e-03
   7.4332132e+02   1.4968064e-03
   7.4457658e+02   1.4790853e-03
   7.4583183e+02   1.4615464e-03
   7.4708709e+02   1.4441894e-03
   7.4834234e+02   1.4270135e-03
   7.4959760e+02   1.4100182e-03
   7.5085285e+02   1.3932025e-03
   7.5210811e+02   1.3765658e-03
   7.5336336e+02   1.3601072e-03
   7.5461862e+02   1.3438258e-03
   7.5587387e+02   1.3277207e-03
   7.5712913e+02   1.3117909e-03
   7.5838438e+02   1.2960354e-03
   7.5963964e+02   1.2804531e-03
   7.6089489e+02   1.2650429e-03
   7.6215015e+02   1.2498038e-03
   7.6340541e+02   1.2347345e-03
   7.6466066e+02   1.2198339e-03
   7.6591592e+02   1.2051008e-03
   7.6717117e+02   1.1905339e-03
   7.6842643e+02   1.1761319e-03
   7.6968168e+02   1.1618937e-03
   7.7093694e+02   1.1478178e-03
   7.7219219e+02   1.1339031e-03
   7.7344745e+02   1.1201480e-03
   7.7470270e+02   1.1065514e-03
   7.7595796e+02   1.0931117e-03
   7.7721321e+02   1.0798278e-03
   7.7846847e+02   1.0666980e-03
   7.7972372e+02   1.0537212e-03
   7.8097898e+02   1.0408958e-03
   7.8223423e+02   1.0282205e-03
   7.8348949e+02   1.0156938e-03
   7.8474474e+02   1.0033143e-03
   7.8600000e+02   9.9108067e-04
   7.8725526e+02   9.7899137e-04
   7.8851051e+02   9.6704501e-04
   7.8976577e+02   9.5524017e-04
   7.9102102e+02   9.4357541e-04
   7.9227628e+02   9.3204931e-04
   7.9353153e+02   9.2066044e-04
   7.9478679e+02   9.0940738e-04
   7.9604204e+02   8.9828870e-04
   7.9729730e+02   8.8730300e-04
   7.9855255e+02   8.7644885e-04
   7.9980781e+02   8.6572485e-04
   8.0106306e+02   8.5512960e-04
   8.0231832e+02   8.4466170e-04
   8.0357357e+02   8.3431976e-04
   8.0482883e+02   8.2410241e-04
   8.0608408e+02   8.1400827e-04
   8.0733934e+02   8.0403596e-04
   8.0859459e+02   7.9418414e-04
   8.0984985e+02   7.8445145e-04
   8.1110511e+02   7.7483656e-04
   8.1236036e+02   7.6533812e-04
   8.1361562e+02   7.5595482e-04
   8.1487087e+02   7.4668534e-04
   8.1612613e+02   7.3752839e-04
   8.1738138e+02   7.2848266e-04
   8.1863664e+02   7.1954689e-04
   8.1989189e+02   7.1071979e-04
   8.2114715e+02   7.0200011e-04
   8.2240240e+02   6.9338659e-04
   8.2365766e+02   6.8487800e-04
   8.2491291e+02   6.7647311e-04
   8.2616817e+02   6.6817071e-04
   8.2742342e+02   6.5996958e-04
   8.2867868e+02   6.5186854e-04
   8.2993393e+02   6.4386640e-04
   8.3118919e+02   6.3596199e-04
   8.3244444e+02   6.2815415e-04
   8.3369970e+02   6.2044173e-04
   8.3495495e+02   6.1282360e-04
   8.3621021e+02   6.0529864e-04
   8.3746547e+02   5.9786572e-04
   8.3872072e+02   5.9052376e-04
   8.3997598e+02   5.8327165e-04
   8.4123123e+02   5.7610832e-04
   8.4248649e+02   5.6903270e-04
   8.4374174e+02   5.6204374e-04
   8.4499700e+02   5.5514040e-04
   8.4625225e+02   5.4832163e-04
   8.4750751e+02   5.4158643e-04
   8.4876276e+02   5.3493378e-04
   8.5001802e+02   5.2836267e-04
   8.5127327e+02   5.2187213e-04
   8.5252853e+02   5.1546118e-04
   8.5378378e+02   5.0912885e-04
   8.5503904e+02   5.0287419e-04
   8.5629429e+02   4.9669625e-04
   8.5754955e+02   4.9059411e-04
   8.5880480e+02   4.8456683e-04
   8.6006006e+02   4.7861352e-04
   8.6131532e+02   4.7273326e-04
   8.6257057e+02   4.6692517e-04
   8.6382583e+02   4.6118836e-04
   8.6508108e+02   4.5552198e-04
   8.6633634e+02   4.4992515e-04
   8.6759159e+02   4.4439704e-04
   8.6884685e+02   4.3893679e-04
   8.7010210e+02   4.3354359e-04
   8.7135736e+02   4.2821660e-04
   8.7261261e+02   4.2295503e-04
   8.7386787e+02   4.1775808e-04
   8.7512312e+02   4.1262494e-04
   8.7637838e+02   4.0755484e-04
   8.7763363e+02   4.0254702e-04
   8.7888889e+02   3.9760070e-04
   8.8014414e+02   3.9271513e-04
   8.8139940e+02   3.8788958e-04
   8.8265465e+02   3.8312329e-04
   8.8390991e+02   3.7841556e-04
   8.8516517e+02   3.7376565e-04
   8.8642042e+02   3.6917287e-04
   8.8767568e+02   3.6463650e-04
   8.8893093e+02   3.6015587e-04
   8.9018619e+02   3.5573028e-04
   8.9144144e+02   3.5135906e-04
   8.9269670e+02   3.4704154e-04
   8.9395195e+02   3.4277707e-04
   8.9520721e+02   3.3856499e-04
   8.9646246e+02   3.3440466e-04
   8.9771772e+02   3.3029544e-04
   8.9897297e+02   3.2623672e-04
   9.0022823e+02   3.2222786e-04
   9.0148348e+02   3.1826826e-04
   9.0273874e+02   3.1435731e-04
   9.0399399e+02   3.1049441e-04
   9.0524925e+02   3.0667898e-04
   9.0650450e+02   3.0291042e-04
   9.0775976e+02   2.9918818e-04
   9.0901502e+02   2.9551167e-04
   9.1027027e+02   2.9188033e-04
   9.1152553e+02   2.8829362e-04
   9.1278078e+02   2.8475097e-04
   9.1403604e+02   2.8125186e-04
   9.1529129e+02   2.7779574e-04
   9.1654655e+02   2.7438210e-04
   9.1780180e+02   2.7101039e-04
   9.1905706e+02   2.6768012e-04
   9.2031231e+02   2.6439077e-04
   9.2156757e+02   2.6114184e-04
   9.2282282e+02   2.5793284e-04
   9.2407808e+02   2.5476326e-04
   9.2533333e+02   2.5163264e-04
   9.2658859e+02   2.4854048e-04
   9.2784384e+02   2.4548632e-04
   9.2909910e+02   2.4246969e-04
   9.3035435e+02   2.3949013e-04
   9.3160961e+02   2.3654718e-04
   9.3286486e+02   2.3364040e-04
   9.3412012e+02   2.3076933e-04
   9.3537538e+02   2.2793355e-04
   9.3663063e+02   2.2513261e-04
   9.3788589e+02   2.2236609e-04
   9.3914114e+02   2.1963357e-04
   9.4039640e+02   2.1693462e-04
   9.4165165e+02   2.1426884e-04
   9.4290691e+02   2.1163582e-04
   9.4416216e+02   2.0903515e-04
   9.4541742e+02   2.0646644e-04
   9.4667267e+02   2.0392930e-04
   9.4792793e+02   2.0142333e-04
   9.4918318e+02   1.9894816e-04
   9.5043844e+02   1.9650340e-04
   9.5169369e+02   1.9408869e-04
   9.5294895e+02   1.9170365e-04
   9.5420420e+02   1.8934791e-04
   9.5545946e+02   1.8702113e-04
   9.5671471e+02   1.8472294e-04
   9.5796997e+02   1.8245298e-04
   9.5922523e+02   1.8021093e-04
   9.6048048e+02   1.7799642e-04
   9.6173574e+02   1.7580913e-04
   9.6299099e+02   1.7364871e-04
   9.6424625e+02   1.7151484e-04
   9.6550150e+02   1.6940720e-04
   9.6675676e+02   1.6732545e-04
   9.6801201e+02   1.6526929e-04
   9.6926727e+02   1.6323839e-04
   9.7052252e+02   1.6123245e-04
   9.7177778e+02   1.5925116e-04
   9.7303303e+02   1.5729421e-04
   9.7428829e+02   1.5536132e-04
   9.7554354e+02   1.5345217e-04
   9.7679880e+02   1.5156649e-04
   9.7805405e+02   1.4970398e-04
   9.7930931e+02   1.4786435e-04
   9.8056456e+02   1.4604733e-04
   9.8181982e+02   1.4425264e-04
   9.8307508e+02   1.4248001e-04
   9.8433033e+02   1.4072915e-04
   9.8558559e+02   1.3899981e-04
   9.8684084e+02   1.3729173e-04
   9.8809610e+02   1.3560463e-04
   9.8935135e+02   1.3393826e-04
   9.9060661e+02   1.3229237e-04
   9.9186186e+02   1.3066671e-04
   9.9311712e+02   1.2906102e-04
   9.9437237e+02   1.2747507e-04
   9.9562763e+02   1.2590860e-04
   9.9688288e+02   1.2436138e-04
   9.9813814e+02   1.2283318e-04
   9.9939339e+02   1.2132375e-04
   1.0006486e+03   1.1983288e-04
   1.0019039e+03   1.1836032e-04
   1.0031592e+03   1.1690586e-04
   1.0044144e+03   1.1546927e-04
   1.0056697e+03   1.1405034e-04
   1.0069249e+03   1.1264884e-04
   1.0081802e+03   1.1126456e-04
   1.0094354e+03   1.0989730e-04
   1.0106907e+03   1.0854683e-04
   1.0119459e+03   1.0721296e-04
   1.0132012e+03   1.0589549e-04
   1.0144565e+03   1.0459420e-04
   1.0157117e+03   1.0330890e-04
   1.0169670e+03   1.0203940e-04
   1.0182222e+03   1.0078550e-04
   1.0194775e+03   9.9547002e-05
   1.0207327e+03   9.8323727e-05
   1.0219880e+03   9.7115484e-05
   1.0232432e+03   9.5922089e-05
   1.0244985e+03   9.4743358e-05
   1.0257538e+03   9.3579112e-05
   1.0270090e+03   9.2429173e-05
   1.0282643e+03   9.1293365e-05
   1.0295195e+03   9.0171514e-05
   1.0307748e+03   8.9063449e-05
   1.0320300e+03   8.7969000e-05
   1.0332853e+03   8.6888000e-05
   1.0345405e+03   8.5820284e-05
   1.0357958e+03   8.4765689e-05
   1.0370511e+03   8.3724053e-05
   1.0383063e+03   8.2695217e-05
   1.0395616e+03   8.1679023e-05
   1.0408168e+03   8.0675317e-05
   1.0420721e+03   7.9683945e-05
   1.0433273e+03   7.8704756e-05
   1.0445826e+03   7.7737599e-05
   1.0458378e+03   7.6782327e-05
   1.0470931e+03   7.5838794e-05
   1.0483483e+03   7.4906855e-05
   1.0496036e+03   7.3986368e-05
   1.0508589e+03   7.3077193e-05
   1.0521141e+03   7.2179190e-05
   1.0533694e+03   7.1292222e-05
   1.0546246e+03   7.0416154e-05
   1.0558799e+03   6.9550851e-05
   1.0571351e+03   6.8696181e-05
   1.0583904e+03   6.7852013e-05
   1.0596456e+03   6.7018220e-05
   1.0609009e+03   6.6194672e-05
   1.0621562e+03   6.5381244e-05
   1.0634114e+03   6.4577812e-05
   1.0646667e+03   6.3784253e-05
   1.0659219e+03   6.3000445e-05
   1.0671772e+03   6.2226270e-05
   1.0684324e+03   6.1461607e-05
   1.0696877e+03   6.0706342e-05
   1.0709429e+03   5.9960357e-05
   1.0721982e+03   5.9223539e-05
   1.0734535e+03   5.8495775e-05
   1.0747087e+03   5.7776955e-05
   1.0759640e+03   5.7066968e-05
   1.0772192e+03   5.6365705e-05
   1.0784745e+03   5.5673060e-05
   1.0797297e+03   5.4988926e-05
   1.0809850e+03   5.4313199e-05
   1.0822402e+03   5.3645776e-05
   1.0834955e+03   5.2986554e-05
   1.0847508e+03   5.2335433e-05
   1.0860060e+03   5.1692314e-05
   1.0872613e+03   5.1057097e-05
   1.0885165e+03   5.0429686e-05
   1.0897718e+03   4.9809985e-05
   1.0910270e+03   4.9197899e-05
   1.0922823e+03   4.8593335e-05
   1.0935375e+03   4.7996200e-05
   1.0947928e+03   4.7406402e-05
   1.0960480e+03   4.6823853e-05
   1.0973033e+03   4.6248462e-05
   1.0985586e+03   4.5680141e-05
   1.0998138e+03   4.5118805e-05
   1.1010691e+03   4.4564366e-05
   1.1023243e+03   4.4016741e-05
   1.1035796e+03   4.3475844e-05
   1.1048348e+03   4.2941595e-05
   1.1060901e+03   4.2413911e-05
   1.1073453e+03   4.1892711e-05
   1.1086006e+03   4.1377916e-05
   1.1098559e+03   4.0869447e-05
   1.1111111e+03   4.0367226e-05
   1.1123664e+03   3.9871177e-05
   1.1136216e+03   3.9381223e-05
   1.1148769e+03   3.8897290e-05
   1.1161321e+03   3.8419304e-05
   1.1173874e+03   3.7947192e-05
   1.1186426e+03   3.7480881e-05
   1.1198979e+03   3.7020300e-05
   1.1211532e+03   3.6565379e-05
   1.1224084e+03   3.6116049e-05
   1.1236637e+03   3.5672240e-05
   1.1249189e+03   3.5233884e-05
   1.1261742e+03   3.4800916e-05
   1.1274294e+03   3.4373267e-05
   1.1286847e+03   3.3950874e-05
   1.1299399e+03   3.3533672e-05
   1.1311952e+03   3.3121596e-05
   1.1324505e+03   3.2714584e-05
   1.1337057e+03   3.2312574e-05
   1.1349610e+03   3.1915503e-05
   1.1362162e+03   3.1523312e-05
   1.1374715e+03   3.1135941e-05
   1.1387267e+03   3.0753329e-05
   1.1399820e+03   3.0375420e-05
   1.1412372e+03   3.0002154e-05
   1.1424925e+03   2.9633475e-05
   1.1437477e+03   2.9269326e-05
   1.1450030e+03   2.8909653e-05
   1.1462583e+03   2.8554399e-05
   1.1475135e+03   2.8203510e-05
   1.1487688e+03   2.7856934e-05
   1.1500240e+03   2.7514616e-05
   1.1512793e+03   2.7176505e-05
   1.1525345e+03   2.6842549e-05
   1.1537898e+03   2.6512697e-05
   1.1550450e+03   2.6186897e-05
   1.1563003e+03   2.5865102e-05
   1.1575556e+03   2.5547261e-05
   1.1588108e+03   2.5233325e-05
   1.1600661e+03   2.4923248e-05
   1.1613213e+03   2.4616981e-05
   1.1625766e+03   2.4314477e-05
   1.1638318e+03   2.4015690e-05
   1.1650871e+03   2.3720576e-05
   1.1663423e+03   2.3429087e-05
   1.1675976e+03   2.3141181e-05
   1.1688529e+03   2.2856812e-05
   1.1701081e+03   2.2575938e-05
   1.1713634e+03   2.2298516e-05
   1.1726186e+03   2.2024502e-05
   1.1738739e+03   2.1753856e-05
   1.1751291e+03   2.1486536e-05
   1.1763844e+03   2.1222500e-05
   1.1776396e+03   2.0961709e-05
   1.1788949e+03   2.0704123e-05
   1.1801502e+03   2.0449702e-05
   1.1814054e+03   2.0198408e-05
   1.1826607e+03   1.9950201e-05
   1.1839159e+03   1.9705045e-05
   1.1851712e+03   1.9462901e-05
   1.1864264e+03   1.9223733e-05
   1.1876817e+03   1.8987504e-05
   1.1889369e+03   1.8754177e-05
   1.1901922e+03   1.8523718e-05
   1.1914474e+03   1.8296091e-05
   1.1927027e+03   1.8071261e-05
   1.1939580e+03   1.7849194e-05
   1.1952132e+03   1.7629855e-05
   1.1964685e+03   1.7413212e-05
   1.1977237e+03   1.7199231e-05
   1.1989790e+03   1.6987880e-05
   1.2002342e+03   1.6779126e-05
   1.2014895e+03   1.6572937e-05
   1.2027447e+03   1.6369282e-05
   1.2040000e+03   1.6168129e-05
   1.2052553e+03   1.5969449e-05
   1.2065105e+03   1.5773209e-05
   1.2077658e+03   1.5579382e-05
   1.2090210e+03   1.5387936e-05
   1.2102763e+03   1.5198842e-05
   1.2115315e+03   1.5012073e-05
   1.2127868e+03   1.4827598e-05
   1.2140420e+03   1.4645390e-05
   1.2152973e+03   1.4465422e-05
   1.2165526e+03   1.4287665e-05
   1.2178078e+03   1.4112092e-05
   1.2190631e+03   1.3938677e-05
   1.2203183e+03   1.3767392e-05
   1.2215736e+03   1.3598213e-05
   1.2228288e+03   1.3431112e-05
   1.2240841e+03   1.3266065e-05
   1.2253393e+03   1.3103046e-05
   1.2265946e+03   1.2942031e-05
   1.2278498e+03   1.2782993e-05
   1.2291051e+03   1.2625911e-05
   1.2303604e+03   1.2470758e-05
   1.2316156e+03   1.2317512e-05
   1.2328709e+03   1.2166150e-05
   1.2341261e+03   1.2016647e-05
   1.2353814e+03   1.1868981e-05
   1.2366366e+03   1.1723130e-05
   1.2378919e+03   1.1579072e-05
   1.2391471e+03   1.1436783e-05
   1.2404024e+03   1.1296243e-05
   1.2416577e+03   1.1157430e-05
   1.2429129e+03   1.1020323e-05
   1.2441682e+03   1.0884901e-05
   1.2454234e+03   1.0751143e-05
   1.2466787e+03   1.0619028e-05
   1.2479339e+03   1.0488537e-05
   1.2491892e+03   1.0359650e-05
   1.2504444e+03   1.0232346e-05
   1.2516997e+03   1.0106607e-05
   1.2529550e+03   9.9824123e-06
   1.2542102e+03   9.8597443e-06
   1.2554655e+03   9.7385836e-06
   1.2567207e+03   9.6189119e-06
   1.2579760e+03   9.5007107e-06
   1.2592312e+03   9.3839620e-06
   1.2604865e+03   9.2686479e-06
   1.2617417e+03   9.1547509e-06
   1.2629970e+03   9.0422535e-06
   1.2642523e+03   8.9311385e-06
   1.2655075e+03   8.8213890e-06
   1.2667628e+03   8.7129881e-06
   1.2680180e+03   8.6059193e-06
   1.2692733e+03   8.5001661e-06
   1.2705285e+03   8.3957125e-06
   1.2717838e+03   8.2925425e-06
   1.2730390e+03   8.1906403e-06
   1.2742943e+03   8.0899903e-06
   1.2755495e+03   7.9905771e-06
   1.2768048e+03   7.8923856e-06
   1.2780601e+03   7.7954007e-06
   1.2793153e+03   7.6996075e-06
   1.2805706e+03   7.6049915e-06
   1.2818258e+03   7.5115382e-06
   1.2830811e+03   7.4192333e-06
   1.2843363e+03   7.3280627e-06
   1.2855916e+03   7.2380124e-06
   1.2868468e+03   7.1490687e-06
   1.2881021e+03   7.0612180e-06
   1.2893574e+03   6.9744468e-06
   1.2906126e+03   6.8887419e-06
   1.2918679e+03   6.8040901e-06
   1.2931231e+03   6.7204786e-06
   1.2943784e+03   6.6378946e-06
   1.2956336e+03   6.5563254e-06
   1.2968889e+03   6.4757585e-06
   1.2981441e+03   6.3961817e-06
   1.2993994e+03   6.3175827e-06
   1.3006547e+03   6.2399497e-06
   1.3019099e+03   6.1632706e-06
   1.3031652e+03   6.0875337e-06
   1.3044204e+03   6.0127276e-06
   1.3056757e+03   5.9388407e-06
   1.3069309e+03   5.8658617e-06
   1.3081862e+03   5.7937796e-06
   1.3094414e+03   5.7225832e-06
   1.3106967e+03   5.6522617e-06
   1.3119520e+03   5.5828043e-06
   1.3132072e+03   5.5142005e-06
   1.3144625e+03   5.4464397e-06
   1.3157177e+03   5.3795116e-06
   1.3169730e+03   5.3134059e-06
   1.3182282e+03   5.2481126e-06
   1.3194835e+03   5.1836216e-06
   1.3207387e+03   5.1199231e-06
   1.3219940e+03   5.0570073e-06
   1.3232492e+03   4.9948647e-06
   1.3245045e+03   4.9334857e-06
   1.3257598e+03   4.8728610e-06
   1.3270150e+03   4.8129813e-06
   1.3282703e+03   4.7538373e-06
   1.3295255e+03   4.6954202e-06
   1.3307808e+03   4.6377209e-06
   1.3320360e+03   4.5807307e-06
   1.3332913e+03   4.5244407e-06
   1.3345465e+03   4.4688425e-06
   1.3358018e+03   4.4139275e-06
   1.3370571e+03   4.3596873e-06
   1.3383123e+03   4.3061137e-06
   1.3395676e+03   4.2531984e-06
   1.3408228e+03   4.2009333e-06
   1.3420781e+03   4.1493105e-06
   1.3433333e+03   4.0983220e-06
   1.3445886e+03   4.0479601e-06
   1.3458438e+03   3.9982171e-06
   1.3470991e+03   3.9490853e-06
   1.3483544e+03   3.9005573e-06
   1.3496096e+03   3.8526257e-06
   1.3508649e+03   3.8052830e-06
   1.3521201e+03   3.7585221e-06
   1.3533754e+03   3.7123358e-06
   1.3546306e+03   3.6667171e-06
   1.3558859e+03   3.6216589e-06
   1.3571411e+03   3.5771545e-06
   1.3583964e+03   3.5331969e-06
   1.3596517e+03   3.4897795e-06
   1.3609069e+03   3.4468956e-06
   1.3621622e+03   3.4045388e-06
   1.3634174e+03   3.3627024e-06
   1.3646727e+03   3.3213801e-06
   1.3659279e+03   3.2805656e-06
   1.3671832e+03   3.2402526e-06
   1.3684384e+03   3.2004350e-06
   1.3696937e+03   3.1611068e-06
   1.3709489e+03   3.1222618e-06
   1.3722042e+03   3.0838941e-06
   1.3734595e+03   3.0459979e-06
   1.3747147e+03   3.0085674e-06
   1.3759700e+03   2.9715969e-06
   1.3772252e+03   2.9350807e-06
   1.3784805e+03   2.8990132e-06
   1.3797357e+03   2.8633889e-06
   1.3809910e+03   2.8282024e-06
   1.3822462e+03   2.7934483e-06
   1.3835015e+03   2.7591212e-06
   1.3847568e+03   2.7252160e-06
   1.3860120e+03   2.6917274e-06
   1.3872673e+03   2.6586503e-06
   1.3885225e+03   2.6259797e-06
   1.3897778e+03   2.5937106e-06
   1.3910330e+03   2.5618380e-06
   1.3922883e+03   2.5303571e-06
   1.3935435e+03   2.4992630e-06
   1.3947988e+03   2.4685510e-06
   1.3960541e+03   2.4382164e-06
   1.3973093e+03   2.4082546e-06
   1.3985646e+03   2.3786609e-06
   1.3998198e+03   2.3494310e-06
   1.4010751e+03   2.3205602e-06
   1.4023303e+03   2.2920442e-06
   1.4035856e+03   2.2638786e-06
   1.4048408e+03   2.2360591e-06
   1.4060961e+03   2.2085815e-06
   1.4073514e+03   2.1814415e-06
   1.4086066e+03   2.1546350e-06
   1.4098619e+03   2.1281580e-06
   1.4111171e+03   2.1020063e-06
   1.4123724e+03   2.0761760e-06
   1.4136276e+03   2.0506630e-06
   1.4148829e+03   2.0254636e-06
   1.4161381e+03   2.0005739e-06
   1.4173934e+03   1.9759900e-06
   1.4186486e+03   1.9517082e-06
   1.4199039e+03   1.9277248e-06
   1.4211592e+03   1.9040361e-06
   1.4224144e+03   1.8806385e-06
   1.4236697e+03   1.8575285e-06
   1.4249249e+03   1.8347024e-06
   1.4261802e+03   1.8121568e-06
   1.4274354e+03   1.7898883e-06
   1.4286907e+03   1.7678934e-06
   1.4299459e+03   1.7461688e-06
   1.4312012e+03   1.7247111e-06
   1.4324565e+03   1.7035171e-06
   1.4337117e+03   1.6825836e-06
   1.4349670e+03   1.6619073e-06
   1.4362222e+03   1.6414851e-06
   1.4374775e+03   1.6213139e-06
   1.4387327e+03   1.6013905e-06
   1.4399880e+03   1.5817119e-06
   1.4412432e+03   1.5622752e-06
   1.4424985e+03   1.5430773e-06
   1.4437538e+03   1.5241153e-06
   1.4450090e+03   1.5053864e-06
   1.4462643e+03   1.4868875e-06
   1.4475195e+03   1.4686160e-06
   1.4487748e+03   1.4505691e-06
   1.4500300e+03   1.4327439e-06
   1.4512853e+03   1.4151377e-06
   1.4525405e+03   1.3977479e-06
   1.4537958e+03   1.3805718e-06
   1.4550511e+03   1.3636068e-06
   1.4563063e+03   1.3468502e-06
   1.4575616e+03   1.3302996e-06
   1.4588168e+03   1.3139523e-06
   1.4600721e+03   1.2978059e-06
   1.4613273e+03   1.2818579e-06
   1.4625826e+03   1.2661059e-06
   1.4638378e+03   1.2505475e-06
   1.4650931e+03   1.2351802e-06
   1.4663483e+03   1.2200018e-06
   1.4676036e+03   1.2050099e-06
   1.4688589e+03   1.1902022e-06
   1.4701141e+03   1.1755765e-06
   1.4713694e+03   1.1611306e-06
   1.4726246e+03   1.1468621e-06
   1.4738799e+03   1.1327690e-06
   1.4751351e+03   1.1188491e-06
   1.4763904e+03   1.1051002e-06
   1.4776456e+03   1.0915202e-06
   1.4789009e+03   1.0781072e-06
   1.4801562e+03   1.0648590e-06
   1.4814114e+03   1.0517735e-06
   1.4826667e+03   1.0388489e-06
   1.4839219e+03   1.0260831e-06
   1.4851772e+03   1.0134742e-06
   1.4864324e+03   1.0010202e-06
   1.4876877e+03   9.8871920e-07
   1.4889429e+03   9.7656941e-07
   1.4901982e+03   9.6456892e-07
   1.4914535e+03   9.5271589e-07
   1.4927087e+03   9.4100852e-07
   1.4939640e+03   9.2944502e-07
   1.4952192e+03   9.1802361e-07
   1.4964745e+03   9.0674255e-07
   1.4977297e+03   8.9560012e-07
   1.4989850e+03   8.8459462e-07
   1.5002402e+03   8.7372435e-07
   1.5014955e+03   8.6298766e-07
   1.5027508e+03   8.5238291e-07
   1.5040060e+03   8.4190847e-07
   1.5052613e+03   8.3156275e-07
   1.5065165e+03   8.2134416e-07
   1.5077718e+03   8.1125114e-07
   1.5090270e+03   8.0128215e-07
   1.5102823e+03   7.9143566e-07
   1.5115375e+03   7.8171017e-07
   1.5127928e+03   7.7210419e-07
   1.5140480e+03   7.6261625e-07
   1.5153033e+03   7.5324490e-07
   1.5165586e+03   7.4398871e-07
   1.5178138e+03   7.3484627e-07
   1.5190691e+03   7.2581617e-07
   1.5203243e+03   7.1689704e-07
   1.5215796e+03   7.0808751e-07
   1.5228348e+03   6.9938624e-07
   1.5240901e+03   6.9079189e-07
   1.5253453e+03   6.8230315e-07
   1.5266006e+03   6.7391872e-07
   1.5278559e+03   6.6563733e-07
   1.5291111e+03   6.5745770e-07
   1.5303664e+03   6.4937859e-07
   1.5316216e+03   6.4139875e-07
   1.5328769e+03   6.3351698e-07
   1.5341321e+03   6.2573206e-07
   1.5353874e+03   6.1804280e-07
   1.5366426e+03   6.1044803e-07
   1.5378979e+03   6.0294659e-07
   1.5391532e+03   5.9553733e-07
   1.5404084e+03   5.8821912e-07
   1.5416637e+03   5.8099084e-07
   1.5429189e+03   5.7385138e-07
   1.5441742e+03   5.6679966e-07
   1.5454294e+03   5.5983459e-07
   1.5466847e+03   5.5295511e-07
   1.5479399e+03   5.4616016e-07
   1.5491952e+03   5.3944872e-07
   1.5504505e+03   5.3281975e-07
   1.5517057e+03   5.2627224e-07
   1.5529610e+03   5.1980519e-07
   1.5542162e+03   5.1341760e-07
   1.5554715e+03   5.0710851e-07
   1.5567267e+03   5.0087695e-07
   1.5579820e+03   4.9472197e-07
   1.5592372e+03   4.8864262e-07
   1.5604925e+03   4.8263797e-07
   1.5617477e+03   4.7670712e-07
   1.5630030e+03   4.7084914e-07
   1.5642583e+03   4.6506315e-07
   1.5655135e+03   4.5934826e-07
   1.5667688e+03   4.5370360e-07
   1.5680240e+03   4.4812830e-07
   1.5692793e+03   4.4262151e-07
   1.5705345e+03   4.3718239e-07
   1.5717898e+03   4.3181011e-07
   1.5730450e+03   4.2650385e-07
   1.5743003e+03   4.2126279e-07
   1.5755556e+03   4.1608614e-07
   1.5768108e+03   4.1097310e-07
   1.5780661e+03   4.0592289e-07
   1.5793213e+03   4.0093474e-07
   1.5805766e+03   3.9600789e-07
   1.5818318e+03   3.9114158e-07
   1.5830871e+03   3.8633507e-07
   1.5843423e+03   3.8158762e-07
   1.5855976e+03   3.7689851e-07
   1.5868529e+03   3.7226703e-07
   1.5881081e+03   3.6769246e-07
   1.5893634e+03   3.6317410e-07
   1.5906186e+03   3.5871126e-07
   1.5918739e+03   3.5430327e-07
   1.5931291e+03   3.4994944e-07
   1.5943844e+03   3.4564912e-07
   1.5956396e+03   3.4140164e-07
   1.5968949e+03   3.3720635e-07
   1.5981502e+03   3.3306262e-07
   1.5994054e+03   3.2896981e-07
   1.6006607e+03   3.2492729e-07
   1.6019159e+03   3.2093445e-07
   1.6031712e+03   3.1699067e-07
   1.6044264e+03   3.1309536e-07
   1.6056817e+03   3.0924791e-07
   1.6069369e+03   3.0544774e-07
   1.6081922e+03   3.0169428e-07
   1.6094474e+03   2.9798693e-07
   1.6107027e+03   2.9432514e-07
   1.6119580e+03   2.9070835e-07
   1.6132132e+03   2.8713601e-07
   1.6144685e+03   2.8360756e-07
   1.6157237e+03   2.8012247e-07
   1.6169790e+03   2.7668021e-07
   1.6182342e+03   2.7328025e-07
   1.6194895e+03   2.6992207e-07
   1.6207447e+03   2.6660515e-07
   1.6220000e+03   2.6332900e-07
