   4.2330000e+02   7.9892824e-05
   4.3961231e+02   1.4523615e-04
   4.5592462e+02   2.4637972e-04
   4.7223694e+02   3.9070805e-04
   4.8854925e+02   5.8040411e-04
   5.0486156e+02   8.0974106e-04
   5.2117387e+02   1.0642319e-03
   5.3748619e+02   1.3225266e-03
   5.5379850e+02   1.5608132e-03
   5.7011081e+02   1.7582738e-03
   5.8642312e+02   1.9015836e-03
   6.0273544e+02   1.9868914e-03
   6.1904775e+02   2.0189064e-03
   6.3536006e+02   2.0079340e-03
   6.5167237e+02   1.9663083e-03
   6.6798468e+02   1.9054968e-03
   6.8429700e+02   1.8344949e-03
   7.0060931e+02   1.7594481e-03
   7.1692162e+02   1.6840628e-03
   7.3323393e+02   1.6103122e-03
   7.4954625e+02   1.5391056e-03
   7.6585856e+02   1.4707769e-03
   7.8217087e+02   1.4053833e-03
   7.9848318e+02   1.3428644e-03
   8.1479550e+02   1.2831166e-03
   8.3110781e+02   1.2260243e-03
   8.4742012e+02   1.1714715e-03
   8.6373243e+02   1.1193460e-03
   8.8004474e+02   1.0695397e-03
   8.9635706e+02   1.0219496e-03
   9.1266937e+02   9.7647714e-04
   9.2898168e+02   9.3302796e-04
   9.4529399e+02   8.9151209e-04
   9.6160631e+02   8.5184351e-04
   9.7791862e+02   8.1394001e-04
   9.9423093e+02   7.7772307e-04
   1.0105432e+03   7.4311762e-04
   1.0268556e+03   7.1005198e-04
   1.0431679e+03   6.7845761e-04
   1.0594802e+03   6.4826907e-04
   1.0757925e+03   6.1942379e-04
   1.0921048e+03   5.9186201e-04
   1.1084171e+03   5.6552661e-04
   1.1247294e+03   5.4036302e-04
   1.1410417e+03   5.1631911e-04
   1.1573541e+03   4.9334506e-04
   1.1736664e+03   4.7139325e-04
   1.1899787e+03   4.5041821e-04
   1.2062910e+03   4.3037647e-04
   1.2226033e+03   4.1122651e-04
   1.2389156e+03   3.9292864e-04
   1.2552279e+03   3.7544495e-04
   1.2715402e+03   3.5873921e-04
   1.2878526e+03   3.4277680e-04
   1.3041649e+03   3.2752466e-04
   1.3204772e+03   3.1295117e-04
   1.3367895e+03   2.9902615e-04
   1.3531018e+03   2.8572073e-04
   1.3694141e+03   2.7300734e-04
   1.3857264e+03   2.6085965e-04
   1.4020387e+03   2.4925248e-04
   1.4183511e+03   2.3816178e-04
   1.4346634e+03   2.2756457e-04
   1.4509757e+03   2.1743889e-04
   1.4672880e+03   2.0776376e-04
   1.4836003e+03   1.9851914e-04
   1.4999126e+03   1.8968586e-04
   1.5162249e+03   1.8124563e-04
   1.5325372e+03   1.7318095e-04
   1.5488495e+03   1.6547512e-04
   1.5651619e+03   1.5811217e-04
   1.5814742e+03   1.5107683e-04
   1.5977865e+03   1.4435454e-04
   1.6140988e+03   1.3793136e-04
   1.6304111e+03   1.3179399e-04
   1.6467234e+03   1.2592971e-04
   1.6630357e+03   1.2032636e-04
   1.6793480e+03   1.1497233e-04
   1.6956604e+03   1.0985654e-04
   1.7119727e+03   1.0496838e-04
   1.7282850e+03   1.0029773e-04
   1.7445973e+03   9.5834895e-05
   1.7609096e+03   9.1570640e-05
   1.7772219e+03   8.7496127e-05
   1.7935342e+03   8.3602913e-05
   1.8098465e+03   7.9882931e-05
   1.8261589e+03   7.6328472e-05
   1.8424712e+03   7.2932172e-05
   1.8587835e+03   6.9686994e-05
   1.8750958e+03   6.6586212e-05
   1.8914081e+03   6.3623403e-05
   1.9077204e+03   6.0792425e-05
   1.9240327e+03   5.8087415e-05
   1.9403450e+03   5.5502767e-05
   1.9566574e+03   5.3033124e-05
   1.9729697e+03   5.0673370e-05
   1.9892820e+03   4.8418616e-05
   2.0055943e+03   4.6264189e-05
   2.0219066e+03   4.4205625e-05
   2.0382189e+03   4.2238658e-05
   2.0545312e+03   4.0359213e-05
   2.0708435e+03   3.8563396e-05
   2.0871559e+03   3.6847485e-05
   2.1034682e+03   3.5207925e-05
   2.1197805e+03   3.3641319e-05
   2.1360928e+03   3.2144420e-05
   2.1524051e+03   3.0714127e-05
   2.1687174e+03   2.9347476e-05
   2.1850297e+03   2.8041635e-05
   2.2013420e+03   2.6793899e-05
   2.2176544e+03   2.5601682e-05
   2.2339667e+03   2.4462513e-05
   2.2502790e+03   2.3374033e-05
   2.2665913e+03   2.2333986e-05
   2.2829036e+03   2.1340216e-05
   2.2992159e+03   2.0390665e-05
   2.3155282e+03   1.9483365e-05
   2.3318405e+03   1.8616437e-05
   2.3481529e+03   1.7788083e-05
   2.3644652e+03   1.6996587e-05
   2.3807775e+03   1.6240309e-05
   2.3970898e+03   1.5517683e-05
   2.4134021e+03   1.4827211e-05
   2.4297144e+03   1.4167461e-05
   2.4460267e+03   1.3537068e-05
   2.4623390e+03   1.2934725e-05
   2.4786514e+03   1.2359183e-05
   2.4949637e+03   1.1809251e-05
   2.5112760e+03   1.1283789e-05
   2.5275883e+03   1.0781707e-05
   2.5439006e+03   1.0301966e-05
   2.5602129e+03   9.8435710e-06
   2.5765252e+03   9.4055730e-06
   2.5928375e+03   8.9870641e-06
   2.6091498e+03   8.5871771e-06
   2.6254622e+03   8.2050834e-06
   2.6417745e+03   7.8399913e-06
   2.6580868e+03   7.4911443e-06
   2.6743991e+03   7.1578195e-06
   2.6907114e+03   6.8393262e-06
   2.7070237e+03   6.5350046e-06
   2.7233360e+03   6.2442241e-06
   2.7396483e+03   5.9663821e-06
   2.7559607e+03   5.7009029e-06
   2.7722730e+03   5.4472364e-06
   2.7885853e+03   5.2048570e-06
   2.8048976e+03   4.9732625e-06
   2.8212099e+03   4.7519730e-06
   2.8375222e+03   4.5405299e-06
   2.8538345e+03   4.3384952e-06
   2.8701468e+03   4.1454502e-06
   2.8864592e+03   3.9609949e-06
   2.9027715e+03   3.7847471e-06
   2.9190838e+03   3.6163416e-06
   2.9353961e+03   3.4554294e-06
   2.9517084e+03   3.3016771e-06
   2.9680207e+03   3.1547662e-06
   2.9843330e+03   3.0143922e-06
   3.0006453e+03   2.8802643e-06
   3.0169577e+03   2.7521045e-06
   3.0332700e+03   2.6296473e-06
   3.0495823e+03   2.5126389e-06
   3.0658946e+03   2.4008369e-06
   3.0822069e+03   2.2940097e-06
   3.0985192e+03   2.1919358e-06
   3.1148315e+03   2.0944037e-06
   3.1311438e+03   2.0012115e-06
   3.1474562e+03   1.9121659e-06
   3.1637685e+03   1.8270825e-06
   3.1800808e+03   1.7457849e-06
   3.1963931e+03   1.6681047e-06
   3.2127054e+03   1.5938810e-06
   3.2290177e+03   1.5229599e-06
   3.2453300e+03   1.4551945e-06
   3.2616423e+03   1.3904444e-06
   3.2779547e+03   1.3285754e-06
   3.2942670e+03   1.2694593e-06
   3.3105793e+03   1.2129737e-06
   3.3268916e+03   1.1590014e-06
   3.3432039e+03   1.1074306e-06
   3.3595162e+03   1.0581546e-06
   3.3758285e+03   1.0110711e-06
   3.3921408e+03   9.6608262e-07
   3.4084532e+03   9.2309596e-07
   3.4247655e+03   8.8202202e-07
   3.4410778e+03   8.4277571e-07
   3.4573901e+03   8.0527569e-07
   3.4737024e+03   7.6944427e-07
   3.4900147e+03   7.3520720e-07
   3.5063270e+03   7.0249353e-07
   3.5226393e+03   6.7123549e-07
   3.5389517e+03   6.4136830e-07
   3.5552640e+03   6.1283008e-07
   3.5715763e+03   5.8556168e-07
   3.5878886e+03   5.5950662e-07
   3.6042009e+03   5.3461090e-07
   3.6205132e+03   5.1082294e-07
   3.6368255e+03   4.8809344e-07
   3.6531378e+03   4.6637531e-07
   3.6694502e+03   4.4562355e-07
   3.6857625e+03   4.2579515e-07
   3.7020748e+03   4.0684904e-07
   3.7183871e+03   3.8874595e-07
   3.7346994e+03   3.7144837e-07
   3.7510117e+03   3.5492046e-07
   3.7673240e+03   3.3912797e-07
   3.7836363e+03   3.2403819e-07
   3.7999486e+03   3.0961983e-07
   3.8162610e+03   2.9584304e-07
   3.8325733e+03   2.8267925e-07
   3.8488856e+03   2.7010120e-07
   3.8651979e+03   2.5808282e-07
   3.8815102e+03   2.4659921e-07
   3.8978225e+03   2.3562657e-07
   3.9141348e+03   2.2514216e-07
   3.9304471e+03   2.1512427e-07
   3.9467595e+03   2.0555214e-07
   3.9630718e+03   1.9640592e-07
   3.9793841e+03   1.8766667e-07
   3.9956964e+03   1.7931629e-07
   4.0120087e+03   1.7133746e-07
   4.0283210e+03   1.6371365e-07
   4.0446333e+03   1.5642908e-07
   4.0609456e+03   1.4946863e-07
   4.0772580e+03   1.4281790e-07
   4.0935703e+03   1.3646310e-07
   4.1098826e+03   1.3039105e-07
   4.1261949e+03   1.2458919e-07
   4.1425072e+03   1.1904549e-07
   4.1588195e+03   1.1374846e-07
   4.1751318e+03   1.0868713e-07
   4.1914441e+03   1.0385100e-07
   4.2077565e+03   9.9230066e-08
   4.2240688e+03   9.4814740e-08
   4.2403811e+03   9.0595878e-08
   4.2566934e+03   8.6564738e-08
   4.2730057e+03   8.2712967e-08
   4.2893180e+03   7.9032584e-08
   4.3056303e+03   7.5515962e-08
   4.3219426e+03   7.2155816e-08
   4.3382550e+03   6.8945182e-08
   4.3545673e+03   6.5877408e-08
   4.3708796e+03   6.2946137e-08
   4.3871919e+03   6.0145295e-08
   4.4035042e+03   5.7469080e-08
   4.4198165e+03   5.4911944e-08
   4.4361288e+03   5.2468591e-08
   4.4524411e+03   5.0133957e-08
   4.4687535e+03   4.7903204e-08
   4.4850658e+03   4.5771711e-08
   4.5013781e+03   4.3735060e-08
   4.5176904e+03   4.1789031e-08
   4.5340027e+03   3.9929593e-08
   4.5503150e+03   3.8152892e-08
   4.5666273e+03   3.6455247e-08
   4.5829396e+03   3.4833140e-08
   4.5992520e+03   3.3283210e-08
   4.6155643e+03   3.1802245e-08
   4.6318766e+03   3.0387178e-08
   4.6481889e+03   2.9035074e-08
   4.6645012e+03   2.7743134e-08
   4.6808135e+03   2.6508680e-08
   4.6971258e+03   2.5329154e-08
   4.7134381e+03   2.4202112e-08
   4.7297505e+03   2.3125219e-08
   4.7460628e+03   2.2096242e-08
   4.7623751e+03   2.1113051e-08
   4.7786874e+03   2.0173608e-08
   4.7949997e+03   1.9275967e-08
   4.8113120e+03   1.8418266e-08
   4.8276243e+03   1.7598730e-08
   4.8439366e+03   1.6815660e-08
   4.8602489e+03   1.6067433e-08
   4.8765613e+03   1.5352499e-08
   4.8928736e+03   1.4669376e-08
   4.9091859e+03   1.4016650e-08
   4.9254982e+03   1.3392967e-08
   4.9418105e+03   1.2797036e-08
   4.9581228e+03   1.2227621e-08
   4.9744351e+03   1.1683543e-08
   4.9907474e+03   1.1163674e-08
   5.0070598e+03   1.0666936e-08
   5.0233721e+03   1.0192302e-08
   5.0396844e+03   9.7387870e-09
   5.0559967e+03   9.3054515e-09
   5.0723090e+03   8.8913976e-09
   5.0886213e+03   8.4957673e-09
   5.1049336e+03   8.1177410e-09
   5.1212459e+03   7.7565352e-09
   5.1375583e+03   7.4114017e-09
   5.1538706e+03   7.0816251e-09
   5.1701829e+03   6.7665222e-09
   5.1864952e+03   6.4654401e-09
   5.2028075e+03   6.1777549e-09
   5.2191198e+03   5.9028704e-09
   5.2354321e+03   5.6402172e-09
   5.2517444e+03   5.3892510e-09
   5.2680568e+03   5.1494517e-09
   5.2843691e+03   4.9203225e-09
   5.3006814e+03   4.7013886e-09
   5.3169937e+03   4.4921964e-09
   5.3333060e+03   4.2923123e-09
   5.3496183e+03   4.1013222e-09
   5.3659306e+03   3.9188304e-09
   5.3822429e+03   3.7444588e-09
   5.3985553e+03   3.5778459e-09
   5.4148676e+03   3.4186466e-09
   5.4311799e+03   3.2665311e-09
   5.4474922e+03   3.1211840e-09
   5.4638045e+03   2.9823043e-09
   5.4801168e+03   2.8496042e-09
   5.4964291e+03   2.7228086e-09
   5.5127414e+03   2.6016549e-09
   5.5290538e+03   2.4858921e-09
   5.5453661e+03   2.3752802e-09
   5.5616784e+03   2.2695901e-09
   5.5779907e+03   2.1686028e-09
   5.5943030e+03   2.0721090e-09
   5.6106153e+03   1.9799088e-09
   5.6269276e+03   1.8918110e-09
   5.6432399e+03   1.8076333e-09
   5.6595523e+03   1.7272011e-09
   5.6758646e+03   1.6503479e-09
   5.6921769e+03   1.5769142e-09
   5.7084892e+03   1.5067481e-09
   5.7248015e+03   1.4397041e-09
   5.7411138e+03   1.3756432e-09
   5.7574261e+03   1.3144328e-09
   5.7737384e+03   1.2559460e-09
   5.7900508e+03   1.2000617e-09
   5.8063631e+03   1.1466639e-09
   5.8226754e+03   1.0956421e-09
   5.8389877e+03   1.0468906e-09
   5.8553000e+03   1.0003083e-09
   5.8716123e+03   9.5579875e-10
   5.8879246e+03   9.1326968e-10
   5.9042369e+03   8.7263297e-10
   5.9205492e+03   8.3380443e-10
   5.9368616e+03   7.9670360e-10
   5.9531739e+03   7.6125360e-10
   5.9694862e+03   7.2738098e-10
   5.9857985e+03   6.9501555e-10
   6.0021108e+03   6.6409025e-10
   6.0184231e+03   6.3454099e-10
   6.0347354e+03   6.0630655e-10
   6.0510477e+03   5.7932843e-10
   6.0673601e+03   5.5355072e-10
   6.0836724e+03   5.2892002e-10
   6.0999847e+03   5.0538527e-10
   6.1162970e+03   4.8289773e-10
   6.1326093e+03   4.6141079e-10
   6.1489216e+03   4.4087992e-10
   6.1652339e+03   4.2126260e-10
   6.1815462e+03   4.0251816e-10
   6.1978586e+03   3.8460778e-10
   6.2141709e+03   3.6749433e-10
   6.2304832e+03   3.5114236e-10
   6.2467955e+03   3.3551798e-10
   6.2631078e+03   3.2058883e-10
   6.2794201e+03   3.0632396e-10
   6.2957324e+03   2.9269381e-10
   6.3120447e+03   2.7967016e-10
   6.3283571e+03   2.6722600e-10
   6.3446694e+03   2.5533555e-10
   6.3609817e+03   2.4397418e-10
   6.3772940e+03   2.3311834e-10
   6.3936063e+03   2.2274554e-10
   6.4099186e+03   2.1283429e-10
   6.4262309e+03   2.0336405e-10
   6.4425432e+03   1.9431520e-10
   6.4588556e+03   1.8566898e-10
   6.4751679e+03   1.7740748e-10
   6.4914802e+03   1.6951358e-10
   6.5077925e+03   1.6197093e-10
   6.5241048e+03   1.5476390e-10
   6.5404171e+03   1.4787755e-10
   6.5567294e+03   1.4129761e-10
   6.5730417e+03   1.3501046e-10
   6.5893541e+03   1.2900305e-10
   6.6056664e+03   1.2326295e-10
   6.6219787e+03   1.1777826e-10
   6.6382910e+03   1.1253762e-10
   6.6546033e+03   1.0753016e-10
   6.6709156e+03   1.0274552e-10
   6.6872279e+03   9.8173770e-11
   6.7035402e+03   9.3805445e-11
   6.7198526e+03   8.9631493e-11
   6.7361649e+03   8.5643264e-11
   6.7524772e+03   8.1832495e-11
   6.7687895e+03   7.8191289e-11
   6.7851018e+03   7.4712101e-11
   6.8014141e+03   7.1387723e-11
   6.8177264e+03   6.8211266e-11
   6.8340387e+03   6.5176148e-11
   6.8503511e+03   6.2276081e-11
   6.8666634e+03   5.9505054e-11
   6.8829757e+03   5.6857326e-11
   6.8992880e+03   5.4327411e-11
   6.9156003e+03   5.1910067e-11
   6.9319126e+03   4.9600285e-11
   6.9482249e+03   4.7393279e-11
   6.9645372e+03   4.5284475e-11
   6.9808495e+03   4.3269504e-11
   6.9971619e+03   4.1344191e-11
   7.0134742e+03   3.9504546e-11
   7.0297865e+03   3.7746758e-11
   7.0460988e+03   3.6067184e-11
   7.0624111e+03   3.4462344e-11
   7.0787234e+03   3.2928913e-11
   7.0950357e+03   3.1463713e-11
   7.1113480e+03   3.0063709e-11
   7.1276604e+03   2.8725999e-11
   7.1439727e+03   2.7447811e-11
   7.1602850e+03   2.6226498e-11
   7.1765973e+03   2.5059527e-11
   7.1929096e+03   2.3944483e-11
   7.2092219e+03   2.2879053e-11
   7.2255342e+03   2.1861030e-11
   7.2418465e+03   2.0888305e-11
   7.2581589e+03   1.9958862e-11
   7.2744712e+03   1.9070776e-11
   7.2907835e+03   1.8222205e-11
   7.3070958e+03   1.7411393e-11
   7.3234081e+03   1.6636658e-11
   7.3397204e+03   1.5896396e-11
   7.3560327e+03   1.5189073e-11
   7.3723450e+03   1.4513222e-11
   7.3886574e+03   1.3867444e-11
   7.4049697e+03   1.3250400e-11
   7.4212820e+03   1.2660813e-11
   7.4375943e+03   1.2097459e-11
   7.4539066e+03   1.1559172e-11
   7.4702189e+03   1.1044837e-11
   7.4865312e+03   1.0553388e-11
   7.5028435e+03   1.0083806e-11
   7.5191559e+03   9.6351185e-12
   7.5354682e+03   9.2063958e-12
   7.5517805e+03   8.7967494e-12
   7.5680928e+03   8.4053306e-12
   7.5844051e+03   8.0313283e-12
   7.6007174e+03   7.6739676e-12
   7.6170297e+03   7.3325079e-12
   7.6333420e+03   7.0062418e-12
   7.6496544e+03   6.6944931e-12
   7.6659667e+03   6.3966160e-12
   7.6822790e+03   6.1119932e-12
   7.6985913e+03   5.8400349e-12
   7.7149036e+03   5.5801776e-12
   7.7312159e+03   5.3318829e-12
   7.7475282e+03   5.0946363e-12
   7.7638405e+03   4.8679461e-12
   7.7801529e+03   4.6513427e-12
   7.7964652e+03   4.4443773e-12
   7.8127775e+03   4.2466210e-12
   7.8290898e+03   4.0576640e-12
   7.8454021e+03   3.8771148e-12
   7.8617144e+03   3.7045993e-12
   7.8780267e+03   3.5397601e-12
   7.8943390e+03   3.3822554e-12
   7.9106514e+03   3.2317591e-12
   7.9269637e+03   3.0879593e-12
   7.9432760e+03   2.9505579e-12
   7.9595883e+03   2.8192704e-12
   7.9759006e+03   2.6938245e-12
   7.9922129e+03   2.5739605e-12
   8.0085252e+03   2.4594300e-12
   8.0248375e+03   2.3499956e-12
   8.0411498e+03   2.2454305e-12
   8.0574622e+03   2.1455182e-12
   8.0737745e+03   2.0500516e-12
   8.0900868e+03   1.9588328e-12
   8.1063991e+03   1.8716729e-12
   8.1227114e+03   1.7883912e-12
   8.1390237e+03   1.7088152e-12
   8.1553360e+03   1.6327801e-12
   8.1716483e+03   1.5601281e-12
   8.1879607e+03   1.4907089e-12
   8.2042730e+03   1.4243786e-12
   8.2205853e+03   1.3609996e-12
   8.2368976e+03   1.3004408e-12
   8.2532099e+03   1.2425766e-12
   8.2695222e+03   1.1872871e-12
   8.2858345e+03   1.1344578e-12
   8.3021468e+03   1.0839791e-12
   8.3184592e+03   1.0357465e-12
   8.3347715e+03   9.8966012e-13
   8.3510838e+03   9.4562436e-13
   8.3673961e+03   9.0354800e-13
   8.3837084e+03   8.6334387e-13
   8.4000207e+03   8.2492866e-13
   8.4163330e+03   7.8822276e-13
   8.4326453e+03   7.5315012e-13
   8.4489577e+03   7.1963807e-13
   8.4652700e+03   6.8761717e-13
   8.4815823e+03   6.5702106e-13
   8.4978946e+03   6.2778635e-13
   8.5142069e+03   5.9985247e-13
   8.5305192e+03   5.7316153e-13
   8.5468315e+03   5.4765822e-13
   8.5631438e+03   5.2328971e-13
   8.5794562e+03   5.0000549e-13
   8.5957685e+03   4.7775732e-13
   8.6120808e+03   4.5649911e-13
   8.6283931e+03   4.3618679e-13
   8.6447054e+03   4.1677829e-13
   8.6610177e+03   3.9823339e-13
   8.6773300e+03   3.8051366e-13
   8.6936423e+03   3.6358239e-13
   8.7099547e+03   3.4740448e-13
   8.7262670e+03   3.3194642e-13
   8.7425793e+03   3.1717619e-13
   8.7588916e+03   3.0306317e-13
   8.7752039e+03   2.8957811e-13
   8.7915162e+03   2.7669309e-13
   8.8078285e+03   2.6438140e-13
   8.8241408e+03   2.5261752e-13
   8.8404532e+03   2.4137709e-13
   8.8567655e+03   2.3063682e-13
   8.8730778e+03   2.2037444e-13
   8.8893901e+03   2.1056869e-13
   8.9057024e+03   2.0119926e-13
   8.9220147e+03   1.9224673e-13
   8.9383270e+03   1.8369255e-13
   8.9546393e+03   1.7551899e-13
   8.9709517e+03   1.6770913e-13
   8.9872640e+03   1.6024677e-13
   9.0035763e+03   1.5311645e-13
   9.0198886e+03   1.4630341e-13
   9.0362009e+03   1.3979351e-13
   9.0525132e+03   1.3357328e-13
   9.0688255e+03   1.2762983e-13
   9.0851378e+03   1.2195083e-13
   9.1014502e+03   1.1652452e-13
   9.1177625e+03   1.1133967e-13
   9.1340748e+03   1.0638551e-13
   9.1503871e+03   1.0165180e-13
   9.1666994e+03   9.7128719e-14
   9.1830117e+03   9.2806894e-14
   9.1993240e+03   8.8677373e-14
   9.2156363e+03   8.4731599e-14
   9.2319486e+03   8.0961395e-14
   9.2482610e+03   7.7358949e-14
   9.2645733e+03   7.3916797e-14
   9.2808856e+03   7.0627807e-14
   9.2971979e+03   6.7485163e-14
   9.3135102e+03   6.4482354e-14
   9.3298225e+03   6.1613157e-14
   9.3461348e+03   5.8871628e-14
   9.3624471e+03   5.6252085e-14
   9.3787595e+03   5.3749101e-14
   9.3950718e+03   5.1357489e-14
   9.4113841e+03   4.9072294e-14
   9.4276964e+03   4.6888781e-14
   9.4440087e+03   4.4802425e-14
   9.4603210e+03   4.2808903e-14
   9.4766333e+03   4.0904085e-14
   9.4929456e+03   3.9084023e-14
   9.5092580e+03   3.7344947e-14
   9.5255703e+03   3.5683252e-14
   9.5418826e+03   3.4095495e-14
   9.5581949e+03   3.2578388e-14
   9.5745072e+03   3.1128785e-14
   9.5908195e+03   2.9743683e-14
   9.6071318e+03   2.8420213e-14
   9.6234441e+03   2.7155631e-14
   9.6397565e+03   2.5947319e-14
   9.6560688e+03   2.4792771e-14
   9.6723811e+03   2.3689596e-14
   9.6886934e+03   2.2635507e-14
   9.7050057e+03   2.1628321e-14
   9.7213180e+03   2.0665951e-14
   9.7376303e+03   1.9746402e-14
   9.7539426e+03   1.8867769e-14
   9.7702550e+03   1.8028232e-14
   9.7865673e+03   1.7226050e-14
   9.8028796e+03   1.6459563e-14
   9.8191919e+03   1.5727180e-14
   9.8355042e+03   1.5027386e-14
   9.8518165e+03   1.4358730e-14
   9.8681288e+03   1.3719826e-14
   9.8844411e+03   1.3109351e-14
   9.9007535e+03   1.2526039e-14
   9.9170658e+03   1.1968683e-14
   9.9333781e+03   1.1436126e-14
   9.9496904e+03   1.0927266e-14
   9.9660027e+03   1.0441048e-14
   9.9823150e+03   9.9764647e-15
   9.9986273e+03   9.5325535e-15
   1.0014940e+04   9.1083945e-15
   1.0031252e+04   8.7031088e-15
   1.0047564e+04   8.3158566e-15
   1.0063877e+04   7.9458355e-15
   1.0080189e+04   7.5922789e-15
   1.0096501e+04   7.2544540e-15
   1.0112814e+04   6.9316609e-15
   1.0129126e+04   6.6232308e-15
   1.0145438e+04   6.3285246e-15
   1.0161750e+04   6.0469315e-15
   1.0178063e+04   5.7778682e-15
   1.0194375e+04   5.5207771e-15
   1.0210687e+04   5.2751255e-15
   1.0227000e+04   5.0404043e-15
   1.0243312e+04   4.8161272e-15
   1.0259624e+04   4.6018296e-15
   1.0275937e+04   4.3970673e-15
   1.0292249e+04   4.2014161e-15
   1.0308561e+04   4.0144705e-15
   1.0324874e+04   3.8358433e-15
   1.0341186e+04   3.6651642e-15
   1.0357498e+04   3.5020796e-15
   1.0373811e+04   3.3462516e-15
   1.0390123e+04   3.1973573e-15
   1.0406435e+04   3.0550882e-15
   1.0422747e+04   2.9191495e-15
   1.0439060e+04   2.7892595e-15
   1.0455372e+04   2.6651490e-15
   1.0471684e+04   2.5465610e-15
   1.0487997e+04   2.4332496e-15
   1.0504309e+04   2.3249801e-15
   1.0520621e+04   2.2215281e-15
   1.0536934e+04   2.1226794e-15
   1.0553246e+04   2.0282289e-15
   1.0569558e+04   1.9379812e-15
   1.0585871e+04   1.8517491e-15
   1.0602183e+04   1.7693539e-15
   1.0618495e+04   1.6906250e-15
   1.0634808e+04   1.6153993e-15
   1.0651120e+04   1.5435207e-15
   1.0667432e+04   1.4748404e-15
   1.0683744e+04   1.4092162e-15
   1.0700057e+04   1.3465119e-15
   1.0716369e+04   1.2865977e-15
   1.0732681e+04   1.2293495e-15
   1.0748994e+04   1.1746485e-15
   1.0765306e+04   1.1223816e-15
   1.0781618e+04   1.0724402e-15
   1.0797931e+04   1.0247211e-15
   1.0814243e+04   9.7912527e-16
   1.0830555e+04   9.3555827e-16
   1.0846868e+04   8.9392981e-16
   1.0863180e+04   8.5415365e-16
   1.0879492e+04   8.1614736e-16
   1.0895805e+04   7.7983220e-16
   1.0912117e+04   7.4513290e-16
   1.0928429e+04   7.1197759e-16
   1.0944741e+04   6.8029754e-16
   1.0961054e+04   6.5002713e-16
   1.0977366e+04   6.2110362e-16
   1.0993678e+04   5.9346709e-16
   1.1009991e+04   5.6706027e-16
   1.1026303e+04   5.4182845e-16
   1.1042615e+04   5.1771933e-16
   1.1058928e+04   4.9468297e-16
   1.1075240e+04   4.7267164e-16
   1.1091552e+04   4.5163971e-16
   1.1107865e+04   4.3154362e-16
   1.1124177e+04   4.1234173e-16
   1.1140489e+04   3.9399423e-16
   1.1156802e+04   3.7646313e-16
   1.1173114e+04   3.5971208e-16
   1.1189426e+04   3.4370639e-16
   1.1205738e+04   3.2841288e-16
   1.1222051e+04   3.1379987e-16
   1.1238363e+04   2.9983708e-16
   1.1254675e+04   2.8649558e-16
   1.1270988e+04   2.7374772e-16
   1.1287300e+04   2.6156708e-16
   1.1303612e+04   2.4992843e-16
   1.1319925e+04   2.3880766e-16
   1.1336237e+04   2.2818171e-16
   1.1352549e+04   2.1802857e-16
   1.1368862e+04   2.0832720e-16
   1.1385174e+04   1.9905751e-16
   1.1401486e+04   1.9020028e-16
   1.1417798e+04   1.8173716e-16
   1.1434111e+04   1.7365061e-16
   1.1450423e+04   1.6592388e-16
   1.1466735e+04   1.5854095e-16
   1.1483048e+04   1.5148654e-16
   1.1499360e+04   1.4474602e-16
   1.1515672e+04   1.3830542e-16
   1.1531985e+04   1.3215141e-16
   1.1548297e+04   1.2627122e-16
   1.1564609e+04   1.2065267e-16
   1.1580922e+04   1.1528413e-16
   1.1597234e+04   1.1015447e-16
   1.1613546e+04   1.0525305e-16
   1.1629859e+04   1.0056973e-16
   1.1646171e+04   9.6094792e-17
   1.1662483e+04   9.1818973e-17
   1.1678795e+04   8.7733410e-17
   1.1695108e+04   8.3829638e-17
   1.1711420e+04   8.0099567e-17
   1.1727732e+04   7.6535470e-17
   1.1744045e+04   7.3129959e-17
   1.1760357e+04   6.9875980e-17
   1.1776669e+04   6.6766789e-17
   1.1792982e+04   6.3795945e-17
   1.1809294e+04   6.0957290e-17
   1.1825606e+04   5.8244944e-17
   1.1841919e+04   5.5653286e-17
   1.1858231e+04   5.3176946e-17
   1.1874543e+04   5.0810793e-17
   1.1890856e+04   4.8549924e-17
   1.1907168e+04   4.6389654e-17
   1.1923480e+04   4.4325507e-17
   1.1939792e+04   4.2353206e-17
   1.1956105e+04   4.0468665e-17
   1.1972417e+04   3.8667977e-17
   1.1988729e+04   3.6947413e-17
   1.2005042e+04   3.5303407e-17
   1.2021354e+04   3.3732552e-17
   1.2037666e+04   3.2231593e-17
   1.2053979e+04   3.0797421e-17
   1.2070291e+04   2.9427064e-17
   1.2086603e+04   2.8117682e-17
   1.2102916e+04   2.6866562e-17
   1.2119228e+04   2.5671112e-17
   1.2135540e+04   2.4528854e-17
   1.2151853e+04   2.3437422e-17
   1.2168165e+04   2.2394554e-17
   1.2184477e+04   2.1398089e-17
   1.2200789e+04   2.0445963e-17
   1.2217102e+04   1.9536203e-17
   1.2233414e+04   1.8666923e-17
   1.2249726e+04   1.7836323e-17
   1.2266039e+04   1.7042680e-17
   1.2282351e+04   1.6284352e-17
   1.2298663e+04   1.5559766e-17
   1.2314976e+04   1.4867421e-17
   1.2331288e+04   1.4205883e-17
   1.2347600e+04   1.3573780e-17
   1.2363913e+04   1.2969803e-17
   1.2380225e+04   1.2392701e-17
   1.2396537e+04   1.1841277e-17
   1.2412850e+04   1.1314389e-17
   1.2429162e+04   1.0810946e-17
   1.2445474e+04   1.0329904e-17
   1.2461786e+04   9.8702661e-18
   1.2478099e+04   9.4310803e-18
   1.2494411e+04   9.0114364e-18
   1.2510723e+04   8.6104649e-18
   1.2527036e+04   8.2273350e-18
   1.2543348e+04   7.8612528e-18
   1.2559660e+04   7.5114597e-18
   1.2575973e+04   7.1772310e-18
   1.2592285e+04   6.8578740e-18
   1.2608597e+04   6.5527271e-18
   1.2624910e+04   6.2611580e-18
   1.2641222e+04   5.9825625e-18
   1.2657534e+04   5.7163633e-18
   1.2673847e+04   5.4620089e-18
   1.2690159e+04   5.2189722e-18
   1.2706471e+04   4.9867496e-18
   1.2722783e+04   4.7648600e-18
   1.2739096e+04   4.5528435e-18
   1.2755408e+04   4.3502609e-18
   1.2771720e+04   4.1566924e-18
   1.2788033e+04   3.9717368e-18
   1.2804345e+04   3.7950110e-18
   1.2820657e+04   3.6261488e-18
   1.2836970e+04   3.4648003e-18
   1.2853282e+04   3.3106311e-18
   1.2869594e+04   3.1633217e-18
   1.2885907e+04   3.0225671e-18
   1.2902219e+04   2.8880754e-18
   1.2918531e+04   2.7595680e-18
   1.2934844e+04   2.6367787e-18
   1.2951156e+04   2.5194530e-18
   1.2967468e+04   2.4073478e-18
   1.2983780e+04   2.3002309e-18
   1.3000093e+04   2.1978802e-18
   1.3016405e+04   2.1000836e-18
   1.3032717e+04   2.0066386e-18
   1.3049030e+04   1.9173515e-18
   1.3065342e+04   1.8320374e-18
   1.3081654e+04   1.7505193e-18
   1.3097967e+04   1.6726285e-18
   1.3114279e+04   1.5982035e-18
   1.3130591e+04   1.5270901e-18
   1.3146904e+04   1.4591409e-18
   1.3163216e+04   1.3942152e-18
   1.3179528e+04   1.3321784e-18
   1.3195841e+04   1.2729020e-18
   1.3212153e+04   1.2162632e-18
   1.3228465e+04   1.1621445e-18
   1.3244777e+04   1.1104339e-18
   1.3261090e+04   1.0610242e-18
   1.3277402e+04   1.0138130e-18
   1.3293714e+04   9.6870257e-19
   1.3310027e+04   9.2559933e-19
   1.3326339e+04   8.8441400e-19
   1.3342651e+04   8.4506126e-19
   1.3358964e+04   8.0745954e-19
   1.3375276e+04   7.7153095e-19
   1.3391588e+04   7.3720103e-19
   1.3407901e+04   7.0439864e-19
   1.3424213e+04   6.7305583e-19
   1.3440525e+04   6.4310764e-19
   1.3456838e+04   6.1449203e-19
   1.3473150e+04   5.8714969e-19
   1.3489462e+04   5.6102396e-19
   1.3505774e+04   5.3606073e-19
   1.3522087e+04   5.1220825e-19
   1.3538399e+04   4.8941712e-19
   1.3554711e+04   4.6764009e-19
   1.3571024e+04   4.4683205e-19
   1.3587336e+04   4.2694988e-19
   1.3603648e+04   4.0795238e-19
   1.3619961e+04   3.8980020e-19
   1.3636273e+04   3.7245571e-19
   1.3652585e+04   3.5588298e-19
   1.3668898e+04   3.4004766e-19
   1.3685210e+04   3.2491696e-19
   1.3701522e+04   3.1045950e-19
   1.3717835e+04   2.9664534e-19
   1.3734147e+04   2.8344586e-19
   1.3750459e+04   2.7083370e-19
   1.3766771e+04   2.5878272e-19
   1.3783084e+04   2.4726797e-19
   1.3799396e+04   2.3626557e-19
   1.3815708e+04   2.2575273e-19
   1.3832021e+04   2.1570767e-19
   1.3848333e+04   2.0610958e-19
   1.3864645e+04   1.9693856e-19
   1.3880958e+04   1.8817561e-19
   1.3897270e+04   1.7980258e-19
   1.3913582e+04   1.7180211e-19
   1.3929895e+04   1.6415763e-19
   1.3946207e+04   1.5685330e-19
   1.3962519e+04   1.4987398e-19
   1.3978832e+04   1.4320521e-19
   1.3995144e+04   1.3683317e-19
   1.4011456e+04   1.3074467e-19
   1.4027768e+04   1.2492707e-19
   1.4044081e+04   1.1936834e-19
   1.4060393e+04   1.1405694e-19
   1.4076705e+04   1.0898188e-19
   1.4093018e+04   1.0413264e-19
   1.4109330e+04   9.9499171e-20
   1.4125642e+04   9.5071871e-20
   1.4141955e+04   9.0841568e-20
   1.4158267e+04   8.6799496e-20
   1.4174579e+04   8.2937279e-20
   1.4190892e+04   7.9246914e-20
   1.4207204e+04   7.5720756e-20
   1.4223516e+04   7.2351497e-20
   1.4239829e+04   6.9132156e-20
   1.4256141e+04   6.6056062e-20
   1.4272453e+04   6.3116842e-20
   1.4288765e+04   6.0308405e-20
   1.4305078e+04   5.7624932e-20
   1.4321390e+04   5.5060862e-20
   1.4337702e+04   5.2610882e-20
   1.4354015e+04   5.0269916e-20
   1.4370327e+04   4.8033114e-20
   1.4386639e+04   4.5895840e-20
   1.4402952e+04   4.3853666e-20
   1.4419264e+04   4.1902360e-20
   1.4435576e+04   4.0037879e-20
   1.4451889e+04   3.8256360e-20
   1.4468201e+04   3.6554111e-20
   1.4484513e+04   3.4927605e-20
   1.4500826e+04   3.3373472e-20
   1.4517138e+04   3.1888491e-20
   1.4533450e+04   3.0469585e-20
   1.4549762e+04   2.9113816e-20
   1.4566075e+04   2.7818372e-20
   1.4582387e+04   2.6580570e-20
   1.4598699e+04   2.5397845e-20
   1.4615012e+04   2.4267746e-20
   1.4631324e+04   2.3187932e-20
   1.4647636e+04   2.2156166e-20
   1.4663949e+04   2.1170309e-20
   1.4680261e+04   2.0228318e-20
   1.4696573e+04   1.9328242e-20
   1.4712886e+04   1.8468215e-20
   1.4729198e+04   1.7646456e-20
   1.4745510e+04   1.6861262e-20
   1.4761823e+04   1.6111006e-20
   1.4778135e+04   1.5394134e-20
   1.4794447e+04   1.4709159e-20
   1.4810759e+04   1.4054662e-20
   1.4827072e+04   1.3429288e-20
   1.4843384e+04   1.2831741e-20
   1.4859696e+04   1.2260781e-20
   1.4876009e+04   1.1715228e-20
   1.4892321e+04   1.1193949e-20
   1.4908633e+04   1.0695864e-20
   1.4924946e+04   1.0219943e-20
   1.4941258e+04   9.7651979e-21
   1.4957570e+04   9.3306872e-21
   1.4973883e+04   8.9155104e-21
   1.4990195e+04   8.5188072e-21
   1.5006507e+04   8.1397557e-21
   1.5022820e+04   7.7775704e-21
   1.5039132e+04   7.4315008e-21
   1.5055444e+04   7.1008299e-21
   1.5071756e+04   6.7848725e-21
   1.5088069e+04   6.4829739e-21
   1.5104381e+04   6.1945085e-21
   1.5120693e+04   5.9188786e-21
   1.5137006e+04   5.6555131e-21
   1.5153318e+04   5.4038663e-21
   1.5169630e+04   5.1634167e-21
   1.5185943e+04   4.9336661e-21
   1.5202255e+04   4.7141385e-21
   1.5218567e+04   4.5043789e-21
   1.5234880e+04   4.3039527e-21
   1.5251192e+04   4.1124447e-21
   1.5267504e+04   3.9294580e-21
   1.5283817e+04   3.7546135e-21
   1.5300129e+04   3.5875488e-21
   1.5316441e+04   3.4279178e-21
   1.5332753e+04   3.2753897e-21
   1.5349066e+04   3.1296484e-21
   1.5365378e+04   2.9903921e-21
   1.5381690e+04   2.8573321e-21
   1.5398003e+04   2.7301927e-21
   1.5414315e+04   2.6087104e-21
   1.5430627e+04   2.4926337e-21
   1.5446940e+04   2.3817218e-21
   1.5463252e+04   2.2757451e-21
   1.5479564e+04   2.1744839e-21
   1.5495877e+04   2.0777284e-21
   1.5512189e+04   1.9852781e-21
   1.5528501e+04   1.8969415e-21
   1.5544814e+04   1.8125355e-21
   1.5561126e+04   1.7318852e-21
   1.5577438e+04   1.6548235e-21
   1.5593750e+04   1.5811907e-21
   1.5610063e+04   1.5108343e-21
   1.5626375e+04   1.4436085e-21
   1.5642687e+04   1.3793739e-21
   1.5659000e+04   1.3179975e-21
   1.5675312e+04   1.2593521e-21
   1.5691624e+04   1.2033161e-21
   1.5707937e+04   1.1497736e-21
   1.5724249e+04   1.0986134e-21
   1.5740561e+04   1.0497297e-21
   1.5756874e+04   1.0030211e-21
   1.5773186e+04   9.5839081e-22
   1.5789498e+04   9.1574640e-22
   1.5805811e+04   8.7499949e-22
   1.5822123e+04   8.3606565e-22
   1.5838435e+04   7.9886420e-22
   1.5854747e+04   7.6331807e-22
   1.5871060e+04   7.2935358e-22
   1.5887372e+04   6.9690038e-22
   1.5903684e+04   6.6589121e-22
   1.5919997e+04   6.3626182e-22
   1.5936309e+04   6.0795081e-22
   1.5952621e+04   5.8089953e-22
   1.5968934e+04   5.5505191e-22
   1.5985246e+04   5.3035441e-22
   1.6001558e+04   5.0675584e-22
   1.6017871e+04   4.8420731e-22
   1.6034183e+04   4.6266210e-22
   1.6050495e+04   4.4207556e-22
   1.6066808e+04   4.2240503e-22
   1.6083120e+04   4.0360976e-22
   1.6099432e+04   3.8565081e-22
   1.6115744e+04   3.6849095e-22
   1.6132057e+04   3.5209463e-22
   1.6148369e+04   3.3642789e-22
   1.6164681e+04   3.2145824e-22
   1.6180994e+04   3.0715469e-22
   1.6197306e+04   2.9348758e-22
   1.6213618e+04   2.8042860e-22
   1.6229931e+04   2.6795069e-22
   1.6246243e+04   2.5602800e-22
   1.6262555e+04   2.4463582e-22
   1.6278868e+04   2.3375054e-22
   1.6295180e+04   2.2334961e-22
   1.6311492e+04   2.1341148e-22
   1.6327805e+04   2.0391556e-22
   1.6344117e+04   1.9484217e-22
   1.6360429e+04   1.8617250e-22
   1.6376741e+04   1.7788860e-22
   1.6393054e+04   1.6997329e-22
   1.6409366e+04   1.6241019e-22
   1.6425678e+04   1.5518361e-22
   1.6441991e+04   1.4827858e-22
   1.6458303e+04   1.4168080e-22
   1.6474615e+04   1.3537660e-22
   1.6490928e+04   1.2935290e-22
   1.6507240e+04   1.2359723e-22
   1.6523552e+04   1.1809767e-22
   1.6539865e+04   1.1284281e-22
   1.6556177e+04   1.0782178e-22
   1.6572489e+04   1.0302416e-22
   1.6588802e+04   9.8440010e-23
   1.6605114e+04   9.4059839e-23
   1.6621426e+04   8.9874567e-23
   1.6637738e+04   8.5875522e-23
   1.6654051e+04   8.2054418e-23
   1.6670363e+04   7.8403338e-23
   1.6686675e+04   7.4914715e-23
   1.6702988e+04   7.1581322e-23
   1.6719300e+04   6.8396250e-23
