   4.4060000e+02   1.5927061e-04
   4.4297628e+02   1.7284967e-04
   4.4535255e+02   1.8734473e-04
   4.4772883e+02   2.0279431e-04
   4.5010511e+02   2.1923646e-04
   4.5248138e+02   2.3670858e-04
   4.5485766e+02   2.5524713e-04
   4.5723393e+02   2.7488742e-04
   4.5961021e+02   2.9566339e-04
   4.6198649e+02   3.1760733e-04
   4.6436276e+02   3.4074959e-04
   4.6673904e+02   3.6511841e-04
   4.6911532e+02   3.9073954e-04
   4.7149159e+02   4.1763607e-04
   4.7386787e+02   4.4582810e-04
   4.7624414e+02   4.7533250e-04
   4.7862042e+02   5.0616267e-04
   4.8099670e+02   5.3832828e-04
   4.8337297e+02   5.7183500e-04
   4.8574925e+02   6.0668433e-04
   4.8812553e+02   6.4287336e-04
   4.9050180e+02   6.8039456e-04
   4.9287808e+02   7.1923565e-04
   4.9525435e+02   7.5937941e-04
   4.9763063e+02   8.0080354e-04
   5.0000691e+02   8.4348062e-04
   5.0238318e+02   8.8737794e-04
   5.0475946e+02   9.3245755e-04
   5.0713574e+02   9.7867616e-04
   5.0951201e+02   1.0259852e-03
   5.1188829e+02   1.0743309e-03
   5.1426456e+02   1.1236542e-03
   5.1664084e+02   1.1738911e-03
   5.1901712e+02   1.2249727e-03
   5.2139339e+02   1.2768253e-03
   5.2376967e+02   1.3293707e-03
   5.2614595e+02   1.3825266e-03
   5.2852222e+02   1.4362064e-03
   5.3089850e+02   1.4903200e-03
   5.3327477e+02   1.5447740e-03
   5.3565105e+02   1.5994719e-03
   5.3802733e+02   1.6543147e-03
   5.4040360e+02   1.7092011e-03
   5.4277988e+02   1.7640281e-03
   5.4515616e+02   1.8186914e-03
   5.4753243e+02   1.8730857e-03
   5.4990871e+02   1.9271054e-03
   5.5228498e+02   1.9806449e-03
   5.5466126e+02   2.0335992e-03
   5.5703754e+02   2.0858643e-03
   5.5941381e+02   2.1373377e-03
   5.6179009e+02   2.1879187e-03
   5.6416637e+02   2.2375091e-03
   5.6654264e+02   2.2860136e-03
   5.6891892e+02   2.3333401e-03
   5.7129520e+02   2.3794000e-03
   5.7367147e+02   2.4241089e-03
   5.7604775e+02   2.4673867e-03
   5.7842402e+02   2.5091582e-03
   5.8080030e+02   2.5493529e-03
   5.8317658e+02   2.5879058e-03
   5.8555285e+02   2.6247573e-03
   5.8792913e+02   2.6598533e-03
   5.9030541e+02   2.6931460e-03
   5.9268168e+02   2.7245931e-03
   5.9505796e+02   2.7541585e-03
   5.9743423e+02   2.7818125e-03
   5.9981051e+02   2.8075311e-03
   6.0218679e+02   2.8312966e-03
   6.0456306e+02   2.8530972e-03
   6.0693934e+02   2.8729274e-03
   6.0931562e+02   2.8907871e-03
   6.1169189e+02   2.9066821e-03
   6.1406817e+02   2.9206238e-03
   6.1644444e+02   2.9326286e-03
   6.1882072e+02   2.9427184e-03
   6.2119700e+02   2.9509195e-03
   6.2357327e+02   2.9572631e-03
   6.2594955e+02   2.9617843e-03
   6.2832583e+02   2.9645226e-03
   6.3070210e+02   2.9655210e-03
   6.3307838e+02   2.9648256e-03
   6.3545465e+02   2.9624860e-03
   6.3783093e+02   2.9585540e-03
   6.4020721e+02   2.9530843e-03
   6.4258348e+02   2.9461332e-03
   6.4495976e+02   2.9377590e-03
   6.4733604e+02   2.9280212e-03
   6.4971231e+02   2.9169806e-03
   6.5208859e+02   2.9046988e-03
   6.5446486e+02   2.8912376e-03
   6.5684114e+02   2.8766595e-03
   6.5921742e+02   2.8610267e-03
   6.6159369e+02   2.8444011e-03
   6.6396997e+02   2.8268441e-03
   6.6634625e+02   2.8084166e-03
   6.6872252e+02   2.7891782e-03
   6.7109880e+02   2.7691878e-03
   6.7347508e+02   2.7485027e-03
   6.7585135e+02   2.7271789e-03
   6.7822763e+02   2.7052710e-03
   6.8060390e+02   2.6828315e-03
   6.8298018e+02   2.6599116e-03
   6.8535646e+02   2.6365605e-03
   6.8773273e+02   2.6128253e-03
   6.9010901e+02   2.5887513e-03
   6.9248529e+02   2.5643820e-03
   6.9486156e+02   2.5397584e-03
   6.9723784e+02   2.5149198e-03
   6.9961411e+02   2.4899034e-03
   7.0199039e+02   2.4647444e-03
   7.0436667e+02   2.4394759e-03
   7.0674294e+02   2.4141290e-03
   7.0911922e+02   2.3887331e-03
   7.1149550e+02   2.3633154e-03
   7.1387177e+02   2.3379014e-03
   7.1624805e+02   2.3125150e-03
   7.1862432e+02   2.2871779e-03
   7.2100060e+02   2.2619106e-03
   7.2337688e+02   2.2367317e-03
   7.2575315e+02   2.2116585e-03
   7.2812943e+02   2.1867067e-03
   7.3050571e+02   2.1618905e-03
   7.3288198e+02   2.1372232e-03
   7.3525826e+02   2.1127163e-03
   7.3763453e+02   2.0883806e-03
   7.4001081e+02   2.0642255e-03
   7.4238709e+02   2.0402596e-03
   7.4476336e+02   2.0164903e-03
   7.4713964e+02   1.9929242e-03
   7.4951592e+02   1.9695670e-03
   7.5189219e+02   1.9464239e-03
   7.5426847e+02   1.9234989e-03
   7.5664474e+02   1.9007958e-03
   7.5902102e+02   1.8783175e-03
   7.6139730e+02   1.8560664e-03
   7.6377357e+02   1.8340445e-03
   7.6614985e+02   1.8122531e-03
   7.6852613e+02   1.7906933e-03
   7.7090240e+02   1.7693657e-03
   7.7327868e+02   1.7482706e-03
   7.7565495e+02   1.7274079e-03
   7.7803123e+02   1.7067772e-03
   7.8040751e+02   1.6863781e-03
   7.8278378e+02   1.6662096e-03
   7.8516006e+02   1.6462707e-03
   7.8753634e+02   1.6265603e-03
   7.8991261e+02   1.6070770e-03
   7.9228889e+02   1.5878192e-03
   7.9466517e+02   1.5687853e-03
   7.9704144e+02   1.5499736e-03
   7.9941772e+02   1.5313823e-03
   8.0179399e+02   1.5130095e-03
   8.0417027e+02   1.4948531e-03
   8.0654655e+02   1.4769112e-03
   8.0892282e+02   1.4591817e-03
   8.1129910e+02   1.4416625e-03
   8.1367538e+02   1.4243513e-03
   8.1605165e+02   1.4072462e-03
   8.1842793e+02   1.3903448e-03
   8.2080420e+02   1.3736450e-03
   8.2318048e+02   1.3571445e-03
   8.2555676e+02   1.3408412e-03
   8.2793303e+02   1.3247329e-03
   8.3030931e+02   1.3088173e-03
   8.3268559e+02   1.2930923e-03
   8.3506186e+02   1.2775556e-03
   8.3743814e+02   1.2622052e-03
   8.3981441e+02   1.2470388e-03
   8.4219069e+02   1.2320543e-03
   8.4456697e+02   1.2172496e-03
   8.4694324e+02   1.2026225e-03
   8.4931952e+02   1.1881710e-03
   8.5169580e+02   1.1738930e-03
   8.5407207e+02   1.1597864e-03
   8.5644835e+02   1.1458492e-03
   8.5882462e+02   1.1320793e-03
   8.6120090e+02   1.1184749e-03
   8.6357718e+02   1.1050339e-03
   8.6595345e+02   1.0917543e-03
   8.6832973e+02   1.0786343e-03
   8.7070601e+02   1.0656719e-03
   8.7308228e+02   1.0528652e-03
   8.7545856e+02   1.0402125e-03
   8.7783483e+02   1.0277117e-03
   8.8021111e+02   1.0153612e-03
   8.8258739e+02   1.0031590e-03
   8.8496366e+02   9.9110353e-04
   8.8733994e+02   9.7919288e-04
   8.8971622e+02   9.6742537e-04
   8.9209249e+02   9.5579926e-04
   8.9446877e+02   9.4431287e-04
   8.9684505e+02   9.3296450e-04
   8.9922132e+02   9.2175252e-04
   9.0159760e+02   9.1067527e-04
   9.0397387e+02   8.9973114e-04
   9.0635015e+02   8.8891853e-04
   9.0872643e+02   8.7823586e-04
   9.1110270e+02   8.6768157e-04
   9.1347898e+02   8.5725412e-04
   9.1585526e+02   8.4695197e-04
   9.1823153e+02   8.3677364e-04
   9.2060781e+02   8.2671762e-04
   9.2298408e+02   8.1678245e-04
   9.2536036e+02   8.0696668e-04
   9.2773664e+02   7.9726887e-04
   9.3011291e+02   7.8768760e-04
   9.3248919e+02   7.7822148e-04
   9.3486547e+02   7.6886912e-04
   9.3724174e+02   7.5962915e-04
   9.3961802e+02   7.5050022e-04
   9.4199429e+02   7.4148100e-04
   9.4437057e+02   7.3257017e-04
   9.4674685e+02   7.2376643e-04
   9.4912312e+02   7.1506848e-04
   9.5149940e+02   7.0647507e-04
   9.5387568e+02   6.9798492e-04
   9.5625195e+02   6.8959681e-04
   9.5862823e+02   6.8130951e-04
   9.6100450e+02   6.7312179e-04
   9.6338078e+02   6.6503248e-04
   9.6575706e+02   6.5704038e-04
   9.6813333e+02   6.4914432e-04
   9.7050961e+02   6.4134316e-04
   9.7288589e+02   6.3363574e-04
   9.7526216e+02   6.2602095e-04
   9.7763844e+02   6.1849768e-04
   9.8001471e+02   6.1106481e-04
   9.8239099e+02   6.0372127e-04
   9.8476727e+02   5.9646599e-04
   9.8714354e+02   5.8929789e-04
   9.8951982e+02   5.8221594e-04
   9.9189610e+02   5.7521909e-04
   9.9427237e+02   5.6830633e-04
   9.9664865e+02   5.6147665e-04
   9.9902492e+02   5.5472904e-04
   1.0014012e+03   5.4806252e-04
   1.0037775e+03   5.4147612e-04
   1.0061538e+03   5.3496887e-04
   1.0085300e+03   5.2853982e-04
   1.0109063e+03   5.2218803e-04
   1.0132826e+03   5.1591258e-04
   1.0156589e+03   5.0971255e-04
   1.0180351e+03   5.0358702e-04
   1.0204114e+03   4.9753510e-04
   1.0227877e+03   4.9155592e-04
   1.0251640e+03   4.8564859e-04
   1.0275402e+03   4.7981226e-04
   1.0299165e+03   4.7404606e-04
   1.0322928e+03   4.6834916e-04
   1.0346691e+03   4.6272072e-04
   1.0370453e+03   4.5715992e-04
   1.0394216e+03   4.5166595e-04
   1.0417979e+03   4.4623801e-04
   1.0441742e+03   4.4087529e-04
   1.0465505e+03   4.3557702e-04
   1.0489267e+03   4.3034243e-04
   1.0513030e+03   4.2517074e-04
   1.0536793e+03   4.2006120e-04
   1.0560556e+03   4.1501307e-04
   1.0584318e+03   4.1002560e-04
   1.0608081e+03   4.0509808e-04
   1.0631844e+03   4.0022976e-04
   1.0655607e+03   3.9541996e-04
   1.0679369e+03   3.9066796e-04
   1.0703132e+03   3.8597306e-04
   1.0726895e+03   3.8133459e-04
   1.0750658e+03   3.7675185e-04
   1.0774420e+03   3.7222420e-04
   1.0798183e+03   3.6775095e-04
   1.0821946e+03   3.6333146e-04
   1.0845709e+03   3.5896509e-04
   1.0869471e+03   3.5465118e-04
   1.0893234e+03   3.5038912e-04
   1.0916997e+03   3.4617828e-04
   1.0940760e+03   3.4201805e-04
   1.0964523e+03   3.3790781e-04
   1.0988285e+03   3.3384696e-04
   1.1012048e+03   3.2983492e-04
   1.1035811e+03   3.2587109e-04
   1.1059574e+03   3.2195490e-04
   1.1083336e+03   3.1808577e-04
   1.1107099e+03   3.1426314e-04
   1.1130862e+03   3.1048645e-04
   1.1154625e+03   3.0675514e-04
   1.1178387e+03   3.0306868e-04
   1.1202150e+03   2.9942652e-04
   1.1225913e+03   2.9582812e-04
   1.1249676e+03   2.9227298e-04
   1.1273438e+03   2.8876055e-04
   1.1297201e+03   2.8529034e-04
   1.1320964e+03   2.8186183e-04
   1.1344727e+03   2.7847453e-04
   1.1368489e+03   2.7512793e-04
   1.1392252e+03   2.7182155e-04
   1.1416015e+03   2.6855490e-04
   1.1439778e+03   2.6532751e-04
   1.1463541e+03   2.6213891e-04
   1.1487303e+03   2.5898863e-04
   1.1511066e+03   2.5587620e-04
   1.1534829e+03   2.5280118e-04
   1.1558592e+03   2.4976312e-04
   1.1582354e+03   2.4676156e-04
   1.1606117e+03   2.4379608e-04
   1.1629880e+03   2.4086623e-04
   1.1653643e+03   2.3797159e-04
   1.1677405e+03   2.3511174e-04
   1.1701168e+03   2.3228626e-04
   1.1724931e+03   2.2949473e-04
   1.1748694e+03   2.2673676e-04
   1.1772456e+03   2.2401192e-04
   1.1796219e+03   2.2131983e-04
   1.1819982e+03   2.1866010e-04
   1.1843745e+03   2.1603233e-04
   1.1867508e+03   2.1343613e-04
   1.1891270e+03   2.1087114e-04
   1.1915033e+03   2.0833697e-04
   1.1938796e+03   2.0583326e-04
   1.1962559e+03   2.0335964e-04
   1.1986321e+03   2.0091574e-04
   1.2010084e+03   1.9850121e-04
   1.2033847e+03   1.9611570e-04
   1.2057610e+03   1.9375886e-04
   1.2081372e+03   1.9143034e-04
   1.2105135e+03   1.8912980e-04
   1.2128898e+03   1.8685692e-04
   1.2152661e+03   1.8461134e-04
   1.2176423e+03   1.8239275e-04
   1.2200186e+03   1.8020083e-04
   1.2223949e+03   1.7803525e-04
   1.2247712e+03   1.7589569e-04
   1.2271474e+03   1.7378184e-04
   1.2295237e+03   1.7169340e-04
   1.2319000e+03   1.6963005e-04
   1.2342763e+03   1.6759151e-04
   1.2366526e+03   1.6557746e-04
   1.2390288e+03   1.6358761e-04
   1.2414051e+03   1.6162168e-04
   1.2437814e+03   1.5967937e-04
   1.2461577e+03   1.5776041e-04
   1.2485339e+03   1.5586450e-04
   1.2509102e+03   1.5399139e-04
   1.2532865e+03   1.5214078e-04
   1.2556628e+03   1.5031241e-04
   1.2580390e+03   1.4850601e-04
   1.2604153e+03   1.4672132e-04
   1.2627916e+03   1.4495808e-04
   1.2651679e+03   1.4321603e-04
   1.2675441e+03   1.4149492e-04
   1.2699204e+03   1.3979449e-04
   1.2722967e+03   1.3811449e-04
   1.2746730e+03   1.3645469e-04
   1.2770492e+03   1.3481483e-04
   1.2794255e+03   1.3319468e-04
   1.2818018e+03   1.3159399e-04
   1.2841781e+03   1.3001255e-04
   1.2865544e+03   1.2845011e-04
   1.2889306e+03   1.2690644e-04
   1.2913069e+03   1.2538133e-04
   1.2936832e+03   1.2387455e-04
   1.2960595e+03   1.2238587e-04
   1.2984357e+03   1.2091509e-04
   1.3008120e+03   1.1946197e-04
   1.3031883e+03   1.1802633e-04
   1.3055646e+03   1.1660793e-04
   1.3079408e+03   1.1520658e-04
   1.3103171e+03   1.1382208e-04
   1.3126934e+03   1.1245421e-04
   1.3150697e+03   1.1110278e-04
   1.3174459e+03   1.0976759e-04
   1.3198222e+03   1.0844844e-04
   1.3221985e+03   1.0714515e-04
   1.3245748e+03   1.0585752e-04
   1.3269511e+03   1.0458537e-04
   1.3293273e+03   1.0332850e-04
   1.3317036e+03   1.0208674e-04
   1.3340799e+03   1.0085990e-04
   1.3364562e+03   9.9647805e-05
   1.3388324e+03   9.8450276e-05
   1.3412087e+03   9.7267139e-05
   1.3435850e+03   9.6098220e-05
   1.3459613e+03   9.4943349e-05
   1.3483375e+03   9.3802357e-05
   1.3507138e+03   9.2675077e-05
   1.3530901e+03   9.1561344e-05
   1.3554664e+03   9.0460995e-05
   1.3578426e+03   8.9373870e-05
   1.3602189e+03   8.8299810e-05
   1.3625952e+03   8.7238657e-05
   1.3649715e+03   8.6190256e-05
   1.3673477e+03   8.5154455e-05
   1.3697240e+03   8.4131102e-05
   1.3721003e+03   8.3120047e-05
   1.3744766e+03   8.2121143e-05
   1.3768529e+03   8.1134243e-05
   1.3792291e+03   8.0159203e-05
   1.3816054e+03   7.9195881e-05
   1.3839817e+03   7.8244136e-05
   1.3863580e+03   7.7303828e-05
   1.3887342e+03   7.6374821e-05
   1.3911105e+03   7.5456978e-05
   1.3934868e+03   7.4550165e-05
   1.3958631e+03   7.3654250e-05
   1.3982393e+03   7.2769102e-05
   1.4006156e+03   7.1894591e-05
   1.4029919e+03   7.1030590e-05
   1.4053682e+03   7.0176972e-05
   1.4077444e+03   6.9333612e-05
   1.4101207e+03   6.8500388e-05
   1.4124970e+03   6.7677177e-05
   1.4148733e+03   6.6863859e-05
   1.4172495e+03   6.6060315e-05
   1.4196258e+03   6.5266428e-05
   1.4220021e+03   6.4482081e-05
   1.4243784e+03   6.3707161e-05
   1.4267547e+03   6.2941553e-05
   1.4291309e+03   6.2185146e-05
   1.4315072e+03   6.1437829e-05
   1.4338835e+03   6.0699493e-05
   1.4362598e+03   5.9970030e-05
   1.4386360e+03   5.9249333e-05
   1.4410123e+03   5.8537298e-05
   1.4433886e+03   5.7833819e-05
   1.4457649e+03   5.7138795e-05
   1.4481411e+03   5.6452123e-05
   1.4505174e+03   5.5773703e-05
   1.4528937e+03   5.5103437e-05
   1.4552700e+03   5.4441225e-05
   1.4576462e+03   5.3786972e-05
   1.4600225e+03   5.3140581e-05
   1.4623988e+03   5.2501958e-05
   1.4647751e+03   5.1871010e-05
   1.4671514e+03   5.1247644e-05
   1.4695276e+03   5.0631770e-05
   1.4719039e+03   5.0023297e-05
   1.4742802e+03   4.9422136e-05
   1.4766565e+03   4.8828200e-05
   1.4790327e+03   4.8241402e-05
   1.4814090e+03   4.7661655e-05
   1.4837853e+03   4.7088876e-05
   1.4861616e+03   4.6522980e-05
   1.4885378e+03   4.5963885e-05
   1.4909141e+03   4.5411509e-05
   1.4932904e+03   4.4865771e-05
   1.4956667e+03   4.4326592e-05
   1.4980429e+03   4.3793892e-05
   1.5004192e+03   4.3267594e-05
   1.5027955e+03   4.2747621e-05
   1.5051718e+03   4.2233897e-05
   1.5075480e+03   4.1726346e-05
   1.5099243e+03   4.1224895e-05
   1.5123006e+03   4.0729470e-05
   1.5146769e+03   4.0239999e-05
   1.5170532e+03   3.9756411e-05
   1.5194294e+03   3.9278634e-05
   1.5218057e+03   3.8806598e-05
   1.5241820e+03   3.8340236e-05
   1.5265583e+03   3.7879478e-05
   1.5289345e+03   3.7424257e-05
   1.5313108e+03   3.6974507e-05
   1.5336871e+03   3.6530161e-05
   1.5360634e+03   3.6091156e-05
   1.5384396e+03   3.5657427e-05
   1.5408159e+03   3.5228909e-05
   1.5431922e+03   3.4805542e-05
   1.5455685e+03   3.4387263e-05
   1.5479447e+03   3.3974010e-05
   1.5503210e+03   3.3565723e-05
   1.5526973e+03   3.3162344e-05
   1.5550736e+03   3.2763811e-05
   1.5574498e+03   3.2370069e-05
   1.5598261e+03   3.1981058e-05
   1.5622024e+03   3.1596722e-05
   1.5645787e+03   3.1217005e-05
   1.5669550e+03   3.0841851e-05
   1.5693312e+03   3.0471206e-05
   1.5717075e+03   3.0105014e-05
   1.5740838e+03   2.9743224e-05
   1.5764601e+03   2.9385782e-05
   1.5788363e+03   2.9032635e-05
   1.5812126e+03   2.8683732e-05
   1.5835889e+03   2.8339022e-05
   1.5859652e+03   2.7998454e-05
   1.5883414e+03   2.7661980e-05
   1.5907177e+03   2.7329549e-05
   1.5930940e+03   2.7001113e-05
   1.5954703e+03   2.6676624e-05
   1.5978465e+03   2.6356035e-05
   1.6002228e+03   2.6039298e-05
   1.6025991e+03   2.5726368e-05
   1.6049754e+03   2.5417199e-05
   1.6073517e+03   2.5111745e-05
   1.6097279e+03   2.4809961e-05
   1.6121042e+03   2.4511805e-05
   1.6144805e+03   2.4217232e-05
   1.6168568e+03   2.3926198e-05
   1.6192330e+03   2.3638663e-05
   1.6216093e+03   2.3354582e-05
   1.6239856e+03   2.3073916e-05
   1.6263619e+03   2.2796623e-05
   1.6287381e+03   2.2522662e-05
   1.6311144e+03   2.2251993e-05
   1.6334907e+03   2.1984577e-05
   1.6358670e+03   2.1720375e-05
   1.6382432e+03   2.1459348e-05
   1.6406195e+03   2.1201458e-05
   1.6429958e+03   2.0946667e-05
   1.6453721e+03   2.0694938e-05
   1.6477483e+03   2.0446235e-05
   1.6501246e+03   2.0200520e-05
   1.6525009e+03   1.9957758e-05
   1.6548772e+03   1.9717913e-05
   1.6572535e+03   1.9480951e-05
   1.6596297e+03   1.9246836e-05
   1.6620060e+03   1.9015535e-05
   1.6643823e+03   1.8787014e-05
   1.6667586e+03   1.8561239e-05
   1.6691348e+03   1.8338177e-05
   1.6715111e+03   1.8117796e-05
   1.6738874e+03   1.7900063e-05
   1.6762637e+03   1.7684947e-05
   1.6786399e+03   1.7472417e-05
   1.6810162e+03   1.7262440e-05
   1.6833925e+03   1.7054987e-05
   1.6857688e+03   1.6850026e-05
   1.6881450e+03   1.6647529e-05
   1.6905213e+03   1.6447466e-05
   1.6928976e+03   1.6249807e-05
   1.6952739e+03   1.6054523e-05
   1.6976502e+03   1.5861586e-05
   1.7000264e+03   1.5670967e-05
   1.7024027e+03   1.5482640e-05
   1.7047790e+03   1.5296575e-05
   1.7071553e+03   1.5112747e-05
   1.7095315e+03   1.4931128e-05
   1.7119078e+03   1.4751691e-05
   1.7142841e+03   1.4574411e-05
   1.7166604e+03   1.4399262e-05
   1.7190366e+03   1.4226217e-05
   1.7214129e+03   1.4055252e-05
   1.7237892e+03   1.3886341e-05
   1.7261655e+03   1.3719461e-05
   1.7285417e+03   1.3554586e-05
   1.7309180e+03   1.3391692e-05
   1.7332943e+03   1.3230756e-05
   1.7356706e+03   1.3071754e-05
   1.7380468e+03   1.2914662e-05
   1.7404231e+03   1.2759459e-05
   1.7427994e+03   1.2606121e-05
   1.7451757e+03   1.2454625e-05
   1.7475520e+03   1.2304950e-05
   1.7499282e+03   1.2157074e-05
   1.7523045e+03   1.2010975e-05
   1.7546808e+03   1.1866632e-05
   1.7570571e+03   1.1724023e-05
   1.7594333e+03   1.1583129e-05
   1.7618096e+03   1.1443927e-05
   1.7641859e+03   1.1306398e-05
   1.7665622e+03   1.1170523e-05
   1.7689384e+03   1.1036280e-05
   1.7713147e+03   1.0903650e-05
   1.7736910e+03   1.0772614e-05
   1.7760673e+03   1.0643153e-05
   1.7784435e+03   1.0515248e-05
   1.7808198e+03   1.0388880e-05
   1.7831961e+03   1.0264030e-05
   1.7855724e+03   1.0140681e-05
   1.7879486e+03   1.0018814e-05
   1.7903249e+03   9.8984119e-06
   1.7927012e+03   9.7794566e-06
   1.7950775e+03   9.6619309e-06
   1.7974538e+03   9.5458176e-06
   1.7998300e+03   9.4310997e-06
   1.8022063e+03   9.3177604e-06
   1.8045826e+03   9.2057831e-06
   1.8069589e+03   9.0951516e-06
   1.8093351e+03   8.9858496e-06
   1.8117114e+03   8.8778612e-06
   1.8140877e+03   8.7711705e-06
   1.8164640e+03   8.6657620e-06
   1.8188402e+03   8.5616202e-06
   1.8212165e+03   8.4587300e-06
   1.8235928e+03   8.3570762e-06
   1.8259691e+03   8.2566442e-06
   1.8283453e+03   8.1574190e-06
   1.8307216e+03   8.0593863e-06
   1.8330979e+03   7.9625317e-06
   1.8354742e+03   7.8668411e-06
   1.8378505e+03   7.7723005e-06
   1.8402267e+03   7.6788960e-06
   1.8426030e+03   7.5866140e-06
   1.8449793e+03   7.4954410e-06
   1.8473556e+03   7.4053637e-06
   1.8497318e+03   7.3163690e-06
   1.8521081e+03   7.2284437e-06
   1.8544844e+03   7.1415750e-06
   1.8568607e+03   7.0557504e-06
   1.8592369e+03   6.9709571e-06
   1.8616132e+03   6.8871829e-06
   1.8639895e+03   6.8044154e-06
   1.8663658e+03   6.7226425e-06
   1.8687420e+03   6.6418524e-06
   1.8711183e+03   6.5620332e-06
   1.8734946e+03   6.4831733e-06
   1.8758709e+03   6.4052610e-06
   1.8782471e+03   6.3282851e-06
   1.8806234e+03   6.2522342e-06
   1.8829997e+03   6.1770973e-06
   1.8853760e+03   6.1028633e-06
   1.8877523e+03   6.0295215e-06
   1.8901285e+03   5.9570610e-06
   1.8925048e+03   5.8854714e-06
   1.8948811e+03   5.8147421e-06
   1.8972574e+03   5.7448628e-06
   1.8996336e+03   5.6758232e-06
   1.9020099e+03   5.6076134e-06
   1.9043862e+03   5.5402233e-06
   1.9067625e+03   5.4736430e-06
   1.9091387e+03   5.4078629e-06
   1.9115150e+03   5.3428733e-06
   1.9138913e+03   5.2786648e-06
   1.9162676e+03   5.2152278e-06
   1.9186438e+03   5.1525532e-06
   1.9210201e+03   5.0906318e-06
   1.9233964e+03   5.0294546e-06
   1.9257727e+03   4.9690126e-06
   1.9281489e+03   4.9092969e-06
   1.9305252e+03   4.8502989e-06
   1.9329015e+03   4.7920099e-06
   1.9352778e+03   4.7344214e-06
   1.9376541e+03   4.6775249e-06
   1.9400303e+03   4.6213123e-06
   1.9424066e+03   4.5657751e-06
   1.9447829e+03   4.5109054e-06
   1.9471592e+03   4.4566951e-06
   1.9495354e+03   4.4031363e-06
   1.9519117e+03   4.3502211e-06
   1.9542880e+03   4.2979418e-06
   1.9566643e+03   4.2462908e-06
   1.9590405e+03   4.1952606e-06
   1.9614168e+03   4.1448435e-06
   1.9637931e+03   4.0950324e-06
   1.9661694e+03   4.0458199e-06
   1.9685456e+03   3.9971988e-06
   1.9709219e+03   3.9491620e-06
   1.9732982e+03   3.9017026e-06
   1.9756745e+03   3.8548134e-06
   1.9780508e+03   3.8084878e-06
   1.9804270e+03   3.7627188e-06
   1.9828033e+03   3.7174999e-06
   1.9851796e+03   3.6728245e-06
   1.9875559e+03   3.6286859e-06
   1.9899321e+03   3.5850778e-06
   1.9923084e+03   3.5419937e-06
   1.9946847e+03   3.4994274e-06
   1.9970610e+03   3.4573726e-06
   1.9994372e+03   3.4158233e-06
   2.0018135e+03   3.3747732e-06
   2.0041898e+03   3.3342165e-06
   2.0065661e+03   3.2941472e-06
   2.0089423e+03   3.2545594e-06
   2.0113186e+03   3.2154474e-06
   2.0136949e+03   3.1768054e-06
   2.0160712e+03   3.1386278e-06
   2.0184474e+03   3.1009090e-06
   2.0208237e+03   3.0636434e-06
   2.0232000e+03   3.0268258e-06
   2.0255763e+03   2.9904505e-06
   2.0279526e+03   2.9545125e-06
   2.0303288e+03   2.9190063e-06
   2.0327051e+03   2.8839268e-06
   2.0350814e+03   2.8492689e-06
   2.0374577e+03   2.8150275e-06
   2.0398339e+03   2.7811976e-06
   2.0422102e+03   2.7477742e-06
   2.0445865e+03   2.7147525e-06
   2.0469628e+03   2.6821277e-06
   2.0493390e+03   2.6498949e-06
   2.0517153e+03   2.6180495e-06
   2.0540916e+03   2.5865868e-06
   2.0564679e+03   2.5555022e-06
   2.0588441e+03   2.5247912e-06
   2.0612204e+03   2.4944492e-06
   2.0635967e+03   2.4644719e-06
   2.0659730e+03   2.4348549e-06
   2.0683492e+03   2.4055937e-06
   2.0707255e+03   2.3766842e-06
   2.0731018e+03   2.3481222e-06
   2.0754781e+03   2.3199033e-06
   2.0778544e+03   2.2920236e-06
   2.0802306e+03   2.2644790e-06
   2.0826069e+03   2.2372654e-06
   2.0849832e+03   2.2103788e-06
   2.0873595e+03   2.1838153e-06
   2.0897357e+03   2.1575711e-06
   2.0921120e+03   2.1316422e-06
   2.0944883e+03   2.1060250e-06
   2.0968646e+03   2.0807156e-06
   2.0992408e+03   2.0557103e-06
   2.1016171e+03   2.0310056e-06
   2.1039934e+03   2.0065978e-06
   2.1063697e+03   1.9824833e-06
   2.1087459e+03   1.9586585e-06
   2.1111222e+03   1.9351202e-06
   2.1134985e+03   1.9118646e-06
   2.1158748e+03   1.8888886e-06
   2.1182511e+03   1.8661887e-06
   2.1206273e+03   1.8437615e-06
   2.1230036e+03   1.8216039e-06
   2.1253799e+03   1.7997126e-06
   2.1277562e+03   1.7780843e-06
   2.1301324e+03   1.7567160e-06
   2.1325087e+03   1.7356045e-06
   2.1348850e+03   1.7147467e-06
   2.1372613e+03   1.6941395e-06
   2.1396375e+03   1.6737800e-06
   2.1420138e+03   1.6536652e-06
   2.1443901e+03   1.6337920e-06
   2.1467664e+03   1.6141578e-06
   2.1491426e+03   1.5947595e-06
   2.1515189e+03   1.5755943e-06
   2.1538952e+03   1.5566594e-06
   2.1562715e+03   1.5379520e-06
   2.1586477e+03   1.5194695e-06
   2.1610240e+03   1.5012091e-06
   2.1634003e+03   1.4831682e-06
   2.1657766e+03   1.4653441e-06
   2.1681529e+03   1.4477341e-06
   2.1705291e+03   1.4303358e-06
   2.1729054e+03   1.4131466e-06
   2.1752817e+03   1.3961639e-06
   2.1776580e+03   1.3793854e-06
   2.1800342e+03   1.3628085e-06
   2.1824105e+03   1.3464308e-06
   2.1847868e+03   1.3302499e-06
   2.1871631e+03   1.3142635e-06
   2.1895393e+03   1.2984692e-06
   2.1919156e+03   1.2828647e-06
   2.1942919e+03   1.2674477e-06
   2.1966682e+03   1.2522160e-06
   2.1990444e+03   1.2371673e-06
   2.2014207e+03   1.2222995e-06
   2.2037970e+03   1.2076104e-06
   2.2061733e+03   1.1930978e-06
   2.2085495e+03   1.1787596e-06
   2.2109258e+03   1.1645938e-06
   2.2133021e+03   1.1505981e-06
   2.2156784e+03   1.1367707e-06
   2.2180547e+03   1.1231094e-06
   2.2204309e+03   1.1096123e-06
   2.2228072e+03   1.0962774e-06
   2.2251835e+03   1.0831028e-06
   2.2275598e+03   1.0700865e-06
   2.2299360e+03   1.0572266e-06
   2.2323123e+03   1.0445213e-06
   2.2346886e+03   1.0319686e-06
   2.2370649e+03   1.0195668e-06
   2.2394411e+03   1.0073141e-06
   2.2418174e+03   9.9520856e-07
   2.2441937e+03   9.8324853e-07
   2.2465700e+03   9.7143223e-07
   2.2489462e+03   9.5975794e-07
   2.2513225e+03   9.4822394e-07
   2.2536988e+03   9.3682855e-07
   2.2560751e+03   9.2557011e-07
   2.2584514e+03   9.1444697e-07
   2.2608276e+03   9.0345750e-07
   2.2632039e+03   8.9260010e-07
   2.2655802e+03   8.8187318e-07
   2.2679565e+03   8.7127517e-07
   2.2703327e+03   8.6080452e-07
   2.2727090e+03   8.5045971e-07
   2.2750853e+03   8.4023922e-07
   2.2774616e+03   8.3014155e-07
   2.2798378e+03   8.2016523e-07
   2.2822141e+03   8.1030880e-07
   2.2845904e+03   8.0057082e-07
   2.2869667e+03   7.9094988e-07
   2.2893429e+03   7.8144455e-07
   2.2917192e+03   7.7205345e-07
   2.2940955e+03   7.6277521e-07
   2.2964718e+03   7.5360848e-07
   2.2988480e+03   7.4455190e-07
   2.3012243e+03   7.3560417e-07
   2.3036006e+03   7.2676396e-07
   2.3059769e+03   7.1802999e-07
   2.3083532e+03   7.0940099e-07
   2.3107294e+03   7.0087568e-07
   2.3131057e+03   6.9245283e-07
   2.3154820e+03   6.8413120e-07
   2.3178583e+03   6.7590958e-07
   2.3202345e+03   6.6778676e-07
   2.3226108e+03   6.5976156e-07
   2.3249871e+03   6.5183280e-07
   2.3273634e+03   6.4399933e-07
   2.3297396e+03   6.3625999e-07
   2.3321159e+03   6.2861367e-07
   2.3344922e+03   6.2105923e-07
   2.3368685e+03   6.1359559e-07
   2.3392447e+03   6.0622163e-07
   2.3416210e+03   5.9893630e-07
   2.3439973e+03   5.9173851e-07
   2.3463736e+03   5.8462723e-07
   2.3487498e+03   5.7760141e-07
   2.3511261e+03   5.7066002e-07
   2.3535024e+03   5.6380205e-07
   2.3558787e+03   5.5702649e-07
   2.3582550e+03   5.5033236e-07
   2.3606312e+03   5.4371868e-07
   2.3630075e+03   5.3718448e-07
   2.3653838e+03   5.3072881e-07
   2.3677601e+03   5.2435072e-07
   2.3701363e+03   5.1804927e-07
   2.3725126e+03   5.1182356e-07
   2.3748889e+03   5.0567266e-07
   2.3772652e+03   4.9959568e-07
   2.3796414e+03   4.9359174e-07
   2.3820177e+03   4.8765994e-07
   2.3843940e+03   4.8179944e-07
   2.3867703e+03   4.7600936e-07
   2.3891465e+03   4.7028886e-07
   2.3915228e+03   4.6463711e-07
   2.3938991e+03   4.5905329e-07
   2.3962754e+03   4.5353656e-07
   2.3986517e+03   4.4808614e-07
   2.4010279e+03   4.4270121e-07
   2.4034042e+03   4.3738100e-07
   2.4057805e+03   4.3212472e-07
   2.4081568e+03   4.2693162e-07
   2.4105330e+03   4.2180092e-07
   2.4129093e+03   4.1673188e-07
   2.4152856e+03   4.1172376e-07
   2.4176619e+03   4.0677582e-07
   2.4200381e+03   4.0188735e-07
   2.4224144e+03   3.9705762e-07
   2.4247907e+03   3.9228594e-07
   2.4271670e+03   3.8757160e-07
   2.4295432e+03   3.8291391e-07
   2.4319195e+03   3.7831220e-07
   2.4342958e+03   3.7376579e-07
   2.4366721e+03   3.6927402e-07
   2.4390483e+03   3.6483623e-07
   2.4414246e+03   3.6045177e-07
   2.4438009e+03   3.5612000e-07
   2.4461772e+03   3.5184029e-07
   2.4485535e+03   3.4761201e-07
   2.4509297e+03   3.4343454e-07
   2.4533060e+03   3.3930728e-07
   2.4556823e+03   3.3522962e-07
   2.4580586e+03   3.3120096e-07
   2.4604348e+03   3.2722071e-07
   2.4628111e+03   3.2328830e-07
   2.4651874e+03   3.1940315e-07
   2.4675637e+03   3.1556468e-07
   2.4699399e+03   3.1177235e-07
   2.4723162e+03   3.0802559e-07
   2.4746925e+03   3.0432386e-07
   2.4770688e+03   3.0066661e-07
   2.4794450e+03   2.9705332e-07
   2.4818213e+03   2.9348345e-07
   2.4841976e+03   2.8995648e-07
   2.4865739e+03   2.8647189e-07
   2.4889502e+03   2.8302919e-07
   2.4913264e+03   2.7962785e-07
   2.4937027e+03   2.7626739e-07
   2.4960790e+03   2.7294732e-07
   2.4984553e+03   2.6966714e-07
   2.5008315e+03   2.6642639e-07
   2.5032078e+03   2.6322458e-07
   2.5055841e+03   2.6006125e-07
   2.5079604e+03   2.5693593e-07
   2.5103366e+03   2.5384818e-07
   2.5127129e+03   2.5079753e-07
   2.5150892e+03   2.4778354e-07
   2.5174655e+03   2.4480578e-07
   2.5198417e+03   2.4186379e-07
   2.5222180e+03   2.3895717e-07
   2.5245943e+03   2.3608548e-07
   2.5269706e+03   2.3324829e-07
   2.5293468e+03   2.3044520e-07
   2.5317231e+03   2.2767580e-07
   2.5340994e+03   2.2493968e-07
   2.5364757e+03   2.2223645e-07
   2.5388520e+03   2.1956570e-07
   2.5412282e+03   2.1692704e-07
   2.5436045e+03   2.1432009e-07
   2.5459808e+03   2.1174448e-07
   2.5483571e+03   2.0919982e-07
   2.5507333e+03   2.0668573e-07
   2.5531096e+03   2.0420187e-07
   2.5554859e+03   2.0174785e-07
   2.5578622e+03   1.9932332e-07
   2.5602384e+03   1.9692793e-07
   2.5626147e+03   1.9456133e-07
   2.5649910e+03   1.9222316e-07
   2.5673673e+03   1.8991310e-07
   2.5697435e+03   1.8763080e-07
   2.5721198e+03   1.8537592e-07
   2.5744961e+03   1.8314815e-07
   2.5768724e+03   1.8094715e-07
   2.5792486e+03   1.7877259e-07
   2.5816249e+03   1.7662417e-07
   2.5840012e+03   1.7450157e-07
   2.5863775e+03   1.7240448e-07
   2.5887538e+03   1.7033259e-07
   2.5911300e+03   1.6828560e-07
   2.5935063e+03   1.6626321e-07
   2.5958826e+03   1.6426512e-07
   2.5982589e+03   1.6229105e-07
   2.6006351e+03   1.6034070e-07
   2.6030114e+03   1.5841378e-07
   2.6053877e+03   1.5651003e-07
   2.6077640e+03   1.5462915e-07
   2.6101402e+03   1.5277088e-07
   2.6125165e+03   1.5093494e-07
   2.6148928e+03   1.4912106e-07
   2.6172691e+03   1.4732898e-07
   2.6196453e+03   1.4555844e-07
   2.6220216e+03   1.4380917e-07
   2.6243979e+03   1.4208093e-07
   2.6267742e+03   1.4037346e-07
   2.6291505e+03   1.3868650e-07
   2.6315267e+03   1.3701982e-07
   2.6339030e+03   1.3537317e-07
   2.6362793e+03   1.3374631e-07
   2.6386556e+03   1.3213900e-07
   2.6410318e+03   1.3055100e-07
   2.6434081e+03   1.2898209e-07
   2.6457844e+03   1.2743204e-07
   2.6481607e+03   1.2590061e-07
   2.6505369e+03   1.2438758e-07
   2.6529132e+03   1.2289274e-07
   2.6552895e+03   1.2141586e-07
   2.6576658e+03   1.1995674e-07
   2.6600420e+03   1.1851514e-07
   2.6624183e+03   1.1709087e-07
   2.6647946e+03   1.1568372e-07
   2.6671709e+03   1.1429348e-07
   2.6695471e+03   1.1291994e-07
   2.6719234e+03   1.1156292e-07
   2.6742997e+03   1.1022220e-07
   2.6766760e+03   1.0889759e-07
   2.6790523e+03   1.0758890e-07
   2.6814285e+03   1.0629594e-07
   2.6838048e+03   1.0501852e-07
   2.6861811e+03   1.0375644e-07
   2.6885574e+03   1.0250954e-07
   2.6909336e+03   1.0127762e-07
   2.6933099e+03   1.0006050e-07
   2.6956862e+03   9.8858016e-08
   2.6980625e+03   9.7669979e-08
   2.7004387e+03   9.6496219e-08
   2.7028150e+03   9.5336565e-08
   2.7051913e+03   9.4190847e-08
   2.7075676e+03   9.3058898e-08
   2.7099438e+03   9.1940552e-08
   2.7123201e+03   9.0835646e-08
   2.7146964e+03   8.9744019e-08
   2.7170727e+03   8.8665510e-08
   2.7194489e+03   8.7599962e-08
   2.7218252e+03   8.6547220e-08
   2.7242015e+03   8.5507129e-08
   2.7265778e+03   8.4479538e-08
   2.7289541e+03   8.3464296e-08
   2.7313303e+03   8.2461254e-08
   2.7337066e+03   8.1470267e-08
   2.7360829e+03   8.0491189e-08
   2.7384592e+03   7.9523877e-08
   2.7408354e+03   7.8568190e-08
   2.7432117e+03   7.7623988e-08
   2.7455880e+03   7.6691133e-08
   2.7479643e+03   7.5769489e-08
   2.7503405e+03   7.4858920e-08
   2.7527168e+03   7.3959295e-08
   2.7550931e+03   7.3070481e-08
   2.7574694e+03   7.2192348e-08
   2.7598456e+03   7.1324769e-08
   2.7622219e+03   7.0467615e-08
   2.7645982e+03   6.9620763e-08
   2.7669745e+03   6.8784088e-08
   2.7693508e+03   6.7957467e-08
   2.7717270e+03   6.7140781e-08
   2.7741033e+03   6.6333909e-08
   2.7764796e+03   6.5536734e-08
   2.7788559e+03   6.4749139e-08
   2.7812321e+03   6.3971009e-08
   2.7836084e+03   6.3202230e-08
   2.7859847e+03   6.2442690e-08
   2.7883610e+03   6.1692278e-08
   2.7907372e+03   6.0950884e-08
   2.7931135e+03   6.0218400e-08
   2.7954898e+03   5.9494719e-08
   2.7978661e+03   5.8779735e-08
   2.8002423e+03   5.8073343e-08
   2.8026186e+03   5.7375440e-08
   2.8049949e+03   5.6685924e-08
   2.8073712e+03   5.6004695e-08
   2.8097474e+03   5.5331652e-08
   2.8121237e+03   5.4666698e-08
   2.8145000e+03   5.4009735e-08
