   4.7500000e+02   8.4224582e-05
   4.7842543e+02   1.0159859e-04
   4.8185085e+02   1.2186429e-04
   4.8527628e+02   1.4535075e-04
   4.8870170e+02   1.7239427e-04
   4.9212713e+02   2.0333235e-04
   4.9555255e+02   2.3849670e-04
   4.9897798e+02   2.7820529e-04
   5.0240340e+02   3.2275371e-04
   5.0582883e+02   3.7240589e-04
   5.0925425e+02   4.2738450e-04
   5.1267968e+02   4.8786136e-04
   5.1610511e+02   5.5394802e-04
   5.1953053e+02   6.2568702e-04
   5.2295596e+02   7.0304412e-04
   5.2638138e+02   7.8590181e-04
   5.2980681e+02   8.7405451e-04
   5.3323223e+02   9.6720574e-04
   5.3665766e+02   1.0649675e-03
   5.4008308e+02   1.1668618e-03
   5.4350851e+02   1.2723253e-03
   5.4693393e+02   1.3807155e-03
   5.5035936e+02   1.4913202e-03
   5.5378478e+02   1.6033684e-03
   5.5721021e+02   1.7160438e-03
   5.6063564e+02   1.8284992e-03
   5.6406106e+02   1.9398727e-03
   5.6748649e+02   2.0493036e-03
   5.7091191e+02   2.1559495e-03
   5.7433734e+02   2.2590023e-03
   5.7776276e+02   2.3577031e-03
   5.8118819e+02   2.4513566e-03
   5.8461361e+02   2.5393427e-03
   5.8803904e+02   2.6211263e-03
   5.9146446e+02   2.6962655e-03
   5.9488989e+02   2.7644156e-03
   5.9831532e+02   2.8253323e-03
   6.0174074e+02   2.8788708e-03
   6.0516617e+02   2.9249836e-03
   6.0859159e+02   2.9637156e-03
   6.1201702e+02   2.9951972e-03
   6.1544244e+02   3.0196360e-03
   6.1886787e+02   3.0373073e-03
   6.2229329e+02   3.0485436e-03
   6.2571872e+02   3.0537238e-03
   6.2914414e+02   3.0532622e-03
   6.3256957e+02   3.0475979e-03
   6.3599499e+02   3.0371847e-03
   6.3942042e+02   3.0224814e-03
   6.4284585e+02   3.0039436e-03
   6.4627127e+02   2.9820163e-03
   6.4969670e+02   2.9571279e-03
   6.5312212e+02   2.9296850e-03
   6.5654755e+02   2.9000687e-03
   6.5997297e+02   2.8686317e-03
   6.6339840e+02   2.8356973e-03
   6.6682382e+02   2.8015578e-03
   6.7024925e+02   2.7664753e-03
   6.7367467e+02   2.7306820e-03
   6.7710010e+02   2.6943816e-03
   6.8052553e+02   2.6577510e-03
   6.8395095e+02   2.6209423e-03
   6.8737638e+02   2.5840849e-03
   6.9080180e+02   2.5472874e-03
   6.9422723e+02   2.5106406e-03
   6.9765265e+02   2.4742189e-03
   7.0107808e+02   2.4380828e-03
   7.0450350e+02   2.4022808e-03
   7.0792893e+02   2.3668511e-03
   7.1135435e+02   2.3318230e-03
   7.1477978e+02   2.2972189e-03
   7.1820521e+02   2.2630551e-03
   7.2163063e+02   2.2293428e-03
   7.2505606e+02   2.1960894e-03
   7.2848148e+02   2.1632992e-03
   7.3190691e+02   2.1309736e-03
   7.3533233e+02   2.0991125e-03
   7.3875776e+02   2.0677138e-03
   7.4218318e+02   2.0367745e-03
   7.4560861e+02   2.0062906e-03
   7.4903403e+02   1.9762574e-03
   7.5245946e+02   1.9466697e-03
   7.5588488e+02   1.9175222e-03
   7.5931031e+02   1.8888090e-03
   7.6273574e+02   1.8605243e-03
   7.6616116e+02   1.8326622e-03
   7.6958659e+02   1.8052165e-03
   7.7301201e+02   1.7781814e-03
   7.7643744e+02   1.7515508e-03
   7.7986286e+02   1.7253187e-03
   7.8328829e+02   1.6994794e-03
   7.8671371e+02   1.6740270e-03
   7.9013914e+02   1.6489556e-03
   7.9356456e+02   1.6242597e-03
   7.9698999e+02   1.5999336e-03
   8.0041542e+02   1.5759719e-03
   8.0384084e+02   1.5523689e-03
   8.0726627e+02   1.5291195e-03
   8.1069169e+02   1.5062183e-03
   8.1411712e+02   1.4836600e-03
   8.1754254e+02   1.4614396e-03
   8.2096797e+02   1.4395520e-03
   8.2439339e+02   1.4179922e-03
   8.2781882e+02   1.3967553e-03
   8.3124424e+02   1.3758364e-03
   8.3466967e+02   1.3552308e-03
   8.3809510e+02   1.3349339e-03
   8.4152052e+02   1.3149409e-03
   8.4494595e+02   1.2952473e-03
   8.4837137e+02   1.2758487e-03
   8.5179680e+02   1.2567407e-03
   8.5522222e+02   1.2379188e-03
   8.5864765e+02   1.2193788e-03
   8.6207307e+02   1.2011164e-03
   8.6549850e+02   1.1831276e-03
   8.6892392e+02   1.1654082e-03
   8.7234935e+02   1.1479542e-03
   8.7577477e+02   1.1307615e-03
   8.7920020e+02   1.1138264e-03
   8.8262563e+02   1.0971449e-03
   8.8605105e+02   1.0807132e-03
   8.8947648e+02   1.0645276e-03
   8.9290190e+02   1.0485845e-03
   8.9632733e+02   1.0328801e-03
   8.9975275e+02   1.0174109e-03
   9.0317818e+02   1.0021734e-03
   9.0660360e+02   9.8716407e-04
   9.1002903e+02   9.7237955e-04
   9.1345445e+02   9.5781646e-04
   9.1687988e+02   9.4347148e-04
   9.2030531e+02   9.2934134e-04
   9.2373073e+02   9.1542282e-04
   9.2715616e+02   9.0171276e-04
   9.3058158e+02   8.8820803e-04
   9.3400701e+02   8.7490555e-04
   9.3743243e+02   8.6180231e-04
   9.4085786e+02   8.4889530e-04
   9.4428328e+02   8.3618161e-04
   9.4770871e+02   8.2365832e-04
   9.5113413e+02   8.1132259e-04
   9.5455956e+02   7.9917161e-04
   9.5798498e+02   7.8720261e-04
   9.6141041e+02   7.7541287e-04
   9.6483584e+02   7.6379971e-04
   9.6826126e+02   7.5236046e-04
   9.7168669e+02   7.4109255e-04
   9.7511211e+02   7.2999338e-04
   9.7853754e+02   7.1906045e-04
   9.8196296e+02   7.0829126e-04
   9.8538839e+02   6.9768335e-04
   9.8881381e+02   6.8723432e-04
   9.9223924e+02   6.7694178e-04
   9.9566466e+02   6.6680339e-04
   9.9909009e+02   6.5681684e-04
   1.0025155e+03   6.4697985e-04
   1.0059409e+03   6.3729020e-04
   1.0093664e+03   6.2774566e-04
   1.0127918e+03   6.1834406e-04
   1.0162172e+03   6.0908328e-04
   1.0196426e+03   5.9996119e-04
   1.0230681e+03   5.9097571e-04
   1.0264935e+03   5.8212481e-04
   1.0299189e+03   5.7340647e-04
   1.0333443e+03   5.6481871e-04
   1.0367698e+03   5.5635955e-04
   1.0401952e+03   5.4802709e-04
   1.0436206e+03   5.3981943e-04
   1.0470460e+03   5.3173468e-04
   1.0504715e+03   5.2377102e-04
   1.0538969e+03   5.1592663e-04
   1.0573223e+03   5.0819973e-04
   1.0607477e+03   5.0058854e-04
   1.0641732e+03   4.9309135e-04
   1.0675986e+03   4.8570644e-04
   1.0710240e+03   4.7843214e-04
   1.0744494e+03   4.7126677e-04
   1.0778749e+03   4.6420873e-04
   1.0813003e+03   4.5725639e-04
   1.0847257e+03   4.5040817e-04
   1.0881512e+03   4.4366252e-04
   1.0915766e+03   4.3701789e-04
   1.0950020e+03   4.3047278e-04
   1.0984274e+03   4.2402570e-04
   1.1018529e+03   4.1767517e-04
   1.1052783e+03   4.1141975e-04
   1.1087037e+03   4.0525802e-04
   1.1121291e+03   3.9918857e-04
   1.1155546e+03   3.9321002e-04
   1.1189800e+03   3.8732101e-04
   1.1224054e+03   3.8152020e-04
   1.1258308e+03   3.7580626e-04
   1.1292563e+03   3.7017790e-04
   1.1326817e+03   3.6463384e-04
   1.1361071e+03   3.5917281e-04
   1.1395325e+03   3.5379356e-04
   1.1429580e+03   3.4849488e-04
   1.1463834e+03   3.4327556e-04
   1.1498088e+03   3.3813441e-04
   1.1532342e+03   3.3307025e-04
   1.1566597e+03   3.2808194e-04
   1.1600851e+03   3.2316834e-04
   1.1635105e+03   3.1832832e-04
   1.1669359e+03   3.1356080e-04
   1.1703614e+03   3.0886468e-04
   1.1737868e+03   3.0423889e-04
   1.1772122e+03   2.9968237e-04
   1.1806376e+03   2.9519410e-04
   1.1840631e+03   2.9077305e-04
   1.1874885e+03   2.8641822e-04
   1.1909139e+03   2.8212860e-04
   1.1943393e+03   2.7790323e-04
   1.1977648e+03   2.7374114e-04
   1.2011902e+03   2.6964139e-04
   1.2046156e+03   2.6560304e-04
   1.2080410e+03   2.6162516e-04
   1.2114665e+03   2.5770687e-04
   1.2148919e+03   2.5384726e-04
   1.2183173e+03   2.5004545e-04
   1.2217427e+03   2.4630058e-04
   1.2251682e+03   2.4261179e-04
   1.2285936e+03   2.3897826e-04
   1.2320190e+03   2.3539914e-04
   1.2354444e+03   2.3187362e-04
   1.2388699e+03   2.2840091e-04
   1.2422953e+03   2.2498020e-04
   1.2457207e+03   2.2161073e-04
   1.2491461e+03   2.1829172e-04
   1.2525716e+03   2.1502242e-04
   1.2559970e+03   2.1180208e-04
   1.2594224e+03   2.0862997e-04
   1.2628478e+03   2.0550537e-04
   1.2662733e+03   2.0242757e-04
   1.2696987e+03   1.9939586e-04
   1.2731241e+03   1.9640956e-04
   1.2765495e+03   1.9346798e-04
   1.2799750e+03   1.9057046e-04
   1.2834004e+03   1.8771633e-04
   1.2868258e+03   1.8490495e-04
   1.2902513e+03   1.8213567e-04
   1.2936767e+03   1.7940787e-04
   1.2971021e+03   1.7672092e-04
   1.3005275e+03   1.7407422e-04
   1.3039530e+03   1.7146715e-04
   1.3073784e+03   1.6889913e-04
   1.3108038e+03   1.6636957e-04
   1.3142292e+03   1.6387789e-04
   1.3176547e+03   1.6142353e-04
   1.3210801e+03   1.5900593e-04
   1.3245055e+03   1.5662454e-04
   1.3279309e+03   1.5427881e-04
   1.3313564e+03   1.5196822e-04
   1.3347818e+03   1.4969223e-04
   1.3382072e+03   1.4745032e-04
   1.3416326e+03   1.4524199e-04
   1.3450581e+03   1.4306674e-04
   1.3484835e+03   1.4092407e-04
   1.3519089e+03   1.3881348e-04
   1.3553343e+03   1.3673450e-04
   1.3587598e+03   1.3468667e-04
   1.3621852e+03   1.3266950e-04
   1.3656106e+03   1.3068254e-04
   1.3690360e+03   1.2872534e-04
   1.3724615e+03   1.2679745e-04
   1.3758869e+03   1.2489844e-04
   1.3793123e+03   1.2302786e-04
   1.3827377e+03   1.2118530e-04
   1.3861632e+03   1.1937034e-04
   1.3895886e+03   1.1758256e-04
   1.3930140e+03   1.1582156e-04
   1.3964394e+03   1.1408692e-04
   1.3998649e+03   1.1237827e-04
   1.4032903e+03   1.1069521e-04
   1.4067157e+03   1.0903736e-04
   1.4101411e+03   1.0740433e-04
   1.4135666e+03   1.0579576e-04
   1.4169920e+03   1.0421128e-04
   1.4204174e+03   1.0265054e-04
   1.4238428e+03   1.0111317e-04
   1.4272683e+03   9.9598818e-05
   1.4306937e+03   9.8107151e-05
   1.4341191e+03   9.6637824e-05
   1.4375445e+03   9.5190503e-05
   1.4409700e+03   9.3764859e-05
   1.4443954e+03   9.2360565e-05
   1.4478208e+03   9.0977304e-05
   1.4512462e+03   8.9614759e-05
   1.4546717e+03   8.8272621e-05
   1.4580971e+03   8.6950583e-05
   1.4615225e+03   8.5648346e-05
   1.4649479e+03   8.4365611e-05
   1.4683734e+03   8.3102088e-05
   1.4717988e+03   8.1857489e-05
   1.4752242e+03   8.0631529e-05
   1.4786496e+03   7.9423930e-05
   1.4820751e+03   7.8234418e-05
   1.4855005e+03   7.7062720e-05
   1.4889259e+03   7.5908570e-05
   1.4923514e+03   7.4771706e-05
   1.4957768e+03   7.3651869e-05
   1.4992022e+03   7.2548803e-05
   1.5026276e+03   7.1462257e-05
   1.5060531e+03   7.0391984e-05
   1.5094785e+03   6.9337741e-05
   1.5129039e+03   6.8299287e-05
   1.5163293e+03   6.7276385e-05
   1.5197548e+03   6.6268803e-05
   1.5231802e+03   6.5276311e-05
   1.5266056e+03   6.4298684e-05
   1.5300310e+03   6.3335698e-05
   1.5334565e+03   6.2387135e-05
   1.5368819e+03   6.1452778e-05
   1.5403073e+03   6.0532415e-05
   1.5437327e+03   5.9625836e-05
   1.5471582e+03   5.8732834e-05
   1.5505836e+03   5.7853207e-05
   1.5540090e+03   5.6986754e-05
   1.5574344e+03   5.6133277e-05
   1.5608599e+03   5.5292583e-05
   1.5642853e+03   5.4464479e-05
   1.5677107e+03   5.3648778e-05
   1.5711361e+03   5.2845293e-05
   1.5745616e+03   5.2053842e-05
   1.5779870e+03   5.1274245e-05
   1.5814124e+03   5.0506323e-05
   1.5848378e+03   4.9749902e-05
   1.5882633e+03   4.9004810e-05
   1.5916887e+03   4.8270877e-05
   1.5951141e+03   4.7547936e-05
   1.5985395e+03   4.6835822e-05
   1.6019650e+03   4.6134374e-05
   1.6053904e+03   4.5443430e-05
   1.6088158e+03   4.4762835e-05
   1.6122412e+03   4.4092433e-05
   1.6156667e+03   4.3432072e-05
   1.6190921e+03   4.2781600e-05
   1.6225175e+03   4.2140871e-05
   1.6259429e+03   4.1509737e-05
   1.6293684e+03   4.0888056e-05
   1.6327938e+03   4.0275685e-05
   1.6362192e+03   3.9672486e-05
   1.6396446e+03   3.9078321e-05
   1.6430701e+03   3.8493055e-05
   1.6464955e+03   3.7916554e-05
   1.6499209e+03   3.7348687e-05
   1.6533463e+03   3.6789325e-05
   1.6567718e+03   3.6238340e-05
   1.6601972e+03   3.5695607e-05
   1.6636226e+03   3.5161003e-05
   1.6670480e+03   3.4634405e-05
   1.6704735e+03   3.4115694e-05
   1.6738989e+03   3.3604752e-05
   1.6773243e+03   3.3101462e-05
   1.6807497e+03   3.2605709e-05
   1.6841752e+03   3.2117381e-05
   1.6876006e+03   3.1636367e-05
   1.6910260e+03   3.1162557e-05
   1.6944515e+03   3.0695843e-05
   1.6978769e+03   3.0236119e-05
   1.7013023e+03   2.9783280e-05
   1.7047277e+03   2.9337223e-05
   1.7081532e+03   2.8897847e-05
   1.7115786e+03   2.8465051e-05
   1.7150040e+03   2.8038737e-05
   1.7184294e+03   2.7618807e-05
   1.7218549e+03   2.7205167e-05
   1.7252803e+03   2.6797722e-05
   1.7287057e+03   2.6396379e-05
   1.7321311e+03   2.6001047e-05
   1.7355566e+03   2.5611636e-05
   1.7389820e+03   2.5228057e-05
   1.7424074e+03   2.4850222e-05
   1.7458328e+03   2.4478047e-05
   1.7492583e+03   2.4111445e-05
   1.7526837e+03   2.3750334e-05
   1.7561091e+03   2.3394631e-05
   1.7595345e+03   2.3044255e-05
   1.7629600e+03   2.2699127e-05
   1.7663854e+03   2.2359168e-05
   1.7698108e+03   2.2024300e-05
   1.7732362e+03   2.1694447e-05
   1.7766617e+03   2.1369535e-05
   1.7800871e+03   2.1049489e-05
   1.7835125e+03   2.0734236e-05
   1.7869379e+03   2.0423704e-05
   1.7903634e+03   2.0117823e-05
   1.7937888e+03   1.9816523e-05
   1.7972142e+03   1.9519736e-05
   1.8006396e+03   1.9227394e-05
   1.8040651e+03   1.8939430e-05
   1.8074905e+03   1.8655779e-05
   1.8109159e+03   1.8376376e-05
   1.8143413e+03   1.8101157e-05
   1.8177668e+03   1.7830061e-05
   1.8211922e+03   1.7563024e-05
   1.8246176e+03   1.7299987e-05
   1.8280430e+03   1.7040889e-05
   1.8314685e+03   1.6785672e-05
   1.8348939e+03   1.6534277e-05
   1.8383193e+03   1.6286647e-05
   1.8417447e+03   1.6042726e-05
   1.8451702e+03   1.5802458e-05
   1.8485956e+03   1.5565789e-05
   1.8520210e+03   1.5332664e-05
   1.8554464e+03   1.5103030e-05
   1.8588719e+03   1.4876836e-05
   1.8622973e+03   1.4654029e-05
   1.8657227e+03   1.4434559e-05
   1.8691481e+03   1.4218376e-05
   1.8725736e+03   1.4005431e-05
   1.8759990e+03   1.3795675e-05
   1.8794244e+03   1.3589061e-05
   1.8828498e+03   1.3385541e-05
   1.8862753e+03   1.3185069e-05
   1.8897007e+03   1.2987599e-05
   1.8931261e+03   1.2793087e-05
   1.8965516e+03   1.2601488e-05
   1.8999770e+03   1.2412759e-05
   1.9034024e+03   1.2226856e-05
   1.9068278e+03   1.2043737e-05
   1.9102533e+03   1.1863361e-05
   1.9136787e+03   1.1685687e-05
   1.9171041e+03   1.1510673e-05
   1.9205295e+03   1.1338281e-05
   1.9239550e+03   1.1168470e-05
   1.9273804e+03   1.1001202e-05
   1.9308058e+03   1.0836440e-05
   1.9342312e+03   1.0674145e-05
   1.9376567e+03   1.0514281e-05
   1.9410821e+03   1.0356812e-05
   1.9445075e+03   1.0201700e-05
   1.9479329e+03   1.0048912e-05
   1.9513584e+03   9.8984117e-06
   1.9547838e+03   9.7501656e-06
   1.9582092e+03   9.6041397e-06
   1.9616346e+03   9.4603009e-06
   1.9650601e+03   9.3186163e-06
   1.9684855e+03   9.1790536e-06
   1.9719109e+03   9.0415812e-06
   1.9753363e+03   8.9061677e-06
   1.9787618e+03   8.7727822e-06
   1.9821872e+03   8.6413944e-06
   1.9856126e+03   8.5119743e-06
   1.9890380e+03   8.3844926e-06
   1.9924635e+03   8.2589201e-06
   1.9958889e+03   8.1352282e-06
   1.9993143e+03   8.0133889e-06
   2.0027397e+03   7.8933744e-06
   2.0061652e+03   7.7751572e-06
   2.0095906e+03   7.6587106e-06
   2.0130160e+03   7.5440080e-06
   2.0164414e+03   7.4310232e-06
   2.0198669e+03   7.3197306e-06
   2.0232923e+03   7.2101048e-06
   2.0267177e+03   7.1021208e-06
   2.0301431e+03   6.9957541e-06
   2.0335686e+03   6.8909804e-06
   2.0369940e+03   6.7877759e-06
   2.0404194e+03   6.6861170e-06
   2.0438448e+03   6.5859807e-06
   2.0472703e+03   6.4873440e-06
   2.0506957e+03   6.3901847e-06
   2.0541211e+03   6.2944805e-06
   2.0575465e+03   6.2002096e-06
   2.0609720e+03   6.1073505e-06
   2.0643974e+03   6.0158822e-06
   2.0678228e+03   5.9257839e-06
   2.0712482e+03   5.8370348e-06
   2.0746737e+03   5.7496150e-06
   2.0780991e+03   5.6635044e-06
   2.0815245e+03   5.5786835e-06
   2.0849499e+03   5.4951329e-06
   2.0883754e+03   5.4128337e-06
   2.0918008e+03   5.3317670e-06
   2.0952262e+03   5.2519144e-06
   2.0986517e+03   5.1732578e-06
   2.1020771e+03   5.0957792e-06
   2.1055025e+03   5.0194609e-06
   2.1089279e+03   4.9442857e-06
   2.1123534e+03   4.8702363e-06
   2.1157788e+03   4.7972960e-06
   2.1192042e+03   4.7254481e-06
   2.1226296e+03   4.6546762e-06
   2.1260551e+03   4.5849642e-06
   2.1294805e+03   4.5162964e-06
   2.1329059e+03   4.4486569e-06
   2.1363313e+03   4.3820305e-06
   2.1397568e+03   4.3164019e-06
   2.1431822e+03   4.2517562e-06
   2.1466076e+03   4.1880786e-06
   2.1500330e+03   4.1253548e-06
   2.1534585e+03   4.0635704e-06
   2.1568839e+03   4.0027113e-06
   2.1603093e+03   3.9427637e-06
   2.1637347e+03   3.8837139e-06
   2.1671602e+03   3.8255484e-06
   2.1705856e+03   3.7682541e-06
   2.1740110e+03   3.7118179e-06
   2.1774364e+03   3.6562269e-06
   2.1808619e+03   3.6014685e-06
   2.1842873e+03   3.5475302e-06
   2.1877127e+03   3.4943997e-06
   2.1911381e+03   3.4420649e-06
   2.1945636e+03   3.3905140e-06
   2.1979890e+03   3.3397351e-06
   2.2014144e+03   3.2897167e-06
   2.2048398e+03   3.2404474e-06
   2.2082653e+03   3.1919160e-06
   2.2116907e+03   3.1441115e-06
   2.2151161e+03   3.0970229e-06
   2.2185415e+03   3.0506395e-06
   2.2219670e+03   3.0049508e-06
   2.2253924e+03   2.9599464e-06
   2.2288178e+03   2.9156160e-06
   2.2322432e+03   2.8719496e-06
   2.2356687e+03   2.8289371e-06
   2.2390941e+03   2.7865688e-06
   2.2425195e+03   2.7448350e-06
   2.2459449e+03   2.7037263e-06
   2.2493704e+03   2.6632333e-06
   2.2527958e+03   2.6233467e-06
   2.2562212e+03   2.5840575e-06
   2.2596466e+03   2.5453567e-06
   2.2630721e+03   2.5072355e-06
   2.2664975e+03   2.4696852e-06
   2.2699229e+03   2.4326973e-06
   2.2733483e+03   2.3962634e-06
   2.2767738e+03   2.3603752e-06
   2.2801992e+03   2.3250244e-06
   2.2836246e+03   2.2902031e-06
   2.2870501e+03   2.2559033e-06
   2.2904755e+03   2.2221172e-06
   2.2939009e+03   2.1888371e-06
   2.2973263e+03   2.1560554e-06
   2.3007518e+03   2.1237647e-06
   2.3041772e+03   2.0919576e-06
   2.3076026e+03   2.0606268e-06
   2.3110280e+03   2.0297653e-06
   2.3144535e+03   1.9993660e-06
   2.3178789e+03   1.9694220e-06
   2.3213043e+03   1.9399265e-06
   2.3247297e+03   1.9108727e-06
   2.3281552e+03   1.8822540e-06
   2.3315806e+03   1.8540639e-06
   2.3350060e+03   1.8262961e-06
   2.3384314e+03   1.7989441e-06
   2.3418569e+03   1.7720017e-06
   2.3452823e+03   1.7454629e-06
   2.3487077e+03   1.7193215e-06
   2.3521331e+03   1.6935717e-06
   2.3555586e+03   1.6682075e-06
   2.3589840e+03   1.6432231e-06
   2.3624094e+03   1.6186130e-06
   2.3658348e+03   1.5943714e-06
   2.3692603e+03   1.5704929e-06
   2.3726857e+03   1.5469720e-06
   2.3761111e+03   1.5238034e-06
   2.3795365e+03   1.5009818e-06
   2.3829620e+03   1.4785019e-06
   2.3863874e+03   1.4563588e-06
   2.3898128e+03   1.4345472e-06
   2.3932382e+03   1.4130624e-06
   2.3966637e+03   1.3918993e-06
   2.4000891e+03   1.3710532e-06
   2.4035145e+03   1.3505192e-06
   2.4069399e+03   1.3302928e-06
   2.4103654e+03   1.3103694e-06
   2.4137908e+03   1.2907443e-06
   2.4172162e+03   1.2714131e-06
   2.4206416e+03   1.2523715e-06
   2.4240671e+03   1.2336150e-06
   2.4274925e+03   1.2151395e-06
   2.4309179e+03   1.1969406e-06
   2.4343433e+03   1.1790143e-06
   2.4377688e+03   1.1613565e-06
   2.4411942e+03   1.1439632e-06
   2.4446196e+03   1.1268303e-06
   2.4480450e+03   1.1099541e-06
   2.4514705e+03   1.0933305e-06
   2.4548959e+03   1.0769560e-06
   2.4583213e+03   1.0608267e-06
   2.4617467e+03   1.0449390e-06
   2.4651722e+03   1.0292892e-06
   2.4685976e+03   1.0138737e-06
   2.4720230e+03   9.9868921e-07
   2.4754484e+03   9.8373209e-07
   2.4788739e+03   9.6899897e-07
   2.4822993e+03   9.5448651e-07
   2.4857247e+03   9.4019140e-07
   2.4891502e+03   9.2611039e-07
   2.4925756e+03   9.1224026e-07
   2.4960010e+03   8.9857786e-07
   2.4994264e+03   8.8512008e-07
   2.5028519e+03   8.7186385e-07
   2.5062773e+03   8.5880616e-07
   2.5097027e+03   8.4594403e-07
   2.5131281e+03   8.3327453e-07
   2.5165536e+03   8.2079478e-07
   2.5199790e+03   8.0850194e-07
   2.5234044e+03   7.9639321e-07
   2.5268298e+03   7.8446582e-07
   2.5302553e+03   7.7271707e-07
   2.5336807e+03   7.6114427e-07
   2.5371061e+03   7.4974480e-07
   2.5405315e+03   7.3851606e-07
   2.5439570e+03   7.2745548e-07
   2.5473824e+03   7.1656056e-07
   2.5508078e+03   7.0582881e-07
   2.5542332e+03   6.9525778e-07
   2.5576587e+03   6.8484508e-07
   2.5610841e+03   6.7458832e-07
   2.5645095e+03   6.6448518e-07
   2.5679349e+03   6.5453335e-07
   2.5713604e+03   6.4473056e-07
   2.5747858e+03   6.3507459e-07
   2.5782112e+03   6.2556323e-07
   2.5816366e+03   6.1619432e-07
   2.5850621e+03   6.0696573e-07
   2.5884875e+03   5.9787536e-07
   2.5919129e+03   5.8892112e-07
   2.5953383e+03   5.8010100e-07
   2.5987638e+03   5.7141297e-07
   2.6021892e+03   5.6285505e-07
   2.6056146e+03   5.5442531e-07
   2.6090400e+03   5.4612182e-07
   2.6124655e+03   5.3794269e-07
   2.6158909e+03   5.2988605e-07
   2.6193163e+03   5.2195008e-07
   2.6227417e+03   5.1413296e-07
   2.6261672e+03   5.0643292e-07
   2.6295926e+03   4.9884819e-07
   2.6330180e+03   4.9137707e-07
   2.6364434e+03   4.8401783e-07
   2.6398689e+03   4.7676882e-07
   2.6432943e+03   4.6962837e-07
   2.6467197e+03   4.6259486e-07
   2.6501451e+03   4.5566669e-07
   2.6535706e+03   4.4884228e-07
   2.6569960e+03   4.4212008e-07
   2.6604214e+03   4.3549855e-07
   2.6638468e+03   4.2897620e-07
   2.6672723e+03   4.2255153e-07
   2.6706977e+03   4.1622308e-07
   2.6741231e+03   4.0998941e-07
   2.6775485e+03   4.0384909e-07
   2.6809740e+03   3.9780075e-07
   2.6843994e+03   3.9184298e-07
   2.6878248e+03   3.8597444e-07
   2.6912503e+03   3.8019380e-07
   2.6946757e+03   3.7449973e-07
   2.6981011e+03   3.6889094e-07
   2.7015265e+03   3.6336615e-07
   2.7049520e+03   3.5792410e-07
   2.7083774e+03   3.5256356e-07
   2.7118028e+03   3.4728330e-07
   2.7152282e+03   3.4208213e-07
   2.7186537e+03   3.3695885e-07
   2.7220791e+03   3.3191230e-07
   2.7255045e+03   3.2694133e-07
   2.7289299e+03   3.2204481e-07
   2.7323554e+03   3.1722162e-07
   2.7357808e+03   3.1247067e-07
   2.7392062e+03   3.0779087e-07
   2.7426316e+03   3.0318117e-07
   2.7460571e+03   2.9864050e-07
   2.7494825e+03   2.9416783e-07
   2.7529079e+03   2.8976215e-07
   2.7563333e+03   2.8542245e-07
   2.7597588e+03   2.8114775e-07
   2.7631842e+03   2.7693707e-07
   2.7666096e+03   2.7278945e-07
   2.7700350e+03   2.6870395e-07
   2.7734605e+03   2.6467964e-07
   2.7768859e+03   2.6071560e-07
   2.7803113e+03   2.5681092e-07
   2.7837367e+03   2.5296473e-07
   2.7871622e+03   2.4917614e-07
   2.7905876e+03   2.4544429e-07
   2.7940130e+03   2.4176833e-07
   2.7974384e+03   2.3814742e-07
   2.8008639e+03   2.3458075e-07
   2.8042893e+03   2.3106749e-07
   2.8077147e+03   2.2760685e-07
   2.8111401e+03   2.2419804e-07
   2.8145656e+03   2.2084028e-07
   2.8179910e+03   2.1753281e-07
   2.8214164e+03   2.1427487e-07
   2.8248418e+03   2.1106573e-07
   2.8282673e+03   2.0790465e-07
   2.8316927e+03   2.0479091e-07
   2.8351181e+03   2.0172381e-07
   2.8385435e+03   1.9870264e-07
   2.8419690e+03   1.9572672e-07
   2.8453944e+03   1.9279537e-07
   2.8488198e+03   1.8990792e-07
   2.8522452e+03   1.8706372e-07
   2.8556707e+03   1.8426211e-07
   2.8590961e+03   1.8150246e-07
   2.8625215e+03   1.7878414e-07
   2.8659469e+03   1.7610654e-07
   2.8693724e+03   1.7346903e-07
   2.8727978e+03   1.7087103e-07
   2.8762232e+03   1.6831193e-07
   2.8796486e+03   1.6579117e-07
   2.8830741e+03   1.6330815e-07
   2.8864995e+03   1.6086233e-07
   2.8899249e+03   1.5845313e-07
   2.8933504e+03   1.5608002e-07
   2.8967758e+03   1.5374245e-07
   2.9002012e+03   1.5143988e-07
   2.9036266e+03   1.4917180e-07
   2.9070521e+03   1.4693770e-07
   2.9104775e+03   1.4473705e-07
   2.9139029e+03   1.4256935e-07
   2.9173283e+03   1.4043413e-07
   2.9207538e+03   1.3833088e-07
   2.9241792e+03   1.3625913e-07
   2.9276046e+03   1.3421841e-07
   2.9310300e+03   1.3220826e-07
   2.9344555e+03   1.3022821e-07
   2.9378809e+03   1.2827781e-07
   2.9413063e+03   1.2635662e-07
   2.9447317e+03   1.2446421e-07
   2.9481572e+03   1.2260014e-07
   2.9515826e+03   1.2076399e-07
   2.9550080e+03   1.1895534e-07
   2.9584334e+03   1.1717377e-07
   2.9618589e+03   1.1541889e-07
   2.9652843e+03   1.1369029e-07
   2.9687097e+03   1.1198758e-07
   2.9721351e+03   1.1031037e-07
   2.9755606e+03   1.0865828e-07
   2.9789860e+03   1.0703093e-07
   2.9824114e+03   1.0542795e-07
   2.9858368e+03   1.0384898e-07
   2.9892623e+03   1.0229366e-07
   2.9926877e+03   1.0076163e-07
   2.9961131e+03   9.9252552e-08
   2.9995385e+03   9.7766071e-08
   3.0029640e+03   9.6301853e-08
   3.0063894e+03   9.4859563e-08
   3.0098148e+03   9.3438875e-08
   3.0132402e+03   9.2039464e-08
   3.0166657e+03   9.0661011e-08
   3.0200911e+03   8.9303204e-08
   3.0235165e+03   8.7965731e-08
   3.0269419e+03   8.6648290e-08
   3.0303674e+03   8.5350580e-08
   3.0337928e+03   8.4072305e-08
   3.0372182e+03   8.2813175e-08
   3.0406436e+03   8.1572902e-08
   3.0440691e+03   8.0351205e-08
   3.0474945e+03   7.9147805e-08
   3.0509199e+03   7.7962427e-08
   3.0543453e+03   7.6794803e-08
   3.0577708e+03   7.5644666e-08
   3.0611962e+03   7.4511754e-08
   3.0646216e+03   7.3395810e-08
   3.0680470e+03   7.2296579e-08
   3.0714725e+03   7.1213811e-08
   3.0748979e+03   7.0147259e-08
   3.0783233e+03   6.9096681e-08
   3.0817487e+03   6.8061837e-08
   3.0851742e+03   6.7042491e-08
   3.0885996e+03   6.6038412e-08
   3.0920250e+03   6.5049371e-08
   3.0954505e+03   6.4075143e-08
   3.0988759e+03   6.3115505e-08
   3.1023013e+03   6.2170240e-08
   3.1057267e+03   6.1239131e-08
   3.1091522e+03   6.0321968e-08
   3.1125776e+03   5.9418540e-08
   3.1160030e+03   5.8528643e-08
   3.1194284e+03   5.7652074e-08
   3.1228539e+03   5.6788633e-08
   3.1262793e+03   5.5938124e-08
   3.1297047e+03   5.5100352e-08
   3.1331301e+03   5.4275128e-08
   3.1365556e+03   5.3462262e-08
   3.1399810e+03   5.2661571e-08
   3.1434064e+03   5.1872872e-08
   3.1468318e+03   5.1095984e-08
   3.1502573e+03   5.0330732e-08
   3.1536827e+03   4.9576941e-08
   3.1571081e+03   4.8834440e-08
   3.1605335e+03   4.8103058e-08
   3.1639590e+03   4.7382630e-08
   3.1673844e+03   4.6672992e-08
   3.1708098e+03   4.5973982e-08
   3.1742352e+03   4.5285441e-08
   3.1776607e+03   4.4607212e-08
   3.1810861e+03   4.3939141e-08
   3.1845115e+03   4.3281075e-08
   3.1879369e+03   4.2632865e-08
   3.1913624e+03   4.1994363e-08
   3.1947878e+03   4.1365424e-08
   3.1982132e+03   4.0745904e-08
   3.2016386e+03   4.0135663e-08
   3.2050641e+03   3.9534561e-08
   3.2084895e+03   3.8942461e-08
   3.2119149e+03   3.8359230e-08
   3.2153403e+03   3.7784733e-08
   3.2187658e+03   3.7218840e-08
   3.2221912e+03   3.6661423e-08
   3.2256166e+03   3.6112354e-08
   3.2290420e+03   3.5571508e-08
   3.2324675e+03   3.5038762e-08
   3.2358929e+03   3.4513995e-08
   3.2393183e+03   3.3997087e-08
   3.2427437e+03   3.3487921e-08
   3.2461692e+03   3.2986381e-08
   3.2495946e+03   3.2492352e-08
   3.2530200e+03   3.2005722e-08
   3.2564454e+03   3.1526380e-08
   3.2598709e+03   3.1054217e-08
   3.2632963e+03   3.0589126e-08
   3.2667217e+03   3.0131000e-08
   3.2701471e+03   2.9679735e-08
   3.2735726e+03   2.9235229e-08
   3.2769980e+03   2.8797380e-08
   3.2804234e+03   2.8366089e-08
   3.2838488e+03   2.7941257e-08
   3.2872743e+03   2.7522788e-08
   3.2906997e+03   2.7110586e-08
   3.2941251e+03   2.6704557e-08
   3.2975506e+03   2.6304609e-08
   3.3009760e+03   2.5910652e-08
   3.3044014e+03   2.5522594e-08
   3.3078268e+03   2.5140349e-08
   3.3112523e+03   2.4763828e-08
   3.3146777e+03   2.4392946e-08
   3.3181031e+03   2.4027619e-08
   3.3215285e+03   2.3667763e-08
   3.3249540e+03   2.3313297e-08
   3.3283794e+03   2.2964139e-08
   3.3318048e+03   2.2620211e-08
   3.3352302e+03   2.2281434e-08
   3.3386557e+03   2.1947730e-08
   3.3420811e+03   2.1619024e-08
   3.3455065e+03   2.1295241e-08
   3.3489319e+03   2.0976308e-08
   3.3523574e+03   2.0662151e-08
   3.3557828e+03   2.0352699e-08
   3.3592082e+03   2.0047881e-08
   3.3626336e+03   1.9747629e-08
   3.3660591e+03   1.9451874e-08
   3.3694845e+03   1.9160548e-08
   3.3729099e+03   1.8873585e-08
   3.3763353e+03   1.8590920e-08
   3.3797608e+03   1.8312488e-08
   3.3831862e+03   1.8038227e-08
   3.3866116e+03   1.7768073e-08
   3.3900370e+03   1.7501964e-08
   3.3934625e+03   1.7239842e-08
   3.3968879e+03   1.6981645e-08
   3.4003133e+03   1.6727315e-08
   3.4037387e+03   1.6476794e-08
   3.4071642e+03   1.6230025e-08
   3.4105896e+03   1.5986952e-08
   3.4140150e+03   1.5747519e-08
   3.4174404e+03   1.5511673e-08
   3.4208659e+03   1.5279358e-08
   3.4242913e+03   1.5050523e-08
   3.4277167e+03   1.4825115e-08
   3.4311421e+03   1.4603083e-08
   3.4345676e+03   1.4384376e-08
   3.4379930e+03   1.4168945e-08
   3.4414184e+03   1.3956740e-08
   3.4448438e+03   1.3747713e-08
   3.4482693e+03   1.3541817e-08
   3.4516947e+03   1.3339005e-08
   3.4551201e+03   1.3139230e-08
   3.4585455e+03   1.2942447e-08
   3.4619710e+03   1.2748611e-08
   3.4653964e+03   1.2557678e-08
   3.4688218e+03   1.2369605e-08
   3.4722472e+03   1.2184348e-08
   3.4756727e+03   1.2001866e-08
   3.4790981e+03   1.1822117e-08
   3.4825235e+03   1.1645060e-08
   3.4859489e+03   1.1470655e-08
   3.4893744e+03   1.1298862e-08
   3.4927998e+03   1.1129642e-08
   3.4962252e+03   1.0962956e-08
   3.4996507e+03   1.0798766e-08
   3.5030761e+03   1.0637036e-08
   3.5065015e+03   1.0477727e-08
   3.5099269e+03   1.0320805e-08
   3.5133524e+03   1.0166233e-08
   3.5167778e+03   1.0013976e-08
   3.5202032e+03   9.8639988e-09
   3.5236286e+03   9.7162681e-09
   3.5270541e+03   9.5707499e-09
   3.5304795e+03   9.4274111e-09
   3.5339049e+03   9.2862191e-09
   3.5373303e+03   9.1471417e-09
   3.5407558e+03   9.0101472e-09
   3.5441812e+03   8.8752044e-09
   3.5476066e+03   8.7422826e-09
   3.5510320e+03   8.6113516e-09
   3.5544575e+03   8.4823815e-09
   3.5578829e+03   8.3553430e-09
   3.5613083e+03   8.2302070e-09
   3.5647337e+03   8.1069452e-09
   3.5681592e+03   7.9855295e-09
   3.5715846e+03   7.8659322e-09
   3.5750100e+03   7.7481261e-09
   3.5784354e+03   7.6320843e-09
   3.5818609e+03   7.5177804e-09
   3.5852863e+03   7.4051885e-09
   3.5887117e+03   7.2942828e-09
   3.5921371e+03   7.1850381e-09
   3.5955626e+03   7.0774295e-09
   3.5989880e+03   6.9714326e-09
   3.6024134e+03   6.8670232e-09
   3.6058388e+03   6.7641774e-09
   3.6092643e+03   6.6628720e-09
   3.6126897e+03   6.5630838e-09
   3.6161151e+03   6.4647901e-09
   3.6195405e+03   6.3679685e-09
   3.6229660e+03   6.2725970e-09
   3.6263914e+03   6.1786539e-09
   3.6298168e+03   6.0861177e-09
   3.6332422e+03   5.9949674e-09
   3.6366677e+03   5.9051822e-09
   3.6400931e+03   5.8167418e-09
   3.6435185e+03   5.7296258e-09
   3.6469439e+03   5.6438146e-09
   3.6503694e+03   5.5592886e-09
   3.6537948e+03   5.4760285e-09
   3.6572202e+03   5.3940154e-09
   3.6606456e+03   5.3132305e-09
   3.6640711e+03   5.2336556e-09
   3.6674965e+03   5.1552724e-09
   3.6709219e+03   5.0780631e-09
   3.6743473e+03   5.0020102e-09
   3.6777728e+03   4.9270964e-09
   3.6811982e+03   4.8533044e-09
   3.6846236e+03   4.7806177e-09
   3.6880490e+03   4.7090195e-09
   3.6914745e+03   4.6384937e-09
   3.6948999e+03   4.5690241e-09
   3.6983253e+03   4.5005950e-09
   3.7017508e+03   4.4331907e-09
   3.7051762e+03   4.3667959e-09
   3.7086016e+03   4.3013954e-09
   3.7120270e+03   4.2369745e-09
   3.7154525e+03   4.1735183e-09
   3.7188779e+03   4.1110126e-09
   3.7223033e+03   4.0494430e-09
   3.7257287e+03   3.9887954e-09
   3.7291542e+03   3.9290562e-09
   3.7325796e+03   3.8702117e-09
   3.7360050e+03   3.8122485e-09
   3.7394304e+03   3.7551534e-09
   3.7428559e+03   3.6989134e-09
   3.7462813e+03   3.6435157e-09
   3.7497067e+03   3.5889476e-09
   3.7531321e+03   3.5351968e-09
   3.7565576e+03   3.4822511e-09
   3.7599830e+03   3.4300982e-09
   3.7634084e+03   3.3787265e-09
   3.7668338e+03   3.3281241e-09
   3.7702593e+03   3.2782796e-09
   3.7736847e+03   3.2291816e-09
   3.7771101e+03   3.1808190e-09
   3.7805355e+03   3.1331806e-09
   3.7839610e+03   3.0862558e-09
   3.7873864e+03   3.0400337e-09
   3.7908118e+03   2.9945038e-09
   3.7942372e+03   2.9496559e-09
   3.7976627e+03   2.9054796e-09
   3.8010881e+03   2.8619649e-09
   3.8045135e+03   2.8191020e-09
   3.8079389e+03   2.7768810e-09
   3.8113644e+03   2.7352923e-09
   3.8147898e+03   2.6943265e-09
   3.8182152e+03   2.6539742e-09
   3.8216406e+03   2.6142263e-09
   3.8250661e+03   2.5750737e-09
   3.8284915e+03   2.5365075e-09
   3.8319169e+03   2.4985188e-09
   3.8353423e+03   2.4610991e-09
   3.8387678e+03   2.4242398e-09
   3.8421932e+03   2.3879326e-09
   3.8456186e+03   2.3521691e-09
   3.8490440e+03   2.3169412e-09
   3.8524695e+03   2.2822410e-09
   3.8558949e+03   2.2480604e-09
   3.8593203e+03   2.2143918e-09
   3.8627457e+03   2.1812274e-09
   3.8661712e+03   2.1485596e-09
   3.8695966e+03   2.1163812e-09
   3.8730220e+03   2.0846847e-09
   3.8764474e+03   2.0534629e-09
   3.8798729e+03   2.0227086e-09
   3.8832983e+03   1.9924150e-09
   3.8867237e+03   1.9625751e-09
   3.8901491e+03   1.9331821e-09
   3.8935746e+03   1.9042293e-09
   3.8970000e+03   1.8757101e-09
