   5.2110000e+02   1.2256590e-04
   5.2778318e+02   1.4871655e-04
   5.3446637e+02   1.7879130e-04
   5.4114955e+02   2.1299699e-04
   5.4783273e+02   2.5147004e-04
   5.5451592e+02   2.9426175e-04
   5.6119910e+02   3.4132558e-04
   5.6788228e+02   3.9250741e-04
   5.7456547e+02   4.4753969e-04
   5.8124865e+02   5.0604014e-04
   5.8793183e+02   5.6751559e-04
   5.9461502e+02   6.3137099e-04
   6.0129820e+02   6.9692364e-04
   6.0798138e+02   7.6342188e-04
   6.1466456e+02   8.3006768e-04
   6.2134775e+02   8.9604181e-04
   6.2803093e+02   9.6053039e-04
   6.3471411e+02   1.0227513e-03
   6.4139730e+02   1.0819793e-03
   6.4808048e+02   1.1375680e-03
   6.5476366e+02   1.1889682e-03
   6.6144685e+02   1.2357413e-03
   6.6813003e+02   1.2775677e-03
   6.7481321e+02   1.3142494e-03
   6.8149640e+02   1.3457076e-03
   6.8817958e+02   1.3719758e-03
   6.9486276e+02   1.3931882e-03
   7.0154595e+02   1.4095662e-03
   7.0822913e+02   1.4214020e-03
   7.1491231e+02   1.4290413e-03
   7.2159550e+02   1.4328667e-03
   7.2827868e+02   1.4332812e-03
   7.3496186e+02   1.4306933e-03
   7.4164505e+02   1.4255048e-03
   7.4832823e+02   1.4181002e-03
   7.5501141e+02   1.4088389e-03
   7.6169459e+02   1.3980494e-03
   7.6837778e+02   1.3860263e-03
   7.7506096e+02   1.3730290e-03
   7.8174414e+02   1.3592815e-03
   7.8842733e+02   1.3449742e-03
   7.9511051e+02   1.3302665e-03
   8.0179369e+02   1.3152892e-03
   8.0847688e+02   1.3001483e-03
   8.1516006e+02   1.2849285e-03
   8.2184324e+02   1.2696960e-03
   8.2852643e+02   1.2545019e-03
   8.3520961e+02   1.2393850e-03
   8.4189279e+02   1.2243741e-03
   8.4857598e+02   1.2094904e-03
   8.5525916e+02   1.1947486e-03
   8.6194234e+02   1.1801593e-03
   8.6862553e+02   1.1657291e-03
   8.7530871e+02   1.1514623e-03
   8.8199189e+02   1.1373614e-03
   8.8867508e+02   1.1234272e-03
   8.9535826e+02   1.1096598e-03
   9.0204144e+02   1.0960585e-03
   9.0872462e+02   1.0826223e-03
   9.1540781e+02   1.0693497e-03
   9.2209099e+02   1.0562392e-03
   9.2877417e+02   1.0432890e-03
   9.3545736e+02   1.0304973e-03
   9.4214054e+02   1.0178622e-03
   9.4882372e+02   1.0053820e-03
   9.5550691e+02   9.9305481e-04
   9.6219009e+02   9.8087869e-04
   9.6887327e+02   9.6885184e-04
   9.7555646e+02   9.5697245e-04
   9.8223964e+02   9.4523870e-04
   9.8892282e+02   9.3364882e-04
   9.9560601e+02   9.2220105e-04
   1.0022892e+03   9.1089364e-04
   1.0089724e+03   8.9972488e-04
   1.0156556e+03   8.8869305e-04
   1.0223387e+03   8.7779650e-04
   1.0290219e+03   8.6703355e-04
   1.0357051e+03   8.5640256e-04
   1.0423883e+03   8.4590193e-04
   1.0490715e+03   8.3553005e-04
   1.0557547e+03   8.2528534e-04
   1.0624378e+03   8.1516625e-04
   1.0691210e+03   8.0517122e-04
   1.0758042e+03   7.9529876e-04
   1.0824874e+03   7.8554734e-04
   1.0891706e+03   7.7591548e-04
   1.0958538e+03   7.6640173e-04
   1.1025369e+03   7.5700462e-04
   1.1092201e+03   7.4772274e-04
   1.1159033e+03   7.3855467e-04
   1.1225865e+03   7.2949901e-04
   1.1292697e+03   7.2055438e-04
   1.1359529e+03   7.1171943e-04
   1.1426360e+03   7.0299280e-04
   1.1493192e+03   6.9437317e-04
   1.1560024e+03   6.8585924e-04
   1.1626856e+03   6.7744969e-04
   1.1693688e+03   6.6914326e-04
   1.1760520e+03   6.6093867e-04
   1.1827351e+03   6.5283469e-04
   1.1894183e+03   6.4483007e-04
   1.1961015e+03   6.3692359e-04
   1.2027847e+03   6.2911406e-04
   1.2094679e+03   6.2140029e-04
   1.2161511e+03   6.1378110e-04
   1.2228342e+03   6.0625532e-04
   1.2295174e+03   5.9882183e-04
   1.2362006e+03   5.9147948e-04
   1.2428838e+03   5.8422715e-04
   1.2495670e+03   5.7706375e-04
   1.2562502e+03   5.6998818e-04
   1.2629333e+03   5.6299937e-04
   1.2696165e+03   5.5609625e-04
   1.2762997e+03   5.4927777e-04
   1.2829829e+03   5.4254290e-04
   1.2896661e+03   5.3589060e-04
   1.2963492e+03   5.2931987e-04
   1.3030324e+03   5.2282971e-04
   1.3097156e+03   5.1641912e-04
   1.3163988e+03   5.1008713e-04
   1.3230820e+03   5.0383279e-04
   1.3297652e+03   4.9765513e-04
   1.3364483e+03   4.9155322e-04
   1.3431315e+03   4.8552612e-04
   1.3498147e+03   4.7957293e-04
   1.3564979e+03   4.7369272e-04
   1.3631811e+03   4.6788462e-04
   1.3698643e+03   4.6214774e-04
   1.3765474e+03   4.5648119e-04
   1.3832306e+03   4.5088412e-04
   1.3899138e+03   4.4535569e-04
   1.3965970e+03   4.3989503e-04
   1.4032802e+03   4.3450134e-04
   1.4099634e+03   4.2917377e-04
   1.4166465e+03   4.2391153e-04
   1.4233297e+03   4.1871381e-04
   1.4300129e+03   4.1357983e-04
   1.4366961e+03   4.0850879e-04
   1.4433793e+03   4.0349993e-04
   1.4500625e+03   3.9855248e-04
   1.4567456e+03   3.9366570e-04
   1.4634288e+03   3.8883883e-04
   1.4701120e+03   3.8407115e-04
   1.4767952e+03   3.7936193e-04
   1.4834784e+03   3.7471045e-04
   1.4901616e+03   3.7011600e-04
   1.4968447e+03   3.6557789e-04
   1.5035279e+03   3.6109542e-04
   1.5102111e+03   3.5666791e-04
   1.5168943e+03   3.5229469e-04
   1.5235775e+03   3.4797508e-04
   1.5302607e+03   3.4370845e-04
   1.5369438e+03   3.3949413e-04
   1.5436270e+03   3.3533148e-04
   1.5503102e+03   3.3121987e-04
   1.5569934e+03   3.2715867e-04
   1.5636766e+03   3.2314727e-04
   1.5703598e+03   3.1918506e-04
   1.5770429e+03   3.1527142e-04
   1.5837261e+03   3.1140578e-04
   1.5904093e+03   3.0758753e-04
   1.5970925e+03   3.0381610e-04
   1.6037757e+03   3.0009091e-04
   1.6104589e+03   2.9641140e-04
   1.6171420e+03   2.9277700e-04
   1.6238252e+03   2.8918716e-04
   1.6305084e+03   2.8564134e-04
   1.6371916e+03   2.8213900e-04
   1.6438748e+03   2.7867960e-04
   1.6505580e+03   2.7526262e-04
   1.6572411e+03   2.7188754e-04
   1.6639243e+03   2.6855383e-04
   1.6706075e+03   2.6526101e-04
   1.6772907e+03   2.6200855e-04
   1.6839739e+03   2.5879598e-04
   1.6906571e+03   2.5562280e-04
   1.6973402e+03   2.5248852e-04
   1.7040234e+03   2.4939268e-04
   1.7107066e+03   2.4633479e-04
   1.7173898e+03   2.4331440e-04
   1.7240730e+03   2.4033104e-04
   1.7307562e+03   2.3738427e-04
   1.7374393e+03   2.3447362e-04
   1.7441225e+03   2.3159866e-04
   1.7508057e+03   2.2875895e-04
   1.7574889e+03   2.2595406e-04
   1.7641721e+03   2.2318357e-04
   1.7708553e+03   2.2044704e-04
   1.7775384e+03   2.1774407e-04
   1.7842216e+03   2.1507424e-04
   1.7909048e+03   2.1243714e-04
   1.7975880e+03   2.0983238e-04
   1.8042712e+03   2.0725955e-04
   1.8109544e+03   2.0471828e-04
   1.8176375e+03   2.0220816e-04
   1.8243207e+03   1.9972882e-04
   1.8310039e+03   1.9727988e-04
   1.8376871e+03   1.9486096e-04
   1.8443703e+03   1.9247171e-04
   1.8510535e+03   1.9011175e-04
   1.8577366e+03   1.8778073e-04
   1.8644198e+03   1.8547829e-04
   1.8711030e+03   1.8320408e-04
   1.8777862e+03   1.8095775e-04
   1.8844694e+03   1.7873897e-04
   1.8911526e+03   1.7654739e-04
   1.8978357e+03   1.7438269e-04
   1.9045189e+03   1.7224452e-04
   1.9112021e+03   1.7013258e-04
   1.9178853e+03   1.6804653e-04
   1.9245685e+03   1.6598605e-04
   1.9312517e+03   1.6395084e-04
   1.9379348e+03   1.6194059e-04
   1.9446180e+03   1.5995498e-04
   1.9513012e+03   1.5799372e-04
   1.9579844e+03   1.5605651e-04
   1.9646676e+03   1.5414305e-04
   1.9713508e+03   1.5225305e-04
   1.9780339e+03   1.5038622e-04
   1.9847171e+03   1.4854229e-04
   1.9914003e+03   1.4672096e-04
   1.9980835e+03   1.4492197e-04
   2.0047667e+03   1.4314503e-04
   2.0114498e+03   1.4138988e-04
   2.0181330e+03   1.3965626e-04
   2.0248162e+03   1.3794389e-04
   2.0314994e+03   1.3625251e-04
   2.0381826e+03   1.3458187e-04
   2.0448658e+03   1.3293172e-04
   2.0515489e+03   1.3130180e-04
   2.0582321e+03   1.2969187e-04
   2.0649153e+03   1.2810167e-04
   2.0715985e+03   1.2653098e-04
   2.0782817e+03   1.2497954e-04
   2.0849649e+03   1.2344712e-04
   2.0916480e+03   1.2193350e-04
   2.0983312e+03   1.2043843e-04
   2.1050144e+03   1.1896170e-04
   2.1116976e+03   1.1750307e-04
   2.1183808e+03   1.1606232e-04
   2.1250640e+03   1.1463924e-04
   2.1317471e+03   1.1323362e-04
   2.1384303e+03   1.1184522e-04
   2.1451135e+03   1.1047385e-04
   2.1517967e+03   1.0911929e-04
   2.1584799e+03   1.0778135e-04
   2.1651631e+03   1.0645980e-04
   2.1718462e+03   1.0515447e-04
   2.1785294e+03   1.0386513e-04
   2.1852126e+03   1.0259161e-04
   2.1918958e+03   1.0133370e-04
   2.1985790e+03   1.0009121e-04
   2.2052622e+03   9.8863961e-05
   2.2119453e+03   9.7651757e-05
   2.2186285e+03   9.6454417e-05
   2.2253117e+03   9.5271758e-05
   2.2319949e+03   9.4103599e-05
   2.2386781e+03   9.2949764e-05
   2.2453613e+03   9.1810077e-05
   2.2520444e+03   9.0684363e-05
   2.2587276e+03   8.9572452e-05
   2.2654108e+03   8.8474175e-05
   2.2720940e+03   8.7389364e-05
   2.2787772e+03   8.6317854e-05
   2.2854604e+03   8.5259483e-05
   2.2921435e+03   8.4214088e-05
   2.2988267e+03   8.3181512e-05
   2.3055099e+03   8.2161596e-05
   2.3121931e+03   8.1154186e-05
   2.3188763e+03   8.0159127e-05
   2.3255595e+03   7.9176270e-05
   2.3322426e+03   7.8205464e-05
   2.3389258e+03   7.7246561e-05
   2.3456090e+03   7.6299415e-05
   2.3522922e+03   7.5363883e-05
   2.3589754e+03   7.4439822e-05
   2.3656586e+03   7.3527091e-05
   2.3723417e+03   7.2625551e-05
   2.3790249e+03   7.1735065e-05
   2.3857081e+03   7.0855498e-05
   2.3923913e+03   6.9986716e-05
   2.3990745e+03   6.9128585e-05
   2.4057577e+03   6.8280977e-05
   2.4124408e+03   6.7443762e-05
   2.4191240e+03   6.6616812e-05
   2.4258072e+03   6.5800001e-05
   2.4324904e+03   6.4993206e-05
   2.4391736e+03   6.4196302e-05
   2.4458568e+03   6.3409171e-05
   2.4525399e+03   6.2631690e-05
   2.4592231e+03   6.1863742e-05
   2.4659063e+03   6.1105210e-05
   2.4725895e+03   6.0355979e-05
   2.4792727e+03   5.9615935e-05
   2.4859559e+03   5.8884964e-05
   2.4926390e+03   5.8162956e-05
   2.4993222e+03   5.7449801e-05
   2.5060054e+03   5.6745390e-05
   2.5126886e+03   5.6049617e-05
   2.5193718e+03   5.5362374e-05
   2.5260550e+03   5.4683558e-05
   2.5327381e+03   5.4013065e-05
   2.5394213e+03   5.3350793e-05
   2.5461045e+03   5.2696641e-05
   2.5527877e+03   5.2050510e-05
   2.5594709e+03   5.1412302e-05
   2.5661541e+03   5.0781919e-05
   2.5728372e+03   5.0159265e-05
   2.5795204e+03   4.9544246e-05
   2.5862036e+03   4.8936767e-05
   2.5928868e+03   4.8336738e-05
   2.5995700e+03   4.7744065e-05
   2.6062532e+03   4.7158659e-05
   2.6129363e+03   4.6580431e-05
   2.6196195e+03   4.6009294e-05
   2.6263027e+03   4.5445158e-05
   2.6329859e+03   4.4887940e-05
   2.6396691e+03   4.4337555e-05
   2.6463523e+03   4.3793917e-05
   2.6530354e+03   4.3256946e-05
   2.6597186e+03   4.2726558e-05
   2.6664018e+03   4.2202674e-05
   2.6730850e+03   4.1685213e-05
   2.6797682e+03   4.1174097e-05
   2.6864514e+03   4.0669248e-05
   2.6931345e+03   4.0170589e-05
   2.6998177e+03   3.9678044e-05
   2.7065009e+03   3.9191538e-05
   2.7131841e+03   3.8710998e-05
   2.7198673e+03   3.8236350e-05
   2.7265505e+03   3.7767521e-05
   2.7332336e+03   3.7304441e-05
   2.7399168e+03   3.6847039e-05
   2.7466000e+03   3.6395246e-05
   2.7532832e+03   3.5948992e-05
   2.7599664e+03   3.5508209e-05
   2.7666495e+03   3.5072831e-05
   2.7733327e+03   3.4642792e-05
   2.7800159e+03   3.4218025e-05
   2.7866991e+03   3.3798467e-05
   2.7933823e+03   3.3384053e-05
   2.8000655e+03   3.2974720e-05
   2.8067486e+03   3.2570406e-05
   2.8134318e+03   3.2171050e-05
   2.8201150e+03   3.1776590e-05
   2.8267982e+03   3.1386967e-05
   2.8334814e+03   3.1002121e-05
   2.8401646e+03   3.0621993e-05
   2.8468477e+03   3.0246527e-05
   2.8535309e+03   2.9875665e-05
   2.8602141e+03   2.9509349e-05
   2.8668973e+03   2.9147525e-05
   2.8735805e+03   2.8790138e-05
   2.8802637e+03   2.8437133e-05
   2.8869468e+03   2.8088456e-05
   2.8936300e+03   2.7744054e-05
   2.9003132e+03   2.7403875e-05
   2.9069964e+03   2.7067867e-05
   2.9136796e+03   2.6735979e-05
   2.9203628e+03   2.6408160e-05
   2.9270459e+03   2.6084361e-05
   2.9337291e+03   2.5764532e-05
   2.9404123e+03   2.5448625e-05
   2.9470955e+03   2.5136591e-05
   2.9537787e+03   2.4828383e-05
   2.9604619e+03   2.4523954e-05
   2.9671450e+03   2.4223258e-05
   2.9738282e+03   2.3926248e-05
   2.9805114e+03   2.3632881e-05
   2.9871946e+03   2.3343110e-05
   2.9938778e+03   2.3056893e-05
   3.0005610e+03   2.2774185e-05
   3.0072441e+03   2.2494943e-05
   3.0139273e+03   2.2219125e-05
   3.0206105e+03   2.1946689e-05
   3.0272937e+03   2.1677593e-05
   3.0339769e+03   2.1411797e-05
   3.0406601e+03   2.1149260e-05
   3.0473432e+03   2.0889942e-05
   3.0540264e+03   2.0633804e-05
   3.0607096e+03   2.0380806e-05
   3.0673928e+03   2.0130910e-05
   3.0740760e+03   1.9884078e-05
   3.0807592e+03   1.9640273e-05
   3.0874423e+03   1.9399457e-05
   3.0941255e+03   1.9161594e-05
   3.1008087e+03   1.8926648e-05
   3.1074919e+03   1.8694582e-05
   3.1141751e+03   1.8465361e-05
   3.1208583e+03   1.8238952e-05
   3.1275414e+03   1.8015318e-05
   3.1342246e+03   1.7794426e-05
   3.1409078e+03   1.7576243e-05
   3.1475910e+03   1.7360735e-05
   3.1542742e+03   1.7147869e-05
   3.1609574e+03   1.6937613e-05
   3.1676405e+03   1.6729936e-05
   3.1743237e+03   1.6524804e-05
   3.1810069e+03   1.6322188e-05
   3.1876901e+03   1.6122057e-05
   3.1943733e+03   1.5924379e-05
   3.2010565e+03   1.5729125e-05
   3.2077396e+03   1.5536265e-05
   3.2144228e+03   1.5345770e-05
   3.2211060e+03   1.5157610e-05
   3.2277892e+03   1.4971758e-05
   3.2344724e+03   1.4788184e-05
   3.2411556e+03   1.4606861e-05
   3.2478387e+03   1.4427762e-05
   3.2545219e+03   1.4250858e-05
   3.2612051e+03   1.4076124e-05
   3.2678883e+03   1.3903532e-05
   3.2745715e+03   1.3733056e-05
   3.2812547e+03   1.3564670e-05
   3.2879378e+03   1.3398350e-05
   3.2946210e+03   1.3234068e-05
   3.3013042e+03   1.3071801e-05
   3.3079874e+03   1.2911523e-05
   3.3146706e+03   1.2753211e-05
   3.3213538e+03   1.2596839e-05
   3.3280369e+03   1.2442385e-05
   3.3347201e+03   1.2289825e-05
   3.3414033e+03   1.2139136e-05
   3.3480865e+03   1.1990294e-05
   3.3547697e+03   1.1843277e-05
   3.3614529e+03   1.1698062e-05
   3.3681360e+03   1.1554629e-05
   3.3748192e+03   1.1412954e-05
   3.3815024e+03   1.1273016e-05
   3.3881856e+03   1.1134793e-05
   3.3948688e+03   1.0998266e-05
   3.4015520e+03   1.0863413e-05
   3.4082351e+03   1.0730213e-05
   3.4149183e+03   1.0598646e-05
   3.4216015e+03   1.0468693e-05
   3.4282847e+03   1.0340333e-05
   3.4349679e+03   1.0213546e-05
   3.4416511e+03   1.0088315e-05
   3.4483342e+03   9.9646187e-06
   3.4550174e+03   9.8424392e-06
   3.4617006e+03   9.7217578e-06
   3.4683838e+03   9.6025562e-06
   3.4750670e+03   9.4848161e-06
   3.4817502e+03   9.3685196e-06
   3.4884333e+03   9.2536491e-06
   3.4951165e+03   9.1401871e-06
   3.5017997e+03   9.0281163e-06
   3.5084829e+03   8.9174196e-06
   3.5151661e+03   8.8080801e-06
   3.5218492e+03   8.7000814e-06
   3.5285324e+03   8.5934068e-06
   3.5352156e+03   8.4880402e-06
   3.5418988e+03   8.3839656e-06
   3.5485820e+03   8.2811670e-06
   3.5552652e+03   8.1796289e-06
   3.5619483e+03   8.0793358e-06
   3.5686315e+03   7.9802724e-06
   3.5753147e+03   7.8824237e-06
   3.5819979e+03   7.7857747e-06
   3.5886811e+03   7.6903107e-06
   3.5953643e+03   7.5960173e-06
   3.6020474e+03   7.5028801e-06
   3.6087306e+03   7.4108848e-06
   3.6154138e+03   7.3200175e-06
   3.6220970e+03   7.2302643e-06
   3.6287802e+03   7.1416117e-06
   3.6354634e+03   7.0540461e-06
   3.6421465e+03   6.9675541e-06
   3.6488297e+03   6.8821226e-06
   3.6555129e+03   6.7977386e-06
   3.6621961e+03   6.7143893e-06
   3.6688793e+03   6.6320620e-06
   3.6755625e+03   6.5507441e-06
   3.6822456e+03   6.4704233e-06
   3.6889288e+03   6.3910873e-06
   3.6956120e+03   6.3127241e-06
   3.7022952e+03   6.2353217e-06
   3.7089784e+03   6.1588684e-06
   3.7156616e+03   6.0833525e-06
   3.7223447e+03   6.0087625e-06
   3.7290279e+03   5.9350871e-06
   3.7357111e+03   5.8623150e-06
   3.7423943e+03   5.7904352e-06
   3.7490775e+03   5.7194368e-06
   3.7557607e+03   5.6493089e-06
   3.7624438e+03   5.5800409e-06
   3.7691270e+03   5.5116222e-06
   3.7758102e+03   5.4440424e-06
   3.7824934e+03   5.3772912e-06
   3.7891766e+03   5.3113584e-06
   3.7958598e+03   5.2462341e-06
   3.8025429e+03   5.1819083e-06
   3.8092261e+03   5.1183713e-06
   3.8159093e+03   5.0556132e-06
   3.8225925e+03   4.9936247e-06
   3.8292757e+03   4.9323962e-06
   3.8359589e+03   4.8719185e-06
   3.8426420e+03   4.8121823e-06
   3.8493252e+03   4.7531785e-06
   3.8560084e+03   4.6948983e-06
   3.8626916e+03   4.6373326e-06
   3.8693748e+03   4.5804727e-06
   3.8760580e+03   4.5243100e-06
   3.8827411e+03   4.4688360e-06
   3.8894243e+03   4.4140421e-06
   3.8961075e+03   4.3599201e-06
   3.9027907e+03   4.3064617e-06
   3.9094739e+03   4.2536587e-06
   3.9161571e+03   4.2015032e-06
   3.9228402e+03   4.1499872e-06
   3.9295234e+03   4.0991029e-06
   3.9362066e+03   4.0488424e-06
   3.9428898e+03   3.9991982e-06
   3.9495730e+03   3.9501627e-06
   3.9562562e+03   3.9017285e-06
   3.9629393e+03   3.8538881e-06
   3.9696225e+03   3.8066343e-06
   3.9763057e+03   3.7599599e-06
   3.9829889e+03   3.7138578e-06
   3.9896721e+03   3.6683210e-06
   3.9963553e+03   3.6233425e-06
   4.0030384e+03   3.5789155e-06
   4.0097216e+03   3.5350333e-06
   4.0164048e+03   3.4916891e-06
   4.0230880e+03   3.4488763e-06
   4.0297712e+03   3.4065885e-06
   4.0364544e+03   3.3648192e-06
   4.0431375e+03   3.3235621e-06
   4.0498207e+03   3.2828108e-06
   4.0565039e+03   3.2425592e-06
   4.0631871e+03   3.2028011e-06
   4.0698703e+03   3.1635305e-06
   4.0765535e+03   3.1247414e-06
   4.0832366e+03   3.0864279e-06
   4.0899198e+03   3.0485842e-06
   4.0966030e+03   3.0112045e-06
   4.1032862e+03   2.9742831e-06
   4.1099694e+03   2.9378145e-06
   4.1166526e+03   2.9017930e-06
   4.1233357e+03   2.8662131e-06
   4.1300189e+03   2.8310696e-06
   4.1367021e+03   2.7963569e-06
   4.1433853e+03   2.7620698e-06
   4.1500685e+03   2.7282032e-06
   4.1567517e+03   2.6947518e-06
   4.1634348e+03   2.6617106e-06
   4.1701180e+03   2.6290744e-06
   4.1768012e+03   2.5968385e-06
   4.1834844e+03   2.5649978e-06
   4.1901676e+03   2.5335475e-06
   4.1968508e+03   2.5024829e-06
   4.2035339e+03   2.4717991e-06
   4.2102171e+03   2.4414916e-06
   4.2169003e+03   2.4115556e-06
   4.2235835e+03   2.3819868e-06
   4.2302667e+03   2.3527804e-06
   4.2369498e+03   2.3239322e-06
   4.2436330e+03   2.2954377e-06
   4.2503162e+03   2.2672926e-06
   4.2569994e+03   2.2394926e-06
   4.2636826e+03   2.2120334e-06
   4.2703658e+03   2.1849110e-06
   4.2770489e+03   2.1581211e-06
   4.2837321e+03   2.1316596e-06
   4.2904153e+03   2.1055226e-06
   4.2970985e+03   2.0797061e-06
   4.3037817e+03   2.0542062e-06
   4.3104649e+03   2.0290189e-06
   4.3171480e+03   2.0041404e-06
   4.3238312e+03   1.9795670e-06
   4.3305144e+03   1.9552949e-06
   4.3371976e+03   1.9313204e-06
   4.3438808e+03   1.9076398e-06
   4.3505640e+03   1.8842496e-06
   4.3572471e+03   1.8611462e-06
   4.3639303e+03   1.8383261e-06
   4.3706135e+03   1.8157858e-06
   4.3772967e+03   1.7935218e-06
   4.3839799e+03   1.7715309e-06
   4.3906631e+03   1.7498095e-06
   4.3973462e+03   1.7283545e-06
   4.4040294e+03   1.7071626e-06
   4.4107126e+03   1.6862305e-06
   4.4173958e+03   1.6655551e-06
   4.4240790e+03   1.6451332e-06
   4.4307622e+03   1.6249617e-06
   4.4374453e+03   1.6050375e-06
   4.4441285e+03   1.5853576e-06
   4.4508117e+03   1.5659190e-06
   4.4574949e+03   1.5467188e-06
   4.4641781e+03   1.5277539e-06
   4.4708613e+03   1.5090216e-06
   4.4775444e+03   1.4905190e-06
   4.4842276e+03   1.4722433e-06
   4.4909108e+03   1.4541916e-06
   4.4975940e+03   1.4363613e-06
   4.5042772e+03   1.4187496e-06
   4.5109604e+03   1.4013539e-06
   4.5176435e+03   1.3841714e-06
   4.5243267e+03   1.3671996e-06
   4.5310099e+03   1.3504359e-06
   4.5376931e+03   1.3338778e-06
   4.5443763e+03   1.3175227e-06
   4.5510595e+03   1.3013681e-06
   4.5577426e+03   1.2854116e-06
   4.5644258e+03   1.2696507e-06
   4.5711090e+03   1.2540831e-06
   4.5777922e+03   1.2387064e-06
   4.5844754e+03   1.2235182e-06
   4.5911586e+03   1.2085163e-06
   4.5978417e+03   1.1936983e-06
   4.6045249e+03   1.1790619e-06
   4.6112081e+03   1.1646051e-06
   4.6178913e+03   1.1503255e-06
   4.6245745e+03   1.1362209e-06
   4.6312577e+03   1.1222894e-06
   4.6379408e+03   1.1085286e-06
   4.6446240e+03   1.0949366e-06
   4.6513072e+03   1.0815112e-06
   4.6579904e+03   1.0682504e-06
   4.6646736e+03   1.0551523e-06
   4.6713568e+03   1.0422147e-06
   4.6780399e+03   1.0294358e-06
   4.6847231e+03   1.0168135e-06
   4.6914063e+03   1.0043460e-06
   4.6980895e+03   9.9203140e-07
   4.7047727e+03   9.7986778e-07
   4.7114559e+03   9.6785330e-07
   4.7181390e+03   9.5598613e-07
   4.7248222e+03   9.4426447e-07
   4.7315054e+03   9.3268653e-07
   4.7381886e+03   9.2125056e-07
   4.7448718e+03   9.0995480e-07
   4.7515550e+03   8.9879755e-07
   4.7582381e+03   8.8777709e-07
   4.7649213e+03   8.7689177e-07
   4.7716045e+03   8.6613991e-07
   4.7782877e+03   8.5551988e-07
   4.7849709e+03   8.4503007e-07
   4.7916541e+03   8.3466888e-07
   4.7983372e+03   8.2443473e-07
   4.8050204e+03   8.1432607e-07
   4.8117036e+03   8.0434135e-07
   4.8183868e+03   7.9447906e-07
   4.8250700e+03   7.8473769e-07
   4.8317532e+03   7.7511576e-07
   4.8384363e+03   7.6561181e-07
   4.8451195e+03   7.5622439e-07
   4.8518027e+03   7.4695208e-07
   4.8584859e+03   7.3779345e-07
   4.8651691e+03   7.2874712e-07
   4.8718523e+03   7.1981172e-07
   4.8785354e+03   7.1098587e-07
   4.8852186e+03   7.0226824e-07
   4.8919018e+03   6.9365750e-07
   4.8985850e+03   6.8515233e-07
   4.9052682e+03   6.7675146e-07
   4.9119514e+03   6.6845358e-07
   4.9186345e+03   6.6025745e-07
   4.9253177e+03   6.5216182e-07
   4.9320009e+03   6.4416545e-07
   4.9386841e+03   6.3626713e-07
   4.9453673e+03   6.2846565e-07
   4.9520505e+03   6.2075982e-07
   4.9587336e+03   6.1314848e-07
   4.9654168e+03   6.0563047e-07
   4.9721000e+03   5.9820463e-07
   4.9787832e+03   5.9086985e-07
   4.9854664e+03   5.8362500e-07
   4.9921495e+03   5.7646898e-07
   4.9988327e+03   5.6940071e-07
   5.0055159e+03   5.6241910e-07
   5.0121991e+03   5.5552309e-07
   5.0188823e+03   5.4871164e-07
   5.0255655e+03   5.4198371e-07
   5.0322486e+03   5.3533827e-07
   5.0389318e+03   5.2877431e-07
   5.0456150e+03   5.2229083e-07
   5.0522982e+03   5.1588685e-07
   5.0589814e+03   5.0956140e-07
   5.0656646e+03   5.0331350e-07
   5.0723477e+03   4.9714220e-07
   5.0790309e+03   4.9104658e-07
   5.0857141e+03   4.8502570e-07
   5.0923973e+03   4.7907864e-07
   5.0990805e+03   4.7320450e-07
   5.1057637e+03   4.6740238e-07
   5.1124468e+03   4.6167141e-07
   5.1191300e+03   4.5601070e-07
   5.1258132e+03   4.5041941e-07
   5.1324964e+03   4.4489667e-07
   5.1391796e+03   4.3944164e-07
   5.1458628e+03   4.3405350e-07
   5.1525459e+03   4.2873143e-07
   5.1592291e+03   4.2347461e-07
   5.1659123e+03   4.1828225e-07
   5.1725955e+03   4.1315356e-07
   5.1792787e+03   4.0808774e-07
   5.1859619e+03   4.0308405e-07
   5.1926450e+03   3.9814170e-07
   5.1993282e+03   3.9325995e-07
   5.2060114e+03   3.8843807e-07
   5.2126946e+03   3.8367530e-07
   5.2193778e+03   3.7897093e-07
   5.2260610e+03   3.7432424e-07
   5.2327441e+03   3.6973453e-07
   5.2394273e+03   3.6520109e-07
   5.2461105e+03   3.6072324e-07
   5.2527937e+03   3.5630030e-07
   5.2594769e+03   3.5193158e-07
   5.2661601e+03   3.4761643e-07
   5.2728432e+03   3.4335419e-07
   5.2795264e+03   3.3914422e-07
   5.2862096e+03   3.3498586e-07
   5.2928928e+03   3.3087848e-07
   5.2995760e+03   3.2682148e-07
   5.3062592e+03   3.2281421e-07
   5.3129423e+03   3.1885608e-07
   5.3196255e+03   3.1494648e-07
   5.3263087e+03   3.1108482e-07
   5.3329919e+03   3.0727050e-07
   5.3396751e+03   3.0350296e-07
   5.3463583e+03   2.9978161e-07
   5.3530414e+03   2.9610589e-07
   5.3597246e+03   2.9247524e-07
   5.3664078e+03   2.8888910e-07
   5.3730910e+03   2.8534694e-07
   5.3797742e+03   2.8184821e-07
   5.3864574e+03   2.7839237e-07
   5.3931405e+03   2.7497891e-07
   5.3998237e+03   2.7160731e-07
   5.4065069e+03   2.6827704e-07
   5.4131901e+03   2.6498761e-07
   5.4198733e+03   2.6173851e-07
   5.4265565e+03   2.5852924e-07
   5.4332396e+03   2.5535933e-07
   5.4399228e+03   2.5222829e-07
   5.4466060e+03   2.4913563e-07
   5.4532892e+03   2.4608090e-07
   5.4599724e+03   2.4306362e-07
   5.4666556e+03   2.4008334e-07
   5.4733387e+03   2.3713960e-07
   5.4800219e+03   2.3423195e-07
   5.4867051e+03   2.3135996e-07
   5.4933883e+03   2.2852318e-07
   5.5000715e+03   2.2572118e-07
   5.5067547e+03   2.2295354e-07
   5.5134378e+03   2.2021983e-07
   5.5201210e+03   2.1751964e-07
   5.5268042e+03   2.1485256e-07
   5.5334874e+03   2.1221818e-07
   5.5401706e+03   2.0961611e-07
   5.5468538e+03   2.0704594e-07
   5.5535369e+03   2.0450728e-07
   5.5602201e+03   2.0199975e-07
   5.5669033e+03   1.9952296e-07
   5.5735865e+03   1.9707654e-07
   5.5802697e+03   1.9466012e-07
   5.5869529e+03   1.9227333e-07
   5.5936360e+03   1.8991581e-07
   5.6003192e+03   1.8758719e-07
   5.6070024e+03   1.8528712e-07
   5.6136856e+03   1.8301525e-07
   5.6203688e+03   1.8077124e-07
   5.6270520e+03   1.7855475e-07
   5.6337351e+03   1.7636543e-07
   5.6404183e+03   1.7420295e-07
   5.6471015e+03   1.7206699e-07
   5.6537847e+03   1.6995722e-07
   5.6604679e+03   1.6787332e-07
   5.6671511e+03   1.6581497e-07
   5.6738342e+03   1.6378186e-07
   5.6805174e+03   1.6177368e-07
   5.6872006e+03   1.5979012e-07
   5.6938838e+03   1.5783088e-07
   5.7005670e+03   1.5589566e-07
   5.7072502e+03   1.5398417e-07
   5.7139333e+03   1.5209612e-07
   5.7206165e+03   1.5023122e-07
   5.7272997e+03   1.4838919e-07
   5.7339829e+03   1.4656974e-07
   5.7406661e+03   1.4477260e-07
   5.7473492e+03   1.4299750e-07
   5.7540324e+03   1.4124416e-07
   5.7607156e+03   1.3951232e-07
   5.7673988e+03   1.3780171e-07
   5.7740820e+03   1.3611208e-07
   5.7807652e+03   1.3444316e-07
   5.7874483e+03   1.3279471e-07
   5.7941315e+03   1.3116647e-07
   5.8008147e+03   1.2955820e-07
   5.8074979e+03   1.2796964e-07
   5.8141811e+03   1.2640056e-07
   5.8208643e+03   1.2485072e-07
   5.8275474e+03   1.2331989e-07
   5.8342306e+03   1.2180782e-07
   5.8409138e+03   1.2031430e-07
   5.8475970e+03   1.1883908e-07
   5.8542802e+03   1.1738196e-07
   5.8609634e+03   1.1594270e-07
   5.8676465e+03   1.1452109e-07
   5.8743297e+03   1.1311691e-07
   5.8810129e+03   1.1172994e-07
   5.8876961e+03   1.1035999e-07
   5.8943793e+03   1.0900683e-07
   5.9010625e+03   1.0767026e-07
   5.9077456e+03   1.0635008e-07
   5.9144288e+03   1.0504608e-07
   5.9211120e+03   1.0375808e-07
   5.9277952e+03   1.0248587e-07
   5.9344784e+03   1.0122925e-07
   5.9411616e+03   9.9988050e-08
   5.9478447e+03   9.8762063e-08
   5.9545279e+03   9.7551109e-08
   5.9612111e+03   9.6355003e-08
   5.9678943e+03   9.5173563e-08
   5.9745775e+03   9.4006608e-08
   5.9812607e+03   9.2853962e-08
   5.9879438e+03   9.1715450e-08
   5.9946270e+03   9.0590896e-08
   6.0013102e+03   8.9480132e-08
   6.0079934e+03   8.8382986e-08
   6.0146766e+03   8.7299293e-08
   6.0213598e+03   8.6228888e-08
   6.0280429e+03   8.5171607e-08
   6.0347261e+03   8.4127290e-08
   6.0414093e+03   8.3095778e-08
   6.0480925e+03   8.2076913e-08
   6.0547757e+03   8.1070541e-08
   6.0614589e+03   8.0076509e-08
   6.0681420e+03   7.9094664e-08
   6.0748252e+03   7.8124859e-08
   6.0815084e+03   7.7166944e-08
   6.0881916e+03   7.6220775e-08
   6.0948748e+03   7.5286207e-08
   6.1015580e+03   7.4363098e-08
   6.1082411e+03   7.3451308e-08
   6.1149243e+03   7.2550697e-08
   6.1216075e+03   7.1661129e-08
   6.1282907e+03   7.0782469e-08
   6.1349739e+03   6.9914581e-08
   6.1416571e+03   6.9057336e-08
   6.1483402e+03   6.8210601e-08
   6.1550234e+03   6.7374249e-08
   6.1617066e+03   6.6548151e-08
   6.1683898e+03   6.5732182e-08
   6.1750730e+03   6.4926218e-08
   6.1817562e+03   6.4130136e-08
   6.1884393e+03   6.3343816e-08
   6.1951225e+03   6.2567136e-08
   6.2018057e+03   6.1799980e-08
   6.2084889e+03   6.1042230e-08
   6.2151721e+03   6.0293772e-08
   6.2218553e+03   5.9554490e-08
   6.2285384e+03   5.8824273e-08
   6.2352216e+03   5.8103009e-08
   6.2419048e+03   5.7390589e-08
   6.2485880e+03   5.6686904e-08
   6.2552712e+03   5.5991847e-08
   6.2619544e+03   5.5305313e-08
   6.2686375e+03   5.4627196e-08
   6.2753207e+03   5.3957394e-08
   6.2820039e+03   5.3295805e-08
   6.2886871e+03   5.2642327e-08
   6.2953703e+03   5.1996863e-08
   6.3020535e+03   5.1359312e-08
   6.3087366e+03   5.0729579e-08
   6.3154198e+03   5.0107567e-08
   6.3221030e+03   4.9493181e-08
   6.3287862e+03   4.8886329e-08
   6.3354694e+03   4.8286918e-08
   6.3421526e+03   4.7694856e-08
   6.3488357e+03   4.7110054e-08
   6.3555189e+03   4.6532422e-08
   6.3622021e+03   4.5961873e-08
   6.3688853e+03   4.5398319e-08
   6.3755685e+03   4.4841675e-08
   6.3822517e+03   4.4291857e-08
   6.3889348e+03   4.3748780e-08
   6.3956180e+03   4.3212362e-08
   6.4023012e+03   4.2682521e-08
   6.4089844e+03   4.2159176e-08
   6.4156676e+03   4.1642249e-08
   6.4223508e+03   4.1131659e-08
   6.4290339e+03   4.0627331e-08
   6.4357171e+03   4.0129186e-08
   6.4424003e+03   3.9637148e-08
   6.4490835e+03   3.9151144e-08
   6.4557667e+03   3.8671099e-08
   6.4624498e+03   3.8196940e-08
   6.4691330e+03   3.7728595e-08
   6.4758162e+03   3.7265992e-08
   6.4824994e+03   3.6809062e-08
   6.4891826e+03   3.6357734e-08
   6.4958658e+03   3.5911940e-08
   6.5025489e+03   3.5471612e-08
   6.5092321e+03   3.5036682e-08
   6.5159153e+03   3.4607086e-08
   6.5225985e+03   3.4182757e-08
   6.5292817e+03   3.3763631e-08
   6.5359649e+03   3.3349644e-08
   6.5426480e+03   3.2940733e-08
   6.5493312e+03   3.2536836e-08
   6.5560144e+03   3.2137891e-08
   6.5626976e+03   3.1743838e-08
   6.5693808e+03   3.1354617e-08
   6.5760640e+03   3.0970167e-08
   6.5827471e+03   3.0590432e-08
   6.5894303e+03   3.0215353e-08
   6.5961135e+03   2.9844872e-08
   6.6027967e+03   2.9478934e-08
   6.6094799e+03   2.9117484e-08
   6.6161631e+03   2.8760464e-08
   6.6228462e+03   2.8407823e-08
   6.6295294e+03   2.8059505e-08
   6.6362126e+03   2.7715459e-08
   6.6428958e+03   2.7375630e-08
   6.6495790e+03   2.7039969e-08
   6.6562622e+03   2.6708423e-08
   6.6629453e+03   2.6380942e-08
   6.6696285e+03   2.6057477e-08
   6.6763117e+03   2.5737977e-08
   6.6829949e+03   2.5422395e-08
   6.6896781e+03   2.5110683e-08
   6.6963613e+03   2.4802793e-08
   6.7030444e+03   2.4498678e-08
   6.7097276e+03   2.4198291e-08
   6.7164108e+03   2.3901588e-08
   6.7230940e+03   2.3608523e-08
   6.7297772e+03   2.3319051e-08
   6.7364604e+03   2.3033128e-08
   6.7431435e+03   2.2750712e-08
   6.7498267e+03   2.2471758e-08
   6.7565099e+03   2.2196224e-08
   6.7631931e+03   2.1924069e-08
   6.7698763e+03   2.1655251e-08
   6.7765595e+03   2.1389729e-08
   6.7832426e+03   2.1127462e-08
   6.7899258e+03   2.0868411e-08
   6.7966090e+03   2.0612537e-08
   6.8032922e+03   2.0359800e-08
   6.8099754e+03   2.0110162e-08
   6.8166586e+03   1.9863584e-08
   6.8233417e+03   1.9620030e-08
   6.8300249e+03   1.9379463e-08
   6.8367081e+03   1.9141845e-08
   6.8433913e+03   1.8907140e-08
   6.8500745e+03   1.8675314e-08
   6.8567577e+03   1.8446330e-08
   6.8634408e+03   1.8220153e-08
   6.8701240e+03   1.7996750e-08
   6.8768072e+03   1.7776086e-08
   6.8834904e+03   1.7558127e-08
   6.8901736e+03   1.7342841e-08
   6.8968568e+03   1.7130195e-08
   6.9035399e+03   1.6920156e-08
   6.9102231e+03   1.6712692e-08
   6.9169063e+03   1.6507773e-08
   6.9235895e+03   1.6305365e-08
   6.9302727e+03   1.6105440e-08
   6.9369559e+03   1.5907966e-08
   6.9436390e+03   1.5712913e-08
   6.9503222e+03   1.5520252e-08
   6.9570054e+03   1.5329953e-08
   6.9636886e+03   1.5141987e-08
   6.9703718e+03   1.4956327e-08
   6.9770550e+03   1.4772942e-08
   6.9837381e+03   1.4591806e-08
   6.9904213e+03   1.4412891e-08
   6.9971045e+03   1.4236170e-08
   7.0037877e+03   1.4061616e-08
   7.0104709e+03   1.3889202e-08
   7.0171541e+03   1.3718902e-08
   7.0238372e+03   1.3550690e-08
   7.0305204e+03   1.3384540e-08
   7.0372036e+03   1.3220428e-08
   7.0438868e+03   1.3058328e-08
   7.0505700e+03   1.2898215e-08
   7.0572532e+03   1.2740066e-08
   7.0639363e+03   1.2583856e-08
   7.0706195e+03   1.2429561e-08
   7.0773027e+03   1.2277158e-08
   7.0839859e+03   1.2126624e-08
   7.0906691e+03   1.1977936e-08
   7.0973523e+03   1.1831070e-08
   7.1040354e+03   1.1686006e-08
   7.1107186e+03   1.1542720e-08
   7.1174018e+03   1.1401190e-08
   7.1240850e+03   1.1261397e-08
   7.1307682e+03   1.1123317e-08
   7.1374514e+03   1.0986930e-08
   7.1441345e+03   1.0852216e-08
   7.1508177e+03   1.0719153e-08
   7.1575009e+03   1.0587722e-08
   7.1641841e+03   1.0457903e-08
   7.1708673e+03   1.0329675e-08
   7.1775505e+03   1.0203020e-08
   7.1842336e+03   1.0077917e-08
   7.1909168e+03   9.9543483e-09
   7.1976000e+03   9.8322948e-09
