   3.3940000e+02   3.4196303e-05
   3.4139299e+02   3.7832377e-05
   3.4338599e+02   4.1803744e-05
   3.4537898e+02   4.6135434e-05
   3.4737197e+02   5.0853715e-05
   3.4936496e+02   5.5986100e-05
   3.5135796e+02   6.1561336e-05
   3.5335095e+02   6.7609383e-05
   3.5534394e+02   7.4161396e-05
   3.5733694e+02   8.1249685e-05
   3.5932993e+02   8.8907674e-05
   3.6132292e+02   9.7169844e-05
   3.6331592e+02   1.0607167e-04
   3.6530891e+02   1.1564954e-04
   3.6730190e+02   1.2594068e-04
   3.6929489e+02   1.3698302e-04
   3.7128789e+02   1.4881514e-04
   3.7328088e+02   1.6147609e-04
   3.7527387e+02   1.7500527e-04
   3.7726687e+02   1.8944230e-04
   3.7925986e+02   2.0482683e-04
   3.8125285e+02   2.2119840e-04
   3.8324585e+02   2.3859622e-04
   3.8523884e+02   2.5705899e-04
   3.8723183e+02   2.7662470e-04
   3.8922482e+02   2.9733042e-04
   3.9121782e+02   3.1921203e-04
   3.9321081e+02   3.4230407e-04
   3.9520380e+02   3.6663941e-04
   3.9719680e+02   3.9224908e-04
   3.9918979e+02   4.1916197e-04
   4.0118278e+02   4.4740462e-04
   4.0317578e+02   4.7700095e-04
   4.0516877e+02   5.0797200e-04
   4.0716176e+02   5.4033570e-04
   4.0915475e+02   5.7410663e-04
   4.1114775e+02   6.0929577e-04
   4.1314074e+02   6.4591028e-04
   4.1513373e+02   6.8395328e-04
   4.1712673e+02   7.2342367e-04
   4.1911972e+02   7.6431589e-04
   4.2111271e+02   8.0661980e-04
   4.2310571e+02   8.5032048e-04
   4.2509870e+02   8.9539815e-04
   4.2709169e+02   9.4182800e-04
   4.2908468e+02   9.8958014e-04
   4.3107768e+02   1.0386195e-03
   4.3307067e+02   1.0889059e-03
   4.3506366e+02   1.1403938e-03
   4.3705666e+02   1.1930327e-03
   4.3904965e+02   1.2467667e-03
   4.4104264e+02   1.3015350e-03
   4.4303564e+02   1.3572720e-03
   4.4502863e+02   1.4139069e-03
   4.4702162e+02   1.4713646e-03
   4.4901461e+02   1.5295655e-03
   4.5100761e+02   1.5884257e-03
   4.5300060e+02   1.6478574e-03
   4.5499359e+02   1.7077690e-03
   4.5698659e+02   1.7680659e-03
   4.5897958e+02   1.8286500e-03
   4.6097257e+02   1.8894210e-03
   4.6296557e+02   1.9502759e-03
   4.6495856e+02   2.0111100e-03
   4.6695155e+02   2.0718172e-03
   4.6894454e+02   2.1322901e-03
   4.7093754e+02   2.1924210e-03
   4.7293053e+02   2.2521016e-03
   4.7492352e+02   2.3112241e-03
   4.7691652e+02   2.3696815e-03
   4.7890951e+02   2.4273677e-03
   4.8090250e+02   2.4841784e-03
   4.8289550e+02   2.5400111e-03
   4.8488849e+02   2.5947659e-03
   4.8688148e+02   2.6483457e-03
   4.8887447e+02   2.7006567e-03
   4.9086747e+02   2.7516086e-03
   4.9286046e+02   2.8011152e-03
   4.9485345e+02   2.8490946e-03
   4.9684645e+02   2.8954695e-03
   4.9883944e+02   2.9401673e-03
   5.0083243e+02   2.9831208e-03
   5.0282543e+02   3.0242680e-03
   5.0481842e+02   3.0635526e-03
   5.0681141e+02   3.1009238e-03
   5.0880440e+02   3.1363369e-03
   5.1079740e+02   3.1697528e-03
   5.1279039e+02   3.2011387e-03
   5.1478338e+02   3.2304675e-03
   5.1677638e+02   3.2577185e-03
   5.1876937e+02   3.2828765e-03
   5.2076236e+02   3.3059326e-03
   5.2275536e+02   3.3268835e-03
   5.2474835e+02   3.3457315e-03
   5.2674134e+02   3.3624847e-03
   5.2873433e+02   3.3771564e-03
   5.3072733e+02   3.3897649e-03
   5.3272032e+02   3.4003337e-03
   5.3471331e+02   3.4088909e-03
   5.3670631e+02   3.4154689e-03
   5.3869930e+02   3.4201046e-03
   5.4069229e+02   3.4228383e-03
   5.4268529e+02   3.4237145e-03
   5.4467828e+02   3.4227804e-03
   5.4667127e+02   3.4200867e-03
   5.4866426e+02   3.4156864e-03
   5.5065726e+02   3.4096352e-03
   5.5265025e+02   3.4019906e-03
   5.5464324e+02   3.3928120e-03
   5.5663624e+02   3.3821604e-03
   5.5862923e+02   3.3700976e-03
   5.6062222e+02   3.3566867e-03
   5.6261522e+02   3.3419911e-03
   5.6460821e+02   3.3260748e-03
   5.6660120e+02   3.3090016e-03
   5.6859419e+02   3.2908355e-03
   5.7058719e+02   3.2716397e-03
   5.7258018e+02   3.2514772e-03
   5.7457317e+02   3.2304100e-03
   5.7656617e+02   3.2084992e-03
   5.7855916e+02   3.1858046e-03
   5.8055215e+02   3.1623850e-03
   5.8254515e+02   3.1382976e-03
   5.8453814e+02   3.1135979e-03
   5.8653113e+02   3.0883400e-03
   5.8852412e+02   3.0625761e-03
   5.9051712e+02   3.0363567e-03
   5.9251011e+02   3.0097302e-03
   5.9450310e+02   2.9827434e-03
   5.9649610e+02   2.9554407e-03
   5.9848909e+02   2.9278649e-03
   6.0048208e+02   2.9000565e-03
   6.0247508e+02   2.8720542e-03
   6.0446807e+02   2.8438946e-03
   6.0646106e+02   2.8156123e-03
   6.0845405e+02   2.7872401e-03
   6.1044705e+02   2.7588085e-03
   6.1244004e+02   2.7303465e-03
   6.1443303e+02   2.7018812e-03
   6.1642603e+02   2.6734376e-03
   6.1841902e+02   2.6450394e-03
   6.2041201e+02   2.6167083e-03
   6.2240501e+02   2.5884645e-03
   6.2439800e+02   2.5603267e-03
   6.2639099e+02   2.5323120e-03
   6.2838398e+02   2.5044362e-03
   6.3037698e+02   2.4767136e-03
   6.3236997e+02   2.4491573e-03
   6.3436296e+02   2.4217792e-03
   6.3635596e+02   2.3945900e-03
   6.3834895e+02   2.3675995e-03
   6.4034194e+02   2.3408161e-03
   6.4233493e+02   2.3142477e-03
   6.4432793e+02   2.2879009e-03
   6.4632092e+02   2.2617817e-03
   6.4831391e+02   2.2358953e-03
   6.5030691e+02   2.2102461e-03
   6.5229990e+02   2.1848379e-03
   6.5429289e+02   2.1596739e-03
   6.5628589e+02   2.1347566e-03
   6.5827888e+02   2.1100882e-03
   6.6027187e+02   2.0856701e-03
   6.6226486e+02   2.0615036e-03
   6.6425786e+02   2.0375894e-03
   6.6625085e+02   2.0139279e-03
   6.6824384e+02   1.9905190e-03
   6.7023684e+02   1.9673627e-03
   6.7222983e+02   1.9444584e-03
   6.7422282e+02   1.9218052e-03
   6.7621582e+02   1.8994022e-03
   6.7820881e+02   1.8772483e-03
   6.8020180e+02   1.8553421e-03
   6.8219479e+02   1.8336820e-03
   6.8418779e+02   1.8122666e-03
   6.8618078e+02   1.7910939e-03
   6.8817377e+02   1.7701621e-03
   6.9016677e+02   1.7494693e-03
   6.9215976e+02   1.7290135e-03
   6.9415275e+02   1.7087926e-03
   6.9614575e+02   1.6888043e-03
   6.9813874e+02   1.6690466e-03
   7.0013173e+02   1.6495172e-03
   7.0212472e+02   1.6302138e-03
   7.0411772e+02   1.6111341e-03
   7.0611071e+02   1.5922759e-03
   7.0810370e+02   1.5736367e-03
   7.1009670e+02   1.5552144e-03
   7.1208969e+02   1.5370065e-03
   7.1408268e+02   1.5190108e-03
   7.1607568e+02   1.5012248e-03
   7.1806867e+02   1.4836463e-03
   7.2006166e+02   1.4662730e-03
   7.2205465e+02   1.4491026e-03
   7.2404765e+02   1.4321327e-03
   7.2604064e+02   1.4153612e-03
   7.2803363e+02   1.3987857e-03
   7.3002663e+02   1.3824040e-03
   7.3201962e+02   1.3662139e-03
   7.3401261e+02   1.3502132e-03
   7.3600561e+02   1.3343997e-03
   7.3799860e+02   1.3187713e-03
   7.3999159e+02   1.3033258e-03
   7.4198458e+02   1.2880610e-03
   7.4397758e+02   1.2729750e-03
   7.4597057e+02   1.2580655e-03
   7.4796356e+02   1.2433306e-03
   7.4995656e+02   1.2287682e-03
   7.5194955e+02   1.2143764e-03
   7.5394254e+02   1.2001531e-03
   7.5593554e+02   1.1860963e-03
   7.5792853e+02   1.1722041e-03
   7.5992152e+02   1.1584746e-03
   7.6191451e+02   1.1449060e-03
   7.6390751e+02   1.1314962e-03
   7.6590050e+02   1.1182434e-03
   7.6789349e+02   1.1051459e-03
   7.6988649e+02   1.0922018e-03
   7.7187948e+02   1.0794093e-03
   7.7387247e+02   1.0667666e-03
   7.7586547e+02   1.0542720e-03
   7.7785846e+02   1.0419237e-03
   7.7985145e+02   1.0297200e-03
   7.8184444e+02   1.0176593e-03
   7.8383744e+02   1.0057399e-03
   7.8583043e+02   9.9396000e-04
   7.8782342e+02   9.8231812e-04
   7.8981642e+02   9.7081259e-04
   7.9180941e+02   9.5944183e-04
   7.9380240e+02   9.4820424e-04
   7.9579540e+02   9.3709827e-04
   7.9778839e+02   9.2612239e-04
   7.9978138e+02   9.1527506e-04
   8.0177437e+02   9.0455478e-04
   8.0376737e+02   8.9396006e-04
   8.0576036e+02   8.8348944e-04
   8.0775335e+02   8.7314145e-04
   8.0974635e+02   8.6291466e-04
   8.1173934e+02   8.5280766e-04
   8.1373233e+02   8.4281904e-04
   8.1572533e+02   8.3294741e-04
   8.1771832e+02   8.2319140e-04
   8.1971131e+02   8.1354966e-04
   8.2170430e+02   8.0402085e-04
   8.2369730e+02   7.9460365e-04
   8.2569029e+02   7.8529675e-04
   8.2768328e+02   7.7609886e-04
   8.2967628e+02   7.6700870e-04
   8.3166927e+02   7.5802501e-04
   8.3366226e+02   7.4914654e-04
   8.3565526e+02   7.4037206e-04
   8.3764825e+02   7.3170035e-04
   8.3964124e+02   7.2313021e-04
   8.4163423e+02   7.1466045e-04
   8.4362723e+02   7.0628990e-04
   8.4562022e+02   6.9801738e-04
   8.4761321e+02   6.8984176e-04
   8.4960621e+02   6.8176190e-04
   8.5159920e+02   6.7377667e-04
   8.5359219e+02   6.6588497e-04
   8.5558519e+02   6.5808571e-04
   8.5757818e+02   6.5037779e-04
   8.5957117e+02   6.4276015e-04
   8.6156416e+02   6.3523174e-04
   8.6355716e+02   6.2779150e-04
   8.6555015e+02   6.2043841e-04
   8.6754314e+02   6.1317144e-04
   8.6953614e+02   6.0598959e-04
   8.7152913e+02   5.9889186e-04
   8.7352212e+02   5.9187726e-04
   8.7551512e+02   5.8494481e-04
   8.7750811e+02   5.7809357e-04
   8.7950110e+02   5.7132257e-04
   8.8149409e+02   5.6463088e-04
   8.8348709e+02   5.5801757e-04
   8.8548008e+02   5.5148171e-04
   8.8747307e+02   5.4502241e-04
   8.8946607e+02   5.3863876e-04
   8.9145906e+02   5.3232988e-04
   8.9345205e+02   5.2609490e-04
   8.9544505e+02   5.1993294e-04
   8.9743804e+02   5.1384316e-04
   8.9943103e+02   5.0782470e-04
   9.0142402e+02   5.0187674e-04
   9.0341702e+02   4.9599844e-04
   9.0541001e+02   4.9018899e-04
   9.0740300e+02   4.8444759e-04
   9.0939600e+02   4.7877343e-04
   9.1138899e+02   4.7316573e-04
   9.1338198e+02   4.6762371e-04
   9.1537497e+02   4.6214661e-04
   9.1736797e+02   4.5673366e-04
   9.1936096e+02   4.5138410e-04
   9.2135395e+02   4.4609721e-04
   9.2334695e+02   4.4087223e-04
   9.2533994e+02   4.3570846e-04
   9.2733293e+02   4.3060516e-04
   9.2932593e+02   4.2556164e-04
   9.3131892e+02   4.2057720e-04
   9.3331191e+02   4.1565113e-04
   9.3530490e+02   4.1078276e-04
   9.3729790e+02   4.0597141e-04
   9.3929089e+02   4.0121642e-04
   9.4128388e+02   3.9651712e-04
   9.4327688e+02   3.9187286e-04
   9.4526987e+02   3.8728299e-04
   9.4726286e+02   3.8274689e-04
   9.4925586e+02   3.7826392e-04
   9.5124885e+02   3.7383345e-04
   9.5324184e+02   3.6945488e-04
   9.5523483e+02   3.6512759e-04
   9.5722783e+02   3.6085098e-04
   9.5922082e+02   3.5662447e-04
   9.6121381e+02   3.5244745e-04
   9.6320681e+02   3.4831937e-04
   9.6519980e+02   3.4423963e-04
   9.6719279e+02   3.4020768e-04
   9.6918579e+02   3.3622295e-04
   9.7117878e+02   3.3228489e-04
   9.7317177e+02   3.2839296e-04
   9.7516476e+02   3.2454662e-04
   9.7715776e+02   3.2074532e-04
   9.7915075e+02   3.1698855e-04
   9.8114374e+02   3.1327578e-04
   9.8313674e+02   3.0960649e-04
   9.8512973e+02   3.0598019e-04
   9.8712272e+02   3.0239635e-04
   9.8911572e+02   2.9885449e-04
   9.9110871e+02   2.9535412e-04
   9.9310170e+02   2.9189475e-04
   9.9509469e+02   2.8847589e-04
   9.9708769e+02   2.8509708e-04
   9.9908068e+02   2.8175784e-04
   1.0010737e+03   2.7845771e-04
   1.0030667e+03   2.7519624e-04
   1.0050597e+03   2.7197297e-04
   1.0070527e+03   2.6878745e-04
   1.0090456e+03   2.6563924e-04
   1.0110386e+03   2.6252790e-04
   1.0130316e+03   2.5945301e-04
   1.0150246e+03   2.5641413e-04
   1.0170176e+03   2.5341085e-04
   1.0190106e+03   2.5044274e-04
   1.0210036e+03   2.4750940e-04
   1.0229966e+03   2.4461041e-04
   1.0249896e+03   2.4174538e-04
   1.0269826e+03   2.3891390e-04
   1.0289756e+03   2.3611559e-04
   1.0309686e+03   2.3335006e-04
   1.0329616e+03   2.3061691e-04
   1.0349546e+03   2.2791578e-04
   1.0369475e+03   2.2524629e-04
   1.0389405e+03   2.2260806e-04
   1.0409335e+03   2.2000073e-04
   1.0429265e+03   2.1742395e-04
   1.0449195e+03   2.1487734e-04
   1.0469125e+03   2.1236056e-04
   1.0489055e+03   2.0987326e-04
   1.0508985e+03   2.0741509e-04
   1.0528915e+03   2.0498571e-04
   1.0548845e+03   2.0258479e-04
   1.0568775e+03   2.0021199e-04
   1.0588705e+03   1.9786698e-04
   1.0608635e+03   1.9554944e-04
   1.0628565e+03   1.9325904e-04
   1.0648494e+03   1.9099546e-04
   1.0668424e+03   1.8875840e-04
   1.0688354e+03   1.8654755e-04
   1.0708284e+03   1.8436258e-04
   1.0728214e+03   1.8220321e-04
   1.0748144e+03   1.8006913e-04
   1.0768074e+03   1.7796005e-04
   1.0788004e+03   1.7587567e-04
   1.0807934e+03   1.7381570e-04
   1.0827864e+03   1.7177986e-04
   1.0847794e+03   1.6976787e-04
   1.0867724e+03   1.6777944e-04
   1.0887654e+03   1.6581430e-04
   1.0907584e+03   1.6387218e-04
   1.0927514e+03   1.6195280e-04
   1.0947443e+03   1.6005591e-04
   1.0967373e+03   1.5818123e-04
   1.0987303e+03   1.5632851e-04
   1.1007233e+03   1.5449750e-04
   1.1027163e+03   1.5268792e-04
   1.1047093e+03   1.5089954e-04
   1.1067023e+03   1.4913211e-04
   1.1086953e+03   1.4738538e-04
   1.1106883e+03   1.4565911e-04
   1.1126813e+03   1.4395306e-04
   1.1146743e+03   1.4226699e-04
   1.1166673e+03   1.4060067e-04
   1.1186603e+03   1.3895387e-04
   1.1206533e+03   1.3732635e-04
   1.1226462e+03   1.3571790e-04
   1.1246392e+03   1.3412828e-04
   1.1266322e+03   1.3255729e-04
   1.1286252e+03   1.3100469e-04
   1.1306182e+03   1.2947028e-04
   1.1326112e+03   1.2795385e-04
   1.1346042e+03   1.2645517e-04
   1.1365972e+03   1.2497405e-04
   1.1385902e+03   1.2351027e-04
   1.1405832e+03   1.2206364e-04
   1.1425762e+03   1.2063395e-04
   1.1445692e+03   1.1922101e-04
   1.1465622e+03   1.1782462e-04
   1.1485552e+03   1.1644458e-04
   1.1505481e+03   1.1508071e-04
   1.1525411e+03   1.1373281e-04
   1.1545341e+03   1.1240070e-04
   1.1565271e+03   1.1108419e-04
   1.1585201e+03   1.0978311e-04
   1.1605131e+03   1.0849726e-04
   1.1625061e+03   1.0722647e-04
   1.1644991e+03   1.0597056e-04
   1.1664921e+03   1.0472937e-04
   1.1684851e+03   1.0350271e-04
   1.1704781e+03   1.0229042e-04
   1.1724711e+03   1.0109233e-04
   1.1744641e+03   9.9908275e-05
   1.1764571e+03   9.8738086e-05
   1.1784501e+03   9.7581603e-05
   1.1804430e+03   9.6438666e-05
   1.1824360e+03   9.5309115e-05
   1.1844290e+03   9.4192794e-05
   1.1864220e+03   9.3089549e-05
   1.1884150e+03   9.1999225e-05
   1.1904080e+03   9.0921672e-05
   1.1924010e+03   8.9856740e-05
   1.1943940e+03   8.8804281e-05
   1.1963870e+03   8.7764149e-05
   1.1983800e+03   8.6736199e-05
   1.2003730e+03   8.5720290e-05
   1.2023660e+03   8.4716280e-05
   1.2043590e+03   8.3724029e-05
   1.2063520e+03   8.2743400e-05
   1.2083449e+03   8.1774257e-05
   1.2103379e+03   8.0816465e-05
   1.2123309e+03   7.9869891e-05
   1.2143239e+03   7.8934405e-05
   1.2163169e+03   7.8009875e-05
   1.2183099e+03   7.7096174e-05
   1.2203029e+03   7.6193175e-05
   1.2222959e+03   7.5300752e-05
   1.2242889e+03   7.4418782e-05
   1.2262819e+03   7.3547142e-05
   1.2282749e+03   7.2685711e-05
   1.2302679e+03   7.1834370e-05
   1.2322609e+03   7.0993001e-05
   1.2342539e+03   7.0161486e-05
   1.2362468e+03   6.9339710e-05
   1.2382398e+03   6.8527559e-05
   1.2402328e+03   6.7724921e-05
   1.2422258e+03   6.6931684e-05
   1.2442188e+03   6.6147738e-05
   1.2462118e+03   6.5372973e-05
   1.2482048e+03   6.4607284e-05
   1.2501978e+03   6.3850562e-05
   1.2521908e+03   6.3102704e-05
   1.2541838e+03   6.2363605e-05
   1.2561768e+03   6.1633163e-05
   1.2581698e+03   6.0911277e-05
   1.2601628e+03   6.0197845e-05
   1.2621558e+03   5.9492770e-05
   1.2641487e+03   5.8795953e-05
   1.2661417e+03   5.8107297e-05
   1.2681347e+03   5.7426708e-05
   1.2701277e+03   5.6754090e-05
   1.2721207e+03   5.6089350e-05
   1.2741137e+03   5.5432396e-05
   1.2761067e+03   5.4783137e-05
   1.2780997e+03   5.4141482e-05
   1.2800927e+03   5.3507343e-05
   1.2820857e+03   5.2880631e-05
   1.2840787e+03   5.2261259e-05
   1.2860717e+03   5.1649142e-05
   1.2880647e+03   5.1044195e-05
   1.2900577e+03   5.0446333e-05
   1.2920507e+03   4.9855474e-05
   1.2940436e+03   4.9271535e-05
   1.2960366e+03   4.8694435e-05
   1.2980296e+03   4.8124095e-05
   1.3000226e+03   4.7560435e-05
   1.3020156e+03   4.7003377e-05
   1.3040086e+03   4.6452844e-05
   1.3060016e+03   4.5908759e-05
   1.3079946e+03   4.5371046e-05
   1.3099876e+03   4.4839632e-05
   1.3119806e+03   4.4314442e-05
   1.3139736e+03   4.3795403e-05
   1.3159666e+03   4.3282444e-05
   1.3179596e+03   4.2775492e-05
   1.3199526e+03   4.2274478e-05
   1.3219455e+03   4.1779333e-05
   1.3239385e+03   4.1289987e-05
   1.3259315e+03   4.0806373e-05
   1.3279245e+03   4.0328422e-05
   1.3299175e+03   3.9856070e-05
   1.3319105e+03   3.9389251e-05
   1.3339035e+03   3.8927899e-05
   1.3358965e+03   3.8471951e-05
   1.3378895e+03   3.8021343e-05
   1.3398825e+03   3.7576013e-05
   1.3418755e+03   3.7135899e-05
   1.3438685e+03   3.6700940e-05
   1.3458615e+03   3.6271075e-05
   1.3478545e+03   3.5846245e-05
   1.3498474e+03   3.5426391e-05
   1.3518404e+03   3.5011455e-05
   1.3538334e+03   3.4601379e-05
   1.3558264e+03   3.4196105e-05
   1.3578194e+03   3.3795579e-05
   1.3598124e+03   3.3399744e-05
   1.3618054e+03   3.3008545e-05
   1.3637984e+03   3.2621928e-05
   1.3657914e+03   3.2239839e-05
   1.3677844e+03   3.1862226e-05
   1.3697774e+03   3.1489035e-05
   1.3717704e+03   3.1120216e-05
   1.3737634e+03   3.0755716e-05
   1.3757564e+03   3.0395485e-05
   1.3777493e+03   3.0039474e-05
   1.3797423e+03   2.9687633e-05
   1.3817353e+03   2.9339913e-05
   1.3837283e+03   2.8996265e-05
   1.3857213e+03   2.8656642e-05
   1.3877143e+03   2.8320998e-05
   1.3897073e+03   2.7989284e-05
   1.3917003e+03   2.7661456e-05
   1.3936933e+03   2.7337467e-05
   1.3956863e+03   2.7017274e-05
   1.3976793e+03   2.6700830e-05
   1.3996723e+03   2.6388093e-05
   1.4016653e+03   2.6079019e-05
   1.4036583e+03   2.5773565e-05
   1.4056513e+03   2.5471689e-05
   1.4076442e+03   2.5173348e-05
   1.4096372e+03   2.4878502e-05
   1.4116302e+03   2.4587109e-05
   1.4136232e+03   2.4299130e-05
   1.4156162e+03   2.4014523e-05
   1.4176092e+03   2.3733249e-05
   1.4196022e+03   2.3455271e-05
   1.4215952e+03   2.3180548e-05
   1.4235882e+03   2.2909042e-05
   1.4255812e+03   2.2640717e-05
   1.4275742e+03   2.2375535e-05
   1.4295672e+03   2.2113458e-05
   1.4315602e+03   2.1854451e-05
   1.4335532e+03   2.1598478e-05
   1.4355461e+03   2.1345503e-05
   1.4375391e+03   2.1095491e-05
   1.4395321e+03   2.0848407e-05
   1.4415251e+03   2.0604218e-05
   1.4435181e+03   2.0362888e-05
   1.4455111e+03   2.0124385e-05
   1.4475041e+03   1.9888675e-05
   1.4494971e+03   1.9655727e-05
   1.4514901e+03   1.9425506e-05
   1.4534831e+03   1.9197983e-05
   1.4554761e+03   1.8973124e-05
   1.4574691e+03   1.8750898e-05
   1.4594621e+03   1.8531276e-05
   1.4614551e+03   1.8314226e-05
   1.4634480e+03   1.8099718e-05
   1.4654410e+03   1.7887723e-05
   1.4674340e+03   1.7678210e-05
   1.4694270e+03   1.7471152e-05
   1.4714200e+03   1.7266519e-05
   1.4734130e+03   1.7064282e-05
   1.4754060e+03   1.6864415e-05
   1.4773990e+03   1.6666888e-05
   1.4793920e+03   1.6471675e-05
   1.4813850e+03   1.6278748e-05
   1.4833780e+03   1.6088081e-05
   1.4853710e+03   1.5899647e-05
   1.4873640e+03   1.5713421e-05
   1.4893570e+03   1.5529375e-05
   1.4913499e+03   1.5347485e-05
   1.4933429e+03   1.5167726e-05
   1.4953359e+03   1.4990072e-05
   1.4973289e+03   1.4814499e-05
   1.4993219e+03   1.4640982e-05
   1.5013149e+03   1.4469497e-05
   1.5033079e+03   1.4300021e-05
   1.5053009e+03   1.4132530e-05
   1.5072939e+03   1.3967001e-05
   1.5092869e+03   1.3803411e-05
   1.5112799e+03   1.3641737e-05
   1.5132729e+03   1.3481956e-05
   1.5152659e+03   1.3324047e-05
   1.5172589e+03   1.3167987e-05
   1.5192519e+03   1.3013755e-05
   1.5212448e+03   1.2861330e-05
   1.5232378e+03   1.2710690e-05
   1.5252308e+03   1.2561814e-05
   1.5272238e+03   1.2414682e-05
   1.5292168e+03   1.2269274e-05
   1.5312098e+03   1.2125568e-05
   1.5332028e+03   1.1983546e-05
   1.5351958e+03   1.1843187e-05
   1.5371888e+03   1.1704472e-05
   1.5391818e+03   1.1567382e-05
   1.5411748e+03   1.1431897e-05
   1.5431678e+03   1.1298000e-05
   1.5451608e+03   1.1165670e-05
   1.5471538e+03   1.1034891e-05
   1.5491467e+03   1.0905643e-05
   1.5511397e+03   1.0777910e-05
   1.5531327e+03   1.0651672e-05
   1.5551257e+03   1.0526913e-05
   1.5571187e+03   1.0403615e-05
   1.5591117e+03   1.0281761e-05
   1.5611047e+03   1.0161335e-05
   1.5630977e+03   1.0042319e-05
   1.5650907e+03   9.9246967e-06
   1.5670837e+03   9.8084524e-06
   1.5690767e+03   9.6935696e-06
   1.5710697e+03   9.5800323e-06
   1.5730627e+03   9.4678249e-06
   1.5750557e+03   9.3569318e-06
   1.5770486e+03   9.2473375e-06
   1.5790416e+03   9.1390268e-06
   1.5810346e+03   9.0319847e-06
   1.5830276e+03   8.9261964e-06
   1.5850206e+03   8.8216471e-06
   1.5870136e+03   8.7183224e-06
   1.5890066e+03   8.6162079e-06
   1.5909996e+03   8.5152894e-06
   1.5929926e+03   8.4155529e-06
   1.5949856e+03   8.3169847e-06
   1.5969786e+03   8.2195709e-06
   1.5989716e+03   8.1232980e-06
   1.6009646e+03   8.0281528e-06
   1.6029576e+03   7.9341220e-06
   1.6049506e+03   7.8411926e-06
   1.6069435e+03   7.7493515e-06
   1.6089365e+03   7.6585862e-06
   1.6109295e+03   7.5688840e-06
   1.6129225e+03   7.4802325e-06
   1.6149155e+03   7.3926192e-06
   1.6169085e+03   7.3060322e-06
   1.6189015e+03   7.2204593e-06
   1.6208945e+03   7.1358887e-06
   1.6228875e+03   7.0523087e-06
   1.6248805e+03   6.9697076e-06
   1.6268735e+03   6.8880739e-06
   1.6288665e+03   6.8073965e-06
   1.6308595e+03   6.7276639e-06
   1.6328525e+03   6.6488653e-06
   1.6348454e+03   6.5709895e-06
   1.6368384e+03   6.4940259e-06
   1.6388314e+03   6.4179638e-06
   1.6408244e+03   6.3427925e-06
   1.6428174e+03   6.2685017e-06
   1.6448104e+03   6.1950811e-06
   1.6468034e+03   6.1225204e-06
   1.6487964e+03   6.0508095e-06
   1.6507894e+03   5.9799386e-06
   1.6527824e+03   5.9098978e-06
   1.6547754e+03   5.8406773e-06
   1.6567684e+03   5.7722676e-06
   1.6587614e+03   5.7046592e-06
   1.6607544e+03   5.6378426e-06
   1.6627473e+03   5.5718086e-06
   1.6647403e+03   5.5065480e-06
   1.6667333e+03   5.4420519e-06
   1.6687263e+03   5.3783111e-06
   1.6707193e+03   5.3153169e-06
   1.6727123e+03   5.2530606e-06
   1.6747053e+03   5.1915334e-06
   1.6766983e+03   5.1307269e-06
   1.6786913e+03   5.0706325e-06
   1.6806843e+03   5.0112421e-06
   1.6826773e+03   4.9525472e-06
   1.6846703e+03   4.8945399e-06
   1.6866633e+03   4.8372119e-06
   1.6886563e+03   4.7805554e-06
   1.6906492e+03   4.7245625e-06
   1.6926422e+03   4.6692255e-06
   1.6946352e+03   4.6145365e-06
   1.6966282e+03   4.5604882e-06
   1.6986212e+03   4.5070728e-06
   1.7006142e+03   4.4542831e-06
   1.7026072e+03   4.4021118e-06
   1.7046002e+03   4.3505514e-06
   1.7065932e+03   4.2995950e-06
   1.7085862e+03   4.2492354e-06
   1.7105792e+03   4.1994657e-06
   1.7125722e+03   4.1502789e-06
   1.7145652e+03   4.1016682e-06
   1.7165582e+03   4.0536269e-06
   1.7185512e+03   4.0061482e-06
   1.7205441e+03   3.9592257e-06
   1.7225371e+03   3.9128527e-06
   1.7245301e+03   3.8670229e-06
   1.7265231e+03   3.8217299e-06
   1.7285161e+03   3.7769674e-06
   1.7305091e+03   3.7327291e-06
   1.7325021e+03   3.6890091e-06
   1.7344951e+03   3.6458010e-06
   1.7364881e+03   3.6030991e-06
   1.7384811e+03   3.5608973e-06
   1.7404741e+03   3.5191898e-06
   1.7424671e+03   3.4779709e-06
   1.7444601e+03   3.4372347e-06
   1.7464531e+03   3.3969756e-06
   1.7484460e+03   3.3571881e-06
   1.7504390e+03   3.3178666e-06
   1.7524320e+03   3.2790056e-06
   1.7544250e+03   3.2405998e-06
   1.7564180e+03   3.2026439e-06
   1.7584110e+03   3.1651325e-06
   1.7604040e+03   3.1280604e-06
   1.7623970e+03   3.0914226e-06
   1.7643900e+03   3.0552139e-06
   1.7663830e+03   3.0194293e-06
   1.7683760e+03   2.9840638e-06
   1.7703690e+03   2.9491126e-06
   1.7723620e+03   2.9145707e-06
   1.7743550e+03   2.8804334e-06
   1.7763479e+03   2.8466960e-06
   1.7783409e+03   2.8133536e-06
   1.7803339e+03   2.7804019e-06
   1.7823269e+03   2.7478360e-06
   1.7843199e+03   2.7156516e-06
   1.7863129e+03   2.6838442e-06
   1.7883059e+03   2.6524093e-06
   1.7902989e+03   2.6213426e-06
   1.7922919e+03   2.5906398e-06
   1.7942849e+03   2.5602966e-06
   1.7962779e+03   2.5303088e-06
   1.7982709e+03   2.5006722e-06
   1.8002639e+03   2.4713827e-06
   1.8022569e+03   2.4424363e-06
   1.8042498e+03   2.4138290e-06
   1.8062428e+03   2.3855567e-06
   1.8082358e+03   2.3576155e-06
   1.8102288e+03   2.3300016e-06
   1.8122218e+03   2.3027112e-06
   1.8142148e+03   2.2757404e-06
   1.8162078e+03   2.2490855e-06
   1.8182008e+03   2.2227428e-06
   1.8201938e+03   2.1967086e-06
   1.8221868e+03   2.1709793e-06
   1.8241798e+03   2.1455515e-06
   1.8261728e+03   2.1204214e-06
   1.8281658e+03   2.0955857e-06
   1.8301588e+03   2.0710409e-06
   1.8321518e+03   2.0467835e-06
   1.8341447e+03   2.0228103e-06
   1.8361377e+03   1.9991179e-06
   1.8381307e+03   1.9757029e-06
   1.8401237e+03   1.9525622e-06
   1.8421167e+03   1.9296926e-06
   1.8441097e+03   1.9070908e-06
   1.8461027e+03   1.8847538e-06
   1.8480957e+03   1.8626783e-06
   1.8500887e+03   1.8408615e-06
   1.8520817e+03   1.8193001e-06
   1.8540747e+03   1.7979913e-06
   1.8560677e+03   1.7769321e-06
   1.8580607e+03   1.7561196e-06
   1.8600537e+03   1.7355508e-06
   1.8620466e+03   1.7152229e-06
   1.8640396e+03   1.6951331e-06
   1.8660326e+03   1.6752787e-06
   1.8680256e+03   1.6556567e-06
   1.8700186e+03   1.6362646e-06
   1.8720116e+03   1.6170997e-06
   1.8740046e+03   1.5981592e-06
   1.8759976e+03   1.5794405e-06
   1.8779906e+03   1.5609411e-06
   1.8799836e+03   1.5426584e-06
   1.8819766e+03   1.5245898e-06
   1.8839696e+03   1.5067328e-06
   1.8859626e+03   1.4890850e-06
   1.8879556e+03   1.4716439e-06
   1.8899485e+03   1.4544071e-06
   1.8919415e+03   1.4373721e-06
   1.8939345e+03   1.4205367e-06
   1.8959275e+03   1.4038985e-06
   1.8979205e+03   1.3874552e-06
   1.8999135e+03   1.3712044e-06
   1.9019065e+03   1.3551440e-06
   1.9038995e+03   1.3392717e-06
   1.9058925e+03   1.3235853e-06
   1.9078855e+03   1.3080826e-06
   1.9098785e+03   1.2927615e-06
   1.9118715e+03   1.2776199e-06
   1.9138645e+03   1.2626556e-06
   1.9158575e+03   1.2478666e-06
   1.9178505e+03   1.2332508e-06
   1.9198434e+03   1.2188061e-06
   1.9218364e+03   1.2045307e-06
   1.9238294e+03   1.1904225e-06
   1.9258224e+03   1.1764795e-06
   1.9278154e+03   1.1626998e-06
   1.9298084e+03   1.1490816e-06
   1.9318014e+03   1.1356228e-06
   1.9337944e+03   1.1223217e-06
   1.9357874e+03   1.1091763e-06
   1.9377804e+03   1.0961849e-06
   1.9397734e+03   1.0833457e-06
   1.9417664e+03   1.0706569e-06
   1.9437594e+03   1.0581167e-06
   1.9457524e+03   1.0457233e-06
   1.9477453e+03   1.0334752e-06
   1.9497383e+03   1.0213705e-06
   1.9517313e+03   1.0094075e-06
   1.9537243e+03   9.9758470e-07
   1.9557173e+03   9.8590036e-07
   1.9577103e+03   9.7435287e-07
   1.9597033e+03   9.6294063e-07
   1.9616963e+03   9.5166206e-07
   1.9636893e+03   9.4051559e-07
   1.9656823e+03   9.2949968e-07
   1.9676753e+03   9.1861279e-07
   1.9696683e+03   9.0785341e-07
   1.9716613e+03   8.9722006e-07
   1.9736543e+03   8.8671125e-07
   1.9756472e+03   8.7632553e-07
   1.9776402e+03   8.6606145e-07
   1.9796332e+03   8.5591759e-07
   1.9816262e+03   8.4589254e-07
   1.9836192e+03   8.3598491e-07
   1.9856122e+03   8.2619332e-07
   1.9876052e+03   8.1651642e-07
   1.9895982e+03   8.0695287e-07
   1.9915912e+03   7.9750132e-07
   1.9935842e+03   7.8816048e-07
   1.9955772e+03   7.7892905e-07
   1.9975702e+03   7.6980574e-07
   1.9995632e+03   7.6078929e-07
   2.0015562e+03   7.5187844e-07
   2.0035491e+03   7.4307196e-07
   2.0055421e+03   7.3436863e-07
   2.0075351e+03   7.2576724e-07
   2.0095281e+03   7.1726660e-07
   2.0115211e+03   7.0886552e-07
   2.0135141e+03   7.0056283e-07
   2.0155071e+03   6.9235740e-07
   2.0175001e+03   6.8424807e-07
   2.0194931e+03   6.7623372e-07
   2.0214861e+03   6.6831325e-07
   2.0234791e+03   6.6048554e-07
   2.0254721e+03   6.5274951e-07
   2.0274651e+03   6.4510410e-07
   2.0294581e+03   6.3754823e-07
   2.0314511e+03   6.3008086e-07
   2.0334440e+03   6.2270096e-07
   2.0354370e+03   6.1540749e-07
   2.0374300e+03   6.0819944e-07
   2.0394230e+03   6.0107583e-07
   2.0414160e+03   5.9403565e-07
   2.0434090e+03   5.8707793e-07
   2.0454020e+03   5.8020170e-07
   2.0473950e+03   5.7340601e-07
   2.0493880e+03   5.6668991e-07
   2.0513810e+03   5.6005248e-07
   2.0533740e+03   5.5349279e-07
   2.0553670e+03   5.4700993e-07
   2.0573600e+03   5.4060301e-07
   2.0593530e+03   5.3427112e-07
   2.0613459e+03   5.2801340e-07
   2.0633389e+03   5.2182897e-07
   2.0653319e+03   5.1571698e-07
   2.0673249e+03   5.0967658e-07
   2.0693179e+03   5.0370692e-07
   2.0713109e+03   4.9780719e-07
   2.0733039e+03   4.9197656e-07
   2.0752969e+03   4.8621421e-07
   2.0772899e+03   4.8051937e-07
   2.0792829e+03   4.7489122e-07
   2.0812759e+03   4.6932899e-07
   2.0832689e+03   4.6383191e-07
   2.0852619e+03   4.5839922e-07
   2.0872549e+03   4.5303016e-07
   2.0892478e+03   4.4772398e-07
   2.0912408e+03   4.4247996e-07
   2.0932338e+03   4.3729735e-07
   2.0952268e+03   4.3217545e-07
   2.0972198e+03   4.2711353e-07
   2.0992128e+03   4.2211091e-07
   2.1012058e+03   4.1716688e-07
   2.1031988e+03   4.1228076e-07
   2.1051918e+03   4.0745186e-07
   2.1071848e+03   4.0267953e-07
   2.1091778e+03   3.9796309e-07
   2.1111708e+03   3.9330190e-07
   2.1131638e+03   3.8869529e-07
   2.1151568e+03   3.8414265e-07
   2.1171497e+03   3.7964333e-07
   2.1191427e+03   3.7519670e-07
   2.1211357e+03   3.7080216e-07
   2.1231287e+03   3.6645909e-07
   2.1251217e+03   3.6216689e-07
   2.1271147e+03   3.5792496e-07
   2.1291077e+03   3.5373272e-07
   2.1311007e+03   3.4958958e-07
   2.1330937e+03   3.4549496e-07
   2.1350867e+03   3.4144831e-07
   2.1370797e+03   3.3744905e-07
   2.1390727e+03   3.3349663e-07
   2.1410657e+03   3.2959051e-07
   2.1430587e+03   3.2573014e-07
   2.1450517e+03   3.2191498e-07
   2.1470446e+03   3.1814451e-07
   2.1490376e+03   3.1441820e-07
   2.1510306e+03   3.1073553e-07
   2.1530236e+03   3.0709600e-07
   2.1550166e+03   3.0349910e-07
   2.1570096e+03   2.9994432e-07
   2.1590026e+03   2.9643118e-07
   2.1609956e+03   2.9295920e-07
   2.1629886e+03   2.8952787e-07
   2.1649816e+03   2.8613674e-07
   2.1669746e+03   2.8278532e-07
   2.1689676e+03   2.7947316e-07
   2.1709606e+03   2.7619980e-07
   2.1729536e+03   2.7296477e-07
   2.1749465e+03   2.6976763e-07
   2.1769395e+03   2.6660794e-07
   2.1789325e+03   2.6348526e-07
   2.1809255e+03   2.6039916e-07
   2.1829185e+03   2.5734920e-07
   2.1849115e+03   2.5433496e-07
   2.1869045e+03   2.5135603e-07
   2.1888975e+03   2.4841199e-07
   2.1908905e+03   2.4550243e-07
   2.1928835e+03   2.4262695e-07
   2.1948765e+03   2.3978515e-07
   2.1968695e+03   2.3697663e-07
   2.1988625e+03   2.3420101e-07
   2.2008555e+03   2.3145790e-07
   2.2028484e+03   2.2874692e-07
   2.2048414e+03   2.2606769e-07
   2.2068344e+03   2.2341984e-07
   2.2088274e+03   2.2080301e-07
   2.2108204e+03   2.1821682e-07
   2.2128134e+03   2.1566093e-07
   2.2148064e+03   2.1313497e-07
   2.2167994e+03   2.1063860e-07
   2.2187924e+03   2.0817147e-07
   2.2207854e+03   2.0573323e-07
   2.2227784e+03   2.0332355e-07
   2.2247714e+03   2.0094210e-07
   2.2267644e+03   1.9858854e-07
   2.2287574e+03   1.9626254e-07
   2.2307504e+03   1.9396379e-07
   2.2327433e+03   1.9169197e-07
   2.2347363e+03   1.8944675e-07
   2.2367293e+03   1.8722783e-07
   2.2387223e+03   1.8503490e-07
   2.2407153e+03   1.8286765e-07
   2.2427083e+03   1.8072579e-07
   2.2447013e+03   1.7860901e-07
   2.2466943e+03   1.7651703e-07
   2.2486873e+03   1.7444955e-07
   2.2506803e+03   1.7240629e-07
   2.2526733e+03   1.7038696e-07
   2.2546663e+03   1.6839128e-07
   2.2566593e+03   1.6641897e-07
   2.2586523e+03   1.6446977e-07
   2.2606452e+03   1.6254339e-07
   2.2626382e+03   1.6063958e-07
   2.2646312e+03   1.5875807e-07
   2.2666242e+03   1.5689859e-07
   2.2686172e+03   1.5506090e-07
   2.2706102e+03   1.5324473e-07
   2.2726032e+03   1.5144983e-07
   2.2745962e+03   1.4967595e-07
   2.2765892e+03   1.4792285e-07
   2.2785822e+03   1.4619029e-07
   2.2805752e+03   1.4447801e-07
   2.2825682e+03   1.4278580e-07
   2.2845612e+03   1.4111340e-07
   2.2865542e+03   1.3946059e-07
   2.2885471e+03   1.3782714e-07
   2.2905401e+03   1.3621282e-07
   2.2925331e+03   1.3461741e-07
   2.2945261e+03   1.3304068e-07
   2.2965191e+03   1.3148243e-07
   2.2985121e+03   1.2994242e-07
   2.3005051e+03   1.2842045e-07
   2.3024981e+03   1.2691631e-07
   2.3044911e+03   1.2542979e-07
   2.3064841e+03   1.2396067e-07
   2.3084771e+03   1.2250877e-07
   2.3104701e+03   1.2107387e-07
   2.3124631e+03   1.1965577e-07
   2.3144561e+03   1.1825429e-07
   2.3164490e+03   1.1686922e-07
   2.3184420e+03   1.1550037e-07
   2.3204350e+03   1.1414756e-07
   2.3224280e+03   1.1281059e-07
   2.3244210e+03   1.1148928e-07
   2.3264140e+03   1.1018345e-07
   2.3284070e+03   1.0889291e-07
   2.3304000e+03   1.0761749e-07
