   4.6200000e+02   3.0506343e-05
   4.6379269e+02   3.2087499e-05
   4.6558539e+02   3.3740157e-05
   4.6737808e+02   3.5466956e-05
   4.6917077e+02   3.7270602e-05
   4.7096346e+02   3.9153866e-05
   4.7275616e+02   4.1119585e-05
   4.7454885e+02   4.3170663e-05
   4.7634154e+02   4.5310069e-05
   4.7813423e+02   4.7540837e-05
   4.7992693e+02   4.9866064e-05
   4.8171962e+02   5.2288915e-05
   4.8351231e+02   5.4812615e-05
   4.8530501e+02   5.7440453e-05
   4.8709770e+02   6.0175779e-05
   4.8889039e+02   6.3022005e-05
   4.9068308e+02   6.5982601e-05
   4.9247578e+02   6.9061095e-05
   4.9426847e+02   7.2261071e-05
   4.9606116e+02   7.5586168e-05
   4.9785385e+02   7.9040079e-05
   4.9964655e+02   8.2626547e-05
   5.0143924e+02   8.6349362e-05
   5.0323193e+02   9.0212364e-05
   5.0502462e+02   9.4219435e-05
   5.0681732e+02   9.8374498e-05
   5.0861001e+02   1.0268151e-04
   5.1040270e+02   1.0714448e-04
   5.1219540e+02   1.1176743e-04
   5.1398809e+02   1.1655443e-04
   5.1578078e+02   1.2150955e-04
   5.1757347e+02   1.2663690e-04
   5.1936617e+02   1.3194061e-04
   5.2115886e+02   1.3742482e-04
   5.2295155e+02   1.4309368e-04
   5.2474424e+02   1.4895134e-04
   5.2653694e+02   1.5500196e-04
   5.2832963e+02   1.6124970e-04
   5.3012232e+02   1.6769869e-04
   5.3191502e+02   1.7435307e-04
   5.3370771e+02   1.8121695e-04
   5.3550040e+02   1.8829442e-04
   5.3729309e+02   1.9558955e-04
   5.3908579e+02   2.0310634e-04
   5.4087848e+02   2.1084880e-04
   5.4267117e+02   2.1882085e-04
   5.4446386e+02   2.2702638e-04
   5.4625656e+02   2.3546922e-04
   5.4804925e+02   2.4415312e-04
   5.4984194e+02   2.5308178e-04
   5.5163463e+02   2.6225880e-04
   5.5342733e+02   2.7168772e-04
   5.5522002e+02   2.8137196e-04
   5.5701271e+02   2.9131486e-04
   5.5880541e+02   3.0151965e-04
   5.6059810e+02   3.1198946e-04
   5.6239079e+02   3.2272728e-04
   5.6418348e+02   3.3373598e-04
   5.6597618e+02   3.4501831e-04
   5.6776887e+02   3.5657687e-04
   5.6956156e+02   3.6841412e-04
   5.7135425e+02   3.8053234e-04
   5.7314695e+02   3.9293369e-04
   5.7493964e+02   4.0562014e-04
   5.7673233e+02   4.1859347e-04
   5.7852503e+02   4.3185530e-04
   5.8031772e+02   4.4540707e-04
   5.8211041e+02   4.5924999e-04
   5.8390310e+02   4.7338510e-04
   5.8569580e+02   4.8781321e-04
   5.8748849e+02   5.0253493e-04
   5.8928118e+02   5.1755064e-04
   5.9107387e+02   5.3286050e-04
   5.9286657e+02   5.4846443e-04
   5.9465926e+02   5.6436211e-04
   5.9645195e+02   5.8055299e-04
   5.9824464e+02   5.9703625e-04
   6.0003734e+02   6.1381083e-04
   6.0183003e+02   6.3087541e-04
   6.0362272e+02   6.4822839e-04
   6.0541542e+02   6.6586793e-04
   6.0720811e+02   6.8379189e-04
   6.0900080e+02   7.0199786e-04
   6.1079349e+02   7.2048317e-04
   6.1258619e+02   7.3924485e-04
   6.1437888e+02   7.5827965e-04
   6.1617157e+02   7.7758403e-04
   6.1796426e+02   7.9715416e-04
   6.1975696e+02   8.1698593e-04
   6.2154965e+02   8.3707491e-04
   6.2334234e+02   8.5741642e-04
   6.2513504e+02   8.7800545e-04
   6.2692773e+02   8.9883671e-04
   6.2872042e+02   9.1990462e-04
   6.3051311e+02   9.4120331e-04
   6.3230581e+02   9.6272659e-04
   6.3409850e+02   9.8446802e-04
   6.3589119e+02   1.0064209e-03
   6.3768388e+02   1.0285781e-03
   6.3947658e+02   1.0509323e-03
   6.4126927e+02   1.0734761e-03
   6.4306196e+02   1.0962014e-03
   6.4485465e+02   1.1191003e-03
   6.4664735e+02   1.1421642e-03
   6.4844004e+02   1.1653845e-03
   6.5023273e+02   1.1887523e-03
   6.5202543e+02   1.2122585e-03
   6.5381812e+02   1.2358935e-03
   6.5561081e+02   1.2596479e-03
   6.5740350e+02   1.2835117e-03
   6.5919620e+02   1.3074748e-03
   6.6098889e+02   1.3315270e-03
   6.6278158e+02   1.3556577e-03
   6.6457427e+02   1.3798562e-03
   6.6636697e+02   1.4041116e-03
   6.6815966e+02   1.4284129e-03
   6.6995235e+02   1.4527489e-03
   6.7174505e+02   1.4771082e-03
   6.7353774e+02   1.5014792e-03
   6.7533043e+02   1.5258503e-03
   6.7712312e+02   1.5502097e-03
   6.7891582e+02   1.5745456e-03
   6.8070851e+02   1.5988459e-03
   6.8250120e+02   1.6230985e-03
   6.8429389e+02   1.6472914e-03
   6.8608659e+02   1.6714122e-03
   6.8787928e+02   1.6954488e-03
   6.8967197e+02   1.7193888e-03
   6.9146466e+02   1.7432200e-03
   6.9325736e+02   1.7669299e-03
   6.9505005e+02   1.7905062e-03
   6.9684274e+02   1.8139367e-03
   6.9863544e+02   1.8372091e-03
   7.0042813e+02   1.8603110e-03
   7.0222082e+02   1.8832304e-03
   7.0401351e+02   1.9059550e-03
   7.0580621e+02   1.9284729e-03
   7.0759890e+02   1.9507721e-03
   7.0939159e+02   1.9728408e-03
   7.1118428e+02   1.9946672e-03
   7.1297698e+02   2.0162398e-03
   7.1476967e+02   2.0375471e-03
   7.1656236e+02   2.0585779e-03
   7.1835506e+02   2.0793211e-03
   7.2014775e+02   2.0997657e-03
   7.2194044e+02   2.1199010e-03
   7.2373313e+02   2.1397165e-03
   7.2552583e+02   2.1592018e-03
   7.2731852e+02   2.1783470e-03
   7.2911121e+02   2.1971422e-03
   7.3090390e+02   2.2155778e-03
   7.3269660e+02   2.2336444e-03
   7.3448929e+02   2.2513331e-03
   7.3628198e+02   2.2686351e-03
   7.3807467e+02   2.2855418e-03
   7.3986737e+02   2.3020450e-03
   7.4166006e+02   2.3181370e-03
   7.4345275e+02   2.3338101e-03
   7.4524545e+02   2.3490571e-03
   7.4703814e+02   2.3638710e-03
   7.4883083e+02   2.3782452e-03
   7.5062352e+02   2.3921736e-03
   7.5241622e+02   2.4056501e-03
   7.5420891e+02   2.4186692e-03
   7.5600160e+02   2.4312257e-03
   7.5779429e+02   2.4433147e-03
   7.5958699e+02   2.4549318e-03
   7.6137968e+02   2.4660728e-03
   7.6317237e+02   2.4767339e-03
   7.6496507e+02   2.4869118e-03
   7.6675776e+02   2.4966033e-03
   7.6855045e+02   2.5058058e-03
   7.7034314e+02   2.5145171e-03
   7.7213584e+02   2.5227351e-03
   7.7392853e+02   2.5304583e-03
   7.7572122e+02   2.5376855e-03
   7.7751391e+02   2.5444159e-03
   7.7930661e+02   2.5506491e-03
   7.8109930e+02   2.5563848e-03
   7.8289199e+02   2.5616233e-03
   7.8468468e+02   2.5663652e-03
   7.8647738e+02   2.5706115e-03
   7.8827007e+02   2.5743635e-03
   7.9006276e+02   2.5776228e-03
   7.9185546e+02   2.5803913e-03
   7.9364815e+02   2.5826713e-03
   7.9544084e+02   2.5844655e-03
   7.9723353e+02   2.5857768e-03
   7.9902623e+02   2.5866084e-03
   8.0081892e+02   2.5869640e-03
   8.0261161e+02   2.5868472e-03
   8.0440430e+02   2.5862623e-03
   8.0619700e+02   2.5852136e-03
   8.0798969e+02   2.5837059e-03
   8.0978238e+02   2.5817441e-03
   8.1157508e+02   2.5793333e-03
   8.1336777e+02   2.5764792e-03
   8.1516046e+02   2.5731872e-03
   8.1695315e+02   2.5694633e-03
   8.1874585e+02   2.5653138e-03
   8.2053854e+02   2.5607448e-03
   8.2233123e+02   2.5557630e-03
   8.2412392e+02   2.5503751e-03
   8.2591662e+02   2.5445880e-03
   8.2770931e+02   2.5384087e-03
   8.2950200e+02   2.5318446e-03
   8.3129469e+02   2.5249030e-03
   8.3308739e+02   2.5175914e-03
   8.3488008e+02   2.5099176e-03
   8.3667277e+02   2.5018893e-03
   8.3846547e+02   2.4935144e-03
   8.4025816e+02   2.4848009e-03
   8.4205085e+02   2.4757569e-03
   8.4384354e+02   2.4663906e-03
   8.4563624e+02   2.4567101e-03
   8.4742893e+02   2.4467240e-03
   8.4922162e+02   2.4364404e-03
   8.5101431e+02   2.4258678e-03
   8.5280701e+02   2.4150147e-03
   8.5459970e+02   2.4038895e-03
   8.5639239e+02   2.3925007e-03
   8.5818509e+02   2.3808568e-03
   8.5997778e+02   2.3689663e-03
   8.6177047e+02   2.3568377e-03
   8.6356316e+02   2.3444795e-03
   8.6535586e+02   2.3319001e-03
   8.6714855e+02   2.3191079e-03
   8.6894124e+02   2.3061114e-03
   8.7073393e+02   2.2929188e-03
   8.7252663e+02   2.2795385e-03
   8.7431932e+02   2.2659786e-03
   8.7611201e+02   2.2522474e-03
   8.7790470e+02   2.2383529e-03
   8.7969740e+02   2.2243032e-03
   8.8149009e+02   2.2101061e-03
   8.8328278e+02   2.1957696e-03
   8.8507548e+02   2.1813013e-03
   8.8686817e+02   2.1667090e-03
   8.8866086e+02   2.1520001e-03
   8.9045355e+02   2.1371821e-03
   8.9224625e+02   2.1222624e-03
   8.9403894e+02   2.1072482e-03
   8.9583163e+02   2.0921465e-03
   8.9762432e+02   2.0769644e-03
   8.9941702e+02   2.0617086e-03
   9.0120971e+02   2.0463860e-03
   9.0300240e+02   2.0310031e-03
   9.0479510e+02   2.0155664e-03
   9.0658779e+02   2.0000821e-03
   9.0838048e+02   1.9845566e-03
   9.1017317e+02   1.9689959e-03
   9.1196587e+02   1.9534057e-03
   9.1375856e+02   1.9377921e-03
   9.1555125e+02   1.9221605e-03
   9.1734394e+02   1.9065165e-03
   9.1913664e+02   1.8908654e-03
   9.2092933e+02   1.8752124e-03
   9.2272202e+02   1.8595625e-03
   9.2451471e+02   1.8439208e-03
   9.2630741e+02   1.8282920e-03
   9.2810010e+02   1.8126806e-03
   9.2989279e+02   1.7970912e-03
   9.3168549e+02   1.7815282e-03
   9.3347818e+02   1.7659957e-03
   9.3527087e+02   1.7504978e-03
   9.3706356e+02   1.7350385e-03
   9.3885626e+02   1.7196214e-03
   9.4064895e+02   1.7042504e-03
   9.4244164e+02   1.6889288e-03
   9.4423433e+02   1.6736602e-03
   9.4602703e+02   1.6584477e-03
   9.4781972e+02   1.6432944e-03
   9.4961241e+02   1.6282034e-03
   9.5140511e+02   1.6131775e-03
   9.5319780e+02   1.5982195e-03
   9.5499049e+02   1.5833320e-03
   9.5678318e+02   1.5685175e-03
   9.5857588e+02   1.5537784e-03
   9.6036857e+02   1.5391170e-03
   9.6216126e+02   1.5245354e-03
   9.6395395e+02   1.5100356e-03
   9.6574665e+02   1.4956197e-03
   9.6753934e+02   1.4812894e-03
   9.6933203e+02   1.4670464e-03
   9.7112472e+02   1.4528925e-03
   9.7291742e+02   1.4388291e-03
   9.7471011e+02   1.4248577e-03
   9.7650280e+02   1.4109796e-03
   9.7829550e+02   1.3971960e-03
   9.8008819e+02   1.3835082e-03
   9.8188088e+02   1.3699172e-03
   9.8367357e+02   1.3564240e-03
   9.8546627e+02   1.3430295e-03
   9.8725896e+02   1.3297345e-03
   9.8905165e+02   1.3165398e-03
   9.9084434e+02   1.3034462e-03
   9.9263704e+02   1.2904541e-03
   9.9442973e+02   1.2775641e-03
   9.9622242e+02   1.2647768e-03
   9.9801512e+02   1.2520925e-03
   9.9980781e+02   1.2395116e-03
   1.0016005e+03   1.2270344e-03
   1.0033932e+03   1.2146611e-03
   1.0051859e+03   1.2023918e-03
   1.0069786e+03   1.1902268e-03
   1.0087713e+03   1.1781661e-03
   1.0105640e+03   1.1662097e-03
   1.0123567e+03   1.1543577e-03
   1.0141493e+03   1.1426098e-03
   1.0159420e+03   1.1309661e-03
   1.0177347e+03   1.1194264e-03
   1.0195274e+03   1.1079905e-03
   1.0213201e+03   1.0966581e-03
   1.0231128e+03   1.0854291e-03
   1.0249055e+03   1.0743030e-03
   1.0266982e+03   1.0632797e-03
   1.0284909e+03   1.0523587e-03
   1.0302836e+03   1.0415396e-03
   1.0320763e+03   1.0308221e-03
   1.0338690e+03   1.0202057e-03
   1.0356617e+03   1.0096898e-03
   1.0374544e+03   9.9927419e-04
   1.0392470e+03   9.8895816e-04
   1.0410397e+03   9.7874123e-04
   1.0428324e+03   9.6862286e-04
   1.0446251e+03   9.5860247e-04
   1.0464178e+03   9.4867949e-04
   1.0482105e+03   9.3885331e-04
   1.0500032e+03   9.2912332e-04
   1.0517959e+03   9.1948889e-04
   1.0535886e+03   9.0994937e-04
   1.0553813e+03   9.0050413e-04
   1.0571740e+03   8.9115248e-04
   1.0589667e+03   8.8189377e-04
   1.0607594e+03   8.7272731e-04
   1.0625521e+03   8.6365240e-04
   1.0643447e+03   8.5466835e-04
   1.0661374e+03   8.4577446e-04
   1.0679301e+03   8.3697002e-04
   1.0697228e+03   8.2825430e-04
   1.0715155e+03   8.1962660e-04
   1.0733082e+03   8.1108618e-04
   1.0751009e+03   8.0263232e-04
   1.0768936e+03   7.9426429e-04
   1.0786863e+03   7.8598136e-04
   1.0804790e+03   7.7778279e-04
   1.0822717e+03   7.6966785e-04
   1.0840644e+03   7.6163580e-04
   1.0858571e+03   7.5368590e-04
   1.0876497e+03   7.4581743e-04
   1.0894424e+03   7.3802964e-04
   1.0912351e+03   7.3032179e-04
   1.0930278e+03   7.2269317e-04
   1.0948205e+03   7.1514302e-04
   1.0966132e+03   7.0767063e-04
   1.0984059e+03   7.0027526e-04
   1.1001986e+03   6.9295619e-04
   1.1019913e+03   6.8571270e-04
   1.1037840e+03   6.7854407e-04
   1.1055767e+03   6.7144957e-04
   1.1073694e+03   6.6442850e-04
   1.1091621e+03   6.5748014e-04
   1.1109548e+03   6.5060379e-04
   1.1127474e+03   6.4379875e-04
   1.1145401e+03   6.3706432e-04
   1.1163328e+03   6.3039980e-04
   1.1181255e+03   6.2380450e-04
   1.1199182e+03   6.1727775e-04
   1.1217109e+03   6.1081886e-04
   1.1235036e+03   6.0442715e-04
   1.1252963e+03   5.9810195e-04
   1.1270890e+03   5.9184259e-04
   1.1288817e+03   5.8564842e-04
   1.1306744e+03   5.7951878e-04
   1.1324671e+03   5.7345302e-04
   1.1342598e+03   5.6745049e-04
   1.1360525e+03   5.6151055e-04
   1.1378451e+03   5.5563256e-04
   1.1396378e+03   5.4981591e-04
   1.1414305e+03   5.4405995e-04
   1.1432232e+03   5.3836407e-04
   1.1450159e+03   5.3272766e-04
   1.1468086e+03   5.2715010e-04
   1.1486013e+03   5.2163080e-04
   1.1503940e+03   5.1616916e-04
   1.1521867e+03   5.1076458e-04
   1.1539794e+03   5.0541648e-04
   1.1557721e+03   5.0012427e-04
   1.1575648e+03   4.9488738e-04
   1.1593575e+03   4.8970524e-04
   1.1611502e+03   4.8457728e-04
   1.1629428e+03   4.7950295e-04
   1.1647355e+03   4.7448168e-04
   1.1665282e+03   4.6951293e-04
   1.1683209e+03   4.6459615e-04
   1.1701136e+03   4.5973080e-04
   1.1719063e+03   4.5491636e-04
   1.1736990e+03   4.5015228e-04
   1.1754917e+03   4.4543806e-04
   1.1772844e+03   4.4077316e-04
   1.1790771e+03   4.3615709e-04
   1.1808698e+03   4.3158932e-04
   1.1826625e+03   4.2706936e-04
   1.1844552e+03   4.2259670e-04
   1.1862478e+03   4.1817086e-04
   1.1880405e+03   4.1379135e-04
   1.1898332e+03   4.0945769e-04
   1.1916259e+03   4.0516939e-04
   1.1934186e+03   4.0092598e-04
   1.1952113e+03   3.9672700e-04
   1.1970040e+03   3.9257198e-04
   1.1987967e+03   3.8846046e-04
   1.2005894e+03   3.8439199e-04
   1.2023821e+03   3.8036612e-04
   1.2041748e+03   3.7638240e-04
   1.2059675e+03   3.7244040e-04
   1.2077602e+03   3.6853967e-04
   1.2095529e+03   3.6467978e-04
   1.2113455e+03   3.6086032e-04
   1.2131382e+03   3.5708085e-04
   1.2149309e+03   3.5334096e-04
   1.2167236e+03   3.4964023e-04
   1.2185163e+03   3.4597826e-04
   1.2203090e+03   3.4235463e-04
   1.2221017e+03   3.3876896e-04
   1.2238944e+03   3.3522083e-04
   1.2256871e+03   3.3170986e-04
   1.2274798e+03   3.2823567e-04
   1.2292725e+03   3.2479785e-04
   1.2310652e+03   3.2139604e-04
   1.2328579e+03   3.1802986e-04
   1.2346506e+03   3.1469893e-04
   1.2364432e+03   3.1140288e-04
   1.2382359e+03   3.0814135e-04
   1.2400286e+03   3.0491399e-04
   1.2418213e+03   3.0172042e-04
   1.2436140e+03   2.9856030e-04
   1.2454067e+03   2.9543328e-04
   1.2471994e+03   2.9233900e-04
   1.2489921e+03   2.8927714e-04
   1.2507848e+03   2.8624734e-04
   1.2525775e+03   2.8324927e-04
   1.2543702e+03   2.8028261e-04
   1.2561629e+03   2.7734701e-04
   1.2579556e+03   2.7444216e-04
   1.2597482e+03   2.7156774e-04
   1.2615409e+03   2.6872342e-04
   1.2633336e+03   2.6590889e-04
   1.2651263e+03   2.6312384e-04
   1.2669190e+03   2.6036796e-04
   1.2687117e+03   2.5764094e-04
   1.2705044e+03   2.5494248e-04
   1.2722971e+03   2.5227229e-04
   1.2740898e+03   2.4963006e-04
   1.2758825e+03   2.4701551e-04
   1.2776752e+03   2.4442834e-04
   1.2794679e+03   2.4186826e-04
   1.2812606e+03   2.3933501e-04
   1.2830533e+03   2.3682828e-04
   1.2848459e+03   2.3434781e-04
   1.2866386e+03   2.3189331e-04
   1.2884313e+03   2.2946453e-04
   1.2902240e+03   2.2706118e-04
   1.2920167e+03   2.2468301e-04
   1.2938094e+03   2.2232974e-04
   1.2956021e+03   2.2000112e-04
   1.2973948e+03   2.1769689e-04
   1.2991875e+03   2.1541679e-04
   1.3009802e+03   2.1316058e-04
   1.3027729e+03   2.1092799e-04
   1.3045656e+03   2.0871879e-04
   1.3063583e+03   2.0653273e-04
   1.3081510e+03   2.0436956e-04
   1.3099436e+03   2.0222905e-04
   1.3117363e+03   2.0011096e-04
   1.3135290e+03   1.9801506e-04
   1.3153217e+03   1.9594110e-04
   1.3171144e+03   1.9388887e-04
   1.3189071e+03   1.9185813e-04
   1.3206998e+03   1.8984866e-04
   1.3224925e+03   1.8786024e-04
   1.3242852e+03   1.8589264e-04
   1.3260779e+03   1.8394566e-04
   1.3278706e+03   1.8201906e-04
   1.3296633e+03   1.8011264e-04
   1.3314560e+03   1.7822619e-04
   1.3332486e+03   1.7635950e-04
   1.3350413e+03   1.7451236e-04
   1.3368340e+03   1.7268457e-04
   1.3386267e+03   1.7087592e-04
   1.3404194e+03   1.6908621e-04
   1.3422121e+03   1.6731525e-04
   1.3440048e+03   1.6556283e-04
   1.3457975e+03   1.6382877e-04
   1.3475902e+03   1.6211288e-04
   1.3493829e+03   1.6041495e-04
   1.3511756e+03   1.5873481e-04
   1.3529683e+03   1.5707227e-04
   1.3547610e+03   1.5542713e-04
   1.3565537e+03   1.5379923e-04
   1.3583463e+03   1.5218838e-04
   1.3601390e+03   1.5059440e-04
   1.3619317e+03   1.4901712e-04
   1.3637244e+03   1.4745636e-04
   1.3655171e+03   1.4591194e-04
   1.3673098e+03   1.4438370e-04
   1.3691025e+03   1.4287146e-04
   1.3708952e+03   1.4137507e-04
   1.3726879e+03   1.3989434e-04
   1.3744806e+03   1.3842913e-04
   1.3762733e+03   1.3697926e-04
   1.3780660e+03   1.3554458e-04
   1.3798587e+03   1.3412492e-04
   1.3816514e+03   1.3272013e-04
   1.3834440e+03   1.3133006e-04
   1.3852367e+03   1.2995454e-04
   1.3870294e+03   1.2859344e-04
   1.3888221e+03   1.2724658e-04
   1.3906148e+03   1.2591384e-04
   1.3924075e+03   1.2459505e-04
   1.3942002e+03   1.2329008e-04
   1.3959929e+03   1.2199877e-04
   1.3977856e+03   1.2072099e-04
   1.3995783e+03   1.1945659e-04
   1.4013710e+03   1.1820544e-04
   1.4031637e+03   1.1696739e-04
   1.4049564e+03   1.1574230e-04
   1.4067490e+03   1.1453005e-04
   1.4085417e+03   1.1333049e-04
   1.4103344e+03   1.1214350e-04
   1.4121271e+03   1.1096894e-04
   1.4139198e+03   1.0980668e-04
   1.4157125e+03   1.0865660e-04
   1.4175052e+03   1.0751856e-04
   1.4192979e+03   1.0639244e-04
   1.4210906e+03   1.0527811e-04
   1.4228833e+03   1.0417546e-04
   1.4246760e+03   1.0308436e-04
   1.4264687e+03   1.0200468e-04
   1.4282614e+03   1.0093631e-04
   1.4300541e+03   9.9879131e-05
   1.4318467e+03   9.8833025e-05
   1.4336394e+03   9.7797875e-05
   1.4354321e+03   9.6773567e-05
   1.4372248e+03   9.5759987e-05
   1.4390175e+03   9.4757024e-05
   1.4408102e+03   9.3764565e-05
   1.4426029e+03   9.2782501e-05
   1.4443956e+03   9.1810723e-05
   1.4461883e+03   9.0849122e-05
   1.4479810e+03   8.9897594e-05
   1.4497737e+03   8.8956031e-05
   1.4515664e+03   8.8024331e-05
   1.4533591e+03   8.7102388e-05
   1.4551518e+03   8.6190102e-05
   1.4569444e+03   8.5287370e-05
   1.4587371e+03   8.4394094e-05
   1.4605298e+03   8.3510174e-05
   1.4623225e+03   8.2635511e-05
   1.4641152e+03   8.1770010e-05
   1.4659079e+03   8.0913573e-05
   1.4677006e+03   8.0066107e-05
   1.4694933e+03   7.9227517e-05
   1.4712860e+03   7.8397710e-05
   1.4730787e+03   7.7576594e-05
   1.4748714e+03   7.6764078e-05
   1.4766641e+03   7.5960072e-05
   1.4784568e+03   7.5164487e-05
   1.4802494e+03   7.4377235e-05
   1.4820421e+03   7.3598229e-05
   1.4838348e+03   7.2827381e-05
   1.4856275e+03   7.2064608e-05
   1.4874202e+03   7.1309823e-05
   1.4892129e+03   7.0562943e-05
   1.4910056e+03   6.9823887e-05
   1.4927983e+03   6.9092571e-05
   1.4945910e+03   6.8368914e-05
   1.4963837e+03   6.7652837e-05
   1.4981764e+03   6.6944260e-05
   1.4999691e+03   6.6243104e-05
   1.5017618e+03   6.5549292e-05
   1.5035545e+03   6.4862747e-05
   1.5053471e+03   6.4183393e-05
   1.5071398e+03   6.3511154e-05
   1.5089325e+03   6.2845955e-05
   1.5107252e+03   6.2187724e-05
   1.5125179e+03   6.1536387e-05
   1.5143106e+03   6.0891872e-05
   1.5161033e+03   6.0254108e-05
   1.5178960e+03   5.9623023e-05
   1.5196887e+03   5.8998548e-05
   1.5214814e+03   5.8380613e-05
   1.5232741e+03   5.7769151e-05
   1.5250668e+03   5.7164093e-05
   1.5268595e+03   5.6565372e-05
   1.5286522e+03   5.5972922e-05
   1.5304448e+03   5.5386677e-05
   1.5322375e+03   5.4806572e-05
   1.5340302e+03   5.4232543e-05
   1.5358229e+03   5.3664527e-05
   1.5376156e+03   5.3102459e-05
   1.5394083e+03   5.2546279e-05
   1.5412010e+03   5.1995924e-05
   1.5429937e+03   5.1451333e-05
   1.5447864e+03   5.0912446e-05
   1.5465791e+03   5.0379203e-05
   1.5483718e+03   4.9851545e-05
   1.5501645e+03   4.9329414e-05
   1.5519572e+03   4.8812751e-05
   1.5537498e+03   4.8301500e-05
   1.5555425e+03   4.7795603e-05
   1.5573352e+03   4.7295005e-05
   1.5591279e+03   4.6799650e-05
   1.5609206e+03   4.6309484e-05
   1.5627133e+03   4.5824451e-05
   1.5645060e+03   4.5344499e-05
   1.5662987e+03   4.4869573e-05
   1.5680914e+03   4.4399621e-05
   1.5698841e+03   4.3934592e-05
   1.5716768e+03   4.3474433e-05
   1.5734695e+03   4.3019094e-05
   1.5752622e+03   4.2568524e-05
   1.5770549e+03   4.2122673e-05
   1.5788475e+03   4.1681492e-05
   1.5806402e+03   4.1244931e-05
   1.5824329e+03   4.0812943e-05
   1.5842256e+03   4.0385480e-05
   1.5860183e+03   3.9962494e-05
   1.5878110e+03   3.9543937e-05
   1.5896037e+03   3.9129765e-05
   1.5913964e+03   3.8719931e-05
   1.5931891e+03   3.8314389e-05
   1.5949818e+03   3.7913095e-05
   1.5967745e+03   3.7516003e-05
   1.5985672e+03   3.7123071e-05
   1.6003599e+03   3.6734254e-05
   1.6021526e+03   3.6349510e-05
   1.6039452e+03   3.5968795e-05
   1.6057379e+03   3.5592068e-05
   1.6075306e+03   3.5219287e-05
   1.6093233e+03   3.4850410e-05
   1.6111160e+03   3.4485396e-05
   1.6129087e+03   3.4124206e-05
   1.6147014e+03   3.3766798e-05
   1.6164941e+03   3.3413134e-05
   1.6182868e+03   3.3063174e-05
   1.6200795e+03   3.2716880e-05
   1.6218722e+03   3.2374212e-05
   1.6236649e+03   3.2035133e-05
   1.6254576e+03   3.1699606e-05
   1.6272503e+03   3.1367593e-05
   1.6290429e+03   3.1039058e-05
   1.6308356e+03   3.0713963e-05
   1.6326283e+03   3.0392274e-05
   1.6344210e+03   3.0073954e-05
   1.6362137e+03   2.9758967e-05
   1.6380064e+03   2.9447280e-05
   1.6397991e+03   2.9138857e-05
   1.6415918e+03   2.8833665e-05
   1.6433845e+03   2.8531669e-05
   1.6451772e+03   2.8232836e-05
   1.6469699e+03   2.7937134e-05
   1.6487626e+03   2.7644528e-05
   1.6505553e+03   2.7354987e-05
   1.6523479e+03   2.7068478e-05
   1.6541406e+03   2.6784970e-05
   1.6559333e+03   2.6504432e-05
   1.6577260e+03   2.6226832e-05
   1.6595187e+03   2.5952139e-05
   1.6613114e+03   2.5680324e-05
   1.6631041e+03   2.5411355e-05
   1.6648968e+03   2.5145204e-05
   1.6666895e+03   2.4881840e-05
   1.6684822e+03   2.4621234e-05
   1.6702749e+03   2.4363358e-05
   1.6720676e+03   2.4108183e-05
   1.6738603e+03   2.3855681e-05
   1.6756530e+03   2.3605823e-05
   1.6774456e+03   2.3358582e-05
   1.6792383e+03   2.3113931e-05
   1.6810310e+03   2.2871842e-05
   1.6828237e+03   2.2632288e-05
   1.6846164e+03   2.2395244e-05
   1.6864091e+03   2.2160683e-05
   1.6882018e+03   2.1928578e-05
   1.6899945e+03   2.1698904e-05
   1.6917872e+03   2.1471636e-05
   1.6935799e+03   2.1246748e-05
   1.6953726e+03   2.1024215e-05
   1.6971653e+03   2.0804013e-05
   1.6989580e+03   2.0586118e-05
   1.7007507e+03   2.0370504e-05
   1.7025433e+03   2.0157149e-05
   1.7043360e+03   1.9946029e-05
   1.7061287e+03   1.9737120e-05
   1.7079214e+03   1.9530399e-05
   1.7097141e+03   1.9325843e-05
   1.7115068e+03   1.9123429e-05
   1.7132995e+03   1.8923136e-05
   1.7150922e+03   1.8724940e-05
   1.7168849e+03   1.8528820e-05
   1.7186776e+03   1.8334754e-05
   1.7204703e+03   1.8142721e-05
   1.7222630e+03   1.7952699e-05
   1.7240557e+03   1.7764668e-05
   1.7258483e+03   1.7578606e-05
   1.7276410e+03   1.7394492e-05
   1.7294337e+03   1.7212307e-05
   1.7312264e+03   1.7032030e-05
   1.7330191e+03   1.6853641e-05
   1.7348118e+03   1.6677121e-05
   1.7366045e+03   1.6502449e-05
   1.7383972e+03   1.6329607e-05
   1.7401899e+03   1.6158576e-05
   1.7419826e+03   1.5989335e-05
   1.7437753e+03   1.5821867e-05
   1.7455680e+03   1.5656153e-05
   1.7473607e+03   1.5492175e-05
   1.7491534e+03   1.5329914e-05
   1.7509460e+03   1.5169353e-05
   1.7527387e+03   1.5010473e-05
   1.7545314e+03   1.4853258e-05
   1.7563241e+03   1.4697689e-05
   1.7581168e+03   1.4543750e-05
   1.7599095e+03   1.4391422e-05
   1.7617022e+03   1.4240691e-05
   1.7634949e+03   1.4091537e-05
   1.7652876e+03   1.3943947e-05
   1.7670803e+03   1.3797902e-05
   1.7688730e+03   1.3653386e-05
   1.7706657e+03   1.3510384e-05
   1.7724584e+03   1.3368880e-05
   1.7742511e+03   1.3228858e-05
   1.7760437e+03   1.3090303e-05
   1.7778364e+03   1.2953199e-05
   1.7796291e+03   1.2817531e-05
   1.7814218e+03   1.2683283e-05
   1.7832145e+03   1.2550442e-05
   1.7850072e+03   1.2418992e-05
   1.7867999e+03   1.2288919e-05
   1.7885926e+03   1.2160208e-05
   1.7903853e+03   1.2032846e-05
   1.7921780e+03   1.1906817e-05
   1.7939707e+03   1.1782108e-05
   1.7957634e+03   1.1658706e-05
   1.7975561e+03   1.1536596e-05
   1.7993487e+03   1.1415765e-05
   1.8011414e+03   1.1296199e-05
   1.8029341e+03   1.1177886e-05
   1.8047268e+03   1.1060812e-05
   1.8065195e+03   1.0944964e-05
   1.8083122e+03   1.0830329e-05
   1.8101049e+03   1.0716895e-05
   1.8118976e+03   1.0604650e-05
   1.8136903e+03   1.0493579e-05
   1.8154830e+03   1.0383673e-05
   1.8172757e+03   1.0274917e-05
   1.8190684e+03   1.0167300e-05
   1.8208611e+03   1.0060811e-05
   1.8226538e+03   9.9554367e-06
   1.8244464e+03   9.8511662e-06
   1.8262391e+03   9.7479878e-06
   1.8280318e+03   9.6458900e-06
   1.8298245e+03   9.5448617e-06
   1.8316172e+03   9.4448914e-06
   1.8334099e+03   9.3459682e-06
   1.8352026e+03   9.2480812e-06
   1.8369953e+03   9.1512193e-06
   1.8387880e+03   9.0553720e-06
   1.8405807e+03   8.9605285e-06
   1.8423734e+03   8.8666784e-06
   1.8441661e+03   8.7738113e-06
   1.8459588e+03   8.6819168e-06
   1.8477515e+03   8.5909848e-06
   1.8495441e+03   8.5010052e-06
   1.8513368e+03   8.4119680e-06
   1.8531295e+03   8.3238634e-06
   1.8549222e+03   8.2366816e-06
   1.8567149e+03   8.1504129e-06
   1.8585076e+03   8.0650477e-06
   1.8603003e+03   7.9805766e-06
   1.8620930e+03   7.8969903e-06
   1.8638857e+03   7.8142794e-06
   1.8656784e+03   7.7324348e-06
   1.8674711e+03   7.6514474e-06
   1.8692638e+03   7.5713082e-06
   1.8710565e+03   7.4920085e-06
   1.8728491e+03   7.4135392e-06
   1.8746418e+03   7.3358919e-06
   1.8764345e+03   7.2590578e-06
   1.8782272e+03   7.1830284e-06
   1.8800199e+03   7.1077954e-06
   1.8818126e+03   7.0333503e-06
   1.8836053e+03   6.9596849e-06
   1.8853980e+03   6.8867911e-06
   1.8871907e+03   6.8146608e-06
   1.8889834e+03   6.7432859e-06
   1.8907761e+03   6.6726586e-06
   1.8925688e+03   6.6027710e-06
   1.8943615e+03   6.5336154e-06
   1.8961542e+03   6.4651841e-06
   1.8979468e+03   6.3974696e-06
   1.8997395e+03   6.3304642e-06
   1.9015322e+03   6.2641607e-06
   1.9033249e+03   6.1985516e-06
   1.9051176e+03   6.1336297e-06
   1.9069103e+03   6.0693878e-06
   1.9087030e+03   6.0058187e-06
   1.9104957e+03   5.9429154e-06
   1.9122884e+03   5.8806709e-06
   1.9140811e+03   5.8190784e-06
   1.9158738e+03   5.7581310e-06
   1.9176665e+03   5.6978219e-06
   1.9194592e+03   5.6381445e-06
   1.9212519e+03   5.5790922e-06
   1.9230445e+03   5.5206583e-06
   1.9248372e+03   5.4628364e-06
   1.9266299e+03   5.4056202e-06
   1.9284226e+03   5.3490032e-06
   1.9302153e+03   5.2929793e-06
   1.9320080e+03   5.2375421e-06
   1.9338007e+03   5.1826855e-06
   1.9355934e+03   5.1284035e-06
   1.9373861e+03   5.0746900e-06
   1.9391788e+03   5.0215391e-06
   1.9409715e+03   4.9689449e-06
   1.9427642e+03   4.9169015e-06
   1.9445569e+03   4.8654033e-06
   1.9463495e+03   4.8144444e-06
   1.9481422e+03   4.7640192e-06
   1.9499349e+03   4.7141222e-06
   1.9517276e+03   4.6647478e-06
   1.9535203e+03   4.6158905e-06
   1.9553130e+03   4.5675450e-06
   1.9571057e+03   4.5197058e-06
   1.9588984e+03   4.4723676e-06
   1.9606911e+03   4.4255253e-06
   1.9624838e+03   4.3791735e-06
   1.9642765e+03   4.3333073e-06
   1.9660692e+03   4.2879214e-06
   1.9678619e+03   4.2430109e-06
   1.9696546e+03   4.1985708e-06
   1.9714472e+03   4.1545961e-06
   1.9732399e+03   4.1110820e-06
   1.9750326e+03   4.0680237e-06
   1.9768253e+03   4.0254164e-06
   1.9786180e+03   3.9832553e-06
   1.9804107e+03   3.9415357e-06
   1.9822034e+03   3.9002532e-06
   1.9839961e+03   3.8594030e-06
   1.9857888e+03   3.8189807e-06
   1.9875815e+03   3.7789817e-06
   1.9893742e+03   3.7394017e-06
   1.9911669e+03   3.7002363e-06
   1.9929596e+03   3.6614810e-06
   1.9947523e+03   3.6231317e-06
   1.9965449e+03   3.5851840e-06
   1.9983376e+03   3.5476338e-06
   2.0001303e+03   3.5104769e-06
   2.0019230e+03   3.4737091e-06
   2.0037157e+03   3.4373264e-06
   2.0055084e+03   3.4013248e-06
   2.0073011e+03   3.3657003e-06
   2.0090938e+03   3.3304489e-06
   2.0108865e+03   3.2955667e-06
   2.0126792e+03   3.2610498e-06
   2.0144719e+03   3.2268945e-06
   2.0162646e+03   3.1930969e-06
   2.0180573e+03   3.1596533e-06
   2.0198499e+03   3.1265599e-06
   2.0216426e+03   3.0938132e-06
   2.0234353e+03   3.0614095e-06
   2.0252280e+03   3.0293451e-06
   2.0270207e+03   2.9976166e-06
   2.0288134e+03   2.9662204e-06
   2.0306061e+03   2.9351530e-06
   2.0323988e+03   2.9044110e-06
   2.0341915e+03   2.8739910e-06
   2.0359842e+03   2.8438896e-06
   2.0377769e+03   2.8141035e-06
   2.0395696e+03   2.7846294e-06
   2.0413623e+03   2.7554640e-06
   2.0431550e+03   2.7266040e-06
   2.0449476e+03   2.6980463e-06
   2.0467403e+03   2.6697877e-06
   2.0485330e+03   2.6418251e-06
   2.0503257e+03   2.6141553e-06
   2.0521184e+03   2.5867754e-06
   2.0539111e+03   2.5596822e-06
   2.0557038e+03   2.5328728e-06
   2.0574965e+03   2.5063442e-06
   2.0592892e+03   2.4800935e-06
   2.0610819e+03   2.4541176e-06
   2.0628746e+03   2.4284139e-06
   2.0646673e+03   2.4029794e-06
   2.0664600e+03   2.3778112e-06
   2.0682527e+03   2.3529067e-06
   2.0700453e+03   2.3282630e-06
   2.0718380e+03   2.3038774e-06
   2.0736307e+03   2.2797472e-06
   2.0754234e+03   2.2558698e-06
   2.0772161e+03   2.2322424e-06
   2.0790088e+03   2.2088625e-06
   2.0808015e+03   2.1857275e-06
   2.0825942e+03   2.1628348e-06
   2.0843869e+03   2.1401819e-06
   2.0861796e+03   2.1177662e-06
   2.0879723e+03   2.0955853e-06
   2.0897650e+03   2.0736367e-06
   2.0915577e+03   2.0519180e-06
   2.0933504e+03   2.0304268e-06
   2.0951430e+03   2.0091607e-06
   2.0969357e+03   1.9881173e-06
   2.0987284e+03   1.9672943e-06
   2.1005211e+03   1.9466894e-06
   2.1023138e+03   1.9263003e-06
   2.1041065e+03   1.9061248e-06
   2.1058992e+03   1.8861606e-06
   2.1076919e+03   1.8664054e-06
   2.1094846e+03   1.8468572e-06
   2.1112773e+03   1.8275138e-06
   2.1130700e+03   1.8083729e-06
   2.1148627e+03   1.7894325e-06
   2.1166554e+03   1.7706905e-06
   2.1184480e+03   1.7521447e-06
   2.1202407e+03   1.7337933e-06
   2.1220334e+03   1.7156340e-06
   2.1238261e+03   1.6976649e-06
   2.1256188e+03   1.6798840e-06
   2.1274115e+03   1.6622894e-06
   2.1292042e+03   1.6448790e-06
   2.1309969e+03   1.6276510e-06
   2.1327896e+03   1.6106035e-06
   2.1345823e+03   1.5937345e-06
   2.1363750e+03   1.5770421e-06
   2.1381677e+03   1.5605246e-06
   2.1399604e+03   1.5441801e-06
   2.1417531e+03   1.5280068e-06
   2.1435457e+03   1.5120029e-06
   2.1453384e+03   1.4961666e-06
   2.1471311e+03   1.4804961e-06
   2.1489238e+03   1.4649898e-06
   2.1507165e+03   1.4496459e-06
   2.1525092e+03   1.4344628e-06
   2.1543019e+03   1.4194386e-06
   2.1560946e+03   1.4045718e-06
   2.1578873e+03   1.3898607e-06
   2.1596800e+03   1.3753037e-06
   2.1614727e+03   1.3608991e-06
   2.1632654e+03   1.3466454e-06
   2.1650581e+03   1.3325410e-06
   2.1668508e+03   1.3185844e-06
   2.1686434e+03   1.3047739e-06
   2.1704361e+03   1.2911080e-06
   2.1722288e+03   1.2775853e-06
   2.1740215e+03   1.2642043e-06
   2.1758142e+03   1.2509633e-06
   2.1776069e+03   1.2378611e-06
   2.1793996e+03   1.2248961e-06
   2.1811923e+03   1.2120669e-06
   2.1829850e+03   1.1993720e-06
   2.1847777e+03   1.1868101e-06
   2.1865704e+03   1.1743798e-06
   2.1883631e+03   1.1620797e-06
   2.1901558e+03   1.1499084e-06
   2.1919484e+03   1.1378645e-06
   2.1937411e+03   1.1259469e-06
   2.1955338e+03   1.1141540e-06
   2.1973265e+03   1.1024847e-06
   2.1991192e+03   1.0909375e-06
   2.2009119e+03   1.0795114e-06
   2.2027046e+03   1.0682049e-06
   2.2044973e+03   1.0570168e-06
   2.2062900e+03   1.0459459e-06
   2.2080827e+03   1.0349909e-06
   2.2098754e+03   1.0241507e-06
   2.2116681e+03   1.0134241e-06
   2.2134608e+03   1.0028097e-06
   2.2152535e+03   9.9230658e-07
   2.2170461e+03   9.8191344e-07
   2.2188388e+03   9.7162915e-07
   2.2206315e+03   9.6145257e-07
   2.2224242e+03   9.5138258e-07
   2.2242169e+03   9.4141807e-07
   2.2260096e+03   9.3155791e-07
   2.2278023e+03   9.2180103e-07
   2.2295950e+03   9.1214634e-07
   2.2313877e+03   9.0259278e-07
   2.2331804e+03   8.9313927e-07
   2.2349731e+03   8.8378478e-07
   2.2367658e+03   8.7452826e-07
   2.2385585e+03   8.6536869e-07
   2.2403512e+03   8.5630506e-07
   2.2421438e+03   8.4733636e-07
   2.2439365e+03   8.3846159e-07
   2.2457292e+03   8.2967978e-07
   2.2475219e+03   8.2098994e-07
   2.2493146e+03   8.1239112e-07
   2.2511073e+03   8.0388236e-07
   2.2529000e+03   7.9546272e-07
