   3.7022000e+02   4.0434990e-05
   3.7217974e+02   4.4027526e-05
   3.7413949e+02   4.7894810e-05
   3.7609923e+02   5.2053555e-05
   3.7805898e+02   5.6521107e-05
   3.8001872e+02   6.1315433e-05
   3.8197847e+02   6.6455112e-05
   3.8393821e+02   7.1959314e-05
   3.8589796e+02   7.7847785e-05
   3.8785770e+02   8.4140820e-05
   3.8981745e+02   9.0859233e-05
   3.9177719e+02   9.8024328e-05
   3.9373694e+02   1.0565786e-04
   3.9569668e+02   1.1378199e-04
   3.9765643e+02   1.2241924e-04
   3.9961617e+02   1.3159245e-04
   4.0157592e+02   1.4132471e-04
   4.0353566e+02   1.5163931e-04
   4.0549541e+02   1.6255965e-04
   4.0745515e+02   1.7410921e-04
   4.0941489e+02   1.8631144e-04
   4.1137464e+02   1.9918968e-04
   4.1333438e+02   2.1276712e-04
   4.1529413e+02   2.2706665e-04
   4.1725387e+02   2.4211080e-04
   4.1921362e+02   2.5792166e-04
   4.2117336e+02   2.7452073e-04
   4.2313311e+02   2.9192887e-04
   4.2509285e+02   3.1016617e-04
   4.2705260e+02   3.2925183e-04
   4.2901234e+02   3.4920406e-04
   4.3097209e+02   3.7003999e-04
   4.3293183e+02   3.9177553e-04
   4.3489158e+02   4.1442526e-04
   4.3685132e+02   4.3800233e-04
   4.3881107e+02   4.6251834e-04
   4.4077081e+02   4.8798322e-04
   4.4273056e+02   5.1440516e-04
   4.4469030e+02   5.4179046e-04
   4.4665005e+02   5.7014345e-04
   4.4860979e+02   5.9946638e-04
   4.5056953e+02   6.2975935e-04
   4.5252928e+02   6.6102020e-04
   4.5448902e+02   6.9324444e-04
   4.5644877e+02   7.2642518e-04
   4.5840851e+02   7.6055304e-04
   4.6036826e+02   7.9561613e-04
   4.6232800e+02   8.3159995e-04
   4.6428775e+02   8.6848740e-04
   4.6624749e+02   9.0625871e-04
   4.6820724e+02   9.4489145e-04
   4.7016698e+02   9.8436049e-04
   4.7212673e+02   1.0246380e-03
   4.7408647e+02   1.0656936e-03
   4.7604622e+02   1.1074940e-03
   4.7800596e+02   1.1500036e-03
   4.7996571e+02   1.1931840e-03
   4.8192545e+02   1.2369944e-03
   4.8388520e+02   1.2813916e-03
   4.8584494e+02   1.3263300e-03
   4.8780468e+02   1.3717617e-03
   4.8976443e+02   1.4176367e-03
   4.9172417e+02   1.4639030e-03
   4.9368392e+02   1.5105066e-03
   4.9564366e+02   1.5573919e-03
   4.9760341e+02   1.6045013e-03
   4.9956315e+02   1.6517763e-03
   5.0152290e+02   1.6991566e-03
   5.0348264e+02   1.7465811e-03
   5.0544239e+02   1.7939875e-03
   5.0740213e+02   1.8413129e-03
   5.0936188e+02   1.8884938e-03
   5.1132162e+02   1.9354663e-03
   5.1328137e+02   1.9821664e-03
   5.1524111e+02   2.0285299e-03
   5.1720086e+02   2.0744930e-03
   5.1916060e+02   2.1199924e-03
   5.2112035e+02   2.1649652e-03
   5.2308009e+02   2.2093494e-03
   5.2503983e+02   2.2530840e-03
   5.2699958e+02   2.2961094e-03
   5.2895932e+02   2.3383671e-03
   5.3091907e+02   2.3798003e-03
   5.3287881e+02   2.4203540e-03
   5.3483856e+02   2.4599750e-03
   5.3679830e+02   2.4986123e-03
   5.3875805e+02   2.5362170e-03
   5.4071779e+02   2.5727426e-03
   5.4267754e+02   2.6081451e-03
   5.4463728e+02   2.6423832e-03
   5.4659703e+02   2.6754180e-03
   5.4855677e+02   2.7072138e-03
   5.5051652e+02   2.7377374e-03
   5.5247626e+02   2.7669590e-03
   5.5443601e+02   2.7948514e-03
   5.5639575e+02   2.8213907e-03
   5.5835550e+02   2.8465560e-03
   5.6031524e+02   2.8703294e-03
   5.6227498e+02   2.8926964e-03
   5.6423473e+02   2.9136454e-03
   5.6619447e+02   2.9331677e-03
   5.6815422e+02   2.9512581e-03
   5.7011396e+02   2.9679141e-03
   5.7207371e+02   2.9831361e-03
   5.7403345e+02   2.9969276e-03
   5.7599320e+02   3.0092949e-03
   5.7795294e+02   3.0202469e-03
   5.7991269e+02   3.0297951e-03
   5.8187243e+02   3.0379537e-03
   5.8383218e+02   3.0447393e-03
   5.8579192e+02   3.0501708e-03
   5.8775167e+02   3.0542692e-03
   5.8971141e+02   3.0570576e-03
   5.9167116e+02   3.0585612e-03
   5.9363090e+02   3.0588068e-03
   5.9559065e+02   3.0578230e-03
   5.9755039e+02   3.0556399e-03
   5.9951014e+02   3.0522891e-03
   6.0146988e+02   3.0478032e-03
   6.0342962e+02   3.0422161e-03
   6.0538937e+02   3.0355628e-03
   6.0734911e+02   3.0278788e-03
   6.0930886e+02   3.0192006e-03
   6.1126860e+02   3.0095653e-03
   6.1322835e+02   2.9990101e-03
   6.1518809e+02   2.9875729e-03
   6.1714784e+02   2.9752917e-03
   6.1910758e+02   2.9622044e-03
   6.2106733e+02   2.9483492e-03
   6.2302707e+02   2.9337639e-03
   6.2498682e+02   2.9184862e-03
   6.2694656e+02   2.9025534e-03
   6.2890631e+02   2.8860025e-03
   6.3086605e+02   2.8688699e-03
   6.3282580e+02   2.8511914e-03
   6.3478554e+02   2.8330022e-03
   6.3674529e+02   2.8143370e-03
   6.3870503e+02   2.7952293e-03
   6.4066477e+02   2.7757121e-03
   6.4262452e+02   2.7558175e-03
   6.4458426e+02   2.7355766e-03
   6.4654401e+02   2.7150196e-03
   6.4850375e+02   2.6941757e-03
   6.5046350e+02   2.6730732e-03
   6.5242324e+02   2.6517393e-03
   6.5438299e+02   2.6302001e-03
   6.5634273e+02   2.6084809e-03
   6.5830248e+02   2.5866057e-03
   6.6026222e+02   2.5645977e-03
   6.6222197e+02   2.5424788e-03
   6.6418171e+02   2.5202700e-03
   6.6614146e+02   2.4979913e-03
   6.6810120e+02   2.4756617e-03
   6.7006095e+02   2.4532992e-03
   6.7202069e+02   2.4309207e-03
   6.7398044e+02   2.4085423e-03
   6.7594018e+02   2.3861792e-03
   6.7789992e+02   2.3638454e-03
   6.7985967e+02   2.3415544e-03
   6.8181941e+02   2.3193186e-03
   6.8377916e+02   2.2971497e-03
   6.8573890e+02   2.2750584e-03
   6.8769865e+02   2.2530550e-03
   6.8965839e+02   2.2311487e-03
   6.9161814e+02   2.2093482e-03
   6.9357788e+02   2.1876615e-03
   6.9553763e+02   2.1660959e-03
   6.9749737e+02   2.1446581e-03
   6.9945712e+02   2.1233542e-03
   7.0141686e+02   2.1021898e-03
   7.0337661e+02   2.0811700e-03
   7.0533635e+02   2.0602993e-03
   7.0729610e+02   2.0395818e-03
   7.0925584e+02   2.0190212e-03
   7.1121559e+02   1.9986207e-03
   7.1317533e+02   1.9783832e-03
   7.1513508e+02   1.9583110e-03
   7.1709482e+02   1.9384064e-03
   7.1905456e+02   1.9186712e-03
   7.2101431e+02   1.8991069e-03
   7.2297405e+02   1.8797148e-03
   7.2493380e+02   1.8604958e-03
   7.2689354e+02   1.8414508e-03
   7.2885329e+02   1.8225802e-03
   7.3081303e+02   1.8038844e-03
   7.3277278e+02   1.7853636e-03
   7.3473252e+02   1.7670177e-03
   7.3669227e+02   1.7488466e-03
   7.3865201e+02   1.7308499e-03
   7.4061176e+02   1.7130273e-03
   7.4257150e+02   1.6953781e-03
   7.4453125e+02   1.6779017e-03
   7.4649099e+02   1.6605972e-03
   7.4845074e+02   1.6434640e-03
   7.5041048e+02   1.6265010e-03
   7.5237023e+02   1.6097071e-03
   7.5432997e+02   1.5930815e-03
   7.5628971e+02   1.5766228e-03
   7.5824946e+02   1.5603300e-03
   7.6020920e+02   1.5442019e-03
   7.6216895e+02   1.5282371e-03
   7.6412869e+02   1.5124344e-03
   7.6608844e+02   1.4967925e-03
   7.6804818e+02   1.4813100e-03
   7.7000793e+02   1.4659856e-03
   7.7196767e+02   1.4508179e-03
   7.7392742e+02   1.4358055e-03
   7.7588716e+02   1.4209470e-03
   7.7784691e+02   1.4062410e-03
   7.7980665e+02   1.3916861e-03
   7.8176640e+02   1.3772808e-03
   7.8372614e+02   1.3630238e-03
   7.8568589e+02   1.3489136e-03
   7.8764563e+02   1.3349488e-03
   7.8960538e+02   1.3211280e-03
   7.9156512e+02   1.3074497e-03
   7.9352486e+02   1.2939127e-03
   7.9548461e+02   1.2805154e-03
   7.9744435e+02   1.2672564e-03
   7.9940410e+02   1.2541345e-03
   8.0136384e+02   1.2411481e-03
   8.0332359e+02   1.2282960e-03
   8.0528333e+02   1.2155768e-03
   8.0724308e+02   1.2029891e-03
   8.0920282e+02   1.1905317e-03
   8.1116257e+02   1.1782031e-03
   8.1312231e+02   1.1660020e-03
   8.1508206e+02   1.1539272e-03
   8.1704180e+02   1.1419774e-03
   8.1900155e+02   1.1301512e-03
   8.2096129e+02   1.1184475e-03
   8.2292104e+02   1.1068649e-03
   8.2488078e+02   1.0954021e-03
   8.2684053e+02   1.0840581e-03
   8.2880027e+02   1.0728315e-03
   8.3076002e+02   1.0617212e-03
   8.3271976e+02   1.0507259e-03
   8.3467950e+02   1.0398444e-03
   8.3663925e+02   1.0290756e-03
   8.3859899e+02   1.0184183e-03
   8.4055874e+02   1.0078713e-03
   8.4251848e+02   9.9743362e-04
   8.4447823e+02   9.8710398e-04
   8.4643797e+02   9.7688131e-04
   8.4839772e+02   9.6676450e-04
   8.5035746e+02   9.5675246e-04
   8.5231721e+02   9.4684410e-04
   8.5427695e+02   9.3703835e-04
   8.5623670e+02   9.2733414e-04
   8.5819644e+02   9.1773043e-04
   8.6015619e+02   9.0822618e-04
   8.6211593e+02   8.9882035e-04
   8.6407568e+02   8.8951193e-04
   8.6603542e+02   8.8029991e-04
   8.6799517e+02   8.7118329e-04
   8.6995491e+02   8.6216108e-04
   8.7191465e+02   8.5323231e-04
   8.7387440e+02   8.4439601e-04
   8.7583414e+02   8.3565121e-04
   8.7779389e+02   8.2699698e-04
   8.7975363e+02   8.1843238e-04
   8.8171338e+02   8.0995647e-04
   8.8367312e+02   8.0156834e-04
   8.8563287e+02   7.9326708e-04
   8.8759261e+02   7.8505179e-04
   8.8955236e+02   7.7692158e-04
   8.9151210e+02   7.6887557e-04
   8.9347185e+02   7.6091288e-04
   8.9543159e+02   7.5303266e-04
   8.9739134e+02   7.4523405e-04
   8.9935108e+02   7.3751620e-04
   9.0131083e+02   7.2987828e-04
   9.0327057e+02   7.2231946e-04
   9.0523032e+02   7.1483892e-04
   9.0719006e+02   7.0743586e-04
   9.0914980e+02   7.0010946e-04
   9.1110955e+02   6.9285893e-04
   9.1306929e+02   6.8568349e-04
   9.1502904e+02   6.7858237e-04
   9.1698878e+02   6.7155478e-04
   9.1894853e+02   6.6459998e-04
   9.2090827e+02   6.5771720e-04
   9.2286802e+02   6.5090570e-04
   9.2482776e+02   6.4416474e-04
   9.2678751e+02   6.3749359e-04
   9.2874725e+02   6.3089153e-04
   9.3070700e+02   6.2435785e-04
   9.3266674e+02   6.1789183e-04
   9.3462649e+02   6.1149277e-04
   9.3658623e+02   6.0515998e-04
   9.3854598e+02   5.9889278e-04
   9.4050572e+02   5.9269048e-04
   9.4246547e+02   5.8655242e-04
   9.4442521e+02   5.8047792e-04
   9.4638495e+02   5.7446633e-04
   9.4834470e+02   5.6851700e-04
   9.5030444e+02   5.6262928e-04
   9.5226419e+02   5.5680254e-04
   9.5422393e+02   5.5103614e-04
   9.5618368e+02   5.4532946e-04
   9.5814342e+02   5.3968188e-04
   9.6010317e+02   5.3409278e-04
   9.6206291e+02   5.2856157e-04
   9.6402266e+02   5.2308764e-04
   9.6598240e+02   5.1767041e-04
   9.6794215e+02   5.1230927e-04
   9.6990189e+02   5.0700365e-04
   9.7186164e+02   5.0175298e-04
   9.7382138e+02   4.9655669e-04
   9.7578113e+02   4.9141422e-04
   9.7774087e+02   4.8632500e-04
   9.7970062e+02   4.8128848e-04
   9.8166036e+02   4.7630413e-04
   9.8362011e+02   4.7137139e-04
   9.8557985e+02   4.6648974e-04
   9.8753959e+02   4.6165864e-04
   9.8949934e+02   4.5687758e-04
   9.9145908e+02   4.5214603e-04
   9.9341883e+02   4.4746348e-04
   9.9537857e+02   4.4282943e-04
   9.9733832e+02   4.3824336e-04
   9.9929806e+02   4.3370479e-04
   1.0012578e+03   4.2921323e-04
   1.0032176e+03   4.2476818e-04
   1.0051773e+03   4.2036916e-04
   1.0071370e+03   4.1601571e-04
   1.0090968e+03   4.1170733e-04
   1.0110565e+03   4.0744358e-04
   1.0130163e+03   4.0322398e-04
   1.0149760e+03   3.9904808e-04
   1.0169358e+03   3.9491543e-04
   1.0188955e+03   3.9082558e-04
   1.0208553e+03   3.8677808e-04
   1.0228150e+03   3.8277250e-04
   1.0247747e+03   3.7880841e-04
   1.0267345e+03   3.7488536e-04
   1.0286942e+03   3.7100295e-04
   1.0306540e+03   3.6716074e-04
   1.0326137e+03   3.6335832e-04
   1.0345735e+03   3.5959528e-04
   1.0365332e+03   3.5587121e-04
   1.0384930e+03   3.5218572e-04
   1.0404527e+03   3.4853838e-04
   1.0424124e+03   3.4492882e-04
   1.0443722e+03   3.4135665e-04
   1.0463319e+03   3.3782146e-04
   1.0482917e+03   3.3432289e-04
   1.0502514e+03   3.3086055e-04
   1.0522112e+03   3.2743407e-04
   1.0541709e+03   3.2404307e-04
   1.0561307e+03   3.2068719e-04
   1.0580904e+03   3.1736607e-04
   1.0600502e+03   3.1407934e-04
   1.0620099e+03   3.1082665e-04
   1.0639696e+03   3.0760764e-04
   1.0659294e+03   3.0442197e-04
   1.0678891e+03   3.0126930e-04
   1.0698489e+03   2.9814927e-04
   1.0718086e+03   2.9506155e-04
   1.0737684e+03   2.9200581e-04
   1.0757281e+03   2.8898172e-04
   1.0776879e+03   2.8598895e-04
   1.0796476e+03   2.8302717e-04
   1.0816073e+03   2.8009606e-04
   1.0835671e+03   2.7719531e-04
   1.0855268e+03   2.7432460e-04
   1.0874866e+03   2.7148362e-04
   1.0894463e+03   2.6867206e-04
   1.0914061e+03   2.6588962e-04
   1.0933658e+03   2.6313599e-04
   1.0953256e+03   2.6041088e-04
   1.0972853e+03   2.5771400e-04
   1.0992450e+03   2.5504504e-04
   1.1012048e+03   2.5240372e-04
   1.1031645e+03   2.4978976e-04
   1.1051243e+03   2.4720287e-04
   1.1070840e+03   2.4464277e-04
   1.1090438e+03   2.4210918e-04
   1.1110035e+03   2.3960183e-04
   1.1129633e+03   2.3712045e-04
   1.1149230e+03   2.3466477e-04
   1.1168827e+03   2.3223451e-04
   1.1188425e+03   2.2982943e-04
   1.1208022e+03   2.2744925e-04
   1.1227620e+03   2.2509373e-04
   1.1247217e+03   2.2276259e-04
   1.1266815e+03   2.2045560e-04
   1.1286412e+03   2.1817250e-04
   1.1306010e+03   2.1591305e-04
   1.1325607e+03   2.1367700e-04
   1.1345205e+03   2.1146410e-04
   1.1364802e+03   2.0927412e-04
   1.1384399e+03   2.0710682e-04
   1.1403997e+03   2.0496196e-04
   1.1423594e+03   2.0283932e-04
   1.1443192e+03   2.0073866e-04
   1.1462789e+03   1.9865976e-04
   1.1482387e+03   1.9660238e-04
   1.1501984e+03   1.9456631e-04
   1.1521582e+03   1.9255133e-04
   1.1541179e+03   1.9055722e-04
   1.1560776e+03   1.8858375e-04
   1.1580374e+03   1.8663073e-04
   1.1599971e+03   1.8469793e-04
   1.1619569e+03   1.8278515e-04
   1.1639166e+03   1.8089217e-04
   1.1658764e+03   1.7901880e-04
   1.1678361e+03   1.7716484e-04
   1.1697959e+03   1.7533007e-04
   1.1717556e+03   1.7351430e-04
   1.1737153e+03   1.7171734e-04
   1.1756751e+03   1.6993899e-04
   1.1776348e+03   1.6817905e-04
   1.1795946e+03   1.6643735e-04
   1.1815543e+03   1.6471368e-04
   1.1835141e+03   1.6300786e-04
   1.1854738e+03   1.6131970e-04
   1.1874336e+03   1.5964903e-04
   1.1893933e+03   1.5799566e-04
   1.1913530e+03   1.5635942e-04
   1.1933128e+03   1.5474011e-04
   1.1952725e+03   1.5313758e-04
   1.1972323e+03   1.5155165e-04
   1.1991920e+03   1.4998214e-04
   1.2011518e+03   1.4842888e-04
   1.2031115e+03   1.4689171e-04
   1.2050713e+03   1.4537046e-04
   1.2070310e+03   1.4386496e-04
   1.2089908e+03   1.4237506e-04
   1.2109505e+03   1.4090058e-04
   1.2129102e+03   1.3944138e-04
   1.2148700e+03   1.3799729e-04
   1.2168297e+03   1.3656815e-04
   1.2187895e+03   1.3515381e-04
   1.2207492e+03   1.3375412e-04
   1.2227090e+03   1.3236893e-04
   1.2246687e+03   1.3099808e-04
   1.2266285e+03   1.2964143e-04
   1.2285882e+03   1.2829882e-04
   1.2305479e+03   1.2697013e-04
   1.2325077e+03   1.2565519e-04
   1.2344674e+03   1.2435387e-04
   1.2364272e+03   1.2306603e-04
   1.2383869e+03   1.2179152e-04
   1.2403467e+03   1.2053021e-04
   1.2423064e+03   1.1928197e-04
   1.2442662e+03   1.1804665e-04
   1.2462259e+03   1.1682413e-04
   1.2481856e+03   1.1561427e-04
   1.2501454e+03   1.1441693e-04
   1.2521051e+03   1.1323200e-04
   1.2540649e+03   1.1205934e-04
   1.2560246e+03   1.1089882e-04
   1.2579844e+03   1.0975032e-04
   1.2599441e+03   1.0861372e-04
   1.2619039e+03   1.0748889e-04
   1.2638636e+03   1.0637570e-04
   1.2658233e+03   1.0527405e-04
   1.2677831e+03   1.0418380e-04
   1.2697428e+03   1.0310484e-04
   1.2717026e+03   1.0203706e-04
   1.2736623e+03   1.0098034e-04
   1.2756221e+03   9.9934557e-05
   1.2775818e+03   9.8899607e-05
   1.2795416e+03   9.7875375e-05
   1.2815013e+03   9.6861751e-05
   1.2834611e+03   9.5858624e-05
   1.2854208e+03   9.4865886e-05
   1.2873805e+03   9.3883429e-05
   1.2893403e+03   9.2911147e-05
   1.2913000e+03   9.1948933e-05
   1.2932598e+03   9.0996685e-05
   1.2952195e+03   9.0054298e-05
   1.2971793e+03   8.9121671e-05
   1.2991390e+03   8.8198703e-05
   1.3010988e+03   8.7285293e-05
   1.3030585e+03   8.6381342e-05
   1.3050182e+03   8.5486754e-05
   1.3069780e+03   8.4601429e-05
   1.3089377e+03   8.3725274e-05
   1.3108975e+03   8.2858192e-05
   1.3128572e+03   8.2000090e-05
   1.3148170e+03   8.1150874e-05
   1.3167767e+03   8.0310454e-05
   1.3187365e+03   7.9478736e-05
   1.3206962e+03   7.8655633e-05
   1.3226559e+03   7.7841054e-05
   1.3246157e+03   7.7034910e-05
   1.3265754e+03   7.6237116e-05
   1.3285352e+03   7.5447583e-05
   1.3304949e+03   7.4666227e-05
   1.3324547e+03   7.3892963e-05
   1.3344144e+03   7.3127708e-05
   1.3363742e+03   7.2370377e-05
   1.3383339e+03   7.1620890e-05
   1.3402936e+03   7.0879164e-05
   1.3422534e+03   7.0145120e-05
   1.3442131e+03   6.9418678e-05
   1.3461729e+03   6.8699759e-05
   1.3481326e+03   6.7988285e-05
   1.3500924e+03   6.7284180e-05
   1.3520521e+03   6.6587367e-05
   1.3540119e+03   6.5897770e-05
   1.3559716e+03   6.5215314e-05
   1.3579314e+03   6.4539927e-05
   1.3598911e+03   6.3871533e-05
   1.3618508e+03   6.3210062e-05
   1.3638106e+03   6.2555442e-05
   1.3657703e+03   6.1907600e-05
   1.3677301e+03   6.1266468e-05
   1.3696898e+03   6.0631976e-05
   1.3716496e+03   6.0004054e-05
   1.3736093e+03   5.9382636e-05
   1.3755691e+03   5.8767653e-05
   1.3775288e+03   5.8159039e-05
   1.3794885e+03   5.7556728e-05
   1.3814483e+03   5.6960655e-05
   1.3834080e+03   5.6370755e-05
   1.3853678e+03   5.5786964e-05
   1.3873275e+03   5.5209219e-05
   1.3892873e+03   5.4637457e-05
   1.3912470e+03   5.4071616e-05
   1.3932068e+03   5.3511636e-05
   1.3951665e+03   5.2957455e-05
   1.3971262e+03   5.2409013e-05
   1.3990860e+03   5.1866251e-05
   1.4010457e+03   5.1329110e-05
   1.4030055e+03   5.0797531e-05
   1.4049652e+03   5.0271458e-05
   1.4069250e+03   4.9750833e-05
   1.4088847e+03   4.9235600e-05
   1.4108445e+03   4.8725703e-05
   1.4128042e+03   4.8221086e-05
   1.4147639e+03   4.7721695e-05
   1.4167237e+03   4.7227476e-05
   1.4186834e+03   4.6738375e-05
   1.4206432e+03   4.6254340e-05
   1.4226029e+03   4.5775317e-05
   1.4245627e+03   4.5301256e-05
   1.4265224e+03   4.4832103e-05
   1.4284822e+03   4.4367810e-05
   1.4304419e+03   4.3908325e-05
   1.4324017e+03   4.3453598e-05
   1.4343614e+03   4.3003581e-05
   1.4363211e+03   4.2558224e-05
   1.4382809e+03   4.2117479e-05
   1.4402406e+03   4.1681299e-05
   1.4422004e+03   4.1249636e-05
   1.4441601e+03   4.0822443e-05
   1.4461199e+03   4.0399675e-05
   1.4480796e+03   3.9981285e-05
   1.4500394e+03   3.9567228e-05
   1.4519991e+03   3.9157459e-05
   1.4539588e+03   3.8751933e-05
   1.4559186e+03   3.8350608e-05
   1.4578783e+03   3.7953438e-05
   1.4598381e+03   3.7560382e-05
   1.4617978e+03   3.7171396e-05
   1.4637576e+03   3.6786439e-05
   1.4657173e+03   3.6405469e-05
   1.4676771e+03   3.6028444e-05
   1.4696368e+03   3.5655323e-05
   1.4715965e+03   3.5286067e-05
   1.4735563e+03   3.4920635e-05
   1.4755160e+03   3.4558987e-05
   1.4774758e+03   3.4201085e-05
   1.4794355e+03   3.3846889e-05
   1.4813953e+03   3.3496361e-05
   1.4833550e+03   3.3149464e-05
   1.4853148e+03   3.2806159e-05
   1.4872745e+03   3.2466409e-05
   1.4892342e+03   3.2130178e-05
   1.4911940e+03   3.1797429e-05
   1.4931537e+03   3.1468126e-05
   1.4951135e+03   3.1142234e-05
   1.4970732e+03   3.0819716e-05
   1.4990330e+03   3.0500539e-05
   1.5009927e+03   3.0184667e-05
   1.5029525e+03   2.9872066e-05
   1.5049122e+03   2.9562703e-05
   1.5068720e+03   2.9256544e-05
   1.5088317e+03   2.8953555e-05
   1.5107914e+03   2.8653704e-05
   1.5127512e+03   2.8356958e-05
   1.5147109e+03   2.8063286e-05
   1.5166707e+03   2.7772655e-05
   1.5186304e+03   2.7485033e-05
   1.5205902e+03   2.7200391e-05
   1.5225499e+03   2.6918696e-05
   1.5245097e+03   2.6639919e-05
   1.5264694e+03   2.6364029e-05
   1.5284291e+03   2.6090995e-05
   1.5303889e+03   2.5820790e-05
   1.5323486e+03   2.5553383e-05
   1.5343084e+03   2.5288745e-05
   1.5362681e+03   2.5026848e-05
   1.5382279e+03   2.4767663e-05
   1.5401876e+03   2.4511162e-05
   1.5421474e+03   2.4257318e-05
   1.5441071e+03   2.4006102e-05
   1.5460668e+03   2.3757489e-05
   1.5480266e+03   2.3511450e-05
   1.5499863e+03   2.3267959e-05
   1.5519461e+03   2.3026989e-05
   1.5539058e+03   2.2788515e-05
   1.5558656e+03   2.2552511e-05
   1.5578253e+03   2.2318951e-05
   1.5597851e+03   2.2087810e-05
   1.5617448e+03   2.1859063e-05
   1.5637045e+03   2.1632684e-05
   1.5656643e+03   2.1408650e-05
   1.5676240e+03   2.1186936e-05
   1.5695838e+03   2.0967519e-05
   1.5715435e+03   2.0750373e-05
   1.5735033e+03   2.0535477e-05
   1.5754630e+03   2.0322806e-05
   1.5774228e+03   2.0112337e-05
   1.5793825e+03   1.9904048e-05
   1.5813423e+03   1.9697916e-05
   1.5833020e+03   1.9493919e-05
   1.5852617e+03   1.9292035e-05
   1.5872215e+03   1.9092241e-05
   1.5891812e+03   1.8894517e-05
   1.5911410e+03   1.8698840e-05
   1.5931007e+03   1.8505190e-05
   1.5950605e+03   1.8313545e-05
   1.5970202e+03   1.8123885e-05
   1.5989800e+03   1.7936189e-05
   1.6009397e+03   1.7750437e-05
   1.6028994e+03   1.7566609e-05
   1.6048592e+03   1.7384684e-05
   1.6068189e+03   1.7204643e-05
   1.6087787e+03   1.7026467e-05
   1.6107384e+03   1.6850137e-05
   1.6126982e+03   1.6675632e-05
   1.6146579e+03   1.6502935e-05
   1.6166177e+03   1.6332026e-05
   1.6185774e+03   1.6162887e-05
   1.6205371e+03   1.5995499e-05
   1.6224969e+03   1.5829846e-05
   1.6244566e+03   1.5665907e-05
   1.6264164e+03   1.5503667e-05
   1.6283761e+03   1.5343107e-05
   1.6303359e+03   1.5184209e-05
   1.6322956e+03   1.5026957e-05
   1.6342554e+03   1.4871334e-05
   1.6362151e+03   1.4717323e-05
   1.6381748e+03   1.4564906e-05
   1.6401346e+03   1.4414068e-05
   1.6420943e+03   1.4264792e-05
   1.6440541e+03   1.4117062e-05
   1.6460138e+03   1.3970861e-05
   1.6479736e+03   1.3826175e-05
   1.6499333e+03   1.3682988e-05
   1.6518931e+03   1.3541283e-05
   1.6538528e+03   1.3401046e-05
   1.6558126e+03   1.3262261e-05
   1.6577723e+03   1.3124913e-05
   1.6597320e+03   1.2988988e-05
   1.6616918e+03   1.2854471e-05
   1.6636515e+03   1.2721346e-05
   1.6656113e+03   1.2589600e-05
   1.6675710e+03   1.2459219e-05
   1.6695308e+03   1.2330188e-05
   1.6714905e+03   1.2202493e-05
   1.6734503e+03   1.2076121e-05
   1.6754100e+03   1.1951057e-05
   1.6773697e+03   1.1827289e-05
   1.6793295e+03   1.1704802e-05
   1.6812892e+03   1.1583584e-05
   1.6832490e+03   1.1463621e-05
   1.6852087e+03   1.1344901e-05
   1.6871685e+03   1.1227410e-05
   1.6891282e+03   1.1111136e-05
   1.6910880e+03   1.0996066e-05
   1.6930477e+03   1.0882187e-05
   1.6950074e+03   1.0769489e-05
   1.6969672e+03   1.0657957e-05
   1.6989269e+03   1.0547580e-05
   1.7008867e+03   1.0438346e-05
   1.7028464e+03   1.0330244e-05
   1.7048062e+03   1.0223261e-05
   1.7067659e+03   1.0117386e-05
   1.7087257e+03   1.0012608e-05
   1.7106854e+03   9.9089146e-06
   1.7126452e+03   9.8062951e-06
   1.7146049e+03   9.7047384e-06
   1.7165646e+03   9.6042335e-06
   1.7185244e+03   9.5047694e-06
   1.7204841e+03   9.4063354e-06
   1.7224439e+03   9.3089208e-06
   1.7244036e+03   9.2125151e-06
   1.7263634e+03   9.1171078e-06
   1.7283231e+03   9.0226885e-06
   1.7302829e+03   8.9292471e-06
   1.7322426e+03   8.8367733e-06
   1.7342023e+03   8.7452573e-06
   1.7361621e+03   8.6546890e-06
   1.7381218e+03   8.5650587e-06
   1.7400816e+03   8.4763566e-06
   1.7420413e+03   8.3885731e-06
   1.7440011e+03   8.3016987e-06
   1.7459608e+03   8.2157241e-06
   1.7479206e+03   8.1306398e-06
   1.7498803e+03   8.0464367e-06
   1.7518400e+03   7.9631055e-06
   1.7537998e+03   7.8806374e-06
   1.7557595e+03   7.7990234e-06
   1.7577193e+03   7.7182546e-06
   1.7596790e+03   7.6383222e-06
   1.7616388e+03   7.5592177e-06
   1.7635985e+03   7.4809323e-06
   1.7655583e+03   7.4034577e-06
   1.7675180e+03   7.3267855e-06
   1.7694777e+03   7.2509073e-06
   1.7714375e+03   7.1758149e-06
   1.7733972e+03   7.1015002e-06
   1.7753570e+03   7.0279551e-06
   1.7773167e+03   6.9551717e-06
   1.7792765e+03   6.8831420e-06
   1.7812362e+03   6.8118583e-06
   1.7831960e+03   6.7413129e-06
   1.7851557e+03   6.6714980e-06
   1.7871155e+03   6.6024061e-06
   1.7890752e+03   6.5340298e-06
   1.7910349e+03   6.4663616e-06
   1.7929947e+03   6.3993942e-06
   1.7949544e+03   6.3331203e-06
   1.7969142e+03   6.2675328e-06
   1.7988739e+03   6.2026245e-06
   1.8008337e+03   6.1383884e-06
   1.8027934e+03   6.0748176e-06
   1.8047532e+03   6.0119051e-06
   1.8067129e+03   5.9496441e-06
   1.8086726e+03   5.8880280e-06
   1.8106324e+03   5.8270500e-06
   1.8125921e+03   5.7667034e-06
   1.8145519e+03   5.7069819e-06
   1.8165116e+03   5.6478788e-06
   1.8184714e+03   5.5893878e-06
   1.8204311e+03   5.5315026e-06
   1.8223909e+03   5.4742168e-06
   1.8243506e+03   5.4175243e-06
   1.8263103e+03   5.3614190e-06
   1.8282701e+03   5.3058946e-06
   1.8302298e+03   5.2509453e-06
   1.8321896e+03   5.1965651e-06
   1.8341493e+03   5.1427481e-06
   1.8361091e+03   5.0894884e-06
   1.8380688e+03   5.0367802e-06
   1.8400286e+03   4.9846179e-06
   1.8419883e+03   4.9329959e-06
   1.8439480e+03   4.8819084e-06
   1.8459078e+03   4.8313500e-06
   1.8478675e+03   4.7813152e-06
   1.8498273e+03   4.7317986e-06
   1.8517870e+03   4.6827948e-06
   1.8537468e+03   4.6342985e-06
   1.8557065e+03   4.5863045e-06
   1.8576663e+03   4.5388074e-06
   1.8596260e+03   4.4918023e-06
   1.8615858e+03   4.4452840e-06
   1.8635455e+03   4.3992474e-06
   1.8655052e+03   4.3536876e-06
   1.8674650e+03   4.3085996e-06
   1.8694247e+03   4.2639785e-06
   1.8713845e+03   4.2198196e-06
   1.8733442e+03   4.1761180e-06
   1.8753040e+03   4.1328690e-06
   1.8772637e+03   4.0900679e-06
   1.8792235e+03   4.0477100e-06
   1.8811832e+03   4.0057908e-06
   1.8831429e+03   3.9643057e-06
   1.8851027e+03   3.9232503e-06
   1.8870624e+03   3.8826200e-06
   1.8890222e+03   3.8424106e-06
   1.8909819e+03   3.8026175e-06
   1.8929417e+03   3.7632366e-06
   1.8949014e+03   3.7242634e-06
   1.8968612e+03   3.6856940e-06
   1.8988209e+03   3.6475239e-06
   1.9007806e+03   3.6097491e-06
   1.9027404e+03   3.5723656e-06
   1.9047001e+03   3.5353692e-06
   1.9066599e+03   3.4987559e-06
   1.9086196e+03   3.4625219e-06
   1.9105794e+03   3.4266630e-06
   1.9125391e+03   3.3911756e-06
   1.9144989e+03   3.3560556e-06
   1.9164586e+03   3.3212994e-06
   1.9184183e+03   3.2869031e-06
   1.9203781e+03   3.2528630e-06
   1.9223378e+03   3.2191755e-06
   1.9242976e+03   3.1858368e-06
   1.9262573e+03   3.1528434e-06
   1.9282171e+03   3.1201917e-06
   1.9301768e+03   3.0878782e-06
   1.9321366e+03   3.0558992e-06
   1.9340963e+03   3.0242515e-06
   1.9360561e+03   2.9929315e-06
   1.9380158e+03   2.9619359e-06
   1.9399755e+03   2.9312613e-06
   1.9419353e+03   2.9009044e-06
   1.9438950e+03   2.8708618e-06
   1.9458548e+03   2.8411304e-06
   1.9478145e+03   2.8117068e-06
   1.9497743e+03   2.7825880e-06
   1.9517340e+03   2.7537708e-06
   1.9536938e+03   2.7252520e-06
   1.9556535e+03   2.6970285e-06
   1.9576132e+03   2.6690974e-06
   1.9595730e+03   2.6414555e-06
   1.9615327e+03   2.6140998e-06
   1.9634925e+03   2.5870275e-06
   1.9654522e+03   2.5602355e-06
   1.9674120e+03   2.5337210e-06
   1.9693717e+03   2.5074811e-06
   1.9713315e+03   2.4815129e-06
   1.9732912e+03   2.4558137e-06
   1.9752509e+03   2.4303806e-06
   1.9772107e+03   2.4052109e-06
   1.9791704e+03   2.3803019e-06
   1.9811302e+03   2.3556509e-06
   1.9830899e+03   2.3312551e-06
   1.9850497e+03   2.3071120e-06
   1.9870094e+03   2.2832189e-06
   1.9889692e+03   2.2595733e-06
   1.9909289e+03   2.2361725e-06
   1.9928886e+03   2.2130141e-06
   1.9948484e+03   2.1900955e-06
   1.9968081e+03   2.1674143e-06
   1.9987679e+03   2.1449679e-06
   2.0007276e+03   2.1227541e-06
   2.0026874e+03   2.1007702e-06
   2.0046471e+03   2.0790141e-06
   2.0066069e+03   2.0574832e-06
   2.0085666e+03   2.0361754e-06
   2.0105264e+03   2.0150882e-06
   2.0124861e+03   1.9942194e-06
   2.0144458e+03   1.9735667e-06
   2.0164056e+03   1.9531279e-06
   2.0183653e+03   1.9329008e-06
   2.0203251e+03   1.9128831e-06
   2.0222848e+03   1.8930728e-06
   2.0242446e+03   1.8734676e-06
   2.0262043e+03   1.8540655e-06
   2.0281641e+03   1.8348642e-06
   2.0301238e+03   1.8158619e-06
   2.0320835e+03   1.7970563e-06
   2.0340433e+03   1.7784455e-06
   2.0360030e+03   1.7600274e-06
   2.0379628e+03   1.7418001e-06
   2.0399225e+03   1.7237616e-06
   2.0418823e+03   1.7059098e-06
   2.0438420e+03   1.6882429e-06
   2.0458018e+03   1.6707590e-06
   2.0477615e+03   1.6534562e-06
   2.0497212e+03   1.6363326e-06
   2.0516810e+03   1.6193862e-06
   2.0536407e+03   1.6026154e-06
   2.0556005e+03   1.5860183e-06
   2.0575602e+03   1.5695931e-06
   2.0595200e+03   1.5533379e-06
   2.0614797e+03   1.5372511e-06
   2.0634395e+03   1.5213309e-06
   2.0653992e+03   1.5055756e-06
   2.0673589e+03   1.4899835e-06
   2.0693187e+03   1.4745528e-06
   2.0712784e+03   1.4592819e-06
   2.0732382e+03   1.4441692e-06
   2.0751979e+03   1.4292130e-06
   2.0771577e+03   1.4144117e-06
   2.0791174e+03   1.3997636e-06
   2.0810772e+03   1.3852673e-06
   2.0830369e+03   1.3709211e-06
   2.0849967e+03   1.3567235e-06
   2.0869564e+03   1.3426729e-06
   2.0889161e+03   1.3287678e-06
   2.0908759e+03   1.3150067e-06
   2.0928356e+03   1.3013881e-06
   2.0947954e+03   1.2879106e-06
   2.0967551e+03   1.2745726e-06
   2.0987149e+03   1.2613728e-06
   2.1006746e+03   1.2483097e-06
   2.1026344e+03   1.2353818e-06
   2.1045941e+03   1.2225879e-06
   2.1065538e+03   1.2099264e-06
   2.1085136e+03   1.1973961e-06
   2.1104733e+03   1.1849955e-06
   2.1124331e+03   1.1727234e-06
   2.1143928e+03   1.1605784e-06
   2.1163526e+03   1.1485591e-06
   2.1183123e+03   1.1366643e-06
   2.1202721e+03   1.1248927e-06
   2.1222318e+03   1.1132430e-06
   2.1241915e+03   1.1017139e-06
   2.1261513e+03   1.0903043e-06
   2.1281110e+03   1.0790128e-06
   2.1300708e+03   1.0678382e-06
   2.1320305e+03   1.0567794e-06
   2.1339903e+03   1.0458351e-06
   2.1359500e+03   1.0350042e-06
   2.1379098e+03   1.0242854e-06
   2.1398695e+03   1.0136776e-06
   2.1418292e+03   1.0031797e-06
   2.1437890e+03   9.9279047e-07
   2.1457487e+03   9.8250886e-07
   2.1477085e+03   9.7233373e-07
   2.1496682e+03   9.6226398e-07
   2.1516280e+03   9.5229851e-07
   2.1535877e+03   9.4243624e-07
   2.1555475e+03   9.3267612e-07
   2.1575072e+03   9.2301707e-07
   2.1594670e+03   9.1345805e-07
   2.1614267e+03   9.0399803e-07
   2.1633864e+03   8.9463598e-07
   2.1653462e+03   8.8537088e-07
   2.1673059e+03   8.7620174e-07
   2.1692657e+03   8.6712755e-07
   2.1712254e+03   8.5814734e-07
   2.1731852e+03   8.4926013e-07
   2.1751449e+03   8.4046496e-07
   2.1771047e+03   8.3176087e-07
   2.1790644e+03   8.2314693e-07
   2.1810241e+03   8.1462220e-07
   2.1829839e+03   8.0618575e-07
   2.1849436e+03   7.9783666e-07
   2.1869034e+03   7.8957405e-07
   2.1888631e+03   7.8139700e-07
   2.1908229e+03   7.7330464e-07
   2.1927826e+03   7.6529609e-07
   2.1947424e+03   7.5737047e-07
   2.1967021e+03   7.4952693e-07
   2.1986618e+03   7.4176463e-07
   2.2006216e+03   7.3408271e-07
   2.2025813e+03   7.2648035e-07
   2.2045411e+03   7.1895672e-07
   2.2065008e+03   7.1151101e-07
   2.2084606e+03   7.0414240e-07
   2.2104203e+03   6.9685011e-07
   2.2123801e+03   6.8963334e-07
   2.2143398e+03   6.8249131e-07
   2.2162995e+03   6.7542324e-07
   2.2182593e+03   6.6842837e-07
   2.2202190e+03   6.6150595e-07
   2.2221788e+03   6.5465521e-07
   2.2241385e+03   6.4787542e-07
   2.2260983e+03   6.4116584e-07
   2.2280580e+03   6.3452576e-07
   2.2300178e+03   6.2795443e-07
   2.2319775e+03   6.2145116e-07
   2.2339373e+03   6.1501525e-07
   2.2358970e+03   6.0864598e-07
   2.2378567e+03   6.0234267e-07
   2.2398165e+03   5.9610465e-07
   2.2417762e+03   5.8993123e-07
   2.2437360e+03   5.8382174e-07
   2.2456957e+03   5.7777552e-07
   2.2476555e+03   5.7179192e-07
   2.2496152e+03   5.6587028e-07
   2.2515750e+03   5.6000997e-07
   2.2535347e+03   5.5421036e-07
   2.2554944e+03   5.4847080e-07
   2.2574542e+03   5.4279069e-07
   2.2594139e+03   5.3716940e-07
   2.2613737e+03   5.3160633e-07
   2.2633334e+03   5.2610087e-07
   2.2652932e+03   5.2065242e-07
   2.2672529e+03   5.1526040e-07
   2.2692127e+03   5.0992422e-07
   2.2711724e+03   5.0464331e-07
   2.2731321e+03   4.9941708e-07
   2.2750919e+03   4.9424498e-07
   2.2770516e+03   4.8912645e-07
   2.2790114e+03   4.8406092e-07
   2.2809711e+03   4.7904785e-07
   2.2829309e+03   4.7408670e-07
   2.2848906e+03   4.6917693e-07
   2.2868504e+03   4.6431800e-07
   2.2888101e+03   4.5950940e-07
   2.2907698e+03   4.5475059e-07
   2.2927296e+03   4.5004107e-07
   2.2946893e+03   4.4538032e-07
   2.2966491e+03   4.4076784e-07
   2.2986088e+03   4.3620313e-07
   2.3005686e+03   4.3168569e-07
   2.3025283e+03   4.2721504e-07
   2.3044881e+03   4.2279068e-07
   2.3064478e+03   4.1841214e-07
   2.3084076e+03   4.1407895e-07
   2.3103673e+03   4.0979064e-07
   2.3123270e+03   4.0554673e-07
   2.3142868e+03   4.0134678e-07
   2.3162465e+03   3.9719032e-07
   2.3182063e+03   3.9307691e-07
   2.3201660e+03   3.8900610e-07
   2.3221258e+03   3.8497744e-07
   2.3240855e+03   3.8099051e-07
   2.3260453e+03   3.7704487e-07
   2.3280050e+03   3.7314009e-07
