   4.2850000e+02   2.7102657e-05
   4.3436507e+02   3.4306895e-05
   4.4023013e+02   4.3093772e-05
   4.4609520e+02   5.3718999e-05
   4.5196026e+02   6.6456801e-05
   4.5782533e+02   8.1595832e-05
   4.6369039e+02   9.9433711e-05
   4.6955546e+02   1.2027014e-04
   4.7542052e+02   1.4439869e-04
   4.8128559e+02   1.7209733e-04
   4.8715065e+02   2.0361802e-04
   4.9301572e+02   2.3917563e-04
   4.9888078e+02   2.7893657e-04
   5.0474585e+02   3.2300773e-04
   5.1061091e+02   3.7142610e-04
   5.1647598e+02   4.2414978e-04
   5.2234104e+02   4.8105081e-04
   5.2820611e+02   5.4191045e-04
   5.3407117e+02   6.0641721e-04
   5.3993624e+02   6.7416808e-04
   5.4580130e+02   7.4467306e-04
   5.5166637e+02   8.1736302e-04
   5.5753143e+02   8.9160077e-04
   5.6339650e+02   9.6669499e-04
   5.6926156e+02   1.0419165e-03
   5.7512663e+02   1.1165164e-03
   5.8099169e+02   1.1897448e-03
   5.8685676e+02   1.2608706e-03
   5.9272182e+02   1.3291995e-03
   5.9858689e+02   1.3940920e-03
   6.0445195e+02   1.4549778e-03
   6.1031702e+02   1.5113688e-03
   6.1618208e+02   1.5628685e-03
   6.2204715e+02   1.6091776e-03
   6.2791221e+02   1.6500966e-03
   6.3377728e+02   1.6855252e-03
   6.3964234e+02   1.7154580e-03
   6.4550741e+02   1.7399774e-03
   6.5137247e+02   1.7592450e-03
   6.5723754e+02   1.7734903e-03
   6.6310260e+02   1.7829990e-03
   6.6896767e+02   1.7881003e-03
   6.7483273e+02   1.7891546e-03
   6.8069780e+02   1.7865411e-03
   6.8656286e+02   1.7806471e-03
   6.9242793e+02   1.7718580e-03
   6.9829299e+02   1.7605487e-03
   7.0415806e+02   1.7470770e-03
   7.1002312e+02   1.7317780e-03
   7.1588819e+02   1.7149605e-03
   7.2175325e+02   1.6969047e-03
   7.2761832e+02   1.6778611e-03
   7.3348338e+02   1.6580503e-03
   7.3934845e+02   1.6376641e-03
   7.4521351e+02   1.6168671e-03
   7.5107858e+02   1.5957986e-03
   7.5694364e+02   1.5745749e-03
   7.6280871e+02   1.5532918e-03
   7.6867377e+02   1.5320274e-03
   7.7453884e+02   1.5108443e-03
   7.8040390e+02   1.4897919e-03
   7.8626897e+02   1.4689085e-03
   7.9213403e+02   1.4482237e-03
   7.9799910e+02   1.4277592e-03
   8.0386416e+02   1.4075312e-03
   8.0972923e+02   1.3875508e-03
   8.1559429e+02   1.3678254e-03
   8.2145936e+02   1.3483599e-03
   8.2732442e+02   1.3291565e-03
   8.3318949e+02   1.3102161e-03
   8.3905455e+02   1.2915381e-03
   8.4491962e+02   1.2731212e-03
   8.5078468e+02   1.2549633e-03
   8.5664975e+02   1.2370619e-03
   8.6251481e+02   1.2194142e-03
   8.6837988e+02   1.2020171e-03
   8.7424494e+02   1.1848675e-03
   8.8011001e+02   1.1679620e-03
   8.8597508e+02   1.1512974e-03
   8.9184014e+02   1.1348703e-03
   8.9770521e+02   1.1186775e-03
   9.0357027e+02   1.1027157e-03
   9.0943534e+02   1.0869816e-03
   9.1530040e+02   1.0714719e-03
   9.2116547e+02   1.0561835e-03
   9.2703053e+02   1.0411132e-03
   9.3289560e+02   1.0262580e-03
   9.3876066e+02   1.0116147e-03
   9.4462573e+02   9.9718035e-04
   9.5049079e+02   9.8295196e-04
   9.5635586e+02   9.6892658e-04
   9.6222092e+02   9.5510133e-04
   9.6808599e+02   9.4147335e-04
   9.7395105e+02   9.2803982e-04
   9.7981612e+02   9.1479796e-04
   9.8568118e+02   9.0174505e-04
   9.9154625e+02   8.8887839e-04
   9.9741131e+02   8.7619531e-04
   1.0032764e+03   8.6369321e-04
   1.0091414e+03   8.5136949e-04
   1.0150065e+03   8.3922162e-04
   1.0208716e+03   8.2724708e-04
   1.0267366e+03   8.1544340e-04
   1.0326017e+03   8.0380814e-04
   1.0384668e+03   7.9233890e-04
   1.0443318e+03   7.8103332e-04
   1.0501969e+03   7.6988904e-04
   1.0560620e+03   7.5890378e-04
   1.0619270e+03   7.4807527e-04
   1.0677921e+03   7.3740126e-04
   1.0736572e+03   7.2687956e-04
   1.0795222e+03   7.1650799e-04
   1.0853873e+03   7.0628440e-04
   1.0912524e+03   6.9620669e-04
   1.0971174e+03   6.8627278e-04
   1.1029825e+03   6.7648061e-04
   1.1088475e+03   6.6682816e-04
   1.1147126e+03   6.5731344e-04
   1.1205777e+03   6.4793448e-04
   1.1264427e+03   6.3868934e-04
   1.1323078e+03   6.2957612e-04
   1.1381729e+03   6.2059293e-04
   1.1440379e+03   6.1173793e-04
   1.1499030e+03   6.0300927e-04
   1.1557681e+03   5.9440515e-04
   1.1616331e+03   5.8592381e-04
   1.1674982e+03   5.7756348e-04
   1.1733633e+03   5.6932244e-04
   1.1792283e+03   5.6119899e-04
   1.1850934e+03   5.5319145e-04
   1.1909585e+03   5.4529817e-04
   1.1968235e+03   5.3751751e-04
   1.2026886e+03   5.2984788e-04
   1.2085537e+03   5.2228767e-04
   1.2144187e+03   5.1483535e-04
   1.2202838e+03   5.0748935e-04
   1.2261488e+03   5.0024818e-04
   1.2320139e+03   4.9311032e-04
   1.2378790e+03   4.8607431e-04
   1.2437440e+03   4.7913870e-04
   1.2496091e+03   4.7230205e-04
   1.2554742e+03   4.6556295e-04
   1.2613392e+03   4.5892000e-04
   1.2672043e+03   4.5237185e-04
   1.2730694e+03   4.4591712e-04
   1.2789344e+03   4.3955450e-04
   1.2847995e+03   4.3328266e-04
   1.2906646e+03   4.2710031e-04
   1.2965296e+03   4.2100617e-04
   1.3023947e+03   4.1499899e-04
   1.3082598e+03   4.0907753e-04
   1.3141248e+03   4.0324055e-04
   1.3199899e+03   3.9748686e-04
   1.3258550e+03   3.9181527e-04
   1.3317200e+03   3.8622461e-04
   1.3375851e+03   3.8071371e-04
   1.3434502e+03   3.7528145e-04
   1.3493152e+03   3.6992670e-04
   1.3551803e+03   3.6464835e-04
   1.3610453e+03   3.5944532e-04
   1.3669104e+03   3.5431653e-04
   1.3727755e+03   3.4926092e-04
   1.3786405e+03   3.4427745e-04
   1.3845056e+03   3.3936508e-04
   1.3903707e+03   3.3452281e-04
   1.3962357e+03   3.2974963e-04
   1.4021008e+03   3.2504455e-04
   1.4079659e+03   3.2040661e-04
   1.4138309e+03   3.1583485e-04
   1.4196960e+03   3.1132832e-04
   1.4255611e+03   3.0688609e-04
   1.4314261e+03   3.0250725e-04
   1.4372912e+03   2.9819089e-04
   1.4431563e+03   2.9393611e-04
   1.4490213e+03   2.8974205e-04
   1.4548864e+03   2.8560783e-04
   1.4607515e+03   2.8153259e-04
   1.4666165e+03   2.7751551e-04
   1.4724816e+03   2.7355575e-04
   1.4783466e+03   2.6965248e-04
   1.4842117e+03   2.6580491e-04
   1.4900768e+03   2.6201224e-04
   1.4959418e+03   2.5827368e-04
   1.5018069e+03   2.5458847e-04
   1.5076720e+03   2.5095585e-04
   1.5135370e+03   2.4737505e-04
   1.5194021e+03   2.4384535e-04
   1.5252672e+03   2.4036601e-04
   1.5311322e+03   2.3693632e-04
   1.5369973e+03   2.3355556e-04
   1.5428624e+03   2.3022304e-04
   1.5487274e+03   2.2693808e-04
   1.5545925e+03   2.2369998e-04
   1.5604576e+03   2.2050809e-04
   1.5663226e+03   2.1736174e-04
   1.5721877e+03   2.1426029e-04
   1.5780528e+03   2.1120309e-04
   1.5839178e+03   2.0818951e-04
   1.5897829e+03   2.0521893e-04
   1.5956479e+03   2.0229074e-04
   1.6015130e+03   1.9940433e-04
   1.6073781e+03   1.9655910e-04
   1.6132431e+03   1.9375447e-04
   1.6191082e+03   1.9098986e-04
   1.6249733e+03   1.8826470e-04
   1.6308383e+03   1.8557842e-04
   1.6367034e+03   1.8293047e-04
   1.6425685e+03   1.8032031e-04
   1.6484335e+03   1.7774738e-04
   1.6542986e+03   1.7521117e-04
   1.6601637e+03   1.7271115e-04
   1.6660287e+03   1.7024680e-04
   1.6718938e+03   1.6781761e-04
   1.6777589e+03   1.6542308e-04
   1.6836239e+03   1.6306272e-04
   1.6894890e+03   1.6073604e-04
   1.6953541e+03   1.5844256e-04
   1.7012191e+03   1.5618180e-04
   1.7070842e+03   1.5395330e-04
   1.7129492e+03   1.5175660e-04
   1.7188143e+03   1.4959124e-04
   1.7246794e+03   1.4745678e-04
   1.7305444e+03   1.4535277e-04
   1.7364095e+03   1.4327879e-04
   1.7422746e+03   1.4123440e-04
   1.7481396e+03   1.3921918e-04
   1.7540047e+03   1.3723271e-04
   1.7598698e+03   1.3527459e-04
   1.7657348e+03   1.3334441e-04
   1.7715999e+03   1.3144176e-04
   1.7774650e+03   1.2956627e-04
   1.7833300e+03   1.2771754e-04
   1.7891951e+03   1.2589518e-04
   1.7950602e+03   1.2409883e-04
   1.8009252e+03   1.2232811e-04
   1.8067903e+03   1.2058266e-04
   1.8126554e+03   1.1886211e-04
   1.8185204e+03   1.1716611e-04
   1.8243855e+03   1.1549431e-04
   1.8302506e+03   1.1384637e-04
   1.8361156e+03   1.1222193e-04
   1.8419807e+03   1.1062068e-04
   1.8478457e+03   1.0904228e-04
   1.8537108e+03   1.0748639e-04
   1.8595759e+03   1.0595271e-04
   1.8654409e+03   1.0444091e-04
   1.8713060e+03   1.0295068e-04
   1.8771711e+03   1.0148172e-04
   1.8830361e+03   1.0003371e-04
   1.8889012e+03   9.8606368e-05
   1.8947663e+03   9.7199391e-05
   1.9006313e+03   9.5812489e-05
   1.9064964e+03   9.4445376e-05
   1.9123615e+03   9.3097770e-05
   1.9182265e+03   9.1769393e-05
   1.9240916e+03   9.0459970e-05
   1.9299567e+03   8.9169230e-05
   1.9358217e+03   8.7896908e-05
   1.9416868e+03   8.6642739e-05
   1.9475519e+03   8.5406467e-05
   1.9534169e+03   8.4187834e-05
   1.9592820e+03   8.2986589e-05
   1.9651470e+03   8.1802484e-05
   1.9710121e+03   8.0635275e-05
   1.9768772e+03   7.9484720e-05
   1.9827422e+03   7.8350583e-05
   1.9886073e+03   7.7232627e-05
   1.9944724e+03   7.6130624e-05
   2.0003374e+03   7.5044344e-05
   2.0062025e+03   7.3973565e-05
   2.0120676e+03   7.2918063e-05
   2.0179326e+03   7.1877623e-05
   2.0237977e+03   7.0852028e-05
   2.0296628e+03   6.9841067e-05
   2.0355278e+03   6.8844530e-05
   2.0413929e+03   6.7862214e-05
   2.0472580e+03   6.6893913e-05
   2.0531230e+03   6.5939429e-05
   2.0589881e+03   6.4998564e-05
   2.0648532e+03   6.4071123e-05
   2.0707182e+03   6.3156916e-05
   2.0765833e+03   6.2255754e-05
   2.0824483e+03   6.1367450e-05
   2.0883134e+03   6.0491821e-05
   2.0941785e+03   5.9628685e-05
   2.1000435e+03   5.8777866e-05
   2.1059086e+03   5.7939186e-05
   2.1117737e+03   5.7112474e-05
   2.1176387e+03   5.6297557e-05
   2.1235038e+03   5.5494268e-05
   2.1293689e+03   5.4702441e-05
   2.1352339e+03   5.3921913e-05
   2.1410990e+03   5.3152521e-05
   2.1469641e+03   5.2394108e-05
   2.1528291e+03   5.1646516e-05
   2.1586942e+03   5.0909591e-05
   2.1645593e+03   5.0183181e-05
   2.1704243e+03   4.9467136e-05
   2.1762894e+03   4.8761308e-05
   2.1821545e+03   4.8065551e-05
   2.1880195e+03   4.7379721e-05
   2.1938846e+03   4.6703678e-05
   2.1997496e+03   4.6037280e-05
   2.2056147e+03   4.5380392e-05
   2.2114798e+03   4.4732876e-05
   2.2173448e+03   4.4094599e-05
   2.2232099e+03   4.3465430e-05
   2.2290750e+03   4.2845238e-05
   2.2349400e+03   4.2233895e-05
   2.2408051e+03   4.1631275e-05
   2.2466702e+03   4.1037254e-05
   2.2525352e+03   4.0451709e-05
   2.2584003e+03   3.9874518e-05
   2.2642654e+03   3.9305564e-05
   2.2701304e+03   3.8744727e-05
   2.2759955e+03   3.8191893e-05
   2.2818606e+03   3.7646947e-05
   2.2877256e+03   3.7109777e-05
   2.2935907e+03   3.6580272e-05
   2.2994558e+03   3.6058321e-05
   2.3053208e+03   3.5543819e-05
   2.3111859e+03   3.5036657e-05
   2.3170510e+03   3.4536732e-05
   2.3229160e+03   3.4043940e-05
   2.3287811e+03   3.3558180e-05
   2.3346461e+03   3.3079351e-05
   2.3405112e+03   3.2607354e-05
   2.3463763e+03   3.2142092e-05
   2.3522413e+03   3.1683468e-05
   2.3581064e+03   3.1231389e-05
   2.3639715e+03   3.0785760e-05
   2.3698365e+03   3.0346489e-05
   2.3757016e+03   2.9913487e-05
   2.3815667e+03   2.9486662e-05
   2.3874317e+03   2.9065928e-05
   2.3932968e+03   2.8651197e-05
   2.3991619e+03   2.8242384e-05
   2.4050269e+03   2.7839404e-05
   2.4108920e+03   2.7442174e-05
   2.4167571e+03   2.7050612e-05
   2.4226221e+03   2.6664637e-05
   2.4284872e+03   2.6284169e-05
   2.4343523e+03   2.5909130e-05
   2.4402173e+03   2.5539442e-05
   2.4460824e+03   2.5175029e-05
   2.4519474e+03   2.4815816e-05
   2.4578125e+03   2.4461729e-05
   2.4636776e+03   2.4112693e-05
   2.4695426e+03   2.3768638e-05
   2.4754077e+03   2.3429492e-05
   2.4812728e+03   2.3095186e-05
   2.4871378e+03   2.2765649e-05
   2.4930029e+03   2.2440815e-05
   2.4988680e+03   2.2120615e-05
   2.5047330e+03   2.1804984e-05
   2.5105981e+03   2.1493857e-05
   2.5164632e+03   2.1187169e-05
   2.5223282e+03   2.0884857e-05
   2.5281933e+03   2.0586859e-05
   2.5340584e+03   2.0293113e-05
   2.5399234e+03   2.0003558e-05
   2.5457885e+03   1.9718135e-05
   2.5516536e+03   1.9436784e-05
   2.5575186e+03   1.9159448e-05
   2.5633837e+03   1.8886069e-05
   2.5692487e+03   1.8616591e-05
   2.5751138e+03   1.8350957e-05
   2.5809789e+03   1.8089114e-05
   2.5868439e+03   1.7831008e-05
   2.5927090e+03   1.7576584e-05
   2.5985741e+03   1.7325790e-05
   2.6044391e+03   1.7078575e-05
   2.6103042e+03   1.6834887e-05
   2.6161693e+03   1.6594676e-05
   2.6220343e+03   1.6357893e-05
   2.6278994e+03   1.6124488e-05
   2.6337645e+03   1.5894414e-05
   2.6396295e+03   1.5667622e-05
   2.6454946e+03   1.5444067e-05
   2.6513597e+03   1.5223701e-05
   2.6572247e+03   1.5006480e-05
   2.6630898e+03   1.4792358e-05
   2.6689549e+03   1.4581292e-05
   2.6748199e+03   1.4373237e-05
   2.6806850e+03   1.4168150e-05
   2.6865501e+03   1.3965990e-05
   2.6924151e+03   1.3766715e-05
   2.6982802e+03   1.3570283e-05
   2.7041452e+03   1.3376653e-05
   2.7100103e+03   1.3185787e-05
   2.7158754e+03   1.2997644e-05
   2.7217404e+03   1.2812185e-05
   2.7276055e+03   1.2629373e-05
   2.7334706e+03   1.2449169e-05
   2.7393356e+03   1.2271537e-05
   2.7452007e+03   1.2096439e-05
   2.7510658e+03   1.1923839e-05
   2.7569308e+03   1.1753702e-05
   2.7627959e+03   1.1585993e-05
   2.7686610e+03   1.1420677e-05
   2.7745260e+03   1.1257719e-05
   2.7803911e+03   1.1097087e-05
   2.7862562e+03   1.0938747e-05
   2.7921212e+03   1.0782666e-05
   2.7979863e+03   1.0628812e-05
   2.8038514e+03   1.0477154e-05
   2.8097164e+03   1.0327659e-05
   2.8155815e+03   1.0180298e-05
   2.8214465e+03   1.0035039e-05
   2.8273116e+03   9.8918525e-06
   2.8331767e+03   9.7507094e-06
   2.8390417e+03   9.6115801e-06
   2.8449068e+03   9.4744361e-06
   2.8507719e+03   9.3392489e-06
   2.8566369e+03   9.2059906e-06
   2.8625020e+03   9.0746338e-06
   2.8683671e+03   8.9451512e-06
   2.8742321e+03   8.8175162e-06
   2.8800972e+03   8.6917024e-06
   2.8859623e+03   8.5676837e-06
   2.8918273e+03   8.4454346e-06
   2.8976924e+03   8.3249299e-06
   2.9035575e+03   8.2061445e-06
   2.9094225e+03   8.0890541e-06
   2.9152876e+03   7.9736344e-06
   2.9211527e+03   7.8598616e-06
   2.9270177e+03   7.7477122e-06
   2.9328828e+03   7.6371630e-06
   2.9387478e+03   7.5281911e-06
   2.9446129e+03   7.4207742e-06
   2.9504780e+03   7.3148899e-06
   2.9563430e+03   7.2105165e-06
   2.9622081e+03   7.1076323e-06
   2.9680732e+03   7.0062162e-06
   2.9739382e+03   6.9062471e-06
   2.9798033e+03   6.8077044e-06
   2.9856684e+03   6.7105678e-06
   2.9915334e+03   6.6148172e-06
   2.9973985e+03   6.5204329e-06
   3.0032636e+03   6.4273953e-06
   3.0091286e+03   6.3356852e-06
   3.0149937e+03   6.2452836e-06
   3.0208588e+03   6.1561720e-06
   3.0267238e+03   6.0683319e-06
   3.0325889e+03   5.9817451e-06
   3.0384540e+03   5.8963938e-06
   3.0443190e+03   5.8122604e-06
   3.0501841e+03   5.7293274e-06
   3.0560491e+03   5.6475778e-06
   3.0619142e+03   5.5669946e-06
   3.0677793e+03   5.4875612e-06
   3.0736443e+03   5.4092613e-06
   3.0795094e+03   5.3320785e-06
   3.0853745e+03   5.2559971e-06
   3.0912395e+03   5.1810012e-06
   3.0971046e+03   5.1070755e-06
   3.1029697e+03   5.0342045e-06
   3.1088347e+03   4.9623733e-06
   3.1146998e+03   4.8915671e-06
   3.1205649e+03   4.8217711e-06
   3.1264299e+03   4.7529711e-06
   3.1322950e+03   4.6851527e-06
   3.1381601e+03   4.6183020e-06
   3.1440251e+03   4.5524052e-06
   3.1498902e+03   4.4874486e-06
   3.1557553e+03   4.4234189e-06
   3.1616203e+03   4.3603028e-06
   3.1674854e+03   4.2980872e-06
   3.1733505e+03   4.2367594e-06
   3.1792155e+03   4.1763067e-06
   3.1850806e+03   4.1167165e-06
   3.1909456e+03   4.0579766e-06
   3.1968107e+03   4.0000749e-06
   3.2026758e+03   3.9429993e-06
   3.2085408e+03   3.8867381e-06
   3.2144059e+03   3.8312797e-06
   3.2202710e+03   3.7766126e-06
   3.2261360e+03   3.7227255e-06
   3.2320011e+03   3.6696073e-06
   3.2378662e+03   3.6172471e-06
   3.2437312e+03   3.5656339e-06
   3.2495963e+03   3.5147572e-06
   3.2554614e+03   3.4646065e-06
   3.2613264e+03   3.4151713e-06
   3.2671915e+03   3.3664415e-06
   3.2730566e+03   3.3184070e-06
   3.2789216e+03   3.2710579e-06
   3.2847867e+03   3.2243844e-06
   3.2906518e+03   3.1783768e-06
   3.2965168e+03   3.1330258e-06
   3.3023819e+03   3.0883218e-06
   3.3082469e+03   3.0442557e-06
   3.3141120e+03   3.0008183e-06
   3.3199771e+03   2.9580008e-06
   3.3258421e+03   2.9157942e-06
   3.3317072e+03   2.8741898e-06
   3.3375723e+03   2.8331791e-06
   3.3434373e+03   2.7927535e-06
   3.3493024e+03   2.7529047e-06
   3.3551675e+03   2.7136245e-06
   3.3610325e+03   2.6749049e-06
   3.3668976e+03   2.6367376e-06
   3.3727627e+03   2.5991150e-06
   3.3786277e+03   2.5620292e-06
   3.3844928e+03   2.5254726e-06
   3.3903579e+03   2.4894375e-06
   3.3962229e+03   2.4539167e-06
   3.4020880e+03   2.4189027e-06
   3.4079531e+03   2.3843882e-06
   3.4138181e+03   2.3503663e-06
   3.4196832e+03   2.3168298e-06
   3.4255482e+03   2.2837718e-06
   3.4314133e+03   2.2511855e-06
   3.4372784e+03   2.2190642e-06
   3.4431434e+03   2.1874012e-06
   3.4490085e+03   2.1561900e-06
   3.4548736e+03   2.1254241e-06
   3.4607386e+03   2.0950972e-06
   3.4666037e+03   2.0652031e-06
   3.4724688e+03   2.0357355e-06
   3.4783338e+03   2.0066883e-06
   3.4841989e+03   1.9780556e-06
   3.4900640e+03   1.9498315e-06
   3.4959290e+03   1.9220101e-06
   3.5017941e+03   1.8945856e-06
   3.5076592e+03   1.8675525e-06
   3.5135242e+03   1.8409051e-06
   3.5193893e+03   1.8146379e-06
   3.5252544e+03   1.7887455e-06
   3.5311194e+03   1.7632226e-06
   3.5369845e+03   1.7380638e-06
   3.5428495e+03   1.7132640e-06
   3.5487146e+03   1.6888181e-06
   3.5545797e+03   1.6647210e-06
   3.5604447e+03   1.6409677e-06
   3.5663098e+03   1.6175533e-06
   3.5721749e+03   1.5944731e-06
   3.5780399e+03   1.5717221e-06
   3.5839050e+03   1.5492958e-06
   3.5897701e+03   1.5271895e-06
   3.5956351e+03   1.5053986e-06
   3.6015002e+03   1.4839186e-06
   3.6073653e+03   1.4627451e-06
   3.6132303e+03   1.4418738e-06
   3.6190954e+03   1.4213002e-06
   3.6249605e+03   1.4010202e-06
   3.6308255e+03   1.3810296e-06
   3.6366906e+03   1.3613242e-06
   3.6425557e+03   1.3419000e-06
   3.6484207e+03   1.3227529e-06
   3.6542858e+03   1.3038790e-06
   3.6601509e+03   1.2852745e-06
   3.6660159e+03   1.2669354e-06
   3.6718810e+03   1.2488579e-06
   3.6777460e+03   1.2310384e-06
   3.6836111e+03   1.2134732e-06
   3.6894762e+03   1.1961586e-06
   3.6953412e+03   1.1790911e-06
   3.7012063e+03   1.1622671e-06
   3.7070714e+03   1.1456831e-06
   3.7129364e+03   1.1293358e-06
   3.7188015e+03   1.1132217e-06
   3.7246666e+03   1.0973376e-06
   3.7305316e+03   1.0816801e-06
   3.7363967e+03   1.0662460e-06
   3.7422618e+03   1.0510321e-06
   3.7481268e+03   1.0360353e-06
   3.7539919e+03   1.0212525e-06
   3.7598570e+03   1.0066807e-06
   3.7657220e+03   9.9231671e-07
   3.7715871e+03   9.7815771e-07
   3.7774522e+03   9.6420074e-07
   3.7833172e+03   9.5044292e-07
   3.7891823e+03   9.3688141e-07
   3.7950473e+03   9.2351339e-07
   3.8009124e+03   9.1033613e-07
   3.8067775e+03   8.9734688e-07
   3.8126425e+03   8.8454297e-07
   3.8185076e+03   8.7192176e-07
   3.8243727e+03   8.5948063e-07
   3.8302377e+03   8.4721702e-07
   3.8361028e+03   8.3512840e-07
   3.8419679e+03   8.2321226e-07
   3.8478329e+03   8.1146616e-07
   3.8536980e+03   7.9988765e-07
   3.8595631e+03   7.8847435e-07
   3.8654281e+03   7.7722390e-07
   3.8712932e+03   7.6613399e-07
   3.8771583e+03   7.5520231e-07
   3.8830233e+03   7.4442661e-07
   3.8888884e+03   7.3380466e-07
   3.8947535e+03   7.2333428e-07
   3.9006185e+03   7.1301329e-07
   3.9064836e+03   7.0283957e-07
   3.9123486e+03   6.9281101e-07
   3.9182137e+03   6.8292555e-07
   3.9240788e+03   6.7318114e-07
   3.9299438e+03   6.6357577e-07
   3.9358089e+03   6.5410746e-07
   3.9416740e+03   6.4477424e-07
   3.9475390e+03   6.3557420e-07
   3.9534041e+03   6.2650543e-07
   3.9592692e+03   6.1756605e-07
   3.9651342e+03   6.0875423e-07
   3.9709993e+03   6.0006815e-07
   3.9768644e+03   5.9150600e-07
   3.9827294e+03   5.8306602e-07
   3.9885945e+03   5.7474647e-07
   3.9944596e+03   5.6654563e-07
   4.0003246e+03   5.5846180e-07
   4.0061897e+03   5.5049332e-07
   4.0120548e+03   5.4263853e-07
   4.0179198e+03   5.3489582e-07
   4.0237849e+03   5.2726360e-07
   4.0296499e+03   5.1974027e-07
   4.0355150e+03   5.1232429e-07
   4.0413801e+03   5.0501412e-07
   4.0472451e+03   4.9780827e-07
   4.0531102e+03   4.9070523e-07
   4.0589753e+03   4.8370354e-07
   4.0648403e+03   4.7680175e-07
   4.0707054e+03   4.6999844e-07
   4.0765705e+03   4.6329221e-07
   4.0824355e+03   4.5668167e-07
   4.0883006e+03   4.5016545e-07
   4.0941657e+03   4.4374221e-07
   4.1000307e+03   4.3741061e-07
   4.1058958e+03   4.3116936e-07
   4.1117609e+03   4.2501717e-07
   4.1176259e+03   4.1895276e-07
   4.1234910e+03   4.1297488e-07
   4.1293561e+03   4.0708229e-07
   4.1352211e+03   4.0127379e-07
   4.1410862e+03   3.9554816e-07
   4.1469513e+03   3.8990423e-07
   4.1528163e+03   3.8434083e-07
   4.1586814e+03   3.7885682e-07
   4.1645464e+03   3.7345105e-07
   4.1704115e+03   3.6812242e-07
   4.1762766e+03   3.6286982e-07
   4.1821416e+03   3.5769216e-07
   4.1880067e+03   3.5258839e-07
   4.1938718e+03   3.4755744e-07
   4.1997368e+03   3.4259827e-07
   4.2056019e+03   3.3770986e-07
   4.2114670e+03   3.3289120e-07
   4.2173320e+03   3.2814130e-07
   4.2231971e+03   3.2345918e-07
   4.2290622e+03   3.1884386e-07
   4.2349272e+03   3.1429440e-07
   4.2407923e+03   3.0980985e-07
   4.2466574e+03   3.0538929e-07
   4.2525224e+03   3.0103180e-07
   4.2583875e+03   2.9673649e-07
   4.2642526e+03   2.9250247e-07
   4.2701176e+03   2.8832886e-07
   4.2759827e+03   2.8421480e-07
   4.2818477e+03   2.8015945e-07
   4.2877128e+03   2.7616196e-07
   4.2935779e+03   2.7222150e-07
   4.2994429e+03   2.6833728e-07
   4.3053080e+03   2.6450847e-07
   4.3111731e+03   2.6073430e-07
   4.3170381e+03   2.5701398e-07
   4.3229032e+03   2.5334674e-07
   4.3287683e+03   2.4973183e-07
   4.3346333e+03   2.4616850e-07
   4.3404984e+03   2.4265602e-07
   4.3463635e+03   2.3919365e-07
   4.3522285e+03   2.3578068e-07
   4.3580936e+03   2.3241642e-07
   4.3639587e+03   2.2910015e-07
   4.3698237e+03   2.2583121e-07
   4.3756888e+03   2.2260891e-07
   4.3815539e+03   2.1943258e-07
   4.3874189e+03   2.1630158e-07
   4.3932840e+03   2.1321526e-07
   4.3991490e+03   2.1017297e-07
   4.4050141e+03   2.0717409e-07
   4.4108792e+03   2.0421800e-07
   4.4167442e+03   2.0130409e-07
   4.4226093e+03   1.9843175e-07
   4.4284744e+03   1.9560041e-07
   4.4343394e+03   1.9280946e-07
   4.4402045e+03   1.9005833e-07
   4.4460696e+03   1.8734646e-07
   4.4519346e+03   1.8467328e-07
   4.4577997e+03   1.8203825e-07
   4.4636648e+03   1.7944081e-07
   4.4695298e+03   1.7688044e-07
   4.4753949e+03   1.7435660e-07
   4.4812600e+03   1.7186877e-07
   4.4871250e+03   1.6941644e-07
   4.4929901e+03   1.6699910e-07
   4.4988552e+03   1.6461625e-07
   4.5047202e+03   1.6226740e-07
   4.5105853e+03   1.5995207e-07
   4.5164504e+03   1.5766977e-07
   4.5223154e+03   1.5542004e-07
   4.5281805e+03   1.5320241e-07
   4.5340455e+03   1.5101642e-07
   4.5399106e+03   1.4886163e-07
   4.5457757e+03   1.4673757e-07
   4.5516407e+03   1.4464383e-07
   4.5575058e+03   1.4257996e-07
   4.5633709e+03   1.4054554e-07
   4.5692359e+03   1.3854015e-07
   4.5751010e+03   1.3656337e-07
   4.5809661e+03   1.3461480e-07
   4.5868311e+03   1.3269403e-07
   4.5926962e+03   1.3080067e-07
   4.5985613e+03   1.2893432e-07
   4.6044263e+03   1.2709461e-07
   4.6102914e+03   1.2528114e-07
   4.6161565e+03   1.2349355e-07
   4.6220215e+03   1.2173147e-07
   4.6278866e+03   1.1999453e-07
   4.6337517e+03   1.1828237e-07
   4.6396167e+03   1.1659464e-07
   4.6454818e+03   1.1493100e-07
   4.6513468e+03   1.1329109e-07
   4.6572119e+03   1.1167458e-07
   4.6630770e+03   1.1008114e-07
   4.6689420e+03   1.0851043e-07
   4.6748071e+03   1.0696214e-07
   4.6806722e+03   1.0543594e-07
   4.6865372e+03   1.0393151e-07
   4.6924023e+03   1.0244855e-07
   4.6982674e+03   1.0098675e-07
   4.7041324e+03   9.9545807e-08
   4.7099975e+03   9.8125425e-08
   4.7158626e+03   9.6725310e-08
   4.7217276e+03   9.5345173e-08
   4.7275927e+03   9.3984728e-08
   4.7334578e+03   9.2643695e-08
   4.7393228e+03   9.1321797e-08
   4.7451879e+03   9.0018760e-08
   4.7510530e+03   8.8734316e-08
   4.7569180e+03   8.7468199e-08
   4.7627831e+03   8.6220148e-08
   4.7686481e+03   8.4989905e-08
   4.7745132e+03   8.3777216e-08
   4.7803783e+03   8.2581830e-08
   4.7862433e+03   8.1403501e-08
   4.7921084e+03   8.0241984e-08
   4.7979735e+03   7.9097042e-08
   4.8038385e+03   7.7968435e-08
   4.8097036e+03   7.6855933e-08
   4.8155687e+03   7.5759304e-08
   4.8214337e+03   7.4678323e-08
   4.8272988e+03   7.3612766e-08
   4.8331639e+03   7.2562413e-08
   4.8390289e+03   7.1527047e-08
   4.8448940e+03   7.0506454e-08
   4.8507591e+03   6.9500424e-08
   4.8566241e+03   6.8508748e-08
   4.8624892e+03   6.7531222e-08
   4.8683543e+03   6.6567645e-08
   4.8742193e+03   6.5617816e-08
   4.8800844e+03   6.4681540e-08
   4.8859494e+03   6.3758623e-08
   4.8918145e+03   6.2848875e-08
   4.8976796e+03   6.1952108e-08
   4.9035446e+03   6.1068136e-08
   4.9094097e+03   6.0196778e-08
   4.9152748e+03   5.9337852e-08
   4.9211398e+03   5.8491183e-08
   4.9270049e+03   5.7656594e-08
   4.9328700e+03   5.6833913e-08
   4.9387350e+03   5.6022971e-08
   4.9446001e+03   5.5223601e-08
   4.9504652e+03   5.4435636e-08
   4.9563302e+03   5.3658914e-08
   4.9621953e+03   5.2893275e-08
   4.9680604e+03   5.2138560e-08
   4.9739254e+03   5.1394615e-08
   4.9797905e+03   5.0661284e-08
   4.9856556e+03   4.9938417e-08
   4.9915206e+03   4.9225865e-08
   4.9973857e+03   4.8523479e-08
   5.0032508e+03   4.7831116e-08
   5.0091158e+03   4.7148631e-08
   5.0149809e+03   4.6475885e-08
   5.0208459e+03   4.5812738e-08
   5.0267110e+03   4.5159053e-08
   5.0325761e+03   4.4514696e-08
   5.0384411e+03   4.3879532e-08
   5.0443062e+03   4.3253431e-08
   5.0501713e+03   4.2636264e-08
   5.0560363e+03   4.2027903e-08
   5.0619014e+03   4.1428223e-08
   5.0677665e+03   4.0837099e-08
   5.0736315e+03   4.0254410e-08
   5.0794966e+03   3.9680034e-08
   5.0853617e+03   3.9113855e-08
   5.0912267e+03   3.8555754e-08
   5.0970918e+03   3.8005616e-08
   5.1029569e+03   3.7463328e-08
   5.1088219e+03   3.6928778e-08
   5.1146870e+03   3.6401855e-08
   5.1205521e+03   3.5882451e-08
   5.1264171e+03   3.5370457e-08
   5.1322822e+03   3.4865769e-08
   5.1381472e+03   3.4368283e-08
   5.1440123e+03   3.3877895e-08
   5.1498774e+03   3.3394504e-08
   5.1557424e+03   3.2918010e-08
   5.1616075e+03   3.2448315e-08
   5.1674726e+03   3.1985322e-08
   5.1733376e+03   3.1528935e-08
   5.1792027e+03   3.1079061e-08
   5.1850678e+03   3.0635605e-08
   5.1909328e+03   3.0198477e-08
   5.1967979e+03   2.9767587e-08
   5.2026630e+03   2.9342844e-08
   5.2085280e+03   2.8924162e-08
   5.2143931e+03   2.8511454e-08
   5.2202582e+03   2.8104634e-08
   5.2261232e+03   2.7703620e-08
   5.2319883e+03   2.7308327e-08
   5.2378534e+03   2.6918675e-08
   5.2437184e+03   2.6534582e-08
   5.2495835e+03   2.6155970e-08
   5.2554485e+03   2.5782761e-08
   5.2613136e+03   2.5414876e-08
   5.2671787e+03   2.5052241e-08
   5.2730437e+03   2.4694780e-08
   5.2789088e+03   2.4342419e-08
   5.2847739e+03   2.3995086e-08
   5.2906389e+03   2.3652709e-08
   5.2965040e+03   2.3315217e-08
   5.3023691e+03   2.2982541e-08
   5.3082341e+03   2.2654612e-08
   5.3140992e+03   2.2331362e-08
   5.3199643e+03   2.2012724e-08
   5.3258293e+03   2.1698633e-08
   5.3316944e+03   2.1389023e-08
   5.3375595e+03   2.1083831e-08
   5.3434245e+03   2.0782994e-08
   5.3492896e+03   2.0486449e-08
   5.3551547e+03   2.0194135e-08
   5.3610197e+03   1.9905993e-08
   5.3668848e+03   1.9621962e-08
   5.3727498e+03   1.9341983e-08
   5.3786149e+03   1.9066000e-08
   5.3844800e+03   1.8793954e-08
   5.3903450e+03   1.8525790e-08
   5.3962101e+03   1.8261452e-08
   5.4020752e+03   1.8000887e-08
   5.4079402e+03   1.7744039e-08
   5.4138053e+03   1.7490856e-08
   5.4196704e+03   1.7241285e-08
   5.4255354e+03   1.6995276e-08
   5.4314005e+03   1.6752776e-08
   5.4372656e+03   1.6513737e-08
   5.4431306e+03   1.6278109e-08
   5.4489957e+03   1.6045843e-08
   5.4548608e+03   1.5816891e-08
   5.4607258e+03   1.5591205e-08
   5.4665909e+03   1.5368740e-08
   5.4724560e+03   1.5149449e-08
   5.4783210e+03   1.4933287e-08
   5.4841861e+03   1.4720210e-08
   5.4900512e+03   1.4510173e-08
   5.4959162e+03   1.4303133e-08
   5.5017813e+03   1.4099046e-08
   5.5076463e+03   1.3897872e-08
   5.5135114e+03   1.3699569e-08
   5.5193765e+03   1.3504095e-08
   5.5252415e+03   1.3311410e-08
   5.5311066e+03   1.3121474e-08
   5.5369717e+03   1.2934249e-08
   5.5428367e+03   1.2749695e-08
   5.5487018e+03   1.2567774e-08
   5.5545669e+03   1.2388450e-08
   5.5604319e+03   1.2211683e-08
   5.5662970e+03   1.2037439e-08
   5.5721621e+03   1.1865682e-08
   5.5780271e+03   1.1696375e-08
   5.5838922e+03   1.1529483e-08
   5.5897573e+03   1.1364974e-08
   5.5956223e+03   1.1202811e-08
   5.6014874e+03   1.1042962e-08
   5.6073525e+03   1.0885394e-08
   5.6132175e+03   1.0730075e-08
   5.6190826e+03   1.0576971e-08
   5.6249476e+03   1.0426052e-08
   5.6308127e+03   1.0277287e-08
   5.6366778e+03   1.0130644e-08
   5.6425428e+03   9.9860938e-09
   5.6484079e+03   9.8436060e-09
   5.6542730e+03   9.7031513e-09
   5.6601380e+03   9.5647006e-09
   5.6660031e+03   9.4282255e-09
   5.6718682e+03   9.2936976e-09
   5.6777332e+03   9.1610893e-09
   5.6835983e+03   9.0303732e-09
   5.6894634e+03   8.9015221e-09
   5.6953284e+03   8.7745096e-09
   5.7011935e+03   8.6493094e-09
   5.7070586e+03   8.5258957e-09
   5.7129236e+03   8.4042428e-09
   5.7187887e+03   8.2843258e-09
   5.7246538e+03   8.1661199e-09
   5.7305188e+03   8.0496006e-09
   5.7363839e+03   7.9347438e-09
   5.7422489e+03   7.8215259e-09
   5.7481140e+03   7.7099235e-09
   5.7539791e+03   7.5999135e-09
   5.7598441e+03   7.4914731e-09
   5.7657092e+03   7.3845801e-09
   5.7715743e+03   7.2792123e-09
   5.7774393e+03   7.1753479e-09
   5.7833044e+03   7.0729656e-09
   5.7891695e+03   6.9720441e-09
   5.7950345e+03   6.8725626e-09
   5.8008996e+03   6.7745005e-09
   5.8067647e+03   6.6778377e-09
   5.8126297e+03   6.5825541e-09
   5.8184948e+03   6.4886301e-09
   5.8243599e+03   6.3960463e-09
   5.8302249e+03   6.3047835e-09
   5.8360900e+03   6.2148229e-09
   5.8419551e+03   6.1261459e-09
   5.8478201e+03   6.0387342e-09
   5.8536852e+03   5.9525698e-09
   5.8595503e+03   5.8676348e-09
   5.8654153e+03   5.7839117e-09
   5.8712804e+03   5.7013832e-09
   5.8771454e+03   5.6200323e-09
   5.8830105e+03   5.5398421e-09
   5.8888756e+03   5.4607962e-09
   5.8947406e+03   5.3828781e-09
   5.9006057e+03   5.3060719e-09
   5.9064708e+03   5.2303615e-09
   5.9123358e+03   5.1557314e-09
   5.9182009e+03   5.0821662e-09
   5.9240660e+03   5.0096507e-09
   5.9299310e+03   4.9381698e-09
   5.9357961e+03   4.8677089e-09
   5.9416612e+03   4.7982534e-09
   5.9475262e+03   4.7297889e-09
   5.9533913e+03   4.6623013e-09
   5.9592564e+03   4.5957767e-09
   5.9651214e+03   4.5302013e-09
   5.9709865e+03   4.4655615e-09
   5.9768516e+03   4.4018441e-09
   5.9827166e+03   4.3390358e-09
   5.9885817e+03   4.2771237e-09
   5.9944467e+03   4.2160951e-09
   6.0003118e+03   4.1559372e-09
   6.0061769e+03   4.0966377e-09
   6.0120419e+03   4.0381843e-09
   6.0179070e+03   3.9805649e-09
   6.0237721e+03   3.9237677e-09
   6.0296371e+03   3.8677809e-09
   6.0355022e+03   3.8125930e-09
   6.0413673e+03   3.7581926e-09
   6.0472323e+03   3.7045683e-09
   6.0530974e+03   3.6517092e-09
   6.0589625e+03   3.5996043e-09
   6.0648275e+03   3.5482429e-09
   6.0706926e+03   3.4976144e-09
   6.0765577e+03   3.4477082e-09
   6.0824227e+03   3.3985141e-09
   6.0882878e+03   3.3500220e-09
   6.0941529e+03   3.3022218e-09
   6.1000179e+03   3.2551036e-09
   6.1058830e+03   3.2086578e-09
   6.1117480e+03   3.1628746e-09
   6.1176131e+03   3.1177448e-09
   6.1234782e+03   3.0732588e-09
   6.1293432e+03   3.0294076e-09
   6.1352083e+03   2.9861821e-09
   6.1410734e+03   2.9435734e-09
   6.1469384e+03   2.9015727e-09
   6.1528035e+03   2.8601712e-09
   6.1586686e+03   2.8193605e-09
   6.1645336e+03   2.7791321e-09
   6.1703987e+03   2.7394777e-09
   6.1762638e+03   2.7003891e-09
   6.1821288e+03   2.6618583e-09
   6.1879939e+03   2.6238772e-09
   6.1938590e+03   2.5864381e-09
   6.1997240e+03   2.5495332e-09
   6.2055891e+03   2.5131548e-09
   6.2114542e+03   2.4772956e-09
   6.2173192e+03   2.4419480e-09
   6.2231843e+03   2.4071047e-09
   6.2290493e+03   2.3727586e-09
   6.2349144e+03   2.3389026e-09
   6.2407795e+03   2.3055297e-09
   6.2466445e+03   2.2726330e-09
   6.2525096e+03   2.2402056e-09
   6.2583747e+03   2.2082409e-09
   6.2642397e+03   2.1767324e-09
   6.2701048e+03   2.1456734e-09
   6.2759699e+03   2.1150576e-09
   6.2818349e+03   2.0848786e-09
   6.2877000e+03   2.0551303e-09
