   3.9290000e+02   1.6050565e-04
   3.9466306e+02   1.6480208e-04
   3.9642613e+02   1.6918974e-04
   3.9818919e+02   1.7366985e-04
   3.9995225e+02   1.7824356e-04
   4.0171532e+02   1.8291208e-04
   4.0347838e+02   1.8767655e-04
   4.0524144e+02   1.9253815e-04
   4.0700450e+02   1.9749801e-04
   4.0876757e+02   2.0255729e-04
   4.1053063e+02   2.0771710e-04
   4.1229369e+02   2.1297855e-04
   4.1405676e+02   2.1834275e-04
   4.1581982e+02   2.2381078e-04
   4.1758288e+02   2.2938371e-04
   4.1934595e+02   2.3506259e-04
   4.2110901e+02   2.4084846e-04
   4.2287207e+02   2.4674233e-04
   4.2463514e+02   2.5274521e-04
   4.2639820e+02   2.5885806e-04
   4.2816126e+02   2.6508184e-04
   4.2992432e+02   2.7141749e-04
   4.3168739e+02   2.7786591e-04
   4.3345045e+02   2.8442800e-04
   4.3521351e+02   2.9110461e-04
   4.3697658e+02   2.9789657e-04
   4.3873964e+02   3.0480470e-04
   4.4050270e+02   3.1182976e-04
   4.4226577e+02   3.1897251e-04
   4.4402883e+02   3.2623367e-04
   4.4579189e+02   3.3361393e-04
   4.4755495e+02   3.4111392e-04
   4.4931802e+02   3.4873429e-04
   4.5108108e+02   3.5647561e-04
   4.5284414e+02   3.6433843e-04
   4.5460721e+02   3.7232328e-04
   4.5637027e+02   3.8043061e-04
   4.5813333e+02   3.8866088e-04
   4.5989640e+02   3.9701448e-04
   4.6165946e+02   4.0549176e-04
   4.6342252e+02   4.1409305e-04
   4.6518559e+02   4.2281862e-04
   4.6694865e+02   4.3166869e-04
   4.6871171e+02   4.4064345e-04
   4.7047477e+02   4.4974304e-04
   4.7223784e+02   4.5896756e-04
   4.7400090e+02   4.6831706e-04
   4.7576396e+02   4.7779152e-04
   4.7752703e+02   4.8739090e-04
   4.7929009e+02   4.9711510e-04
   4.8105315e+02   5.0696397e-04
   4.8281622e+02   5.1693730e-04
   4.8457928e+02   5.2703484e-04
   4.8634234e+02   5.3725628e-04
   4.8810541e+02   5.4760125e-04
   4.8986847e+02   5.5806935e-04
   4.9163153e+02   5.6866010e-04
   4.9339459e+02   5.7937296e-04
   4.9515766e+02   5.9020736e-04
   4.9692072e+02   6.0116265e-04
   4.9868378e+02   6.1223813e-04
   5.0044685e+02   6.2343304e-04
   5.0220991e+02   6.3474657e-04
   5.0397297e+02   6.4617782e-04
   5.0573604e+02   6.5772588e-04
   5.0749910e+02   6.6938973e-04
   5.0926216e+02   6.8116832e-04
   5.1102523e+02   6.9306053e-04
   5.1278829e+02   7.0506518e-04
   5.1455135e+02   7.1718101e-04
   5.1631441e+02   7.2940672e-04
   5.1807748e+02   7.4174095e-04
   5.1984054e+02   7.5418226e-04
   5.2160360e+02   7.6672915e-04
   5.2336667e+02   7.7938007e-04
   5.2512973e+02   7.9213340e-04
   5.2689279e+02   8.0498744e-04
   5.2865586e+02   8.1794046e-04
   5.3041892e+02   8.3099063e-04
   5.3218198e+02   8.4413610e-04
   5.3394505e+02   8.5737491e-04
   5.3570811e+02   8.7070508e-04
   5.3747117e+02   8.8412453e-04
   5.3923423e+02   8.9763115e-04
   5.4099730e+02   9.1122275e-04
   5.4276036e+02   9.2489708e-04
   5.4452342e+02   9.3865183e-04
   5.4628649e+02   9.5248462e-04
   5.4804955e+02   9.6639304e-04
   5.4981261e+02   9.8037460e-04
   5.5157568e+02   9.9442673e-04
   5.5333874e+02   1.0085468e-03
   5.5510180e+02   1.0227323e-03
   5.5686486e+02   1.0369803e-03
   5.5862793e+02   1.0512881e-03
   5.6039099e+02   1.0656529e-03
   5.6215405e+02   1.0800717e-03
   5.6391712e+02   1.0945418e-03
   5.6568018e+02   1.1090599e-03
   5.6744324e+02   1.1236232e-03
   5.6920631e+02   1.1382285e-03
   5.7096937e+02   1.1528726e-03
   5.7273243e+02   1.1675524e-03
   5.7449550e+02   1.1822646e-03
   5.7625856e+02   1.1970059e-03
   5.7802162e+02   1.2117730e-03
   5.7978468e+02   1.2265625e-03
   5.8154775e+02   1.2413710e-03
   5.8331081e+02   1.2561951e-03
   5.8507387e+02   1.2710312e-03
   5.8683694e+02   1.2858757e-03
   5.8860000e+02   1.3007252e-03
   5.9036306e+02   1.3155760e-03
   5.9212613e+02   1.3304244e-03
   5.9388919e+02   1.3452668e-03
   5.9565225e+02   1.3600995e-03
   5.9741532e+02   1.3749188e-03
   5.9917838e+02   1.3897208e-03
   6.0094144e+02   1.4045018e-03
   6.0270450e+02   1.4192581e-03
   6.0446757e+02   1.4339856e-03
   6.0623063e+02   1.4486807e-03
   6.0799369e+02   1.4633394e-03
   6.0975676e+02   1.4779578e-03
   6.1151982e+02   1.4925322e-03
   6.1328288e+02   1.5070584e-03
   6.1504595e+02   1.5215327e-03
   6.1680901e+02   1.5359510e-03
   6.1857207e+02   1.5503096e-03
   6.2033514e+02   1.5646043e-03
   6.2209820e+02   1.5788313e-03
   6.2386126e+02   1.5929866e-03
   6.2562432e+02   1.6070664e-03
   6.2738739e+02   1.6210665e-03
   6.2915045e+02   1.6349832e-03
   6.3091351e+02   1.6488125e-03
   6.3267658e+02   1.6625505e-03
   6.3443964e+02   1.6761933e-03
   6.3620270e+02   1.6897370e-03
   6.3796577e+02   1.7031776e-03
   6.3972883e+02   1.7165115e-03
   6.4149189e+02   1.7297347e-03
   6.4325495e+02   1.7428434e-03
   6.4501802e+02   1.7558339e-03
   6.4678108e+02   1.7687024e-03
   6.4854414e+02   1.7814451e-03
   6.5030721e+02   1.7940583e-03
   6.5207027e+02   1.8065385e-03
   6.5383333e+02   1.8188819e-03
   6.5559640e+02   1.8310849e-03
   6.5735946e+02   1.8431441e-03
   6.5912252e+02   1.8550558e-03
   6.6088559e+02   1.8668166e-03
   6.6264865e+02   1.8784231e-03
   6.6441171e+02   1.8898718e-03
   6.6617477e+02   1.9011595e-03
   6.6793784e+02   1.9122829e-03
   6.6970090e+02   1.9232386e-03
   6.7146396e+02   1.9340236e-03
   6.7322703e+02   1.9446347e-03
   6.7499009e+02   1.9550689e-03
   6.7675315e+02   1.9653230e-03
   6.7851622e+02   1.9753942e-03
   6.8027928e+02   1.9852796e-03
   6.8204234e+02   1.9949763e-03
   6.8380541e+02   2.0044816e-03
   6.8556847e+02   2.0137928e-03
   6.8733153e+02   2.0229072e-03
   6.8909459e+02   2.0318223e-03
   6.9085766e+02   2.0405356e-03
   6.9262072e+02   2.0490447e-03
   6.9438378e+02   2.0573472e-03
   6.9614685e+02   2.0654408e-03
   6.9790991e+02   2.0733234e-03
   6.9967297e+02   2.0809928e-03
   7.0143604e+02   2.0884470e-03
   7.0319910e+02   2.0956840e-03
   7.0496216e+02   2.1027019e-03
   7.0672523e+02   2.1094990e-03
   7.0848829e+02   2.1160735e-03
   7.1025135e+02   2.1224237e-03
   7.1201441e+02   2.1285481e-03
   7.1377748e+02   2.1344451e-03
   7.1554054e+02   2.1401136e-03
   7.1730360e+02   2.1455520e-03
   7.1906667e+02   2.1507592e-03
   7.2082973e+02   2.1557340e-03
   7.2259279e+02   2.1604754e-03
   7.2435586e+02   2.1649824e-03
   7.2611892e+02   2.1692541e-03
   7.2788198e+02   2.1732898e-03
   7.2964505e+02   2.1770887e-03
   7.3140811e+02   2.1806502e-03
   7.3317117e+02   2.1839738e-03
   7.3493423e+02   2.1870590e-03
   7.3669730e+02   2.1899055e-03
   7.3846036e+02   2.1925129e-03
   7.4022342e+02   2.1948812e-03
   7.4198649e+02   2.1970102e-03
   7.4374955e+02   2.1988998e-03
   7.4551261e+02   2.2005502e-03
   7.4727568e+02   2.2019616e-03
   7.4903874e+02   2.2031341e-03
   7.5080180e+02   2.2040680e-03
   7.5256486e+02   2.2047639e-03
   7.5432793e+02   2.2052222e-03
   7.5609099e+02   2.2054435e-03
   7.5785405e+02   2.2054284e-03
   7.5961712e+02   2.2051777e-03
   7.6138018e+02   2.2046922e-03
   7.6314324e+02   2.2039728e-03
   7.6490631e+02   2.2030206e-03
   7.6666937e+02   2.2018364e-03
   7.6843243e+02   2.2004216e-03
   7.7019550e+02   2.1987773e-03
   7.7195856e+02   2.1969048e-03
   7.7372162e+02   2.1948054e-03
   7.7548468e+02   2.1924807e-03
   7.7724775e+02   2.1899321e-03
   7.7901081e+02   2.1871611e-03
   7.8077387e+02   2.1841695e-03
   7.8253694e+02   2.1809590e-03
   7.8430000e+02   2.1775314e-03
   7.8606306e+02   2.1738884e-03
   7.8782613e+02   2.1700320e-03
   7.8958919e+02   2.1659643e-03
   7.9135225e+02   2.1616871e-03
   7.9311532e+02   2.1572027e-03
   7.9487838e+02   2.1525132e-03
   7.9664144e+02   2.1476208e-03
   7.9840450e+02   2.1425278e-03
   8.0016757e+02   2.1372365e-03
   8.0193063e+02   2.1317492e-03
   8.0369369e+02   2.1260685e-03
   8.0545676e+02   2.1201967e-03
   8.0721982e+02   2.1141364e-03
   8.0898288e+02   2.1078902e-03
   8.1074595e+02   2.1014607e-03
   8.1250901e+02   2.0948506e-03
   8.1427207e+02   2.0880625e-03
   8.1603514e+02   2.0810991e-03
   8.1779820e+02   2.0739634e-03
   8.1956126e+02   2.0666579e-03
   8.2132432e+02   2.0591857e-03
   8.2308739e+02   2.0515496e-03
   8.2485045e+02   2.0437525e-03
   8.2661351e+02   2.0357973e-03
   8.2837658e+02   2.0276870e-03
   8.3013964e+02   2.0194246e-03
   8.3190270e+02   2.0110131e-03
   8.3366577e+02   2.0024555e-03
   8.3542883e+02   1.9937550e-03
   8.3719189e+02   1.9849144e-03
   8.3895495e+02   1.9759371e-03
   8.4071802e+02   1.9668260e-03
   8.4248108e+02   1.9575844e-03
   8.4424414e+02   1.9482152e-03
   8.4600721e+02   1.9387217e-03
   8.4777027e+02   1.9291071e-03
   8.4953333e+02   1.9193744e-03
   8.5129640e+02   1.9095269e-03
   8.5305946e+02   1.8995678e-03
   8.5482252e+02   1.8895001e-03
   8.5658559e+02   1.8793271e-03
   8.5834865e+02   1.8690520e-03
   8.6011171e+02   1.8586779e-03
   8.6187477e+02   1.8482080e-03
   8.6363784e+02   1.8376455e-03
   8.6540090e+02   1.8269935e-03
   8.6716396e+02   1.8162552e-03
   8.6892703e+02   1.8054337e-03
   8.7069009e+02   1.7945321e-03
   8.7245315e+02   1.7835536e-03
   8.7421622e+02   1.7725013e-03
   8.7597928e+02   1.7613783e-03
   8.7774234e+02   1.7501876e-03
   8.7950541e+02   1.7389323e-03
   8.8126847e+02   1.7276155e-03
   8.8303153e+02   1.7162402e-03
   8.8479459e+02   1.7048093e-03
   8.8655766e+02   1.6933259e-03
   8.8832072e+02   1.6817929e-03
   8.9008378e+02   1.6702133e-03
   8.9184685e+02   1.6585899e-03
   8.9360991e+02   1.6469258e-03
   8.9537297e+02   1.6352236e-03
   8.9713604e+02   1.6234863e-03
   8.9889910e+02   1.6117166e-03
   9.0066216e+02   1.5999174e-03
   9.0242523e+02   1.5880913e-03
   9.0418829e+02   1.5762411e-03
   9.0595135e+02   1.5643695e-03
   9.0771441e+02   1.5524791e-03
   9.0947748e+02   1.5405726e-03
   9.1124054e+02   1.5286525e-03
   9.1300360e+02   1.5167214e-03
   9.1476667e+02   1.5047817e-03
   9.1652973e+02   1.4928360e-03
   9.1829279e+02   1.4808868e-03
   9.2005586e+02   1.4689363e-03
   9.2181892e+02   1.4569871e-03
   9.2358198e+02   1.4450414e-03
   9.2534505e+02   1.4331015e-03
   9.2710811e+02   1.4211697e-03
   9.2887117e+02   1.4092482e-03
   9.3063423e+02   1.3973391e-03
   9.3239730e+02   1.3854447e-03
   9.3416036e+02   1.3735670e-03
   9.3592342e+02   1.3617081e-03
   9.3768649e+02   1.3498699e-03
   9.3944955e+02   1.3380546e-03
   9.4121261e+02   1.3262640e-03
   9.4297568e+02   1.3145000e-03
   9.4473874e+02   1.3027645e-03
   9.4650180e+02   1.2910593e-03
   9.4826486e+02   1.2793862e-03
   9.5002793e+02   1.2677469e-03
   9.5179099e+02   1.2561431e-03
   9.5355405e+02   1.2445765e-03
   9.5531712e+02   1.2330487e-03
   9.5708018e+02   1.2215612e-03
   9.5884324e+02   1.2101157e-03
   9.6060631e+02   1.1987136e-03
   9.6236937e+02   1.1873563e-03
   9.6413243e+02   1.1760453e-03
   9.6589550e+02   1.1647819e-03
   9.6765856e+02   1.1535676e-03
   9.6942162e+02   1.1424035e-03
   9.7118468e+02   1.1312909e-03
   9.7294775e+02   1.1202311e-03
   9.7471081e+02   1.1092252e-03
   9.7647387e+02   1.0982744e-03
   9.7823694e+02   1.0873797e-03
   9.8000000e+02   1.0765423e-03
   9.8176306e+02   1.0657632e-03
   9.8352613e+02   1.0550433e-03
   9.8528919e+02   1.0443837e-03
   9.8705225e+02   1.0337851e-03
   9.8881532e+02   1.0232486e-03
   9.9057838e+02   1.0127749e-03
   9.9234144e+02   1.0023649e-03
   9.9410450e+02   9.9201926e-04
   9.9586757e+02   9.8173884e-04
   9.9763063e+02   9.7152431e-04
   9.9939369e+02   9.6137633e-04
   1.0011568e+03   9.5129555e-04
   1.0029198e+03   9.4128257e-04
   1.0046829e+03   9.3133797e-04
   1.0064459e+03   9.2146229e-04
   1.0082090e+03   9.1165604e-04
   1.0099721e+03   9.0191971e-04
   1.0117351e+03   8.9225374e-04
   1.0134982e+03   8.8265856e-04
   1.0152613e+03   8.7313457e-04
   1.0170243e+03   8.6368212e-04
   1.0187874e+03   8.5430154e-04
   1.0205505e+03   8.4499316e-04
   1.0223135e+03   8.3575724e-04
   1.0240766e+03   8.2659405e-04
   1.0258396e+03   8.1750381e-04
   1.0276027e+03   8.0848672e-04
   1.0293658e+03   7.9954296e-04
   1.0311288e+03   7.9067269e-04
   1.0328919e+03   7.8187603e-04
   1.0346550e+03   7.7315308e-04
   1.0364180e+03   7.6450394e-04
   1.0381811e+03   7.5592865e-04
   1.0399441e+03   7.4742727e-04
   1.0417072e+03   7.3899980e-04
   1.0434703e+03   7.3064624e-04
   1.0452333e+03   7.2236656e-04
   1.0469964e+03   7.1416073e-04
   1.0487595e+03   7.0602867e-04
   1.0505225e+03   6.9797031e-04
   1.0522856e+03   6.8998555e-04
   1.0540486e+03   6.8207426e-04
   1.0558117e+03   6.7423630e-04
   1.0575748e+03   6.6647154e-04
   1.0593378e+03   6.5877979e-04
   1.0611009e+03   6.5116088e-04
   1.0628640e+03   6.4361459e-04
   1.0646270e+03   6.3614072e-04
   1.0663901e+03   6.2873904e-04
   1.0681532e+03   6.2140930e-04
   1.0699162e+03   6.1415125e-04
   1.0716793e+03   6.0696461e-04
   1.0734423e+03   5.9984910e-04
   1.0752054e+03   5.9280443e-04
   1.0769685e+03   5.8583029e-04
   1.0787315e+03   5.7892636e-04
   1.0804946e+03   5.7209231e-04
   1.0822577e+03   5.6532780e-04
   1.0840207e+03   5.5863249e-04
   1.0857838e+03   5.5200601e-04
   1.0875468e+03   5.4544799e-04
   1.0893099e+03   5.3895806e-04
   1.0910730e+03   5.3253583e-04
   1.0928360e+03   5.2618091e-04
   1.0945991e+03   5.1989290e-04
   1.0963622e+03   5.1367138e-04
   1.0981252e+03   5.0751594e-04
   1.0998883e+03   5.0142616e-04
   1.1016514e+03   4.9540161e-04
   1.1034144e+03   4.8944185e-04
   1.1051775e+03   4.8354644e-04
   1.1069405e+03   4.7771494e-04
   1.1087036e+03   4.7194689e-04
   1.1104667e+03   4.6624184e-04
   1.1122297e+03   4.6059932e-04
   1.1139928e+03   4.5501888e-04
   1.1157559e+03   4.4950005e-04
   1.1175189e+03   4.4404235e-04
   1.1192820e+03   4.3864530e-04
   1.1210450e+03   4.3330844e-04
   1.1228081e+03   4.2803127e-04
   1.1245712e+03   4.2281332e-04
   1.1263342e+03   4.1765410e-04
   1.1280973e+03   4.1255312e-04
   1.1298604e+03   4.0750989e-04
   1.1316234e+03   4.0252392e-04
   1.1333865e+03   3.9759472e-04
   1.1351495e+03   3.9272180e-04
   1.1369126e+03   3.8790465e-04
   1.1386757e+03   3.8314279e-04
   1.1404387e+03   3.7843572e-04
   1.1422018e+03   3.7378294e-04
   1.1439649e+03   3.6918395e-04
   1.1457279e+03   3.6463827e-04
   1.1474910e+03   3.6014539e-04
   1.1492541e+03   3.5570482e-04
   1.1510171e+03   3.5131606e-04
   1.1527802e+03   3.4697862e-04
   1.1545432e+03   3.4269200e-04
   1.1563063e+03   3.3845572e-04
   1.1580694e+03   3.3426928e-04
   1.1598324e+03   3.3013219e-04
   1.1615955e+03   3.2604396e-04
   1.1633586e+03   3.2200411e-04
   1.1651216e+03   3.1801215e-04
   1.1668847e+03   3.1406759e-04
   1.1686477e+03   3.1016995e-04
   1.1704108e+03   3.0631876e-04
   1.1721739e+03   3.0251353e-04
   1.1739369e+03   2.9875379e-04
   1.1757000e+03   2.9503906e-04
   1.1774631e+03   2.9136888e-04
   1.1792261e+03   2.8774277e-04
   1.1809892e+03   2.8416027e-04
   1.1827523e+03   2.8062092e-04
   1.1845153e+03   2.7712425e-04
   1.1862784e+03   2.7366980e-04
   1.1880414e+03   2.7025713e-04
   1.1898045e+03   2.6688577e-04
   1.1915676e+03   2.6355528e-04
   1.1933306e+03   2.6026521e-04
   1.1950937e+03   2.5701512e-04
   1.1968568e+03   2.5380456e-04
   1.1986198e+03   2.5063310e-04
   1.2003829e+03   2.4750031e-04
   1.2021459e+03   2.4440575e-04
   1.2039090e+03   2.4134899e-04
   1.2056721e+03   2.3832962e-04
   1.2074351e+03   2.3534720e-04
   1.2091982e+03   2.3240132e-04
   1.2109613e+03   2.2949157e-04
   1.2127243e+03   2.2661754e-04
   1.2144874e+03   2.2377881e-04
   1.2162505e+03   2.2097499e-04
   1.2180135e+03   2.1820566e-04
   1.2197766e+03   2.1547044e-04
   1.2215396e+03   2.1276894e-04
   1.2233027e+03   2.1010075e-04
   1.2250658e+03   2.0746550e-04
   1.2268288e+03   2.0486279e-04
   1.2285919e+03   2.0229226e-04
   1.2303550e+03   1.9975352e-04
   1.2321180e+03   1.9724619e-04
   1.2338811e+03   1.9476992e-04
   1.2356441e+03   1.9232434e-04
   1.2374072e+03   1.8990908e-04
   1.2391703e+03   1.8752378e-04
   1.2409333e+03   1.8516809e-04
   1.2426964e+03   1.8284166e-04
   1.2444595e+03   1.8054414e-04
   1.2462225e+03   1.7827519e-04
   1.2479856e+03   1.7603445e-04
   1.2497486e+03   1.7382160e-04
   1.2515117e+03   1.7163631e-04
   1.2532748e+03   1.6947823e-04
   1.2550378e+03   1.6734705e-04
   1.2568009e+03   1.6524243e-04
   1.2585640e+03   1.6316407e-04
   1.2603270e+03   1.6111163e-04
   1.2620901e+03   1.5908482e-04
   1.2638532e+03   1.5708331e-04
   1.2656162e+03   1.5510680e-04
   1.2673793e+03   1.5315499e-04
   1.2691423e+03   1.5122757e-04
   1.2709054e+03   1.4932426e-04
   1.2726685e+03   1.4744475e-04
   1.2744315e+03   1.4558875e-04
   1.2761946e+03   1.4375598e-04
   1.2779577e+03   1.4194616e-04
   1.2797207e+03   1.4015899e-04
   1.2814838e+03   1.3839421e-04
   1.2832468e+03   1.3665155e-04
   1.2850099e+03   1.3493071e-04
   1.2867730e+03   1.3323145e-04
   1.2885360e+03   1.3155350e-04
   1.2902991e+03   1.2989658e-04
   1.2920622e+03   1.2826045e-04
   1.2938252e+03   1.2664484e-04
   1.2955883e+03   1.2504951e-04
   1.2973514e+03   1.2347420e-04
   1.2991144e+03   1.2191866e-04
   1.3008775e+03   1.2038265e-04
   1.3026405e+03   1.1886594e-04
   1.3044036e+03   1.1736827e-04
   1.3061667e+03   1.1588941e-04
   1.3079297e+03   1.1442913e-04
   1.3096928e+03   1.1298720e-04
   1.3114559e+03   1.1156340e-04
   1.3132189e+03   1.1015748e-04
   1.3149820e+03   1.0876925e-04
   1.3167450e+03   1.0739846e-04
   1.3185081e+03   1.0604491e-04
   1.3202712e+03   1.0470838e-04
   1.3220342e+03   1.0338866e-04
   1.3237973e+03   1.0208554e-04
   1.3255604e+03   1.0079882e-04
   1.3273234e+03   9.9528279e-05
   1.3290865e+03   9.8273727e-05
   1.3308495e+03   9.7034961e-05
   1.3326126e+03   9.5811784e-05
   1.3343757e+03   9.4604001e-05
   1.3361387e+03   9.3411421e-05
   1.3379018e+03   9.2233853e-05
   1.3396649e+03   9.1071108e-05
   1.3414279e+03   8.9923002e-05
   1.3431910e+03   8.8789352e-05
   1.3449541e+03   8.7669975e-05
   1.3467171e+03   8.6564695e-05
   1.3484802e+03   8.5473333e-05
   1.3502432e+03   8.4395715e-05
   1.3520063e+03   8.3331670e-05
   1.3537694e+03   8.2281027e-05
   1.3555324e+03   8.1243618e-05
   1.3572955e+03   8.0219277e-05
   1.3590586e+03   7.9207840e-05
   1.3608216e+03   7.8209145e-05
   1.3625847e+03   7.7223032e-05
   1.3643477e+03   7.6249343e-05
   1.3661108e+03   7.5287923e-05
   1.3678739e+03   7.4338616e-05
   1.3696369e+03   7.3401272e-05
   1.3714000e+03   7.2475739e-05
   1.3731631e+03   7.1561869e-05
   1.3749261e+03   7.0659516e-05
   1.3766892e+03   6.9768535e-05
   1.3784523e+03   6.8888782e-05
   1.3802153e+03   6.8020118e-05
   1.3819784e+03   6.7162401e-05
   1.3837414e+03   6.6315496e-05
   1.3855045e+03   6.5479265e-05
   1.3872676e+03   6.4653574e-05
   1.3890306e+03   6.3838291e-05
   1.3907937e+03   6.3033285e-05
   1.3925568e+03   6.2238427e-05
   1.3943198e+03   6.1453588e-05
   1.3960829e+03   6.0678643e-05
   1.3978459e+03   5.9913468e-05
   1.3996090e+03   5.9157938e-05
   1.4013721e+03   5.8411933e-05
   1.4031351e+03   5.7675333e-05
   1.4048982e+03   5.6948020e-05
   1.4066613e+03   5.6229876e-05
   1.4084243e+03   5.5520786e-05
   1.4101874e+03   5.4820636e-05
   1.4119505e+03   5.4129313e-05
   1.4137135e+03   5.3446707e-05
   1.4154766e+03   5.2772707e-05
   1.4172396e+03   5.2107206e-05
   1.4190027e+03   5.1450095e-05
   1.4207658e+03   5.0801269e-05
   1.4225288e+03   5.0160625e-05
   1.4242919e+03   4.9528058e-05
   1.4260550e+03   4.8903467e-05
   1.4278180e+03   4.8286752e-05
   1.4295811e+03   4.7677813e-05
   1.4313441e+03   4.7076553e-05
   1.4331072e+03   4.6482873e-05
   1.4348703e+03   4.5896680e-05
   1.4366333e+03   4.5317879e-05
   1.4383964e+03   4.4746376e-05
   1.4401595e+03   4.4182080e-05
   1.4419225e+03   4.3624899e-05
   1.4436856e+03   4.3074745e-05
   1.4454486e+03   4.2531528e-05
   1.4472117e+03   4.1995161e-05
   1.4489748e+03   4.1465557e-05
   1.4507378e+03   4.0942632e-05
   1.4525009e+03   4.0426301e-05
   1.4542640e+03   3.9916481e-05
   1.4560270e+03   3.9413090e-05
   1.4577901e+03   3.8916048e-05
   1.4595532e+03   3.8425273e-05
   1.4613162e+03   3.7940687e-05
   1.4630793e+03   3.7462212e-05
   1.4648423e+03   3.6989770e-05
   1.4666054e+03   3.6523287e-05
   1.4683685e+03   3.6062686e-05
   1.4701315e+03   3.5607893e-05
   1.4718946e+03   3.5158836e-05
   1.4736577e+03   3.4715442e-05
   1.4754207e+03   3.4277639e-05
   1.4771838e+03   3.3845358e-05
   1.4789468e+03   3.3418528e-05
   1.4807099e+03   3.2997080e-05
   1.4824730e+03   3.2580947e-05
   1.4842360e+03   3.2170063e-05
   1.4859991e+03   3.1764359e-05
   1.4877622e+03   3.1363772e-05
   1.4895252e+03   3.0968237e-05
   1.4912883e+03   3.0577690e-05
   1.4930514e+03   3.0192068e-05
   1.4948144e+03   2.9811309e-05
   1.4965775e+03   2.9435352e-05
   1.4983405e+03   2.9064136e-05
   1.5001036e+03   2.8697602e-05
   1.5018667e+03   2.8335690e-05
   1.5036297e+03   2.7978342e-05
   1.5053928e+03   2.7625500e-05
   1.5071559e+03   2.7277108e-05
   1.5089189e+03   2.6933110e-05
   1.5106820e+03   2.6593450e-05
   1.5124450e+03   2.6258074e-05
   1.5142081e+03   2.5926927e-05
   1.5159712e+03   2.5599956e-05
   1.5177342e+03   2.5277109e-05
   1.5194973e+03   2.4958333e-05
   1.5212604e+03   2.4643577e-05
   1.5230234e+03   2.4332791e-05
   1.5247865e+03   2.4025924e-05
   1.5265495e+03   2.3722927e-05
   1.5283126e+03   2.3423751e-05
   1.5300757e+03   2.3128348e-05
   1.5318387e+03   2.2836671e-05
   1.5336018e+03   2.2548671e-05
   1.5353649e+03   2.2264304e-05
   1.5371279e+03   2.1983523e-05
   1.5388910e+03   2.1706284e-05
   1.5406541e+03   2.1432540e-05
   1.5424171e+03   2.1162249e-05
   1.5441802e+03   2.0895366e-05
   1.5459432e+03   2.0631849e-05
   1.5477063e+03   2.0371655e-05
   1.5494694e+03   2.0114743e-05
   1.5512324e+03   1.9861071e-05
   1.5529955e+03   1.9610598e-05
   1.5547586e+03   1.9363283e-05
   1.5565216e+03   1.9119088e-05
   1.5582847e+03   1.8877972e-05
   1.5600477e+03   1.8639897e-05
   1.5618108e+03   1.8404824e-05
   1.5635739e+03   1.8172716e-05
   1.5653369e+03   1.7943535e-05
   1.5671000e+03   1.7717245e-05
   1.5688631e+03   1.7493808e-05
   1.5706261e+03   1.7273189e-05
   1.5723892e+03   1.7055352e-05
   1.5741523e+03   1.6840262e-05
   1.5759153e+03   1.6627885e-05
   1.5776784e+03   1.6418187e-05
   1.5794414e+03   1.6211132e-05
   1.5812045e+03   1.6006690e-05
   1.5829676e+03   1.5804825e-05
   1.5847306e+03   1.5605506e-05
   1.5864937e+03   1.5408701e-05
   1.5882568e+03   1.5214378e-05
   1.5900198e+03   1.5022505e-05
   1.5917829e+03   1.4833052e-05
   1.5935459e+03   1.4645989e-05
   1.5953090e+03   1.4461284e-05
   1.5970721e+03   1.4278909e-05
   1.5988351e+03   1.4098834e-05
   1.6005982e+03   1.3921030e-05
   1.6023613e+03   1.3745468e-05
   1.6041243e+03   1.3572120e-05
   1.6058874e+03   1.3400958e-05
   1.6076505e+03   1.3231955e-05
   1.6094135e+03   1.3065084e-05
   1.6111766e+03   1.2900316e-05
   1.6129396e+03   1.2737627e-05
   1.6147027e+03   1.2576989e-05
   1.6164658e+03   1.2418378e-05
   1.6182288e+03   1.2261766e-05
   1.6199919e+03   1.2107130e-05
   1.6217550e+03   1.1954443e-05
   1.6235180e+03   1.1803683e-05
   1.6252811e+03   1.1654823e-05
   1.6270441e+03   1.1507841e-05
   1.6288072e+03   1.1362713e-05
   1.6305703e+03   1.1219415e-05
   1.6323333e+03   1.1077924e-05
   1.6340964e+03   1.0938217e-05
   1.6358595e+03   1.0800272e-05
   1.6376225e+03   1.0664067e-05
   1.6393856e+03   1.0529580e-05
   1.6411486e+03   1.0396788e-05
   1.6429117e+03   1.0265671e-05
   1.6446748e+03   1.0136208e-05
   1.6464378e+03   1.0008378e-05
   1.6482009e+03   9.8821596e-06
   1.6499640e+03   9.7575330e-06
   1.6517270e+03   9.6344781e-06
   1.6534901e+03   9.5129751e-06
   1.6552532e+03   9.3930045e-06
   1.6570162e+03   9.2745468e-06
   1.6587793e+03   9.1575830e-06
   1.6605423e+03   9.0420942e-06
   1.6623054e+03   8.9280620e-06
   1.6640685e+03   8.8154678e-06
   1.6658315e+03   8.7042935e-06
   1.6675946e+03   8.5945214e-06
   1.6693577e+03   8.4861335e-06
   1.6711207e+03   8.3791126e-06
   1.6728838e+03   8.2734414e-06
   1.6746468e+03   8.1691028e-06
   1.6764099e+03   8.0660800e-06
   1.6781730e+03   7.9643565e-06
   1.6799360e+03   7.8639159e-06
   1.6816991e+03   7.7647420e-06
   1.6834622e+03   7.6668187e-06
   1.6852252e+03   7.5701304e-06
   1.6869883e+03   7.4746614e-06
   1.6887514e+03   7.3803965e-06
   1.6905144e+03   7.2873203e-06
   1.6922775e+03   7.1954180e-06
   1.6940405e+03   7.1046746e-06
   1.6958036e+03   7.0150757e-06
   1.6975667e+03   6.9266067e-06
   1.6993297e+03   6.8392534e-06
   1.7010928e+03   6.7530017e-06
   1.7028559e+03   6.6678378e-06
   1.7046189e+03   6.5837479e-06
   1.7063820e+03   6.5007185e-06
   1.7081450e+03   6.4187362e-06
   1.7099081e+03   6.3377878e-06
   1.7116712e+03   6.2578602e-06
   1.7134342e+03   6.1789407e-06
   1.7151973e+03   6.1010164e-06
   1.7169604e+03   6.0240748e-06
   1.7187234e+03   5.9481036e-06
   1.7204865e+03   5.8730905e-06
   1.7222495e+03   5.7990234e-06
   1.7240126e+03   5.7258903e-06
   1.7257757e+03   5.6536796e-06
   1.7275387e+03   5.5823795e-06
   1.7293018e+03   5.5119786e-06
   1.7310649e+03   5.4424656e-06
   1.7328279e+03   5.3738292e-06
   1.7345910e+03   5.3060584e-06
   1.7363541e+03   5.2391422e-06
   1.7381171e+03   5.1730700e-06
   1.7398802e+03   5.1078310e-06
   1.7416432e+03   5.0434148e-06
   1.7434063e+03   4.9798110e-06
   1.7451694e+03   4.9170092e-06
   1.7469324e+03   4.8549995e-06
   1.7486955e+03   4.7937718e-06
   1.7504586e+03   4.7333162e-06
   1.7522216e+03   4.6736231e-06
   1.7539847e+03   4.6146828e-06
   1.7557477e+03   4.5564858e-06
   1.7575108e+03   4.4990227e-06
   1.7592739e+03   4.4422844e-06
   1.7610369e+03   4.3862615e-06
   1.7628000e+03   4.3309452e-06
   1.7645631e+03   4.2763265e-06
   1.7663261e+03   4.2223966e-06
   1.7680892e+03   4.1691468e-06
   1.7698523e+03   4.1165686e-06
   1.7716153e+03   4.0646534e-06
   1.7733784e+03   4.0133930e-06
   1.7751414e+03   3.9627790e-06
   1.7769045e+03   3.9128033e-06
   1.7786676e+03   3.8634579e-06
   1.7804306e+03   3.8147348e-06
   1.7821937e+03   3.7666262e-06
   1.7839568e+03   3.7191242e-06
   1.7857198e+03   3.6722214e-06
   1.7874829e+03   3.6259100e-06
   1.7892459e+03   3.5801827e-06
   1.7910090e+03   3.5350320e-06
   1.7927721e+03   3.4904508e-06
   1.7945351e+03   3.4464318e-06
   1.7962982e+03   3.4029679e-06
   1.7980613e+03   3.3600522e-06
   1.7998243e+03   3.3176776e-06
   1.8015874e+03   3.2758375e-06
   1.8033505e+03   3.2345250e-06
   1.8051135e+03   3.1937336e-06
   1.8068766e+03   3.1534565e-06
   1.8086396e+03   3.1136875e-06
   1.8104027e+03   3.0744199e-06
   1.8121658e+03   3.0356476e-06
   1.8139288e+03   2.9973642e-06
   1.8156919e+03   2.9595636e-06
   1.8174550e+03   2.9222398e-06
   1.8192180e+03   2.8853866e-06
   1.8209811e+03   2.8489983e-06
   1.8227441e+03   2.8130688e-06
   1.8245072e+03   2.7775924e-06
   1.8262703e+03   2.7425634e-06
   1.8280333e+03   2.7079762e-06
   1.8297964e+03   2.6738252e-06
   1.8315595e+03   2.6401049e-06
   1.8333225e+03   2.6068098e-06
   1.8350856e+03   2.5739346e-06
   1.8368486e+03   2.5414741e-06
   1.8386117e+03   2.5094229e-06
   1.8403748e+03   2.4777758e-06
   1.8421378e+03   2.4465279e-06
   1.8439009e+03   2.4156741e-06
   1.8456640e+03   2.3852094e-06
   1.8474270e+03   2.3551289e-06
   1.8491901e+03   2.3254277e-06
   1.8509532e+03   2.2961011e-06
   1.8527162e+03   2.2671444e-06
   1.8544793e+03   2.2385528e-06
   1.8562423e+03   2.2103218e-06
   1.8580054e+03   2.1824469e-06
   1.8597685e+03   2.1549234e-06
   1.8615315e+03   2.1277471e-06
   1.8632946e+03   2.1009135e-06
   1.8650577e+03   2.0744184e-06
   1.8668207e+03   2.0482573e-06
   1.8685838e+03   2.0224262e-06
   1.8703468e+03   1.9969208e-06
   1.8721099e+03   1.9717371e-06
   1.8738730e+03   1.9468710e-06
   1.8756360e+03   1.9223185e-06
   1.8773991e+03   1.8980756e-06
   1.8791622e+03   1.8741385e-06
   1.8809252e+03   1.8505032e-06
   1.8826883e+03   1.8271660e-06
   1.8844514e+03   1.8041231e-06
   1.8862144e+03   1.7813709e-06
   1.8879775e+03   1.7589055e-06
   1.8897405e+03   1.7367235e-06
   1.8915036e+03   1.7148212e-06
   1.8932667e+03   1.6931951e-06
   1.8950297e+03   1.6718418e-06
   1.8967928e+03   1.6507577e-06
   1.8985559e+03   1.6299396e-06
   1.9003189e+03   1.6093840e-06
   1.9020820e+03   1.5890876e-06
   1.9038450e+03   1.5690472e-06
   1.9056081e+03   1.5492595e-06
   1.9073712e+03   1.5297214e-06
   1.9091342e+03   1.5104297e-06
   1.9108973e+03   1.4913812e-06
   1.9126604e+03   1.4725730e-06
   1.9144234e+03   1.4540020e-06
   1.9161865e+03   1.4356652e-06
   1.9179495e+03   1.4175596e-06
   1.9197126e+03   1.3996824e-06
   1.9214757e+03   1.3820307e-06
   1.9232387e+03   1.3646015e-06
   1.9250018e+03   1.3473921e-06
   1.9267649e+03   1.3303998e-06
   1.9285279e+03   1.3136218e-06
   1.9302910e+03   1.2970553e-06
   1.9320541e+03   1.2806978e-06
   1.9338171e+03   1.2645466e-06
   1.9355802e+03   1.2485991e-06
   1.9373432e+03   1.2328527e-06
   1.9391063e+03   1.2173048e-06
   1.9408694e+03   1.2019531e-06
   1.9426324e+03   1.1867949e-06
   1.9443955e+03   1.1718279e-06
   1.9461586e+03   1.1570497e-06
   1.9479216e+03   1.1424578e-06
   1.9496847e+03   1.1280500e-06
   1.9514477e+03   1.1138238e-06
   1.9532108e+03   1.0997771e-06
   1.9549739e+03   1.0859075e-06
   1.9567369e+03   1.0722128e-06
   1.9585000e+03   1.0586909e-06
   1.9602631e+03   1.0453394e-06
   1.9620261e+03   1.0321564e-06
   1.9637892e+03   1.0191396e-06
   1.9655523e+03   1.0062869e-06
   1.9673153e+03   9.9359639e-07
   1.9690784e+03   9.8106588e-07
   1.9708414e+03   9.6869339e-07
   1.9726045e+03   9.5647694e-07
   1.9743676e+03   9.4441455e-07
   1.9761306e+03   9.3250429e-07
   1.9778937e+03   9.2074423e-07
   1.9796568e+03   9.0913247e-07
   1.9814198e+03   8.9766716e-07
   1.9831829e+03   8.8634644e-07
   1.9849459e+03   8.7516849e-07
   1.9867090e+03   8.6413150e-07
   1.9884721e+03   8.5323371e-07
   1.9902351e+03   8.4247335e-07
   1.9919982e+03   8.3184869e-07
   1.9937613e+03   8.2135802e-07
   1.9955243e+03   8.1099966e-07
   1.9972874e+03   8.0077192e-07
   1.9990505e+03   7.9067317e-07
   2.0008135e+03   7.8070178e-07
   2.0025766e+03   7.7085614e-07
   2.0043396e+03   7.6113467e-07
   2.0061027e+03   7.5153579e-07
   2.0078658e+03   7.4205797e-07
   2.0096288e+03   7.3269968e-07
   2.0113919e+03   7.2345941e-07
   2.0131550e+03   7.1433567e-07
   2.0149180e+03   7.0532699e-07
   2.0166811e+03   6.9643192e-07
   2.0184441e+03   6.8764903e-07
   2.0202072e+03   6.7897690e-07
   2.0219703e+03   6.7041414e-07
   2.0237333e+03   6.6195937e-07
   2.0254964e+03   6.5361122e-07
   2.0272595e+03   6.4536836e-07
   2.0290225e+03   6.3722944e-07
   2.0307856e+03   6.2919317e-07
   2.0325486e+03   6.2125825e-07
   2.0343117e+03   6.1342339e-07
   2.0360748e+03   6.0568735e-07
   2.0378378e+03   5.9804886e-07
   2.0396009e+03   5.9050670e-07
   2.0413640e+03   5.8305967e-07
   2.0431270e+03   5.7570654e-07
   2.0448901e+03   5.6844615e-07
   2.0466532e+03   5.6127733e-07
   2.0484162e+03   5.5419891e-07
   2.0501793e+03   5.4720976e-07
   2.0519423e+03   5.4030875e-07
   2.0537054e+03   5.3349477e-07
   2.0554685e+03   5.2676672e-07
   2.0572315e+03   5.2012353e-07
   2.0589946e+03   5.1356411e-07
   2.0607577e+03   5.0708741e-07
   2.0625207e+03   5.0069240e-07
   2.0642838e+03   4.9437803e-07
   2.0660468e+03   4.8814330e-07
   2.0678099e+03   4.8198719e-07
   2.0695730e+03   4.7590872e-07
   2.0713360e+03   4.6990691e-07
   2.0730991e+03   4.6398079e-07
   2.0748622e+03   4.5812940e-07
   2.0766252e+03   4.5235181e-07
   2.0783883e+03   4.4664708e-07
   2.0801514e+03   4.4101429e-07
   2.0819144e+03   4.3545254e-07
   2.0836775e+03   4.2996093e-07
   2.0854405e+03   4.2453858e-07
   2.0872036e+03   4.1918461e-07
   2.0889667e+03   4.1389816e-07
   2.0907297e+03   4.0867838e-07
   2.0924928e+03   4.0352443e-07
   2.0942559e+03   3.9843547e-07
   2.0960189e+03   3.9341069e-07
   2.0977820e+03   3.8844929e-07
   2.0995450e+03   3.8355045e-07
   2.1013081e+03   3.7871339e-07
   2.1030712e+03   3.7393733e-07
   2.1048342e+03   3.6922151e-07
   2.1065973e+03   3.6456516e-07
   2.1083604e+03   3.5996753e-07
   2.1101234e+03   3.5542788e-07
   2.1118865e+03   3.5094549e-07
   2.1136495e+03   3.4651962e-07
   2.1154126e+03   3.4214957e-07
   2.1171757e+03   3.3783463e-07
   2.1189387e+03   3.3357410e-07
   2.1207018e+03   3.2936731e-07
   2.1224649e+03   3.2521357e-07
   2.1242279e+03   3.2111222e-07
   2.1259910e+03   3.1706258e-07
   2.1277541e+03   3.1306402e-07
   2.1295171e+03   3.0911589e-07
   2.1312802e+03   3.0521754e-07
   2.1330432e+03   3.0136836e-07
   2.1348063e+03   2.9756773e-07
   2.1365694e+03   2.9381502e-07
   2.1383324e+03   2.9010964e-07
   2.1400955e+03   2.8645099e-07
   2.1418586e+03   2.8283848e-07
   2.1436216e+03   2.7927153e-07
   2.1453847e+03   2.7574956e-07
   2.1471477e+03   2.7227201e-07
   2.1489108e+03   2.6883831e-07
   2.1506739e+03   2.6544792e-07
   2.1524369e+03   2.6210028e-07
   2.1542000e+03   2.5879487e-07
