   4.6300000e+02   2.3690059e-04
   4.6488388e+02   2.6220179e-04
   4.6676777e+02   2.8959628e-04
   4.6865165e+02   3.1918419e-04
   4.7053554e+02   3.5106231e-04
   4.7241942e+02   3.8532301e-04
   4.7430330e+02   4.2205319e-04
   4.7618719e+02   4.6133313e-04
   4.7807107e+02   5.0323536e-04
   4.7995495e+02   5.4782353e-04
   4.8183884e+02   5.9515122e-04
   4.8372272e+02   6.4526087e-04
   4.8560661e+02   6.9818269e-04
   4.8749049e+02   7.5393360e-04
   4.8937437e+02   8.1251630e-04
   4.9125826e+02   8.7391837e-04
   4.9314214e+02   9.3811152e-04
   4.9502603e+02   1.0050509e-03
   4.9690991e+02   1.0746746e-03
   4.9879379e+02   1.1469034e-03
   5.0067768e+02   1.2216401e-03
   5.0256156e+02   1.2987699e-03
   5.0444545e+02   1.3781605e-03
   5.0632933e+02   1.4596622e-03
   5.0821321e+02   1.5431082e-03
   5.1009710e+02   1.6283158e-03
   5.1198098e+02   1.7150868e-03
   5.1386486e+02   1.8032086e-03
   5.1574875e+02   1.8924554e-03
   5.1763263e+02   1.9825896e-03
   5.1951652e+02   2.0733634e-03
   5.2140040e+02   2.1645199e-03
   5.2328428e+02   2.2557957e-03
   5.2516817e+02   2.3469218e-03
   5.2705205e+02   2.4376263e-03
   5.2893594e+02   2.5276357e-03
   5.3081982e+02   2.6166774e-03
   5.3270370e+02   2.7044814e-03
   5.3458759e+02   2.7907825e-03
   5.3647147e+02   2.8753219e-03
   5.3835536e+02   2.9578495e-03
   5.4023924e+02   3.0381252e-03
   5.4212312e+02   3.1159212e-03
   5.4400701e+02   3.1910229e-03
   5.4589089e+02   3.2632307e-03
   5.4777477e+02   3.3323611e-03
   5.4965866e+02   3.3982479e-03
   5.5154254e+02   3.4607430e-03
   5.5342643e+02   3.5197170e-03
   5.5531031e+02   3.5750601e-03
   5.5719419e+02   3.6266819e-03
   5.5907808e+02   3.6745120e-03
   5.6096196e+02   3.7184995e-03
   5.6284585e+02   3.7586131e-03
   5.6472973e+02   3.7948407e-03
   5.6661361e+02   3.8271884e-03
   5.6849750e+02   3.8556804e-03
   5.7038138e+02   3.8803575e-03
   5.7226527e+02   3.9012766e-03
   5.7414915e+02   3.9185094e-03
   5.7603303e+02   3.9321412e-03
   5.7791692e+02   3.9422697e-03
   5.7980080e+02   3.9490038e-03
   5.8168468e+02   3.9524623e-03
   5.8356857e+02   3.9527721e-03
   5.8545245e+02   3.9500677e-03
   5.8733634e+02   3.9444892e-03
   5.8922022e+02   3.9361811e-03
   5.9110410e+02   3.9252914e-03
   5.9298799e+02   3.9119699e-03
   5.9487187e+02   3.8963676e-03
   5.9675576e+02   3.8786354e-03
   5.9863964e+02   3.8589227e-03
   6.0052352e+02   3.8373775e-03
   6.0240741e+02   3.8141445e-03
   6.0429129e+02   3.7893650e-03
   6.0617518e+02   3.7631764e-03
   6.0805906e+02   3.7357110e-03
   6.0994294e+02   3.7070963e-03
   6.1182683e+02   3.6774540e-03
   6.1371071e+02   3.6469003e-03
   6.1559459e+02   3.6155450e-03
   6.1747848e+02   3.5834920e-03
   6.1936236e+02   3.5508391e-03
   6.2124625e+02   3.5176775e-03
   6.2313013e+02   3.4840926e-03
   6.2501401e+02   3.4501633e-03
   6.2689790e+02   3.4159630e-03
   6.2878178e+02   3.3815590e-03
   6.3066567e+02   3.3470131e-03
   6.3254955e+02   3.3123817e-03
   6.3443343e+02   3.2777163e-03
   6.3631732e+02   3.2430632e-03
   6.3820120e+02   3.2084646e-03
   6.4008509e+02   3.1739579e-03
   6.4196897e+02   3.1395768e-03
   6.4385285e+02   3.1053513e-03
   6.4573674e+02   3.0713078e-03
   6.4762062e+02   3.0374695e-03
   6.4950450e+02   3.0038569e-03
   6.5138839e+02   2.9704874e-03
   6.5327227e+02   2.9373764e-03
   6.5515616e+02   2.9045368e-03
   6.5704004e+02   2.8719797e-03
   6.5892392e+02   2.8397143e-03
   6.6080781e+02   2.8077481e-03
   6.6269169e+02   2.7760874e-03
   6.6457558e+02   2.7447369e-03
   6.6645946e+02   2.7137005e-03
   6.6834334e+02   2.6829808e-03
   6.7022723e+02   2.6525799e-03
   6.7211111e+02   2.6224986e-03
   6.7399499e+02   2.5927376e-03
   6.7587888e+02   2.5632965e-03
   6.7776276e+02   2.5341749e-03
   6.7964665e+02   2.5053715e-03
   6.8153053e+02   2.4768850e-03
   6.8341441e+02   2.4487136e-03
   6.8529830e+02   2.4208552e-03
   6.8718218e+02   2.3933077e-03
   6.8906607e+02   2.3660685e-03
   6.9094995e+02   2.3391352e-03
   6.9283383e+02   2.3125050e-03
   6.9471772e+02   2.2861750e-03
   6.9660160e+02   2.2601425e-03
   6.9848549e+02   2.2344046e-03
   7.0036937e+02   2.2089581e-03
   7.0225325e+02   2.1838001e-03
   7.0413714e+02   2.1589276e-03
   7.0602102e+02   2.1343376e-03
   7.0790490e+02   2.1100270e-03
   7.0978879e+02   2.0859926e-03
   7.1167267e+02   2.0622317e-03
   7.1355656e+02   2.0387410e-03
   7.1544044e+02   2.0155176e-03
   7.1732432e+02   1.9925585e-03
   7.1920821e+02   1.9698607e-03
   7.2109209e+02   1.9474214e-03
   7.2297598e+02   1.9252376e-03
   7.2485986e+02   1.9033063e-03
   7.2674374e+02   1.8816249e-03
   7.2862763e+02   1.8601903e-03
   7.3051151e+02   1.8389999e-03
   7.3239540e+02   1.8180508e-03
   7.3427928e+02   1.7973404e-03
   7.3616316e+02   1.7768659e-03
   7.3804705e+02   1.7566245e-03
   7.3993093e+02   1.7366138e-03
   7.4181481e+02   1.7168310e-03
   7.4369870e+02   1.6972735e-03
   7.4558258e+02   1.6779388e-03
   7.4746647e+02   1.6588244e-03
   7.4935035e+02   1.6399277e-03
   7.5123423e+02   1.6212463e-03
   7.5311812e+02   1.6027777e-03
   7.5500200e+02   1.5845195e-03
   7.5688589e+02   1.5664692e-03
   7.5876977e+02   1.5486246e-03
   7.6065365e+02   1.5309833e-03
   7.6253754e+02   1.5135429e-03
   7.6442142e+02   1.4963012e-03
   7.6630531e+02   1.4792559e-03
   7.6818919e+02   1.4624048e-03
   7.7007307e+02   1.4457456e-03
   7.7195696e+02   1.4292762e-03
   7.7384084e+02   1.4129945e-03
   7.7572472e+02   1.3968982e-03
   7.7760861e+02   1.3809852e-03
   7.7949249e+02   1.3652536e-03
   7.8137638e+02   1.3497011e-03
   7.8326026e+02   1.3343259e-03
   7.8514414e+02   1.3191257e-03
   7.8702803e+02   1.3040987e-03
   7.8891191e+02   1.2892429e-03
   7.9079580e+02   1.2745564e-03
   7.9267968e+02   1.2600371e-03
   7.9456356e+02   1.2456833e-03
   7.9644745e+02   1.2314929e-03
   7.9833133e+02   1.2174642e-03
   8.0021522e+02   1.2035953e-03
   8.0209910e+02   1.1898844e-03
   8.0398298e+02   1.1763297e-03
   8.0586687e+02   1.1629294e-03
   8.0775075e+02   1.1496818e-03
   8.0963463e+02   1.1365850e-03
   8.1151852e+02   1.1236375e-03
   8.1340240e+02   1.1108374e-03
   8.1528629e+02   1.0981832e-03
   8.1717017e+02   1.0856731e-03
   8.1905405e+02   1.0733055e-03
   8.2093794e+02   1.0610789e-03
   8.2282182e+02   1.0489914e-03
   8.2470571e+02   1.0370417e-03
   8.2658959e+02   1.0252281e-03
   8.2847347e+02   1.0135491e-03
   8.3035736e+02   1.0020032e-03
   8.3224124e+02   9.9058874e-04
   8.3412513e+02   9.7930433e-04
   8.3600901e+02   9.6814846e-04
   8.3789289e+02   9.5711969e-04
   8.3977678e+02   9.4621654e-04
   8.4166066e+02   9.3543760e-04
   8.4354454e+02   9.2478146e-04
   8.4542843e+02   9.1424670e-04
   8.4731231e+02   9.0383195e-04
   8.4919620e+02   8.9353584e-04
   8.5108008e+02   8.8335702e-04
   8.5296396e+02   8.7329415e-04
   8.5484785e+02   8.6334592e-04
   8.5673173e+02   8.5351101e-04
   8.5861562e+02   8.4378814e-04
   8.6049950e+02   8.3417602e-04
   8.6238338e+02   8.2467341e-04
   8.6426727e+02   8.1527904e-04
   8.6615115e+02   8.0599169e-04
   8.6803504e+02   7.9681014e-04
   8.6991892e+02   7.8773319e-04
   8.7180280e+02   7.7875963e-04
   8.7368669e+02   7.6988830e-04
   8.7557057e+02   7.6111802e-04
   8.7745445e+02   7.5244766e-04
   8.7933834e+02   7.4387606e-04
   8.8122222e+02   7.3540211e-04
   8.8310611e+02   7.2702469e-04
   8.8498999e+02   7.1874270e-04
   8.8687387e+02   7.1055505e-04
   8.8875776e+02   7.0246068e-04
   8.9064164e+02   6.9445852e-04
   8.9252553e+02   6.8654751e-04
   8.9440941e+02   6.7872662e-04
   8.9629329e+02   6.7099483e-04
   8.9817718e+02   6.6335111e-04
   9.0006106e+02   6.5579447e-04
   9.0194494e+02   6.4832391e-04
   9.0382883e+02   6.4093845e-04
   9.0571271e+02   6.3363712e-04
   9.0759660e+02   6.2641897e-04
   9.0948048e+02   6.1928304e-04
   9.1136436e+02   6.1222840e-04
   9.1324825e+02   6.0525413e-04
   9.1513213e+02   5.9835931e-04
   9.1701602e+02   5.9154303e-04
   9.1889990e+02   5.8480439e-04
   9.2078378e+02   5.7814252e-04
   9.2266767e+02   5.7155654e-04
   9.2455155e+02   5.6504559e-04
   9.2643544e+02   5.5860881e-04
   9.2831932e+02   5.5224535e-04
   9.3020320e+02   5.4595438e-04
   9.3208709e+02   5.3973507e-04
   9.3397097e+02   5.3358662e-04
   9.3585485e+02   5.2750820e-04
   9.3773874e+02   5.2149903e-04
   9.3962262e+02   5.1555831e-04
   9.4150651e+02   5.0968527e-04
   9.4339039e+02   5.0387913e-04
   9.4527427e+02   4.9813913e-04
   9.4715816e+02   4.9246452e-04
   9.4904204e+02   4.8685455e-04
   9.5092593e+02   4.8130849e-04
   9.5280981e+02   4.7582560e-04
   9.5469369e+02   4.7040518e-04
   9.5657758e+02   4.6504650e-04
   9.5846146e+02   4.5974887e-04
   9.6034535e+02   4.5451159e-04
   9.6222923e+02   4.4933396e-04
   9.6411311e+02   4.4421532e-04
   9.6599700e+02   4.3915499e-04
   9.6788088e+02   4.3415230e-04
   9.6976476e+02   4.2920661e-04
   9.7164865e+02   4.2431725e-04
   9.7353253e+02   4.1948359e-04
   9.7541642e+02   4.1470499e-04
   9.7730030e+02   4.0998083e-04
   9.7918418e+02   4.0531048e-04
   9.8106807e+02   4.0069334e-04
   9.8295195e+02   3.9612880e-04
   9.8483584e+02   3.9161625e-04
   9.8671972e+02   3.8715510e-04
   9.8860360e+02   3.8274478e-04
   9.9048749e+02   3.7838470e-04
   9.9237137e+02   3.7407428e-04
   9.9425526e+02   3.6981297e-04
   9.9613914e+02   3.6560020e-04
   9.9802302e+02   3.6143542e-04
   9.9990691e+02   3.5731809e-04
   1.0017908e+03   3.5324766e-04
   1.0036747e+03   3.4922360e-04
   1.0055586e+03   3.4524537e-04
   1.0074424e+03   3.4131247e-04
   1.0093263e+03   3.3742437e-04
   1.0112102e+03   3.3358056e-04
   1.0130941e+03   3.2978054e-04
   1.0149780e+03   3.2602380e-04
   1.0168619e+03   3.2230986e-04
   1.0187457e+03   3.1863823e-04
   1.0206296e+03   3.1500843e-04
   1.0225135e+03   3.1141997e-04
   1.0243974e+03   3.0787239e-04
   1.0262813e+03   3.0436523e-04
   1.0281652e+03   3.0089801e-04
   1.0300490e+03   2.9747030e-04
   1.0319329e+03   2.9408163e-04
   1.0338168e+03   2.9073156e-04
   1.0357007e+03   2.8741966e-04
   1.0375846e+03   2.8414549e-04
   1.0394685e+03   2.8090861e-04
   1.0413524e+03   2.7770860e-04
   1.0432362e+03   2.7454505e-04
   1.0451201e+03   2.7141754e-04
   1.0470040e+03   2.6832566e-04
   1.0488879e+03   2.6526899e-04
   1.0507718e+03   2.6224715e-04
   1.0526557e+03   2.5925973e-04
   1.0545395e+03   2.5630634e-04
   1.0564234e+03   2.5338660e-04
   1.0583073e+03   2.5050011e-04
   1.0601912e+03   2.4764651e-04
   1.0620751e+03   2.4482542e-04
   1.0639590e+03   2.4203646e-04
   1.0658428e+03   2.3927927e-04
   1.0677267e+03   2.3655349e-04
   1.0696106e+03   2.3385877e-04
   1.0714945e+03   2.3119474e-04
   1.0733784e+03   2.2856105e-04
   1.0752623e+03   2.2595737e-04
   1.0771461e+03   2.2338335e-04
   1.0790300e+03   2.2083865e-04
   1.0809139e+03   2.1832294e-04
   1.0827978e+03   2.1583589e-04
   1.0846817e+03   2.1337717e-04
   1.0865656e+03   2.1094646e-04
   1.0884494e+03   2.0854344e-04
   1.0903333e+03   2.0616779e-04
   1.0922172e+03   2.0381921e-04
   1.0941011e+03   2.0149738e-04
   1.0959850e+03   1.9920200e-04
   1.0978689e+03   1.9693276e-04
   1.0997528e+03   1.9468938e-04
   1.1016366e+03   1.9247155e-04
   1.1035205e+03   1.9027899e-04
   1.1054044e+03   1.8811140e-04
   1.1072883e+03   1.8596851e-04
   1.1091722e+03   1.8385003e-04
   1.1110561e+03   1.8175568e-04
   1.1129399e+03   1.7968519e-04
   1.1148238e+03   1.7763828e-04
   1.1167077e+03   1.7561469e-04
   1.1185916e+03   1.7361416e-04
   1.1204755e+03   1.7163641e-04
   1.1223594e+03   1.6968119e-04
   1.1242432e+03   1.6774825e-04
   1.1261271e+03   1.6583733e-04
   1.1280110e+03   1.6394817e-04
   1.1298949e+03   1.6208054e-04
   1.1317788e+03   1.6023418e-04
   1.1336627e+03   1.5840885e-04
   1.1355465e+03   1.5660432e-04
   1.1374304e+03   1.5482034e-04
   1.1393143e+03   1.5305669e-04
   1.1411982e+03   1.5131312e-04
   1.1430821e+03   1.4958942e-04
   1.1449660e+03   1.4788535e-04
   1.1468498e+03   1.4620070e-04
   1.1487337e+03   1.4453524e-04
   1.1506176e+03   1.4288875e-04
   1.1525015e+03   1.4126101e-04
   1.1543854e+03   1.3965182e-04
   1.1562693e+03   1.3806096e-04
   1.1581532e+03   1.3648822e-04
   1.1600370e+03   1.3493340e-04
   1.1619209e+03   1.3339629e-04
   1.1638048e+03   1.3187669e-04
   1.1656887e+03   1.3037440e-04
   1.1675726e+03   1.2888923e-04
   1.1694565e+03   1.2742097e-04
   1.1713403e+03   1.2596944e-04
   1.1732242e+03   1.2453444e-04
   1.1751081e+03   1.2311579e-04
   1.1769920e+03   1.2171331e-04
   1.1788759e+03   1.2032679e-04
   1.1807598e+03   1.1895608e-04
   1.1826436e+03   1.1760098e-04
   1.1845275e+03   1.1626131e-04
   1.1864114e+03   1.1493691e-04
   1.1882953e+03   1.1362759e-04
   1.1901792e+03   1.1233319e-04
   1.1920631e+03   1.1105353e-04
   1.1939469e+03   1.0978845e-04
   1.1958308e+03   1.0853778e-04
   1.1977147e+03   1.0730136e-04
   1.1995986e+03   1.0607902e-04
   1.2014825e+03   1.0487061e-04
   1.2033664e+03   1.0367597e-04
   1.2052503e+03   1.0249493e-04
   1.2071341e+03   1.0132735e-04
   1.2090180e+03   1.0017306e-04
   1.2109019e+03   9.9031930e-05
   1.2127858e+03   9.7903796e-05
   1.2146697e+03   9.6788513e-05
   1.2165536e+03   9.5685935e-05
   1.2184374e+03   9.4595917e-05
   1.2203213e+03   9.3518317e-05
   1.2222052e+03   9.2452992e-05
   1.2240891e+03   9.1399802e-05
   1.2259730e+03   9.0358611e-05
   1.2278569e+03   8.9329280e-05
   1.2297407e+03   8.8311675e-05
   1.2316246e+03   8.7305662e-05
   1.2335085e+03   8.6311109e-05
   1.2353924e+03   8.5327886e-05
   1.2372763e+03   8.4355863e-05
   1.2391602e+03   8.3394913e-05
   1.2410440e+03   8.2444910e-05
   1.2429279e+03   8.1505729e-05
   1.2448118e+03   8.0577247e-05
   1.2466957e+03   7.9659341e-05
   1.2485796e+03   7.8751892e-05
   1.2504635e+03   7.7854781e-05
   1.2523473e+03   7.6967889e-05
   1.2542312e+03   7.6091100e-05
   1.2561151e+03   7.5224299e-05
   1.2579990e+03   7.4367373e-05
   1.2598829e+03   7.3520208e-05
   1.2617668e+03   7.2682694e-05
   1.2636507e+03   7.1854720e-05
   1.2655345e+03   7.1036178e-05
   1.2674184e+03   7.0226961e-05
   1.2693023e+03   6.9426963e-05
   1.2711862e+03   6.8636077e-05
   1.2730701e+03   6.7854201e-05
   1.2749540e+03   6.7081232e-05
   1.2768378e+03   6.6317068e-05
   1.2787217e+03   6.5561609e-05
   1.2806056e+03   6.4814756e-05
   1.2824895e+03   6.4076411e-05
   1.2843734e+03   6.3346477e-05
   1.2862573e+03   6.2624858e-05
   1.2881411e+03   6.1911460e-05
   1.2900250e+03   6.1206188e-05
   1.2919089e+03   6.0508950e-05
   1.2937928e+03   5.9819655e-05
   1.2956767e+03   5.9138213e-05
   1.2975606e+03   5.8464533e-05
   1.2994444e+03   5.7798527e-05
   1.3013283e+03   5.7140108e-05
   1.3032122e+03   5.6489190e-05
   1.3050961e+03   5.5845687e-05
   1.3069800e+03   5.5209514e-05
   1.3088639e+03   5.4580588e-05
   1.3107477e+03   5.3958827e-05
   1.3126316e+03   5.3344148e-05
   1.3145155e+03   5.2736472e-05
   1.3163994e+03   5.2135718e-05
   1.3182833e+03   5.1541808e-05
   1.3201672e+03   5.0954663e-05
   1.3220511e+03   5.0374207e-05
   1.3239349e+03   4.9800363e-05
   1.3258188e+03   4.9233057e-05
   1.3277027e+03   4.8672212e-05
   1.3295866e+03   4.8117757e-05
   1.3314705e+03   4.7569618e-05
   1.3333544e+03   4.7027723e-05
   1.3352382e+03   4.6492001e-05
   1.3371221e+03   4.5962382e-05
   1.3390060e+03   4.5438796e-05
   1.3408899e+03   4.4921175e-05
   1.3427738e+03   4.4409450e-05
   1.3446577e+03   4.3903554e-05
   1.3465415e+03   4.3403422e-05
   1.3484254e+03   4.2908986e-05
   1.3503093e+03   4.2420183e-05
   1.3521932e+03   4.1936949e-05
   1.3540771e+03   4.1459219e-05
   1.3559610e+03   4.0986932e-05
   1.3578448e+03   4.0520024e-05
   1.3597287e+03   4.0058435e-05
   1.3616126e+03   3.9602105e-05
   1.3634965e+03   3.9150973e-05
   1.3653804e+03   3.8704980e-05
   1.3672643e+03   3.8264067e-05
   1.3691481e+03   3.7828178e-05
   1.3710320e+03   3.7397254e-05
   1.3729159e+03   3.6971238e-05
   1.3747998e+03   3.6550076e-05
   1.3766837e+03   3.6133711e-05
   1.3785676e+03   3.5722090e-05
   1.3804515e+03   3.5315158e-05
   1.3823353e+03   3.4912861e-05
   1.3842192e+03   3.4515147e-05
   1.3861031e+03   3.4121963e-05
   1.3879870e+03   3.3733259e-05
   1.3898709e+03   3.3348982e-05
   1.3917548e+03   3.2969084e-05
   1.3936386e+03   3.2593512e-05
   1.3955225e+03   3.2222219e-05
   1.3974064e+03   3.1855156e-05
   1.3992903e+03   3.1492274e-05
   1.4011742e+03   3.1133526e-05
   1.4030581e+03   3.0778865e-05
   1.4049419e+03   3.0428244e-05
   1.4068258e+03   3.0081617e-05
   1.4087097e+03   2.9738939e-05
   1.4105936e+03   2.9400164e-05
   1.4124775e+03   2.9065249e-05
   1.4143614e+03   2.8734148e-05
   1.4162452e+03   2.8406820e-05
   1.4181291e+03   2.8083220e-05
   1.4200130e+03   2.7763307e-05
   1.4218969e+03   2.7447038e-05
   1.4237808e+03   2.7134372e-05
   1.4256647e+03   2.6825267e-05
   1.4275485e+03   2.6519684e-05
   1.4294324e+03   2.6217582e-05
   1.4313163e+03   2.5918921e-05
   1.4332002e+03   2.5623663e-05
   1.4350841e+03   2.5331768e-05
   1.4369680e+03   2.5043198e-05
   1.4388519e+03   2.4757915e-05
   1.4407357e+03   2.4475882e-05
   1.4426196e+03   2.4197063e-05
   1.4445035e+03   2.3921419e-05
   1.4463874e+03   2.3648915e-05
   1.4482713e+03   2.3379516e-05
   1.4501552e+03   2.3113185e-05
   1.4520390e+03   2.2849889e-05
   1.4539229e+03   2.2589591e-05
   1.4558068e+03   2.2332259e-05
   1.4576907e+03   2.2077859e-05
   1.4595746e+03   2.1826356e-05
   1.4614585e+03   2.1577719e-05
   1.4633423e+03   2.1331913e-05
   1.4652262e+03   2.1088908e-05
   1.4671101e+03   2.0848672e-05
   1.4689940e+03   2.0611171e-05
   1.4708779e+03   2.0376377e-05
   1.4727618e+03   2.0144257e-05
   1.4746456e+03   1.9914781e-05
   1.4765295e+03   1.9687920e-05
   1.4784134e+03   1.9463642e-05
   1.4802973e+03   1.9241920e-05
   1.4821812e+03   1.9022723e-05
   1.4840651e+03   1.8806024e-05
   1.4859489e+03   1.8591793e-05
   1.4878328e+03   1.8380002e-05
   1.4897167e+03   1.8170624e-05
   1.4916006e+03   1.7963631e-05
   1.4934845e+03   1.7758996e-05
   1.4953684e+03   1.7556693e-05
   1.4972523e+03   1.7356693e-05
   1.4991361e+03   1.7158973e-05
   1.5010200e+03   1.6963504e-05
   1.5029039e+03   1.6770262e-05
   1.5047878e+03   1.6579222e-05
   1.5066717e+03   1.6390358e-05
   1.5085556e+03   1.6203645e-05
   1.5104394e+03   1.6019059e-05
   1.5123233e+03   1.5836576e-05
   1.5142072e+03   1.5656172e-05
   1.5160911e+03   1.5477823e-05
   1.5179750e+03   1.5301505e-05
   1.5198589e+03   1.5127197e-05
   1.5217427e+03   1.4954873e-05
   1.5236266e+03   1.4784513e-05
   1.5255105e+03   1.4616093e-05
   1.5273944e+03   1.4449593e-05
   1.5292783e+03   1.4284988e-05
   1.5311622e+03   1.4122259e-05
   1.5330460e+03   1.3961384e-05
   1.5349299e+03   1.3802341e-05
   1.5368138e+03   1.3645110e-05
   1.5386977e+03   1.3489670e-05
   1.5405816e+03   1.3336001e-05
   1.5424655e+03   1.3184082e-05
   1.5443493e+03   1.3033894e-05
   1.5462332e+03   1.2885417e-05
   1.5481171e+03   1.2738631e-05
   1.5500010e+03   1.2593518e-05
   1.5518849e+03   1.2450057e-05
   1.5537688e+03   1.2308231e-05
   1.5556527e+03   1.2168020e-05
   1.5575365e+03   1.2029407e-05
   1.5594204e+03   1.1892372e-05
   1.5613043e+03   1.1756899e-05
   1.5631882e+03   1.1622969e-05
   1.5650721e+03   1.1490564e-05
   1.5669560e+03   1.1359668e-05
   1.5688398e+03   1.1230263e-05
   1.5707237e+03   1.1102332e-05
   1.5726076e+03   1.0975859e-05
   1.5744915e+03   1.0850826e-05
   1.5763754e+03   1.0727217e-05
   1.5782593e+03   1.0605017e-05
   1.5801431e+03   1.0484209e-05
   1.5820270e+03   1.0364777e-05
   1.5839109e+03   1.0246705e-05
   1.5857948e+03   1.0129978e-05
   1.5876787e+03   1.0014582e-05
   1.5895626e+03   9.9004993e-06
   1.5914464e+03   9.7877166e-06
   1.5933303e+03   9.6762187e-06
   1.5952142e+03   9.5659909e-06
   1.5970981e+03   9.4570187e-06
   1.5989820e+03   9.3492880e-06
   1.6008659e+03   9.2427845e-06
   1.6027497e+03   9.1374942e-06
   1.6046336e+03   9.0334033e-06
   1.6065175e+03   8.9304982e-06
   1.6084014e+03   8.8287654e-06
   1.6102853e+03   8.7281915e-06
   1.6121692e+03   8.6287632e-06
   1.6140531e+03   8.5304677e-06
   1.6159369e+03   8.4332918e-06
   1.6178208e+03   8.3372230e-06
   1.6197047e+03   8.2422485e-06
   1.6215886e+03   8.1483559e-06
   1.6234725e+03   8.0555330e-06
   1.6253564e+03   7.9637674e-06
   1.6272402e+03   7.8730472e-06
   1.6291241e+03   7.7833605e-06
   1.6310080e+03   7.6946954e-06
   1.6328919e+03   7.6070403e-06
   1.6347758e+03   7.5203838e-06
   1.6366597e+03   7.4347145e-06
   1.6385435e+03   7.3500210e-06
   1.6404274e+03   7.2662924e-06
   1.6423113e+03   7.1835176e-06
   1.6441952e+03   7.1016857e-06
   1.6460791e+03   7.0207860e-06
   1.6479630e+03   6.9408079e-06
   1.6498468e+03   6.8617408e-06
   1.6517307e+03   6.7835745e-06
   1.6536146e+03   6.7062986e-06
   1.6554985e+03   6.6299030e-06
   1.6573824e+03   6.5543777e-06
   1.6592663e+03   6.4797127e-06
   1.6611502e+03   6.4058983e-06
   1.6630340e+03   6.3329247e-06
   1.6649179e+03   6.2607824e-06
   1.6668018e+03   6.1894620e-06
   1.6686857e+03   6.1189540e-06
   1.6705696e+03   6.0492492e-06
   1.6724535e+03   5.9803385e-06
   1.6743373e+03   5.9122127e-06
   1.6762212e+03   5.8448630e-06
   1.6781051e+03   5.7782806e-06
   1.6799890e+03   5.7124566e-06
   1.6818729e+03   5.6473825e-06
   1.6837568e+03   5.5830497e-06
   1.6856406e+03   5.5194497e-06
   1.6875245e+03   5.4565742e-06
   1.6894084e+03   5.3944150e-06
   1.6912923e+03   5.3329639e-06
   1.6931762e+03   5.2722128e-06
   1.6950601e+03   5.2121537e-06
   1.6969439e+03   5.1527789e-06
   1.6988278e+03   5.0940804e-06
   1.7007117e+03   5.0360506e-06
   1.7025956e+03   4.9786818e-06
   1.7044795e+03   4.9219665e-06
   1.7063634e+03   4.8658974e-06
   1.7082472e+03   4.8104669e-06
   1.7101311e+03   4.7556679e-06
   1.7120150e+03   4.7014932e-06
   1.7138989e+03   4.6479355e-06
   1.7157828e+03   4.5949880e-06
   1.7176667e+03   4.5426437e-06
   1.7195506e+03   4.4908956e-06
   1.7214344e+03   4.4397370e-06
   1.7233183e+03   4.3891612e-06
   1.7252022e+03   4.3391616e-06
   1.7270861e+03   4.2897315e-06
   1.7289700e+03   4.2408645e-06
   1.7308539e+03   4.1925542e-06
   1.7327377e+03   4.1447942e-06
   1.7346216e+03   4.0975783e-06
   1.7365055e+03   4.0509003e-06
   1.7383894e+03   4.0047539e-06
   1.7402733e+03   3.9591333e-06
   1.7421572e+03   3.9140324e-06
   1.7440410e+03   3.8694452e-06
   1.7459249e+03   3.8253660e-06
   1.7478088e+03   3.7817889e-06
   1.7496927e+03   3.7387082e-06
   1.7515766e+03   3.6961182e-06
   1.7534605e+03   3.6540134e-06
   1.7553443e+03   3.6123883e-06
   1.7572282e+03   3.5712374e-06
   1.7591121e+03   3.5305552e-06
   1.7609960e+03   3.4903364e-06
   1.7628799e+03   3.4505759e-06
   1.7647638e+03   3.4112682e-06
   1.7666476e+03   3.3724084e-06
   1.7685315e+03   3.3339912e-06
   1.7704154e+03   3.2960116e-06
   1.7722993e+03   3.2584647e-06
   1.7741832e+03   3.2213455e-06
   1.7760671e+03   3.1846492e-06
   1.7779510e+03   3.1483709e-06
   1.7798348e+03   3.1125058e-06
   1.7817187e+03   3.0770493e-06
   1.7836026e+03   3.0419968e-06
   1.7854865e+03   3.0073435e-06
   1.7873704e+03   2.9730850e-06
   1.7892543e+03   2.9392167e-06
   1.7911381e+03   2.9057343e-06
   1.7930220e+03   2.8726333e-06
   1.7949059e+03   2.8399093e-06
   1.7967898e+03   2.8075582e-06
   1.7986737e+03   2.7755755e-06
   1.8005576e+03   2.7439572e-06
   1.8024414e+03   2.7126991e-06
   1.8043253e+03   2.6817971e-06
   1.8062092e+03   2.6512471e-06
   1.8080931e+03   2.6210451e-06
   1.8099770e+03   2.5911871e-06
   1.8118609e+03   2.5616693e-06
   1.8137447e+03   2.5324877e-06
   1.8156286e+03   2.5036386e-06
   1.8175125e+03   2.4751181e-06
   1.8193964e+03   2.4469225e-06
   1.8212803e+03   2.4190481e-06
   1.8231642e+03   2.3914912e-06
   1.8250480e+03   2.3642483e-06
   1.8269319e+03   2.3373156e-06
   1.8288158e+03   2.3106898e-06
   1.8306997e+03   2.2843673e-06
   1.8325836e+03   2.2583447e-06
   1.8344675e+03   2.2326185e-06
   1.8363514e+03   2.2071854e-06
   1.8382352e+03   2.1820419e-06
   1.8401191e+03   2.1571850e-06
   1.8420030e+03   2.1326111e-06
   1.8438869e+03   2.1083172e-06
   1.8457708e+03   2.0843001e-06
   1.8476547e+03   2.0605565e-06
   1.8495385e+03   2.0370835e-06
   1.8514224e+03   2.0138778e-06
   1.8533063e+03   1.9909364e-06
   1.8551902e+03   1.9682565e-06
   1.8570741e+03   1.9458348e-06
   1.8589580e+03   1.9236686e-06
   1.8608418e+03   1.9017549e-06
   1.8627257e+03   1.8800909e-06
   1.8646096e+03   1.8586736e-06
   1.8664935e+03   1.8375003e-06
   1.8683774e+03   1.8165682e-06
   1.8702613e+03   1.7958745e-06
   1.8721451e+03   1.7754166e-06
   1.8740290e+03   1.7551917e-06
   1.8759129e+03   1.7351973e-06
   1.8777968e+03   1.7154305e-06
   1.8796807e+03   1.6958890e-06
   1.8815646e+03   1.6765701e-06
   1.8834484e+03   1.6574712e-06
   1.8853323e+03   1.6385900e-06
   1.8872162e+03   1.6199238e-06
   1.8891001e+03   1.6014702e-06
   1.8909840e+03   1.5832269e-06
   1.8928679e+03   1.5651914e-06
   1.8947518e+03   1.5473613e-06
   1.8966356e+03   1.5297343e-06
   1.8985195e+03   1.5123082e-06
   1.9004034e+03   1.4950806e-06
   1.9022873e+03   1.4780492e-06
   1.9041712e+03   1.4612118e-06
   1.9060551e+03   1.4445662e-06
   1.9079389e+03   1.4281103e-06
   1.9098228e+03   1.4118418e-06
   1.9117067e+03   1.3957586e-06
   1.9135906e+03   1.3798587e-06
   1.9154745e+03   1.3641398e-06
   1.9173584e+03   1.3486001e-06
   1.9192422e+03   1.3332373e-06
   1.9211261e+03   1.3180496e-06
   1.9230100e+03   1.3030349e-06
   1.9248939e+03   1.2881912e-06
   1.9267778e+03   1.2735166e-06
   1.9286617e+03   1.2590092e-06
   1.9305455e+03   1.2446671e-06
   1.9324294e+03   1.2304883e-06
   1.9343133e+03   1.2164710e-06
   1.9361972e+03   1.2026135e-06
   1.9380811e+03   1.1889137e-06
   1.9399650e+03   1.1753701e-06
   1.9418488e+03   1.1619807e-06
   1.9437327e+03   1.1487439e-06
   1.9456166e+03   1.1356578e-06
   1.9475005e+03   1.1227209e-06
   1.9493844e+03   1.1099312e-06
   1.9512683e+03   1.0972873e-06
   1.9531522e+03   1.0847875e-06
   1.9550360e+03   1.0724300e-06
   1.9569199e+03   1.0602133e-06
   1.9588038e+03   1.0481357e-06
   1.9606877e+03   1.0361957e-06
   1.9625716e+03   1.0243918e-06
   1.9644555e+03   1.0127223e-06
   1.9663393e+03   1.0011858e-06
   1.9682232e+03   9.8978064e-07
   1.9701071e+03   9.7850544e-07
   1.9719910e+03   9.6735868e-07
   1.9738749e+03   9.5633889e-07
   1.9757588e+03   9.4544465e-07
   1.9776426e+03   9.3467450e-07
   1.9795265e+03   9.2402704e-07
   1.9814104e+03   9.1350088e-07
   1.9832943e+03   9.0309463e-07
   1.9851782e+03   8.9280692e-07
   1.9870621e+03   8.8263640e-07
   1.9889459e+03   8.7258174e-07
   1.9908298e+03   8.6264162e-07
   1.9927137e+03   8.5281474e-07
   1.9945976e+03   8.4309980e-07
   1.9964815e+03   8.3349553e-07
   1.9983654e+03   8.2400066e-07
   2.0002492e+03   8.1461396e-07
   2.0021331e+03   8.0533419e-07
   2.0040170e+03   7.9616013e-07
   2.0059009e+03   7.8709058e-07
   2.0077848e+03   7.7812434e-07
   2.0096687e+03   7.6926024e-07
   2.0115526e+03   7.6049712e-07
   2.0134364e+03   7.5183383e-07
   2.0153203e+03   7.4326923e-07
   2.0172042e+03   7.3480219e-07
   2.0190881e+03   7.2643160e-07
   2.0209720e+03   7.1815637e-07
   2.0228559e+03   7.0997540e-07
   2.0247397e+03   7.0188763e-07
   2.0266236e+03   6.9389200e-07
   2.0285075e+03   6.8598744e-07
   2.0303914e+03   6.7817294e-07
   2.0322753e+03   6.7044745e-07
   2.0341592e+03   6.6280997e-07
   2.0360430e+03   6.5525949e-07
   2.0379269e+03   6.4779502e-07
   2.0398108e+03   6.4041559e-07
   2.0416947e+03   6.3312022e-07
   2.0435786e+03   6.2590795e-07
   2.0454625e+03   6.1877785e-07
   2.0473463e+03   6.1172897e-07
   2.0492302e+03   6.0476038e-07
   2.0511141e+03   5.9787118e-07
   2.0529980e+03   5.9106046e-07
   2.0548819e+03   5.8432733e-07
   2.0567658e+03   5.7767089e-07
   2.0586496e+03   5.7109028e-07
   2.0605335e+03   5.6458464e-07
   2.0624174e+03   5.5815311e-07
   2.0643013e+03   5.5179484e-07
   2.0661852e+03   5.4550900e-07
   2.0680691e+03   5.3929477e-07
   2.0699530e+03   5.3315133e-07
   2.0718368e+03   5.2707788e-07
   2.0737207e+03   5.2107360e-07
   2.0756046e+03   5.1513773e-07
   2.0774885e+03   5.0926948e-07
   2.0793724e+03   5.0346808e-07
   2.0812563e+03   4.9773276e-07
   2.0831401e+03   4.9206278e-07
   2.0850240e+03   4.8645739e-07
   2.0869079e+03   4.8091585e-07
   2.0887918e+03   4.7543744e-07
   2.0906757e+03   4.7002144e-07
   2.0925596e+03   4.6466713e-07
   2.0944434e+03   4.5937382e-07
   2.0963273e+03   4.5414081e-07
   2.0982112e+03   4.4896741e-07
   2.1000951e+03   4.4385294e-07
   2.1019790e+03   4.3879674e-07
   2.1038629e+03   4.3379813e-07
   2.1057467e+03   4.2885647e-07
   2.1076306e+03   4.2397110e-07
   2.1095145e+03   4.1914138e-07
   2.1113984e+03   4.1436669e-07
   2.1132823e+03   4.0964638e-07
   2.1151662e+03   4.0497984e-07
   2.1170501e+03   4.0036647e-07
   2.1189339e+03   3.9580564e-07
   2.1208178e+03   3.9129678e-07
   2.1227017e+03   3.8683927e-07
   2.1245856e+03   3.8243255e-07
   2.1264695e+03   3.7807602e-07
   2.1283534e+03   3.7376912e-07
   2.1302372e+03   3.6951129e-07
   2.1321211e+03   3.6530196e-07
   2.1340050e+03   3.6114058e-07
   2.1358889e+03   3.5702660e-07
   2.1377728e+03   3.5295949e-07
   2.1396567e+03   3.4893871e-07
   2.1415405e+03   3.4496373e-07
   2.1434244e+03   3.4103404e-07
   2.1453083e+03   3.3714911e-07
   2.1471922e+03   3.3330843e-07
   2.1490761e+03   3.2951151e-07
   2.1509600e+03   3.2575784e-07
   2.1528438e+03   3.2204693e-07
   2.1547277e+03   3.1837829e-07
   2.1566116e+03   3.1475145e-07
   2.1584955e+03   3.1116592e-07
   2.1603794e+03   3.0762124e-07
   2.1622633e+03   3.0411693e-07
   2.1641471e+03   3.0065255e-07
   2.1660310e+03   2.9722763e-07
   2.1679149e+03   2.9384173e-07
   2.1697988e+03   2.9049439e-07
   2.1716827e+03   2.8718519e-07
   2.1735666e+03   2.8391369e-07
   2.1754505e+03   2.8067945e-07
   2.1773343e+03   2.7748206e-07
   2.1792182e+03   2.7432109e-07
   2.1811021e+03   2.7119613e-07
   2.1829860e+03   2.6810676e-07
   2.1848699e+03   2.6505259e-07
   2.1867538e+03   2.6203321e-07
   2.1886376e+03   2.5904823e-07
   2.1905215e+03   2.5609725e-07
   2.1924054e+03   2.5317989e-07
   2.1942893e+03   2.5029576e-07
   2.1961732e+03   2.4744449e-07
   2.1980571e+03   2.4462569e-07
   2.1999409e+03   2.4183901e-07
   2.2018248e+03   2.3908407e-07
   2.2037087e+03   2.3636052e-07
   2.2055926e+03   2.3366799e-07
   2.2074765e+03   2.3100613e-07
   2.2093604e+03   2.2837460e-07
   2.2112442e+03   2.2577304e-07
   2.2131281e+03   2.2320112e-07
   2.2150120e+03   2.2065850e-07
   2.2168959e+03   2.1814484e-07
   2.2187798e+03   2.1565982e-07
   2.2206637e+03   2.1320311e-07
   2.2225475e+03   2.1077438e-07
   2.2244314e+03   2.0837332e-07
   2.2263153e+03   2.0599961e-07
   2.2281992e+03   2.0365294e-07
   2.2300831e+03   2.0133300e-07
   2.2319670e+03   1.9903949e-07
   2.2338509e+03   1.9677211e-07
   2.2357347e+03   1.9453056e-07
   2.2376186e+03   1.9231454e-07
   2.2395025e+03   1.9012376e-07
   2.2413864e+03   1.8795795e-07
   2.2432703e+03   1.8581680e-07
   2.2451542e+03   1.8370005e-07
   2.2470380e+03   1.8160741e-07
   2.2489219e+03   1.7953860e-07
   2.2508058e+03   1.7749337e-07
   2.2526897e+03   1.7547143e-07
   2.2545736e+03   1.7347253e-07
   2.2564575e+03   1.7149640e-07
   2.2583413e+03   1.6954277e-07
   2.2602252e+03   1.6761141e-07
   2.2621091e+03   1.6570204e-07
   2.2639930e+03   1.6381443e-07
   2.2658769e+03   1.6194832e-07
   2.2677608e+03   1.6010346e-07
   2.2696446e+03   1.5827962e-07
   2.2715285e+03   1.5647656e-07
   2.2734124e+03   1.5469404e-07
   2.2752963e+03   1.5293183e-07
   2.2771802e+03   1.5118968e-07
   2.2790641e+03   1.4946739e-07
   2.2809479e+03   1.4776471e-07
   2.2828318e+03   1.4608143e-07
   2.2847157e+03   1.4441733e-07
   2.2865996e+03   1.4277218e-07
   2.2884835e+03   1.4114578e-07
   2.2903674e+03   1.3953790e-07
   2.2922513e+03   1.3794834e-07
   2.2941351e+03   1.3637688e-07
   2.2960190e+03   1.3482333e-07
   2.2979029e+03   1.3328747e-07
   2.2997868e+03   1.3176911e-07
   2.3016707e+03   1.3026805e-07
   2.3035546e+03   1.2878408e-07
   2.3054384e+03   1.2731702e-07
   2.3073223e+03   1.2586668e-07
   2.3092062e+03   1.2443285e-07
   2.3110901e+03   1.2301536e-07
   2.3129740e+03   1.2161402e-07
   2.3148579e+03   1.2022864e-07
   2.3167417e+03   1.1885904e-07
   2.3186256e+03   1.1750504e-07
   2.3205095e+03   1.1616647e-07
   2.3223934e+03   1.1484314e-07
   2.3242773e+03   1.1353489e-07
   2.3261612e+03   1.1224155e-07
   2.3280450e+03   1.1096293e-07
   2.3299289e+03   1.0969889e-07
   2.3318128e+03   1.0844924e-07
   2.3336967e+03   1.0721383e-07
   2.3355806e+03   1.0599249e-07
   2.3374645e+03   1.0478506e-07
   2.3393483e+03   1.0359139e-07
   2.3412322e+03   1.0241132e-07
   2.3431161e+03   1.0124469e-07
   2.3450000e+03   1.0009134e-07
