   4.0834500e+02   2.1870030e-05
   4.1009820e+02   2.3111576e-05
   4.1185141e+02   2.4415453e-05
   4.1360461e+02   2.5784287e-05
   4.1535781e+02   2.7220786e-05
   4.1711102e+02   2.8727741e-05
   4.1886422e+02   3.0308026e-05
   4.2061742e+02   3.1964599e-05
   4.2237063e+02   3.3700503e-05
   4.2412383e+02   3.5518866e-05
   4.2587703e+02   3.7422905e-05
   4.2763024e+02   3.9415920e-05
   4.2938344e+02   4.1501298e-05
   4.3113664e+02   4.3682515e-05
   4.3288984e+02   4.5963131e-05
   4.3464305e+02   4.8346794e-05
   4.3639625e+02   5.0837240e-05
   4.3814945e+02   5.3438287e-05
   4.3990266e+02   5.6153842e-05
   4.4165586e+02   5.8987894e-05
   4.4340906e+02   6.1944516e-05
   4.4516227e+02   6.5027866e-05
   4.4691547e+02   6.8242179e-05
   4.4866867e+02   7.1591772e-05
   4.5042188e+02   7.5081042e-05
   4.5217508e+02   7.8714457e-05
   4.5392828e+02   8.2496565e-05
   4.5568149e+02   8.6431980e-05
   4.5743469e+02   9.0525390e-05
   4.5918789e+02   9.4781547e-05
   4.6094110e+02   9.9205268e-05
   4.6269430e+02   1.0380143e-04
   4.6444750e+02   1.0857496e-04
   4.6620071e+02   1.1353085e-04
   4.6795391e+02   1.1867414e-04
   4.6970711e+02   1.2400991e-04
   4.7146032e+02   1.2954328e-04
   4.7321352e+02   1.3527941e-04
   4.7496672e+02   1.4122348e-04
   4.7671992e+02   1.4738073e-04
   4.7847313e+02   1.5375637e-04
   4.8022633e+02   1.6035568e-04
   4.8197953e+02   1.6718390e-04
   4.8373274e+02   1.7424630e-04
   4.8548594e+02   1.8154815e-04
   4.8723914e+02   1.8909470e-04
   4.8899235e+02   1.9689119e-04
   4.9074555e+02   2.0494283e-04
   4.9249875e+02   2.1325480e-04
   4.9425196e+02   2.2183224e-04
   4.9600516e+02   2.3068026e-04
   4.9775836e+02   2.3980391e-04
   4.9951157e+02   2.4920815e-04
   5.0126477e+02   2.5889791e-04
   5.0301797e+02   2.6887802e-04
   5.0477118e+02   2.7915322e-04
   5.0652438e+02   2.8972817e-04
   5.0827758e+02   3.0060740e-04
   5.1003079e+02   3.1179536e-04
   5.1178399e+02   3.2329635e-04
   5.1353719e+02   3.3511453e-04
   5.1529040e+02   3.4725395e-04
   5.1704360e+02   3.5971848e-04
   5.1879680e+02   3.7251184e-04
   5.2055001e+02   3.8563757e-04
   5.2230321e+02   3.9909905e-04
   5.2405641e+02   4.1289944e-04
   5.2580961e+02   4.2704173e-04
   5.2756282e+02   4.4152867e-04
   5.2931602e+02   4.5636281e-04
   5.3106922e+02   4.7154646e-04
   5.3282243e+02   4.8708171e-04
   5.3457563e+02   5.0297038e-04
   5.3632883e+02   5.1921404e-04
   5.3808204e+02   5.3581399e-04
   5.3983524e+02   5.5277127e-04
   5.4158844e+02   5.7008662e-04
   5.4334165e+02   5.8776048e-04
   5.4509485e+02   6.0579300e-04
   5.4684805e+02   6.2418403e-04
   5.4860126e+02   6.4293308e-04
   5.5035446e+02   6.6203935e-04
   5.5210766e+02   6.8150169e-04
   5.5386087e+02   7.0131865e-04
   5.5561407e+02   7.2148838e-04
   5.5736727e+02   7.4200871e-04
   5.5912048e+02   7.6287711e-04
   5.6087368e+02   7.8409068e-04
   5.6262688e+02   8.0564615e-04
   5.6438009e+02   8.2753989e-04
   5.6613329e+02   8.4976786e-04
   5.6788649e+02   8.7232568e-04
   5.6963969e+02   8.9520855e-04
   5.7139290e+02   9.1841132e-04
   5.7314610e+02   9.4192841e-04
   5.7489930e+02   9.6575387e-04
   5.7665251e+02   9.8988138e-04
   5.7840571e+02   1.0143042e-03
   5.8015891e+02   1.0390152e-03
   5.8191212e+02   1.0640068e-03
   5.8366532e+02   1.0892712e-03
   5.8541852e+02   1.1148001e-03
   5.8717173e+02   1.1405848e-03
   5.8892493e+02   1.1666162e-03
   5.9067813e+02   1.1928850e-03
   5.9243134e+02   1.2193812e-03
   5.9418454e+02   1.2460948e-03
   5.9593774e+02   1.2730151e-03
   5.9769095e+02   1.3001314e-03
   5.9944415e+02   1.3274324e-03
   6.0119735e+02   1.3549065e-03
   6.0295056e+02   1.3825417e-03
   6.0470376e+02   1.4103260e-03
   6.0645696e+02   1.4382467e-03
   6.0821017e+02   1.4662909e-03
   6.0996337e+02   1.4944457e-03
   6.1171657e+02   1.5226975e-03
   6.1346977e+02   1.5510326e-03
   6.1522298e+02   1.5794373e-03
   6.1697618e+02   1.6078971e-03
   6.1872938e+02   1.6363979e-03
   6.2048259e+02   1.6649248e-03
   6.2223579e+02   1.6934633e-03
   6.2398899e+02   1.7219981e-03
   6.2574220e+02   1.7505142e-03
   6.2749540e+02   1.7789962e-03
   6.2924860e+02   1.8074287e-03
   6.3100181e+02   1.8357961e-03
   6.3275501e+02   1.8640827e-03
   6.3450821e+02   1.8922728e-03
   6.3626142e+02   1.9203505e-03
   6.3801462e+02   1.9482999e-03
   6.3976782e+02   1.9761051e-03
   6.4152103e+02   2.0037502e-03
   6.4327423e+02   2.0312193e-03
   6.4502743e+02   2.0584964e-03
   6.4678064e+02   2.0855656e-03
   6.4853384e+02   2.1124113e-03
   6.5028704e+02   2.1390176e-03
   6.5204025e+02   2.1653689e-03
   6.5379345e+02   2.1914498e-03
   6.5554665e+02   2.2172448e-03
   6.5729985e+02   2.2427386e-03
   6.5905306e+02   2.2679164e-03
   6.6080626e+02   2.2927631e-03
   6.6255946e+02   2.3172641e-03
   6.6431267e+02   2.3414050e-03
   6.6606587e+02   2.3651716e-03
   6.6781907e+02   2.3885499e-03
   6.6957228e+02   2.4115262e-03
   6.7132548e+02   2.4340873e-03
   6.7307868e+02   2.4562199e-03
   6.7483189e+02   2.4779114e-03
   6.7658509e+02   2.4991494e-03
   6.7833829e+02   2.5199217e-03
   6.8009150e+02   2.5402167e-03
   6.8184470e+02   2.5600230e-03
   6.8359790e+02   2.5793297e-03
   6.8535111e+02   2.5981263e-03
   6.8710431e+02   2.6164026e-03
   6.8885751e+02   2.6341489e-03
   6.9061072e+02   2.6513560e-03
   6.9236392e+02   2.6680151e-03
   6.9411712e+02   2.6841177e-03
   6.9587033e+02   2.6996559e-03
   6.9762353e+02   2.7146224e-03
   6.9937673e+02   2.7290100e-03
   7.0112993e+02   2.7428125e-03
   7.0288314e+02   2.7560236e-03
   7.0463634e+02   2.7686380e-03
   7.0638954e+02   2.7806506e-03
   7.0814275e+02   2.7920568e-03
   7.0989595e+02   2.8028527e-03
   7.1164915e+02   2.8130347e-03
   7.1340236e+02   2.8225998e-03
   7.1515556e+02   2.8315455e-03
   7.1690876e+02   2.8398697e-03
   7.1866197e+02   2.8475710e-03
   7.2041517e+02   2.8546482e-03
   7.2216837e+02   2.8611009e-03
   7.2392158e+02   2.8669290e-03
   7.2567478e+02   2.8721330e-03
   7.2742798e+02   2.8767138e-03
   7.2918119e+02   2.8806728e-03
   7.3093439e+02   2.8840119e-03
   7.3268759e+02   2.8867335e-03
   7.3444080e+02   2.8888402e-03
   7.3619400e+02   2.8903354e-03
   7.3794720e+02   2.8912228e-03
   7.3970041e+02   2.8915064e-03
   7.4145361e+02   2.8911909e-03
   7.4320681e+02   2.8902811e-03
   7.4496002e+02   2.8887825e-03
   7.4671322e+02   2.8867007e-03
   7.4846642e+02   2.8840420e-03
   7.5021962e+02   2.8808127e-03
   7.5197283e+02   2.8770197e-03
   7.5372603e+02   2.8726703e-03
   7.5547923e+02   2.8677720e-03
   7.5723244e+02   2.8623325e-03
   7.5898564e+02   2.8563601e-03
   7.6073884e+02   2.8498632e-03
   7.6249205e+02   2.8428505e-03
   7.6424525e+02   2.8353310e-03
   7.6599845e+02   2.8273139e-03
   7.6775166e+02   2.8188088e-03
   7.6950486e+02   2.8098252e-03
   7.7125806e+02   2.8003732e-03
   7.7301127e+02   2.7904627e-03
   7.7476447e+02   2.7801041e-03
   7.7651767e+02   2.7693079e-03
   7.7827088e+02   2.7580845e-03
   7.8002408e+02   2.7464449e-03
   7.8177728e+02   2.7343997e-03
   7.8353049e+02   2.7219600e-03
   7.8528369e+02   2.7091369e-03
   7.8703689e+02   2.6959415e-03
   7.8879010e+02   2.6823850e-03
   7.9054330e+02   2.6684787e-03
   7.9229650e+02   2.6542340e-03
   7.9404970e+02   2.6396621e-03
   7.9580291e+02   2.6247744e-03
   7.9755611e+02   2.6095824e-03
   7.9930931e+02   2.5940973e-03
   8.0106252e+02   2.5783306e-03
   8.0281572e+02   2.5622935e-03
   8.0456892e+02   2.5459973e-03
   8.0632213e+02   2.5294533e-03
   8.0807533e+02   2.5126727e-03
   8.0982853e+02   2.4956665e-03
   8.1158174e+02   2.4784457e-03
   8.1333494e+02   2.4610213e-03
   8.1508814e+02   2.4434041e-03
   8.1684135e+02   2.4256048e-03
   8.1859455e+02   2.4076341e-03
   8.2034775e+02   2.3895023e-03
   8.2210096e+02   2.3712200e-03
   8.2385416e+02   2.3527971e-03
   8.2560736e+02   2.3342439e-03
   8.2736057e+02   2.3155703e-03
   8.2911377e+02   2.2967859e-03
   8.3086697e+02   2.2779004e-03
   8.3262018e+02   2.2589233e-03
   8.3437338e+02   2.2398636e-03
   8.3612658e+02   2.2207307e-03
   8.3787978e+02   2.2015332e-03
   8.3963299e+02   2.1822800e-03
   8.4138619e+02   2.1629795e-03
   8.4313939e+02   2.1436401e-03
   8.4489260e+02   2.1242699e-03
   8.4664580e+02   2.1048768e-03
   8.4839900e+02   2.0854686e-03
   8.5015221e+02   2.0660529e-03
   8.5190541e+02   2.0466369e-03
   8.5365861e+02   2.0272278e-03
   8.5541182e+02   2.0078325e-03
   8.5716502e+02   1.9884578e-03
   8.5891822e+02   1.9691102e-03
   8.6067143e+02   1.9497960e-03
   8.6242463e+02   1.9305214e-03
   8.6417783e+02   1.9112922e-03
   8.6593104e+02   1.8921141e-03
   8.6768424e+02   1.8729928e-03
   8.6943744e+02   1.8539335e-03
   8.7119065e+02   1.8349413e-03
   8.7294385e+02   1.8160213e-03
   8.7469705e+02   1.7971780e-03
   8.7645026e+02   1.7784161e-03
   8.7820346e+02   1.7597399e-03
   8.7995666e+02   1.7411536e-03
   8.8170986e+02   1.7226611e-03
   8.8346307e+02   1.7042664e-03
   8.8521627e+02   1.6859730e-03
   8.8696947e+02   1.6677843e-03
   8.8872268e+02   1.6497037e-03
   8.9047588e+02   1.6317342e-03
   8.9222908e+02   1.6138789e-03
   8.9398229e+02   1.5961405e-03
   8.9573549e+02   1.5785216e-03
   8.9748869e+02   1.5610248e-03
   8.9924190e+02   1.5436522e-03
   9.0099510e+02   1.5264062e-03
   9.0274830e+02   1.5092888e-03
   9.0450151e+02   1.4923017e-03
   9.0625471e+02   1.4754469e-03
   9.0800791e+02   1.4587259e-03
   9.0976112e+02   1.4421402e-03
   9.1151432e+02   1.4256912e-03
   9.1326752e+02   1.4093801e-03
   9.1502073e+02   1.3932080e-03
   9.1677393e+02   1.3771760e-03
   9.1852713e+02   1.3612850e-03
   9.2028034e+02   1.3455358e-03
   9.2203354e+02   1.3299290e-03
   9.2378674e+02   1.3144653e-03
   9.2553994e+02   1.2991451e-03
   9.2729315e+02   1.2839688e-03
   9.2904635e+02   1.2689369e-03
   9.3079955e+02   1.2540494e-03
   9.3255276e+02   1.2393066e-03
   9.3430596e+02   1.2247085e-03
   9.3605916e+02   1.2102551e-03
   9.3781237e+02   1.1959463e-03
   9.3956557e+02   1.1817820e-03
   9.4131877e+02   1.1677620e-03
   9.4307198e+02   1.1538859e-03
   9.4482518e+02   1.1401535e-03
   9.4657838e+02   1.1265643e-03
   9.4833159e+02   1.1131179e-03
   9.5008479e+02   1.0998138e-03
   9.5183799e+02   1.0866514e-03
   9.5359120e+02   1.0736301e-03
   9.5534440e+02   1.0607493e-03
   9.5709760e+02   1.0480082e-03
   9.5885081e+02   1.0354062e-03
   9.6060401e+02   1.0229425e-03
   9.6235721e+02   1.0106163e-03
   9.6411042e+02   9.9842678e-04
   9.6586362e+02   9.8637300e-04
   9.6761682e+02   9.7445412e-04
   9.6937003e+02   9.6266921e-04
   9.7112323e+02   9.5101733e-04
   9.7287643e+02   9.3949751e-04
   9.7462963e+02   9.2810875e-04
   9.7638284e+02   9.1685005e-04
   9.7813604e+02   9.0572037e-04
   9.7988924e+02   8.9471868e-04
   9.8164245e+02   8.8384390e-04
   9.8339565e+02   8.7309497e-04
   9.8514885e+02   8.6247081e-04
   9.8690206e+02   8.5197030e-04
   9.8865526e+02   8.4159235e-04
   9.9040846e+02   8.3133584e-04
   9.9216167e+02   8.2119965e-04
   9.9391487e+02   8.1118264e-04
   9.9566807e+02   8.0128368e-04
   9.9742128e+02   7.9150163e-04
   9.9917448e+02   7.8183534e-04
   1.0009277e+03   7.7228368e-04
   1.0026809e+03   7.6284549e-04
   1.0044341e+03   7.5351963e-04
   1.0061873e+03   7.4430495e-04
   1.0079405e+03   7.3520030e-04
   1.0096937e+03   7.2620454e-04
   1.0114469e+03   7.1731652e-04
   1.0132001e+03   7.0853509e-04
   1.0149533e+03   6.9985913e-04
   1.0167065e+03   6.9128749e-04
   1.0184597e+03   6.8281905e-04
   1.0202129e+03   6.7445269e-04
   1.0219661e+03   6.6618727e-04
   1.0237193e+03   6.5802168e-04
   1.0254725e+03   6.4995482e-04
   1.0272257e+03   6.4198559e-04
   1.0289789e+03   6.3411288e-04
   1.0307321e+03   6.2633561e-04
   1.0324853e+03   6.1865270e-04
   1.0342385e+03   6.1106306e-04
   1.0359917e+03   6.0356564e-04
   1.0377449e+03   5.9615938e-04
   1.0394982e+03   5.8884322e-04
   1.0412514e+03   5.8161613e-04
   1.0430046e+03   5.7447706e-04
   1.0447578e+03   5.6742500e-04
   1.0465110e+03   5.6045892e-04
   1.0482642e+03   5.5357783e-04
   1.0500174e+03   5.4678072e-04
   1.0517706e+03   5.4006660e-04
   1.0535238e+03   5.3343449e-04
   1.0552770e+03   5.2688343e-04
   1.0570302e+03   5.2041245e-04
   1.0587834e+03   5.1402060e-04
   1.0605366e+03   5.0770693e-04
   1.0622898e+03   5.0147053e-04
   1.0640430e+03   4.9531045e-04
   1.0657962e+03   4.8922579e-04
   1.0675494e+03   4.8321564e-04
   1.0693026e+03   4.7727911e-04
   1.0710558e+03   4.7141531e-04
   1.0728090e+03   4.6562337e-04
   1.0745622e+03   4.5990242e-04
   1.0763154e+03   4.5425160e-04
   1.0780686e+03   4.4867007e-04
   1.0798218e+03   4.4315699e-04
   1.0815750e+03   4.3771152e-04
   1.0833282e+03   4.3233286e-04
   1.0850814e+03   4.2702018e-04
   1.0868346e+03   4.2177269e-04
   1.0885878e+03   4.1658959e-04
   1.0903410e+03   4.1147011e-04
   1.0920942e+03   4.0641346e-04
   1.0938475e+03   4.0141888e-04
   1.0956007e+03   3.9648563e-04
   1.0973539e+03   3.9161294e-04
   1.0991071e+03   3.8680008e-04
   1.1008603e+03   3.8204632e-04
   1.1026135e+03   3.7735093e-04
   1.1043667e+03   3.7271321e-04
   1.1061199e+03   3.6813246e-04
   1.1078731e+03   3.6360796e-04
   1.1096263e+03   3.5913904e-04
   1.1113795e+03   3.5472502e-04
   1.1131327e+03   3.5036522e-04
   1.1148859e+03   3.4605898e-04
   1.1166391e+03   3.4180564e-04
   1.1183923e+03   3.3760456e-04
   1.1201455e+03   3.3345510e-04
   1.1218987e+03   3.2935661e-04
   1.1236519e+03   3.2530849e-04
   1.1254051e+03   3.2131011e-04
   1.1271583e+03   3.1736086e-04
   1.1289115e+03   3.1346013e-04
   1.1306647e+03   3.0960734e-04
   1.1324179e+03   3.0580190e-04
   1.1341711e+03   3.0204322e-04
   1.1359243e+03   2.9833073e-04
   1.1376775e+03   2.9466386e-04
   1.1394307e+03   2.9104206e-04
   1.1411839e+03   2.8746477e-04
   1.1429371e+03   2.8393144e-04
   1.1446903e+03   2.8044153e-04
   1.1464435e+03   2.7699452e-04
   1.1481968e+03   2.7358987e-04
   1.1499500e+03   2.7022706e-04
   1.1517032e+03   2.6690559e-04
   1.1534564e+03   2.6362493e-04
   1.1552096e+03   2.6038460e-04
   1.1569628e+03   2.5718410e-04
   1.1587160e+03   2.5402293e-04
   1.1604692e+03   2.5090061e-04
   1.1622224e+03   2.4781667e-04
   1.1639756e+03   2.4477063e-04
   1.1657288e+03   2.4176203e-04
   1.1674820e+03   2.3879041e-04
   1.1692352e+03   2.3585532e-04
   1.1709884e+03   2.3295630e-04
   1.1727416e+03   2.3009291e-04
   1.1744948e+03   2.2726472e-04
   1.1762480e+03   2.2447129e-04
   1.1780012e+03   2.2171219e-04
   1.1797544e+03   2.1898701e-04
   1.1815076e+03   2.1629532e-04
   1.1832608e+03   2.1363672e-04
   1.1850140e+03   2.1101079e-04
   1.1867672e+03   2.0841714e-04
   1.1885204e+03   2.0585537e-04
   1.1902736e+03   2.0332509e-04
   1.1920268e+03   2.0082591e-04
   1.1937800e+03   1.9835745e-04
   1.1955332e+03   1.9591932e-04
   1.1972864e+03   1.9351117e-04
   1.1990396e+03   1.9113262e-04
   1.2007928e+03   1.8878330e-04
   1.2025461e+03   1.8646286e-04
   1.2042993e+03   1.8417094e-04
   1.2060525e+03   1.8190719e-04
   1.2078057e+03   1.7967126e-04
   1.2095589e+03   1.7746282e-04
   1.2113121e+03   1.7528153e-04
   1.2130653e+03   1.7312704e-04
   1.2148185e+03   1.7099904e-04
   1.2165717e+03   1.6889719e-04
   1.2183249e+03   1.6682118e-04
   1.2200781e+03   1.6477069e-04
   1.2218313e+03   1.6274540e-04
   1.2235845e+03   1.6074500e-04
   1.2253377e+03   1.5876919e-04
   1.2270909e+03   1.5681767e-04
   1.2288441e+03   1.5489014e-04
   1.2305973e+03   1.5298629e-04
   1.2323505e+03   1.5110585e-04
   1.2341037e+03   1.4924852e-04
   1.2358569e+03   1.4741403e-04
   1.2376101e+03   1.4560208e-04
   1.2393633e+03   1.4381240e-04
   1.2411165e+03   1.4204472e-04
   1.2428697e+03   1.4029877e-04
   1.2446229e+03   1.3857427e-04
   1.2463761e+03   1.3687098e-04
   1.2481293e+03   1.3518862e-04
   1.2498825e+03   1.3352694e-04
   1.2516357e+03   1.3188568e-04
   1.2533889e+03   1.3026460e-04
   1.2551421e+03   1.2866344e-04
   1.2568954e+03   1.2708197e-04
   1.2586486e+03   1.2551993e-04
   1.2604018e+03   1.2397709e-04
   1.2621550e+03   1.2245322e-04
   1.2639082e+03   1.2094808e-04
   1.2656614e+03   1.1946144e-04
   1.2674146e+03   1.1799307e-04
   1.2691678e+03   1.1654275e-04
   1.2709210e+03   1.1511025e-04
   1.2726742e+03   1.1369537e-04
   1.2744274e+03   1.1229787e-04
   1.2761806e+03   1.1091756e-04
   1.2779338e+03   1.0955420e-04
   1.2796870e+03   1.0820761e-04
   1.2814402e+03   1.0687757e-04
   1.2831934e+03   1.0556388e-04
   1.2849466e+03   1.0426633e-04
   1.2866998e+03   1.0298473e-04
   1.2884530e+03   1.0171889e-04
   1.2902062e+03   1.0046860e-04
   1.2919594e+03   9.9233687e-05
   1.2937126e+03   9.8013950e-05
   1.2954658e+03   9.6809204e-05
   1.2972190e+03   9.5619267e-05
   1.2989722e+03   9.4443956e-05
   1.3007254e+03   9.3283091e-05
   1.3024786e+03   9.2136496e-05
   1.3042318e+03   9.1003993e-05
   1.3059850e+03   8.9885411e-05
   1.3077382e+03   8.8780578e-05
   1.3094914e+03   8.7689325e-05
   1.3112446e+03   8.6611486e-05
   1.3129979e+03   8.5546895e-05
   1.3147511e+03   8.4495389e-05
   1.3165043e+03   8.3456808e-05
   1.3182575e+03   8.2430993e-05
   1.3200107e+03   8.1417786e-05
   1.3217639e+03   8.0417034e-05
   1.3235171e+03   7.9428582e-05
   1.3252703e+03   7.8452280e-05
   1.3270235e+03   7.7487978e-05
   1.3287767e+03   7.6535529e-05
   1.3305299e+03   7.5594787e-05
   1.3322831e+03   7.4665608e-05
   1.3340363e+03   7.3747851e-05
   1.3357895e+03   7.2841374e-05
   1.3375427e+03   7.1946039e-05
   1.3392959e+03   7.1061709e-05
   1.3410491e+03   7.0188249e-05
   1.3428023e+03   6.9325525e-05
   1.3445555e+03   6.8473406e-05
   1.3463087e+03   6.7631760e-05
   1.3480619e+03   6.6800459e-05
   1.3498151e+03   6.5979377e-05
   1.3515683e+03   6.5168386e-05
   1.3533215e+03   6.4367365e-05
   1.3550747e+03   6.3576189e-05
   1.3568279e+03   6.2794737e-05
   1.3585811e+03   6.2022891e-05
   1.3603343e+03   6.1260532e-05
   1.3620875e+03   6.0507544e-05
   1.3638407e+03   5.9763812e-05
   1.3655939e+03   5.9029220e-05
   1.3673472e+03   5.8303659e-05
   1.3691004e+03   5.7587015e-05
   1.3708536e+03   5.6879180e-05
   1.3726068e+03   5.6180046e-05
   1.3743600e+03   5.5489505e-05
   1.3761132e+03   5.4807451e-05
   1.3778664e+03   5.4133782e-05
   1.3796196e+03   5.3468392e-05
   1.3813728e+03   5.2811182e-05
   1.3831260e+03   5.2162049e-05
   1.3848792e+03   5.1520896e-05
   1.3866324e+03   5.0887623e-05
   1.3883856e+03   5.0262134e-05
   1.3901388e+03   4.9644334e-05
   1.3918920e+03   4.9034127e-05
   1.3936452e+03   4.8431420e-05
   1.3953984e+03   4.7836122e-05
   1.3971516e+03   4.7248141e-05
   1.3989048e+03   4.6667387e-05
   1.4006580e+03   4.6093772e-05
   1.4024112e+03   4.5527207e-05
   1.4041644e+03   4.4967606e-05
   1.4059176e+03   4.4414883e-05
   1.4076708e+03   4.3868955e-05
   1.4094240e+03   4.3329736e-05
   1.4111772e+03   4.2797146e-05
   1.4129304e+03   4.2271102e-05
   1.4146836e+03   4.1751523e-05
   1.4164368e+03   4.1238331e-05
   1.4181900e+03   4.0731448e-05
   1.4199432e+03   4.0230794e-05
   1.4216965e+03   3.9736294e-05
   1.4234497e+03   3.9247873e-05
   1.4252029e+03   3.8765455e-05
   1.4269561e+03   3.8288967e-05
   1.4287093e+03   3.7818335e-05
   1.4304625e+03   3.7353488e-05
   1.4322157e+03   3.6894355e-05
   1.4339689e+03   3.6440866e-05
   1.4357221e+03   3.5992950e-05
   1.4374753e+03   3.5550540e-05
   1.4392285e+03   3.5113568e-05
   1.4409817e+03   3.4681967e-05
   1.4427349e+03   3.4255671e-05
   1.4444881e+03   3.3834615e-05
   1.4462413e+03   3.3418735e-05
   1.4479945e+03   3.3007966e-05
   1.4497477e+03   3.2602246e-05
   1.4515009e+03   3.2201513e-05
   1.4532541e+03   3.1805706e-05
   1.4550073e+03   3.1414764e-05
   1.4567605e+03   3.1028627e-05
   1.4585137e+03   3.0647237e-05
   1.4602669e+03   3.0270534e-05
   1.4620201e+03   2.9898462e-05
   1.4637733e+03   2.9530963e-05
   1.4655265e+03   2.9167981e-05
   1.4672797e+03   2.8809460e-05
   1.4690329e+03   2.8455347e-05
   1.4707861e+03   2.8105586e-05
   1.4725393e+03   2.7760124e-05
   1.4742925e+03   2.7418909e-05
   1.4760458e+03   2.7081887e-05
   1.4777990e+03   2.6749008e-05
   1.4795522e+03   2.6420221e-05
   1.4813054e+03   2.6095475e-05
   1.4830586e+03   2.5774720e-05
   1.4848118e+03   2.5457909e-05
   1.4865650e+03   2.5144991e-05
   1.4883182e+03   2.4835919e-05
   1.4900714e+03   2.4530647e-05
   1.4918246e+03   2.4229127e-05
   1.4935778e+03   2.3931313e-05
   1.4953310e+03   2.3637159e-05
   1.4970842e+03   2.3346621e-05
   1.4988374e+03   2.3059655e-05
   1.5005906e+03   2.2776215e-05
   1.5023438e+03   2.2496260e-05
   1.5040970e+03   2.2219746e-05
   1.5058502e+03   2.1946630e-05
   1.5076034e+03   2.1676871e-05
   1.5093566e+03   2.1410429e-05
   1.5111098e+03   2.1147261e-05
   1.5128630e+03   2.0887328e-05
   1.5146162e+03   2.0630590e-05
   1.5163694e+03   2.0377007e-05
   1.5181226e+03   2.0126542e-05
   1.5198758e+03   1.9879155e-05
   1.5216290e+03   1.9634809e-05
   1.5233822e+03   1.9393466e-05
   1.5251354e+03   1.9155090e-05
   1.5268886e+03   1.8919644e-05
   1.5286418e+03   1.8687092e-05
   1.5303951e+03   1.8457398e-05
   1.5321483e+03   1.8230528e-05
   1.5339015e+03   1.8006446e-05
   1.5356547e+03   1.7785118e-05
   1.5374079e+03   1.7566511e-05
   1.5391611e+03   1.7350591e-05
   1.5409143e+03   1.7137325e-05
   1.5426675e+03   1.6926681e-05
   1.5444207e+03   1.6718625e-05
   1.5461739e+03   1.6513127e-05
   1.5479271e+03   1.6310155e-05
   1.5496803e+03   1.6109677e-05
   1.5514335e+03   1.5911664e-05
   1.5531867e+03   1.5716085e-05
   1.5549399e+03   1.5522909e-05
   1.5566931e+03   1.5332108e-05
   1.5584463e+03   1.5143653e-05
   1.5601995e+03   1.4957513e-05
   1.5619527e+03   1.4773662e-05
   1.5637059e+03   1.4592071e-05
   1.5654591e+03   1.4412711e-05
   1.5672123e+03   1.4235556e-05
   1.5689655e+03   1.4060579e-05
   1.5707187e+03   1.3887752e-05
   1.5724719e+03   1.3717050e-05
   1.5742251e+03   1.3548446e-05
   1.5759783e+03   1.3381914e-05
   1.5777315e+03   1.3217429e-05
   1.5794847e+03   1.3054966e-05
   1.5812379e+03   1.2894500e-05
   1.5829911e+03   1.2736007e-05
   1.5847443e+03   1.2579461e-05
   1.5864976e+03   1.2424840e-05
   1.5882508e+03   1.2272119e-05
   1.5900040e+03   1.2121275e-05
   1.5917572e+03   1.1972286e-05
   1.5935104e+03   1.1825128e-05
   1.5952636e+03   1.1679778e-05
   1.5970168e+03   1.1536215e-05
   1.5987700e+03   1.1394417e-05
   1.6005232e+03   1.1254362e-05
   1.6022764e+03   1.1116028e-05
   1.6040296e+03   1.0979395e-05
   1.6057828e+03   1.0844441e-05
   1.6075360e+03   1.0711145e-05
   1.6092892e+03   1.0579489e-05
   1.6110424e+03   1.0449450e-05
   1.6127956e+03   1.0321010e-05
   1.6145488e+03   1.0194149e-05
   1.6163020e+03   1.0068846e-05
   1.6180552e+03   9.9450845e-06
   1.6198084e+03   9.8228438e-06
   1.6215616e+03   9.7021056e-06
   1.6233148e+03   9.5828515e-06
   1.6250680e+03   9.4650632e-06
   1.6268212e+03   9.3487227e-06
   1.6285744e+03   9.2338122e-06
   1.6303276e+03   9.1203141e-06
   1.6320808e+03   9.0082111e-06
   1.6338340e+03   8.8974861e-06
   1.6355872e+03   8.7881220e-06
   1.6373404e+03   8.6801022e-06
   1.6390936e+03   8.5734101e-06
   1.6408469e+03   8.4680294e-06
   1.6426001e+03   8.3639440e-06
   1.6443533e+03   8.2611380e-06
   1.6461065e+03   8.1595956e-06
   1.6478597e+03   8.0593014e-06
   1.6496129e+03   7.9602399e-06
   1.6513661e+03   7.8623960e-06
   1.6531193e+03   7.7657548e-06
   1.6548725e+03   7.6703015e-06
   1.6566257e+03   7.5760215e-06
   1.6583789e+03   7.4829003e-06
   1.6601321e+03   7.3909237e-06
   1.6618853e+03   7.3000776e-06
   1.6636385e+03   7.2103482e-06
   1.6653917e+03   7.1217217e-06
   1.6671449e+03   7.0341845e-06
   1.6688981e+03   6.9477233e-06
   1.6706513e+03   6.8623249e-06
   1.6724045e+03   6.7779761e-06
   1.6741577e+03   6.6946642e-06
   1.6759109e+03   6.6123762e-06
   1.6776641e+03   6.5310997e-06
   1.6794173e+03   6.4508223e-06
   1.6811705e+03   6.3715315e-06
   1.6829237e+03   6.2932154e-06
   1.6846769e+03   6.2158619e-06
   1.6864301e+03   6.1394592e-06
   1.6881833e+03   6.0639956e-06
   1.6899365e+03   5.9894595e-06
   1.6916897e+03   5.9158397e-06
   1.6934429e+03   5.8431247e-06
   1.6951962e+03   5.7713035e-06
   1.6969494e+03   5.7003651e-06
   1.6987026e+03   5.6302987e-06
   1.7004558e+03   5.5610935e-06
   1.7022090e+03   5.4927389e-06
   1.7039622e+03   5.4252245e-06
   1.7057154e+03   5.3585400e-06
   1.7074686e+03   5.2926751e-06
   1.7092218e+03   5.2276198e-06
   1.7109750e+03   5.1633641e-06
   1.7127282e+03   5.0998983e-06
   1.7144814e+03   5.0372125e-06
   1.7162346e+03   4.9752973e-06
   1.7179878e+03   4.9141430e-06
   1.7197410e+03   4.8537405e-06
   1.7214942e+03   4.7940804e-06
   1.7232474e+03   4.7351536e-06
   1.7250006e+03   4.6769511e-06
   1.7267538e+03   4.6194641e-06
   1.7285070e+03   4.5626836e-06
   1.7302602e+03   4.5066010e-06
   1.7320134e+03   4.4512078e-06
   1.7337666e+03   4.3964955e-06
   1.7355198e+03   4.3424557e-06
   1.7372730e+03   4.2890801e-06
   1.7390262e+03   4.2363605e-06
   1.7407794e+03   4.1842890e-06
   1.7425326e+03   4.1328575e-06
   1.7442858e+03   4.0820582e-06
   1.7460390e+03   4.0318833e-06
   1.7477922e+03   3.9823251e-06
   1.7495455e+03   3.9333761e-06
   1.7512987e+03   3.8850287e-06
   1.7530519e+03   3.8372756e-06
   1.7548051e+03   3.7901095e-06
   1.7565583e+03   3.7435231e-06
   1.7583115e+03   3.6975093e-06
   1.7600647e+03   3.6520611e-06
   1.7618179e+03   3.6071715e-06
   1.7635711e+03   3.5628337e-06
   1.7653243e+03   3.5190409e-06
   1.7670775e+03   3.4757863e-06
   1.7688307e+03   3.4330635e-06
   1.7705839e+03   3.3908657e-06
   1.7723371e+03   3.3491867e-06
   1.7740903e+03   3.3080199e-06
   1.7758435e+03   3.2673591e-06
   1.7775967e+03   3.2271981e-06
   1.7793499e+03   3.1875308e-06
   1.7811031e+03   3.1483511e-06
   1.7828563e+03   3.1096529e-06
   1.7846095e+03   3.0714304e-06
   1.7863627e+03   3.0336776e-06
   1.7881159e+03   2.9963890e-06
   1.7898691e+03   2.9595587e-06
   1.7916223e+03   2.9231810e-06
   1.7933755e+03   2.8872505e-06
   1.7951287e+03   2.8517617e-06
   1.7968819e+03   2.8167091e-06
   1.7986351e+03   2.7820873e-06
   1.8003883e+03   2.7478911e-06
   1.8021415e+03   2.7141152e-06
   1.8038947e+03   2.6807544e-06
   1.8056480e+03   2.6478037e-06
   1.8074012e+03   2.6152581e-06
   1.8091544e+03   2.5831124e-06
   1.8109076e+03   2.5513619e-06
   1.8126608e+03   2.5200017e-06
   1.8144140e+03   2.4890269e-06
   1.8161672e+03   2.4584328e-06
   1.8179204e+03   2.4282148e-06
   1.8196736e+03   2.3983683e-06
   1.8214268e+03   2.3688886e-06
   1.8231800e+03   2.3397712e-06
   1.8249332e+03   2.3110117e-06
   1.8266864e+03   2.2826058e-06
   1.8284396e+03   2.2545490e-06
   1.8301928e+03   2.2268370e-06
   1.8319460e+03   2.1994657e-06
   1.8336992e+03   2.1724308e-06
   1.8354524e+03   2.1457282e-06
   1.8372056e+03   2.1193538e-06
   1.8389588e+03   2.0933036e-06
   1.8407120e+03   2.0675737e-06
   1.8424652e+03   2.0421599e-06
   1.8442184e+03   2.0170586e-06
   1.8459716e+03   1.9922658e-06
   1.8477248e+03   1.9677777e-06
   1.8494780e+03   1.9435906e-06
   1.8512312e+03   1.9197008e-06
   1.8529844e+03   1.8961047e-06
   1.8547376e+03   1.8727986e-06
   1.8564908e+03   1.8497789e-06
   1.8582440e+03   1.8270422e-06
   1.8599973e+03   1.8045850e-06
   1.8617505e+03   1.7824038e-06
   1.8635037e+03   1.7604953e-06
   1.8652569e+03   1.7388560e-06
   1.8670101e+03   1.7174828e-06
   1.8687633e+03   1.6963722e-06
   1.8705165e+03   1.6755211e-06
   1.8722697e+03   1.6549263e-06
   1.8740229e+03   1.6345847e-06
   1.8757761e+03   1.6144931e-06
   1.8775293e+03   1.5946484e-06
   1.8792825e+03   1.5750477e-06
   1.8810357e+03   1.5556879e-06
   1.8827889e+03   1.5365660e-06
   1.8845421e+03   1.5176792e-06
   1.8862953e+03   1.4990246e-06
   1.8880485e+03   1.4805992e-06
   1.8898017e+03   1.4624003e-06
   1.8915549e+03   1.4444251e-06
   1.8933081e+03   1.4266708e-06
   1.8950613e+03   1.4091348e-06
   1.8968145e+03   1.3918143e-06
   1.8985677e+03   1.3747068e-06
   1.9003209e+03   1.3578095e-06
   1.9020741e+03   1.3411198e-06
   1.9038273e+03   1.3246354e-06
   1.9055805e+03   1.3083535e-06
   1.9073337e+03   1.2922718e-06
   1.9090869e+03   1.2763877e-06
   1.9108401e+03   1.2606989e-06
   1.9125933e+03   1.2452030e-06
   1.9143466e+03   1.2298975e-06
   1.9160998e+03   1.2147801e-06
   1.9178530e+03   1.1998485e-06
   1.9196062e+03   1.1851005e-06
   1.9213594e+03   1.1705338e-06
   1.9231126e+03   1.1561461e-06
   1.9248658e+03   1.1419352e-06
   1.9266190e+03   1.1278990e-06
   1.9283722e+03   1.1140354e-06
   1.9301254e+03   1.1003421e-06
   1.9318786e+03   1.0868172e-06
   1.9336318e+03   1.0734585e-06
   1.9353850e+03   1.0602640e-06
   1.9371382e+03   1.0472317e-06
   1.9388914e+03   1.0343596e-06
   1.9406446e+03   1.0216457e-06
   1.9423978e+03   1.0090881e-06
   1.9441510e+03   9.9668478e-07
   1.9459042e+03   9.8443396e-07
   1.9476574e+03   9.7233372e-07
   1.9494106e+03   9.6038221e-07
   1.9511638e+03   9.4857760e-07
   1.9529170e+03   9.3691809e-07
   1.9546702e+03   9.2540190e-07
   1.9564234e+03   9.1402725e-07
   1.9581766e+03   9.0279242e-07
   1.9599298e+03   8.9169568e-07
   1.9616830e+03   8.8073534e-07
   1.9634362e+03   8.6990972e-07
   1.9651894e+03   8.5921717e-07
   1.9669426e+03   8.4865604e-07
   1.9686959e+03   8.3822472e-07
   1.9704491e+03   8.2792162e-07
   1.9722023e+03   8.1774516e-07
   1.9739555e+03   8.0769379e-07
   1.9757087e+03   7.9776597e-07
   1.9774619e+03   7.8796017e-07
   1.9792151e+03   7.7827490e-07
   1.9809683e+03   7.6870868e-07
   1.9827215e+03   7.5926004e-07
   1.9844747e+03   7.4992754e-07
   1.9862279e+03   7.4070975e-07
   1.9879811e+03   7.3160527e-07
   1.9897343e+03   7.2261269e-07
   1.9914875e+03   7.1373064e-07
   1.9932407e+03   7.0495777e-07
   1.9949939e+03   6.9629273e-07
   1.9967471e+03   6.8773420e-07
   1.9985003e+03   6.7928087e-07
   2.0002535e+03   6.7093144e-07
   2.0020067e+03   6.6268464e-07
   2.0037599e+03   6.5453920e-07
   2.0055131e+03   6.4649389e-07
   2.0072663e+03   6.3854746e-07
   2.0090195e+03   6.3069871e-07
   2.0107727e+03   6.2294643e-07
   2.0125259e+03   6.1528944e-07
   2.0142791e+03   6.0772657e-07
   2.0160323e+03   6.0025665e-07
   2.0177855e+03   5.9287856e-07
   2.0195387e+03   5.8559115e-07
   2.0212919e+03   5.7839331e-07
   2.0230452e+03   5.7128395e-07
   2.0247984e+03   5.6426197e-07
   2.0265516e+03   5.5732631e-07
   2.0283048e+03   5.5047589e-07
   2.0300580e+03   5.4370968e-07
   2.0318112e+03   5.3702663e-07
   2.0335644e+03   5.3042573e-07
   2.0353176e+03   5.2390596e-07
   2.0370708e+03   5.1746634e-07
   2.0388240e+03   5.1110586e-07
   2.0405772e+03   5.0482357e-07
   2.0423304e+03   4.9861849e-07
   2.0440836e+03   4.9248969e-07
   2.0458368e+03   4.8643622e-07
   2.0475900e+03   4.8045715e-07
   2.0493432e+03   4.7455158e-07
   2.0510964e+03   4.6871859e-07
   2.0528496e+03   4.6295731e-07
   2.0546028e+03   4.5726683e-07
   2.0563560e+03   4.5164630e-07
   2.0581092e+03   4.4609486e-07
   2.0598624e+03   4.4061166e-07
   2.0616156e+03   4.3519585e-07
   2.0633688e+03   4.2984661e-07
   2.0651220e+03   4.2456311e-07
   2.0668752e+03   4.1934457e-07
   2.0686284e+03   4.1419016e-07
   2.0703816e+03   4.0909912e-07
   2.0721348e+03   4.0407064e-07
   2.0738880e+03   3.9910398e-07
   2.0756412e+03   3.9419837e-07
   2.0773944e+03   3.8935305e-07
   2.0791477e+03   3.8456729e-07
   2.0809009e+03   3.7984035e-07
   2.0826541e+03   3.7517152e-07
   2.0844073e+03   3.7056007e-07
   2.0861605e+03   3.6600530e-07
   2.0879137e+03   3.6150652e-07
   2.0896669e+03   3.5706304e-07
   2.0914201e+03   3.5267418e-07
   2.0931733e+03   3.4833926e-07
   2.0949265e+03   3.4405762e-07
   2.0966797e+03   3.3982861e-07
   2.0984329e+03   3.3565158e-07
   2.1001861e+03   3.3152590e-07
   2.1019393e+03   3.2745092e-07
   2.1036925e+03   3.2342604e-07
   2.1054457e+03   3.1945062e-07
   2.1071989e+03   3.1552407e-07
   2.1089521e+03   3.1164579e-07
   2.1107053e+03   3.0781517e-07
   2.1124585e+03   3.0403164e-07
   2.1142117e+03   3.0029461e-07
   2.1159649e+03   2.9660352e-07
   2.1177181e+03   2.9295780e-07
   2.1194713e+03   2.8935688e-07
   2.1212245e+03   2.8580023e-07
   2.1229777e+03   2.8228730e-07
   2.1247309e+03   2.7881754e-07
   2.1264841e+03   2.7539044e-07
   2.1282373e+03   2.7200546e-07
   2.1299905e+03   2.6866208e-07
   2.1317437e+03   2.6535980e-07
   2.1334970e+03   2.6209812e-07
   2.1352502e+03   2.5887652e-07
   2.1370034e+03   2.5569452e-07
   2.1387566e+03   2.5255163e-07
   2.1405098e+03   2.4944737e-07
   2.1422630e+03   2.4638127e-07
   2.1440162e+03   2.4335286e-07
   2.1457694e+03   2.4036167e-07
   2.1475226e+03   2.3740725e-07
   2.1492758e+03   2.3448914e-07
   2.1510290e+03   2.3160690e-07
   2.1527822e+03   2.2876009e-07
   2.1545354e+03   2.2594827e-07
   2.1562886e+03   2.2317101e-07
   2.1580418e+03   2.2042789e-07
   2.1597950e+03   2.1771848e-07
