   8.3300000e+01   3.0439000e+02   5.7389000e+02
   6.5060000e+01   1.6611000e+02   5.4057000e+02
   7.6580000e+01   3.1806000e+02   7.9547000e+02
   6.5320000e+01   1.8668000e+02   6.3517000e+02
   9.8160000e+01   3.0069000e+02   6.8772000e+02
   1.2864000e+02   2.9293000e+02   6.6218000e+02
   1.0122000e+02   2.2631000e+02   6.3304000e+02
   1.1640000e+02   1.9481000e+02   5.9812000e+02
   8.9810000e+01   2.3314000e+02   6.6935000e+02
   6.6480000e+01   2.1461000e+02   5.6923000e+02
   1.2837000e+02   3.2262000e+02   6.2237000e+02
   6.5350000e+01   2.9661000e+02   5.4016000e+02
   9.2010000e+01   3.0465000e+02   7.3863000e+02
   6.1100000e+01   2.6615000e+02   6.1687000e+02
   8.4290000e+01   2.4499000e+02   7.7646000e+02
   9.2290000e+01   1.5128000e+02   7.2089000e+02
   9.2480000e+01   2.0678000e+02   5.1357000e+02
   5.2180000e+01   3.6293000e+02   5.5648000e+02
   1.6746000e+02   4.8832000e+02   8.8176000e+02
   8.3550000e+01   5.7477000e+02   6.0806000e+02
   1.2697000e+02   3.4792000e+02   8.0367000e+02
   1.2320000e+02   2.7097000e+02   7.1481000e+02
   9.9500000e+01   5.1448000e+02   7.0602000e+02
   8.3200000e+01   5.0067000e+02   6.0434000e+02
   1.7401000e+02   1.9674000e+02   7.9135000e+02
   1.9676000e+02   9.1060000e+01   7.6714000e+02
   8.2480000e+01   1.7474000e+02   5.5999000e+02
   4.5060000e+01   1.8141000e+02   5.8215000e+02
   6.2860000e+01   2.3383000e+02   5.9425000e+02
   6.0960000e+01   2.1041000e+02   5.7110000e+02
   9.5300000e+01   2.2964000e+02   8.7767000e+02
   1.1654000e+02   1.5511000e+02   7.4925000e+02
   7.2590000e+01   1.5213000e+02   5.7206000e+02
   6.7130000e+01   1.4027000e+02   5.2543000e+02
   8.0990000e+01   2.2656000e+02   5.8961000e+02
   7.9250000e+01   1.9148000e+02   6.0460000e+02
   6.7360000e+01   2.4668000e+02   5.8629000e+02
   9.6010000e+01   2.4665000e+02   5.8952000e+02
   1.1693000e+02   4.2699000e+02   7.0669000e+02
   1.4286000e+02   3.3084000e+02   6.4138000e+02
