0.79669
0.23547
0.56724
0.73977
0.93252
0.79862
0.42216
0.8646
0.47014
0.72175
0.48874
0.78062
0.087963
0.51791
0.91276
0.5278
0.91392
0.46331
0.76936
0.99274
0.92351
0.93607
0.93185
0.54006
0.92876
0.62338
0.55726
0.70554
-0.93132
-0.77775
-0.52298
-0.85233
-0.3585
-0.28331
-0.45566
-0.95117
-0.03041
0.53908
0.31049
0.37628
0.88863
0.79968
0.82948
0.19705
0.10292
0.81056
0.99939
0.57748
0.94112
0.8474
0.75985
0.89945
0.94327
-0.79877
0.51138
0.37551
0.84842
0.52434
0.72807
0.9966
0.87824
0.98276
0.60035
-0.33813
0.90129
0.83141
0.94455
0.76146
0.47497
0.8256
0.33283
0.27937
0.43375
0.94456
-0.99844
-0.13338
0.78272
0.30845
-0.15503
-0.43879
-0.98635
-0.71379
-0.31968
0.077239
-0.31109
-0.44854
0.47675
-0.17851
-0.45247
-0.37962
-0.42935
0.85505
0.99454
0.53507
0.93082
0.81149
0.74713
0.87199
0.96187
-0.83092
0.45326
0.99668
0.79024
0.81888
-0.41213
0.66007
0.96804
0.74141
0.96524
0.87713
0.6965
0.90572
0.87215
-0.7193
0.60024
0.96747
0.88171
0.69022
-0.62699
0.94554
0.47426
0.90482
0.56911
0.80195
0.99159
0.86742
0.99068
0.6917
-0.44956
0.84219
0.89144
0.99263
0.42094
-0.42624
0.85623
0.9302
0.80039
0.28077
-0.10578
0.29418
-0.2031
-0.051548
-0.08387
0.585
-0.74762
-0.61204
0.30592
-0.2549
0.78119
0.097194
0.37936
0.11392
-0.14787
-0.15142
-0.13977
0.67714
0.22674
-0.32913
-0.67233
-0.33729
0.016675
-0.21214
-0.38167
-0.11582
-0.26539
0.18058
-0.78887
-0.13513
0.045315
-0.21967
-0.00034595
0.87826
0.92274
0.66413
0.96904
0.62022
0.49028
0.69357
0.9875
-0.94906
0.20743
0.93563
0.60984
0.93477
-0.58379
0.94559
0.90154
0.70129
0.51647
0.15576
