   5.4630000e+01   1.6916000e+02   4.7540000e+02
   4.8210000e+01   1.4260000e+02   5.0515000e+02
   4.3040000e+01   2.2700000e+02   5.6299000e+02
   4.8430000e+01   1.2921000e+02   5.7103000e+02
   9.2960000e+01   1.4176000e+02   6.5704000e+02
   8.8530000e+01   1.2720000e+02   6.4807000e+02
   6.1670000e+01   1.8825000e+02   5.1756000e+02
   5.4280000e+01   2.0358000e+02   4.9400000e+02
   3.8560000e+01   1.6443000e+02   5.2932000e+02
   4.4690000e+01   1.4390000e+02   5.1149000e+02
   4.5370000e+01   2.6311000e+02   5.1736000e+02
   5.5610000e+01   1.8489000e+02   5.1945000e+02
   3.6560000e+01   1.9471000e+02   5.4851000e+02
   4.6910000e+01   1.2486000e+02   5.5474000e+02
   6.6160000e+01   1.4607000e+02   7.1692000e+02
   6.2950000e+01   1.9417000e+02   5.7813000e+02
   4.7240000e+01   1.9681000e+02   4.6360000e+02
   4.0690000e+01   2.9870000e+02   5.1570000e+02
   6.4170000e+01   5.4171000e+02   6.1585000e+02
   5.0220000e+01   4.7824000e+02   5.6794000e+02
   9.1590000e+01   2.9904000e+02   6.5840000e+02
   6.6800000e+01   2.7671000e+02   5.5903000e+02
   6.3600000e+01   4.0811000e+02   5.7276000e+02
   4.7930000e+01   4.1714000e+02   5.2148000e+02
   1.4311000e+02   1.3892000e+02   6.5890000e+02
   1.5022000e+02   9.7080000e+01   7.1477000e+02
   7.0820000e+01   1.0152000e+02   5.2832000e+02
   4.6300000e+01   1.3003000e+02   5.5132000e+02
   4.1760000e+01   1.7861000e+02   5.4898000e+02
   3.9060000e+01   1.8509000e+02   5.2359000e+02
   9.8310000e+01   1.7026000e+02   7.0798000e+02
   9.4410000e+01   1.3126000e+02   6.5959000e+02
   5.9590000e+01   8.9040000e+01   5.1205000e+02
   5.1060000e+01   7.7190000e+01   5.0680000e+02
   6.3380000e+01   1.4867000e+02   5.8290000e+02
   5.3310000e+01   1.7317000e+02   5.5293000e+02
   6.2460000e+01   1.9654000e+02   5.5353000e+02
   6.8840000e+01   2.4676000e+02   5.3029000e+02
   5.7840000e+01   3.5839000e+02   5.3172000e+02
   7.5280000e+01   2.8103000e+02   5.4396000e+02
