0.70586
0.20782
0.76489
-0.90343
-0.60517
0.04064
-0.021777
0.69267
0.87669
0.074124
0.65061
0.99566
0.77095
-0.57728
0.74163
0.68942
0.99578
0.7309
-0.62812
0.70164
0.99797
-0.9075
-0.40427
0.21531
0.94399
0.35832
-0.35235
-0.4088
-0.24063
-0.85052
-0.94909
0.11494
-0.95801
-0.87645
-0.84429
-0.13711
0.10732
0.72428
0.99257
0.11032
0.92059
0.74107
0.69726
0.30697
-0.95864
-0.52053
0.12146
0.71624
0.71624
0.71128
0.15536
0.092067
0.83094
-0.60673
0.77088
-0.75795
-0.25822
0.41425
0.92535
0.41756
-0.22697
-0.2886
0.95152
-0.26456
0.47887
0.9268
0.96247
0.66415
0.061752
-0.98583
-0.047862
0.62533
0.6724
-0.94967
-0.17393
-0.021243
-0.65182
-0.87921
0.047424
-0.63145
-0.65852
0.05962
-0.93246
-0.69944
-0.67268
-0.269
0.84387
-0.72197
-0.50087
-0.22436
-0.026574
-0.85531
-0.32927
0.31236
0.93713
0.41281
-0.28265
-0.34206
0.99325
-0.21357
0.39628
0.88555
0.97935
-0.92459
-0.28679
-0.15056
0.55623
0.92645
0.31551
0.94457
0.59206
0.53968
0.53039
-0.90633
0.96429
0.88489
0.64688
-0.25166
-0.77569
0.60133
0.34034
0.70218
0.93913
0.011234
0.65804
0.6767
0.64255
0.08161
-0.80126
0.89617
0.61347
0.3507
0.13029
-0.3647
0.1946
0.77567
-0.91457
-0.68466
-0.06125
0.9945
-0.027221
-0.65964
-0.70618
0.91383
0.21829
0.0066033
0.63937
0.8809
-0.98745
0.14525
0.89867
0.2144
-0.075869
-0.91827
-0.92503
-0.55994
0.78462
-0.37196
-0.88981
-0.90832
0.68677
0.60522
-0.48096
0.17637
0.51017
-0.85826
0.30171
0.61216
-0.2476
-0.61035
0.83601
0.71171
0.98381
0.66265
-0.68745
0.66031
0.98785
0.99514
-0.46447
-0.80007
0.62984
0.0093714
-0.3666
0.71843
-0.66487
-0.40646
0.47165
0.56521
-0.75955
-0.90795
