   5.3450000e+02   7.5959943e-06
   5.3647818e+02   8.1746118e-06
   5.3845636e+02   8.7927751e-06
   5.4043453e+02   9.4528177e-06
   5.4241271e+02   1.0157182e-05
   5.4439089e+02   1.0908424e-05
   5.4636907e+02   1.1709214e-05
   5.4834725e+02   1.2562343e-05
   5.5032543e+02   1.3470721e-05
   5.5230360e+02   1.4437385e-05
   5.5428178e+02   1.5465497e-05
   5.5625996e+02   1.6558350e-05
   5.5823814e+02   1.7719369e-05
   5.6021632e+02   1.8952114e-05
   5.6219449e+02   2.0260280e-05
   5.6417267e+02   2.1647703e-05
   5.6615085e+02   2.3118356e-05
   5.6812903e+02   2.4676356e-05
   5.7010721e+02   2.6325963e-05
   5.7208539e+02   2.8071580e-05
   5.7406356e+02   2.9917755e-05
   5.7604174e+02   3.1869181e-05
   5.7801992e+02   3.3930697e-05
   5.7999810e+02   3.6107285e-05
   5.8197628e+02   3.8404072e-05
   5.8395445e+02   4.0826330e-05
   5.8593263e+02   4.3379468e-05
   5.8791081e+02   4.6069040e-05
   5.8988899e+02   4.8900735e-05
   5.9186717e+02   5.1880377e-05
   5.9384535e+02   5.5013921e-05
   5.9582352e+02   5.8307452e-05
   5.9780170e+02   6.1767177e-05
   5.9977988e+02   6.5399421e-05
   6.0175806e+02   6.9210626e-05
   6.0373624e+02   7.3207338e-05
   6.0571441e+02   7.7396208e-05
   6.0769259e+02   8.1783977e-05
   6.0967077e+02   8.6377479e-05
   6.1164895e+02   9.1183621e-05
   6.1362713e+02   9.6209383e-05
   6.1560531e+02   1.0146181e-04
   6.1758348e+02   1.0694798e-04
   6.1956166e+02   1.1267504e-04
   6.2153984e+02   1.1865014e-04
   6.2351802e+02   1.2488047e-04
   6.2549620e+02   1.3137320e-04
   6.2747437e+02   1.3813552e-04
   6.2945255e+02   1.4517457e-04
   6.3143073e+02   1.5249748e-04
   6.3340891e+02   1.6011131e-04
   6.3538709e+02   1.6802308e-04
   6.3736527e+02   1.7623971e-04
   6.3934344e+02   1.8476803e-04
   6.4132162e+02   1.9361475e-04
   6.4329980e+02   2.0278646e-04
   6.4527798e+02   2.1228960e-04
   6.4725616e+02   2.2213045e-04
   6.4923433e+02   2.3231510e-04
   6.5121251e+02   2.4284944e-04
   6.5319069e+02   2.5373915e-04
   6.5516887e+02   2.6498966e-04
   6.5714705e+02   2.7660616e-04
   6.5912523e+02   2.8859353e-04
   6.6110340e+02   3.0095641e-04
   6.6308158e+02   3.1369907e-04
   6.6505976e+02   3.2682549e-04
   6.6703794e+02   3.4033928e-04
   6.6901612e+02   3.5424368e-04
   6.7099429e+02   3.6854155e-04
   6.7297247e+02   3.8323534e-04
   6.7495065e+02   3.9832707e-04
   6.7692883e+02   4.1381834e-04
   6.7890701e+02   4.2971027e-04
   6.8088519e+02   4.4600352e-04
   6.8286336e+02   4.6269826e-04
   6.8484154e+02   4.7979414e-04
   6.8681972e+02   4.9729032e-04
   6.8879790e+02   5.1518540e-04
   6.9077608e+02   5.3347745e-04
   6.9275425e+02   5.5216398e-04
   6.9473243e+02   5.7124194e-04
   6.9671061e+02   5.9070770e-04
   6.9868879e+02   6.1055705e-04
   7.0066697e+02   6.3078517e-04
   7.0264515e+02   6.5138666e-04
   7.0462332e+02   6.7235551e-04
   7.0660150e+02   6.9368510e-04
   7.0857968e+02   7.1536822e-04
   7.1055786e+02   7.3739701e-04
   7.1253604e+02   7.5976304e-04
   7.1451421e+02   7.8245725e-04
   7.1649239e+02   8.0546997e-04
   7.1847057e+02   8.2879095e-04
   7.2044875e+02   8.5240932e-04
   7.2242693e+02   8.7631365e-04
   7.2440511e+02   9.0049191e-04
   7.2638328e+02   9.2493150e-04
   7.2836146e+02   9.4961929e-04
   7.3033964e+02   9.7454158e-04
   7.3231782e+02   9.9968416e-04
   7.3429600e+02   1.0250323e-03
   7.3627417e+02   1.0505708e-03
   7.3825235e+02   1.0762839e-03
   7.4023053e+02   1.1021555e-03
   7.4220871e+02   1.1281690e-03
   7.4418689e+02   1.1543074e-03
   7.4616507e+02   1.1805534e-03
   7.4814324e+02   1.2068892e-03
   7.5012142e+02   1.2332967e-03
   7.5209960e+02   1.2597575e-03
   7.5407778e+02   1.2862531e-03
   7.5605596e+02   1.3127645e-03
   7.5803413e+02   1.3392726e-03
   7.6001231e+02   1.3657581e-03
   7.6199049e+02   1.3922015e-03
   7.6396867e+02   1.4185833e-03
   7.6594685e+02   1.4448838e-03
   7.6792503e+02   1.4710832e-03
   7.6990320e+02   1.4971619e-03
   7.7188138e+02   1.5231000e-03
   7.7385956e+02   1.5488780e-03
   7.7583774e+02   1.5744761e-03
   7.7781592e+02   1.5998749e-03
   7.7979409e+02   1.6250550e-03
   7.8177227e+02   1.6499973e-03
   7.8375045e+02   1.6746827e-03
   7.8572863e+02   1.6990926e-03
   7.8770681e+02   1.7232086e-03
   7.8968498e+02   1.7470124e-03
   7.9166316e+02   1.7704863e-03
   7.9364134e+02   1.7936129e-03
   7.9561952e+02   1.8163752e-03
   7.9759770e+02   1.8387565e-03
   7.9957588e+02   1.8607408e-03
   8.0155405e+02   1.8823123e-03
   8.0353223e+02   1.9034559e-03
   8.0551041e+02   1.9241570e-03
   8.0748859e+02   1.9444015e-03
   8.0946677e+02   1.9641760e-03
   8.1144494e+02   1.9834674e-03
   8.1342312e+02   2.0022636e-03
   8.1540130e+02   2.0205528e-03
   8.1737948e+02   2.0383240e-03
   8.1935766e+02   2.0555669e-03
   8.2133584e+02   2.0722718e-03
   8.2331401e+02   2.0884296e-03
   8.2529219e+02   2.1040321e-03
   8.2727037e+02   2.1190715e-03
   8.2924855e+02   2.1335411e-03
   8.3122673e+02   2.1474345e-03
   8.3320490e+02   2.1607463e-03
   8.3518308e+02   2.1734716e-03
   8.3716126e+02   2.1856065e-03
   8.3913944e+02   2.1971474e-03
   8.4111762e+02   2.2080918e-03
   8.4309580e+02   2.2184377e-03
   8.4507397e+02   2.2281837e-03
   8.4705215e+02   2.2373294e-03
   8.4903033e+02   2.2458748e-03
   8.5100851e+02   2.2538206e-03
   8.5298669e+02   2.2611682e-03
   8.5496486e+02   2.2679198e-03
   8.5694304e+02   2.2740779e-03
   8.5892122e+02   2.2796460e-03
   8.6089940e+02   2.2846277e-03
   8.6287758e+02   2.2890277e-03
   8.6485576e+02   2.2928508e-03
   8.6683393e+02   2.2961028e-03
   8.6881211e+02   2.2987896e-03
   8.7079029e+02   2.3009179e-03
   8.7276847e+02   2.3024946e-03
   8.7474665e+02   2.3035274e-03
   8.7672482e+02   2.3040242e-03
   8.7870300e+02   2.3039933e-03
   8.8068118e+02   2.3034435e-03
   8.8265936e+02   2.3023840e-03
   8.8463754e+02   2.3008241e-03
   8.8661572e+02   2.2987736e-03
   8.8859389e+02   2.2962428e-03
   8.9057207e+02   2.2932418e-03
   8.9255025e+02   2.2897813e-03
   8.9452843e+02   2.2858722e-03
   8.9650661e+02   2.2815254e-03
   8.9848478e+02   2.2767522e-03
   9.0046296e+02   2.2715640e-03
   9.0244114e+02   2.2659722e-03
   9.0441932e+02   2.2599884e-03
   9.0639750e+02   2.2536244e-03
   9.0837568e+02   2.2468920e-03
   9.1035385e+02   2.2398029e-03
   9.1233203e+02   2.2323690e-03
   9.1431021e+02   2.2246022e-03
   9.1628839e+02   2.2165143e-03
   9.1826657e+02   2.2081172e-03
   9.2024474e+02   2.1994226e-03
   9.2222292e+02   2.1904423e-03
   9.2420110e+02   2.1811880e-03
   9.2617928e+02   2.1716711e-03
   9.2815746e+02   2.1619031e-03
   9.3013564e+02   2.1518954e-03
   9.3211381e+02   2.1416591e-03
   9.3409199e+02   2.1312053e-03
   9.3607017e+02   2.1205450e-03
   9.3804835e+02   2.1096887e-03
   9.4002653e+02   2.0986472e-03
   9.4200470e+02   2.0874307e-03
   9.4398288e+02   2.0760494e-03
   9.4596106e+02   2.0645133e-03
   9.4793924e+02   2.0528321e-03
   9.4991742e+02   2.0410154e-03
   9.5189560e+02   2.0290726e-03
   9.5387377e+02   2.0170126e-03
   9.5585195e+02   2.0048444e-03
   9.5783013e+02   1.9925767e-03
   9.5980831e+02   1.9802177e-03
   9.6178649e+02   1.9677757e-03
   9.6376466e+02   1.9552587e-03
   9.6574284e+02   1.9426742e-03
   9.6772102e+02   1.9300297e-03
   9.6969920e+02   1.9173325e-03
   9.7167738e+02   1.9045895e-03
   9.7365556e+02   1.8918073e-03
   9.7563373e+02   1.8789926e-03
   9.7761191e+02   1.8661515e-03
   9.7959009e+02   1.8532900e-03
   9.8156827e+02   1.8404140e-03
   9.8354645e+02   1.8275289e-03
   9.8552462e+02   1.8146402e-03
   9.8750280e+02   1.8017528e-03
   9.8948098e+02   1.7888717e-03
   9.9145916e+02   1.7760016e-03
   9.9343734e+02   1.7631469e-03
   9.9541552e+02   1.7503119e-03
   9.9739369e+02   1.7375006e-03
   9.9937187e+02   1.7247168e-03
   1.0013501e+03   1.7119643e-03
   1.0033282e+03   1.6992466e-03
   1.0053064e+03   1.6865668e-03
   1.0072846e+03   1.6739282e-03
   1.0092628e+03   1.6613336e-03
   1.0112409e+03   1.6487859e-03
   1.0132191e+03   1.6362877e-03
   1.0151973e+03   1.6238414e-03
   1.0171755e+03   1.6114494e-03
   1.0191537e+03   1.5991138e-03
   1.0211318e+03   1.5868367e-03
   1.0231100e+03   1.5746199e-03
   1.0250882e+03   1.5624652e-03
   1.0270664e+03   1.5503742e-03
   1.0290445e+03   1.5383485e-03
   1.0310227e+03   1.5263895e-03
   1.0330009e+03   1.5144985e-03
   1.0349791e+03   1.5026765e-03
   1.0369573e+03   1.4909248e-03
   1.0389354e+03   1.4792444e-03
   1.0409136e+03   1.4676360e-03
   1.0428918e+03   1.4561006e-03
   1.0448700e+03   1.4446388e-03
   1.0468481e+03   1.4332513e-03
   1.0488263e+03   1.4219387e-03
   1.0508045e+03   1.4107015e-03
   1.0527827e+03   1.3995401e-03
   1.0547609e+03   1.3884548e-03
   1.0567390e+03   1.3774460e-03
   1.0587172e+03   1.3665140e-03
   1.0606954e+03   1.3556589e-03
   1.0626736e+03   1.3448809e-03
   1.0646518e+03   1.3341800e-03
   1.0666299e+03   1.3235563e-03
   1.0686081e+03   1.3130099e-03
   1.0705863e+03   1.3025406e-03
   1.0725645e+03   1.2921485e-03
   1.0745426e+03   1.2818333e-03
   1.0765208e+03   1.2715951e-03
   1.0784990e+03   1.2614335e-03
   1.0804772e+03   1.2513485e-03
   1.0824554e+03   1.2413397e-03
   1.0844335e+03   1.2314070e-03
   1.0864117e+03   1.2215500e-03
   1.0883899e+03   1.2117685e-03
   1.0903681e+03   1.2020621e-03
   1.0923462e+03   1.1924305e-03
   1.0943244e+03   1.1828735e-03
   1.0963026e+03   1.1733905e-03
   1.0982808e+03   1.1639812e-03
   1.1002590e+03   1.1546453e-03
   1.1022371e+03   1.1453824e-03
   1.1042153e+03   1.1361919e-03
   1.1061935e+03   1.1270736e-03
   1.1081717e+03   1.1180269e-03
   1.1101498e+03   1.1090514e-03
   1.1121280e+03   1.1001468e-03
   1.1141062e+03   1.0913124e-03
   1.1160844e+03   1.0825480e-03
   1.1180626e+03   1.0738529e-03
   1.1200407e+03   1.0652268e-03
   1.1220189e+03   1.0566692e-03
   1.1239971e+03   1.0481795e-03
   1.1259753e+03   1.0397574e-03
   1.1279535e+03   1.0314023e-03
   1.1299316e+03   1.0231138e-03
   1.1319098e+03   1.0148914e-03
   1.1338880e+03   1.0067346e-03
   1.1358662e+03   9.9864292e-04
   1.1378443e+03   9.9061588e-04
   1.1398225e+03   9.8265301e-04
   1.1418007e+03   9.7475381e-04
   1.1437789e+03   9.6691782e-04
   1.1457571e+03   9.5914456e-04
   1.1477352e+03   9.5143354e-04
   1.1497134e+03   9.4378429e-04
   1.1516916e+03   9.3619634e-04
   1.1536698e+03   9.2866921e-04
   1.1556479e+03   9.2120244e-04
   1.1576261e+03   9.1379555e-04
   1.1596043e+03   9.0644808e-04
   1.1615825e+03   8.9915957e-04
   1.1635607e+03   8.9192955e-04
   1.1655388e+03   8.8475757e-04
   1.1675170e+03   8.7764317e-04
   1.1694952e+03   8.7058590e-04
   1.1714734e+03   8.6358530e-04
   1.1734516e+03   8.5664093e-04
   1.1754297e+03   8.4975234e-04
   1.1774079e+03   8.4291910e-04
   1.1793861e+03   8.3614075e-04
   1.1813643e+03   8.2941687e-04
   1.1833424e+03   8.2274702e-04
   1.1853206e+03   8.1613077e-04
   1.1872988e+03   8.0956770e-04
   1.1892770e+03   8.0305738e-04
   1.1912552e+03   7.9659938e-04
   1.1932333e+03   7.9019330e-04
   1.1952115e+03   7.8383871e-04
   1.1971897e+03   7.7753521e-04
   1.1991679e+03   7.7128238e-04
   1.2011460e+03   7.6507983e-04
   1.2031242e+03   7.5892714e-04
   1.2051024e+03   7.5282392e-04
   1.2070806e+03   7.4676977e-04
   1.2090588e+03   7.4076430e-04
   1.2110369e+03   7.3480711e-04
   1.2130151e+03   7.2889783e-04
   1.2149933e+03   7.2303606e-04
   1.2169715e+03   7.1722142e-04
   1.2189496e+03   7.1145354e-04
   1.2209278e+03   7.0573205e-04
   1.2229060e+03   7.0005656e-04
   1.2248842e+03   6.9442671e-04
   1.2268624e+03   6.8884213e-04
   1.2288405e+03   6.8330246e-04
   1.2308187e+03   6.7780733e-04
   1.2327969e+03   6.7235640e-04
   1.2347751e+03   6.6694930e-04
   1.2367533e+03   6.6158568e-04
   1.2387314e+03   6.5626520e-04
   1.2407096e+03   6.5098750e-04
   1.2426878e+03   6.4575225e-04
   1.2446660e+03   6.4055909e-04
   1.2466441e+03   6.3540770e-04
   1.2486223e+03   6.3029773e-04
   1.2506005e+03   6.2522886e-04
   1.2525787e+03   6.2020075e-04
   1.2545569e+03   6.1521308e-04
   1.2565350e+03   6.1026552e-04
   1.2585132e+03   6.0535775e-04
   1.2604914e+03   6.0048944e-04
   1.2624696e+03   5.9566028e-04
   1.2644477e+03   5.9086997e-04
   1.2664259e+03   5.8611817e-04
   1.2684041e+03   5.8140459e-04
   1.2703823e+03   5.7672891e-04
   1.2723605e+03   5.7209084e-04
   1.2743386e+03   5.6749007e-04
   1.2763168e+03   5.6292629e-04
   1.2782950e+03   5.5839922e-04
   1.2802732e+03   5.5390855e-04
   1.2822514e+03   5.4945400e-04
   1.2842295e+03   5.4503527e-04
   1.2862077e+03   5.4065208e-04
   1.2881859e+03   5.3630414e-04
   1.2901641e+03   5.3199116e-04
   1.2921422e+03   5.2771287e-04
   1.2941204e+03   5.2346898e-04
   1.2960986e+03   5.1925923e-04
   1.2980768e+03   5.1508332e-04
   1.3000550e+03   5.1094101e-04
   1.3020331e+03   5.0683200e-04
   1.3040113e+03   5.0275604e-04
   1.3059895e+03   4.9871286e-04
   1.3079677e+03   4.9470219e-04
   1.3099458e+03   4.9072378e-04
   1.3119240e+03   4.8677736e-04
   1.3139022e+03   4.8286268e-04
   1.3158804e+03   4.7897948e-04
   1.3178586e+03   4.7512751e-04
   1.3198367e+03   4.7130652e-04
   1.3218149e+03   4.6751625e-04
   1.3237931e+03   4.6375647e-04
   1.3257713e+03   4.6002692e-04
   1.3277494e+03   4.5632737e-04
   1.3297276e+03   4.5265757e-04
   1.3317058e+03   4.4901728e-04
   1.3336840e+03   4.4540627e-04
   1.3356622e+03   4.4182430e-04
   1.3376403e+03   4.3827113e-04
   1.3396185e+03   4.3474654e-04
   1.3415967e+03   4.3125029e-04
   1.3435749e+03   4.2778216e-04
   1.3455531e+03   4.2434192e-04
   1.3475312e+03   4.2092935e-04
   1.3495094e+03   4.1754422e-04
   1.3514876e+03   4.1418631e-04
   1.3534658e+03   4.1085541e-04
   1.3554439e+03   4.0755130e-04
   1.3574221e+03   4.0427375e-04
   1.3594003e+03   4.0102257e-04
   1.3613785e+03   3.9779753e-04
   1.3633567e+03   3.9459843e-04
   1.3653348e+03   3.9142506e-04
   1.3673130e+03   3.8827720e-04
   1.3692912e+03   3.8515466e-04
   1.3712694e+03   3.8205723e-04
   1.3732475e+03   3.7898472e-04
   1.3752257e+03   3.7593691e-04
   1.3772039e+03   3.7291361e-04
   1.3791821e+03   3.6991462e-04
   1.3811603e+03   3.6693976e-04
   1.3831384e+03   3.6398881e-04
   1.3851166e+03   3.6106160e-04
   1.3870948e+03   3.5815793e-04
   1.3890730e+03   3.5527761e-04
   1.3910512e+03   3.5242046e-04
   1.3930293e+03   3.4958628e-04
   1.3950075e+03   3.4677490e-04
   1.3969857e+03   3.4398612e-04
   1.3989639e+03   3.4121977e-04
   1.4009420e+03   3.3847567e-04
   1.4029202e+03   3.3575364e-04
   1.4048984e+03   3.3305349e-04
   1.4068766e+03   3.3037506e-04
   1.4088548e+03   3.2771818e-04
   1.4108329e+03   3.2508265e-04
   1.4128111e+03   3.2246833e-04
   1.4147893e+03   3.1987503e-04
   1.4167675e+03   3.1730258e-04
   1.4187456e+03   3.1475082e-04
   1.4207238e+03   3.1221958e-04
   1.4227020e+03   3.0970870e-04
   1.4246802e+03   3.0721801e-04
   1.4266584e+03   3.0474736e-04
   1.4286365e+03   3.0229657e-04
   1.4306147e+03   2.9986549e-04
   1.4325929e+03   2.9745396e-04
   1.4345711e+03   2.9506182e-04
   1.4365492e+03   2.9268892e-04
   1.4385274e+03   2.9033511e-04
   1.4405056e+03   2.8800022e-04
   1.4424838e+03   2.8568412e-04
   1.4444620e+03   2.8338663e-04
   1.4464401e+03   2.8110763e-04
   1.4484183e+03   2.7884695e-04
   1.4503965e+03   2.7660445e-04
   1.4523747e+03   2.7437999e-04
   1.4543529e+03   2.7217342e-04
   1.4563310e+03   2.6998459e-04
   1.4583092e+03   2.6781336e-04
   1.4602874e+03   2.6565960e-04
   1.4622656e+03   2.6352315e-04
   1.4642437e+03   2.6140389e-04
   1.4662219e+03   2.5930167e-04
   1.4682001e+03   2.5721636e-04
   1.4701783e+03   2.5514782e-04
   1.4721565e+03   2.5309591e-04
   1.4741346e+03   2.5106050e-04
   1.4761128e+03   2.4904146e-04
   1.4780910e+03   2.4703866e-04
   1.4800692e+03   2.4505197e-04
   1.4820473e+03   2.4308125e-04
   1.4840255e+03   2.4112638e-04
   1.4860037e+03   2.3918724e-04
   1.4879819e+03   2.3726368e-04
   1.4899601e+03   2.3535560e-04
   1.4919382e+03   2.3346286e-04
   1.4939164e+03   2.3158535e-04
   1.4958946e+03   2.2972293e-04
   1.4978728e+03   2.2787549e-04
   1.4998510e+03   2.2604291e-04
   1.5018291e+03   2.2422506e-04
   1.5038073e+03   2.2242183e-04
   1.5057855e+03   2.2063311e-04
   1.5077637e+03   2.1885877e-04
   1.5097418e+03   2.1709870e-04
   1.5117200e+03   2.1535279e-04
   1.5136982e+03   2.1362091e-04
   1.5156764e+03   2.1190296e-04
   1.5176546e+03   2.1019883e-04
   1.5196327e+03   2.0850841e-04
   1.5216109e+03   2.0683157e-04
   1.5235891e+03   2.0516823e-04
   1.5255673e+03   2.0351826e-04
   1.5275454e+03   2.0188156e-04
   1.5295236e+03   2.0025802e-04
   1.5315018e+03   1.9864753e-04
   1.5334800e+03   1.9705000e-04
   1.5354582e+03   1.9546532e-04
   1.5374363e+03   1.9389338e-04
   1.5394145e+03   1.9233408e-04
   1.5413927e+03   1.9078733e-04
   1.5433709e+03   1.8925301e-04
   1.5453490e+03   1.8773103e-04
   1.5473272e+03   1.8622129e-04
   1.5493054e+03   1.8472369e-04
   1.5512836e+03   1.8323814e-04
   1.5532618e+03   1.8176453e-04
   1.5552399e+03   1.8030277e-04
   1.5572181e+03   1.7885277e-04
   1.5591963e+03   1.7741443e-04
   1.5611745e+03   1.7598766e-04
   1.5631527e+03   1.7457236e-04
   1.5651308e+03   1.7316844e-04
   1.5671090e+03   1.7177581e-04
   1.5690872e+03   1.7039439e-04
   1.5710654e+03   1.6902407e-04
   1.5730435e+03   1.6766477e-04
   1.5750217e+03   1.6631640e-04
   1.5769999e+03   1.6497888e-04
   1.5789781e+03   1.6365212e-04
   1.5809563e+03   1.6233602e-04
   1.5829344e+03   1.6103051e-04
   1.5849126e+03   1.5973549e-04
   1.5868908e+03   1.5845090e-04
   1.5888690e+03   1.5717663e-04
   1.5908471e+03   1.5591261e-04
   1.5928253e+03   1.5465875e-04
   1.5948035e+03   1.5341498e-04
   1.5967817e+03   1.5218121e-04
   1.5987599e+03   1.5095737e-04
   1.6007380e+03   1.4974336e-04
   1.6027162e+03   1.4853912e-04
   1.6046944e+03   1.4734456e-04
   1.6066726e+03   1.4615961e-04
   1.6086508e+03   1.4498419e-04
   1.6106289e+03   1.4381822e-04
   1.6126071e+03   1.4266163e-04
   1.6145853e+03   1.4151434e-04
   1.6165635e+03   1.4037628e-04
   1.6185416e+03   1.3924737e-04
   1.6205198e+03   1.3812754e-04
   1.6224980e+03   1.3701671e-04
   1.6244762e+03   1.3591482e-04
   1.6264544e+03   1.3482178e-04
   1.6284325e+03   1.3373754e-04
   1.6304107e+03   1.3266202e-04
   1.6323889e+03   1.3159515e-04
   1.6343671e+03   1.3053685e-04
   1.6363452e+03   1.2948707e-04
   1.6383234e+03   1.2844573e-04
   1.6403016e+03   1.2741277e-04
   1.6422798e+03   1.2638811e-04
   1.6442580e+03   1.2537169e-04
   1.6462361e+03   1.2436345e-04
   1.6482143e+03   1.2336331e-04
   1.6501925e+03   1.2237122e-04
   1.6521707e+03   1.2138711e-04
   1.6541488e+03   1.2041091e-04
   1.6561270e+03   1.1944256e-04
   1.6581052e+03   1.1848200e-04
   1.6600834e+03   1.1752916e-04
   1.6620616e+03   1.1658399e-04
   1.6640397e+03   1.1564641e-04
   1.6660179e+03   1.1471638e-04
   1.6679961e+03   1.1379383e-04
   1.6699743e+03   1.1287869e-04
   1.6719525e+03   1.1197092e-04
   1.6739306e+03   1.1107045e-04
   1.6759088e+03   1.1017721e-04
   1.6778870e+03   1.0929116e-04
   1.6798652e+03   1.0841224e-04
   1.6818433e+03   1.0754039e-04
   1.6838215e+03   1.0667554e-04
   1.6857997e+03   1.0581765e-04
   1.6877779e+03   1.0496666e-04
   1.6897561e+03   1.0412252e-04
   1.6917342e+03   1.0328516e-04
   1.6937124e+03   1.0245454e-04
   1.6956906e+03   1.0163059e-04
   1.6976688e+03   1.0081328e-04
   1.6996469e+03   1.0000253e-04
   1.7016251e+03   9.9198310e-05
   1.7036033e+03   9.8400553e-05
   1.7055815e+03   9.7609213e-05
   1.7075597e+03   9.6824236e-05
   1.7095378e+03   9.6045572e-05
   1.7115160e+03   9.5273170e-05
   1.7134942e+03   9.4506980e-05
   1.7154724e+03   9.3746951e-05
   1.7174506e+03   9.2993035e-05
   1.7194287e+03   9.2245181e-05
   1.7214069e+03   9.1503342e-05
   1.7233851e+03   9.0767469e-05
   1.7253633e+03   9.0037514e-05
   1.7273414e+03   8.9313429e-05
   1.7293196e+03   8.8595167e-05
   1.7312978e+03   8.7882682e-05
   1.7332760e+03   8.7175926e-05
   1.7352542e+03   8.6474854e-05
   1.7372323e+03   8.5779420e-05
   1.7392105e+03   8.5089579e-05
   1.7411887e+03   8.4405286e-05
   1.7431669e+03   8.3726495e-05
   1.7451450e+03   8.3053164e-05
   1.7471232e+03   8.2385247e-05
   1.7491014e+03   8.1722702e-05
   1.7510796e+03   8.1065485e-05
   1.7530578e+03   8.0413554e-05
   1.7550359e+03   7.9766865e-05
   1.7570141e+03   7.9125377e-05
   1.7589923e+03   7.8489048e-05
   1.7609705e+03   7.7857836e-05
   1.7629486e+03   7.7231700e-05
   1.7649268e+03   7.6610600e-05
   1.7669050e+03   7.5994495e-05
   1.7688832e+03   7.5383345e-05
   1.7708614e+03   7.4777109e-05
   1.7728395e+03   7.4175749e-05
   1.7748177e+03   7.3579225e-05
   1.7767959e+03   7.2987498e-05
   1.7787741e+03   7.2400530e-05
   1.7807523e+03   7.1818282e-05
   1.7827304e+03   7.1240717e-05
   1.7847086e+03   7.0667797e-05
   1.7866868e+03   7.0099484e-05
   1.7886650e+03   6.9535741e-05
   1.7906431e+03   6.8976532e-05
   1.7926213e+03   6.8421821e-05
   1.7945995e+03   6.7871570e-05
   1.7965777e+03   6.7325744e-05
   1.7985559e+03   6.6784308e-05
   1.8005340e+03   6.6247226e-05
   1.8025122e+03   6.5714464e-05
   1.8044904e+03   6.5185986e-05
   1.8064686e+03   6.4661758e-05
   1.8084467e+03   6.4141745e-05
   1.8104249e+03   6.3625915e-05
   1.8124031e+03   6.3114233e-05
   1.8143813e+03   6.2606666e-05
   1.8163595e+03   6.2103181e-05
   1.8183376e+03   6.1603745e-05
   1.8203158e+03   6.1108326e-05
   1.8222940e+03   6.0616890e-05
   1.8242722e+03   6.0129407e-05
   1.8262504e+03   5.9645844e-05
   1.8282285e+03   5.9166170e-05
   1.8302067e+03   5.8690354e-05
   1.8321849e+03   5.8218364e-05
   1.8341631e+03   5.7750170e-05
   1.8361412e+03   5.7285741e-05
   1.8381194e+03   5.6825047e-05
   1.8400976e+03   5.6368058e-05
   1.8420758e+03   5.5914744e-05
   1.8440540e+03   5.5465075e-05
   1.8460321e+03   5.5019023e-05
   1.8480103e+03   5.4576558e-05
   1.8499885e+03   5.4137652e-05
   1.8519667e+03   5.3702275e-05
   1.8539448e+03   5.3270399e-05
   1.8559230e+03   5.2841997e-05
   1.8579012e+03   5.2417039e-05
   1.8598794e+03   5.1995500e-05
   1.8618576e+03   5.1577350e-05
   1.8638357e+03   5.1162563e-05
   1.8658139e+03   5.0751112e-05
   1.8677921e+03   5.0342970e-05
   1.8697703e+03   4.9938110e-05
   1.8717484e+03   4.9536506e-05
   1.8737266e+03   4.9138131e-05
   1.8757048e+03   4.8742961e-05
   1.8776830e+03   4.8350968e-05
   1.8796612e+03   4.7962128e-05
   1.8816393e+03   4.7576415e-05
   1.8836175e+03   4.7193803e-05
   1.8855957e+03   4.6814269e-05
   1.8875739e+03   4.6437787e-05
   1.8895521e+03   4.6064333e-05
   1.8915302e+03   4.5693882e-05
   1.8935084e+03   4.5326410e-05
   1.8954866e+03   4.4961893e-05
   1.8974648e+03   4.4600308e-05
   1.8994429e+03   4.4241631e-05
   1.9014211e+03   4.3885838e-05
   1.9033993e+03   4.3532906e-05
   1.9053775e+03   4.3182813e-05
   1.9073557e+03   4.2835536e-05
   1.9093338e+03   4.2491051e-05
   1.9113120e+03   4.2149336e-05
   1.9132902e+03   4.1810370e-05
   1.9152684e+03   4.1474129e-05
   1.9172465e+03   4.1140593e-05
   1.9192247e+03   4.0809738e-05
   1.9212029e+03   4.0481545e-05
   1.9231811e+03   4.0155991e-05
   1.9251593e+03   3.9833055e-05
   1.9271374e+03   3.9512716e-05
   1.9291156e+03   3.9194954e-05
   1.9310938e+03   3.8879746e-05
   1.9330720e+03   3.8567074e-05
   1.9350502e+03   3.8256916e-05
   1.9370283e+03   3.7949253e-05
   1.9390065e+03   3.7644063e-05
   1.9409847e+03   3.7341329e-05
   1.9429629e+03   3.7041028e-05
   1.9449410e+03   3.6743143e-05
   1.9469192e+03   3.6447653e-05
   1.9488974e+03   3.6154540e-05
   1.9508756e+03   3.5863784e-05
   1.9528538e+03   3.5575366e-05
   1.9548319e+03   3.5289268e-05
   1.9568101e+03   3.5005470e-05
   1.9587883e+03   3.4723955e-05
   1.9607665e+03   3.4444704e-05
   1.9627446e+03   3.4167698e-05
   1.9647228e+03   3.3892920e-05
   1.9667010e+03   3.3620352e-05
   1.9686792e+03   3.3349976e-05
   1.9706574e+03   3.3081774e-05
   1.9726355e+03   3.2815729e-05
   1.9746137e+03   3.2551824e-05
   1.9765919e+03   3.2290041e-05
   1.9785701e+03   3.2030364e-05
   1.9805482e+03   3.1772774e-05
   1.9825264e+03   3.1517256e-05
   1.9845046e+03   3.1263793e-05
   1.9864828e+03   3.1012369e-05
   1.9884610e+03   3.0762966e-05
   1.9904391e+03   3.0515569e-05
   1.9924173e+03   3.0270162e-05
   1.9943955e+03   3.0026728e-05
   1.9963737e+03   2.9785252e-05
   1.9983519e+03   2.9545718e-05
   2.0003300e+03   2.9308111e-05
   2.0023082e+03   2.9072414e-05
   2.0042864e+03   2.8838612e-05
   2.0062646e+03   2.8606691e-05
   2.0082427e+03   2.8376635e-05
   2.0102209e+03   2.8148429e-05
   2.0121991e+03   2.7922059e-05
   2.0141773e+03   2.7697508e-05
   2.0161555e+03   2.7474764e-05
   2.0181336e+03   2.7253811e-05
   2.0201118e+03   2.7034635e-05
   2.0220900e+03   2.6817221e-05
   2.0240682e+03   2.6601556e-05
   2.0260463e+03   2.6387626e-05
   2.0280245e+03   2.6175415e-05
   2.0300027e+03   2.5964912e-05
   2.0319809e+03   2.5756101e-05
   2.0339591e+03   2.5548969e-05
   2.0359372e+03   2.5343504e-05
   2.0379154e+03   2.5139690e-05
   2.0398936e+03   2.4937516e-05
   2.0418718e+03   2.4736968e-05
   2.0438499e+03   2.4538032e-05
   2.0458281e+03   2.4340696e-05
   2.0478063e+03   2.4144948e-05
   2.0497845e+03   2.3950773e-05
   2.0517627e+03   2.3758160e-05
   2.0537408e+03   2.3567096e-05
   2.0557190e+03   2.3377569e-05
   2.0576972e+03   2.3189565e-05
   2.0596754e+03   2.3003074e-05
   2.0616536e+03   2.2818083e-05
   2.0636317e+03   2.2634579e-05
   2.0656099e+03   2.2452551e-05
   2.0675881e+03   2.2271986e-05
   2.0695663e+03   2.2092874e-05
   2.0715444e+03   2.1915203e-05
   2.0735226e+03   2.1738960e-05
   2.0755008e+03   2.1564134e-05
   2.0774790e+03   2.1390715e-05
   2.0794572e+03   2.1218690e-05
   2.0814353e+03   2.1048048e-05
   2.0834135e+03   2.0878779e-05
   2.0853917e+03   2.0710871e-05
   2.0873699e+03   2.0544314e-05
   2.0893480e+03   2.0379096e-05
   2.0913262e+03   2.0215206e-05
   2.0933044e+03   2.0052635e-05
   2.0952826e+03   1.9891371e-05
   2.0972608e+03   1.9731404e-05
   2.0992389e+03   1.9572723e-05
   2.1012171e+03   1.9415318e-05
   2.1031953e+03   1.9259180e-05
   2.1051735e+03   1.9104297e-05
   2.1071517e+03   1.8950659e-05
   2.1091298e+03   1.8798257e-05
   2.1111080e+03   1.8647081e-05
   2.1130862e+03   1.8497121e-05
   2.1150644e+03   1.8348366e-05
   2.1170425e+03   1.8200808e-05
   2.1190207e+03   1.8054436e-05
   2.1209989e+03   1.7909242e-05
   2.1229771e+03   1.7765215e-05
   2.1249553e+03   1.7622347e-05
   2.1269334e+03   1.7480627e-05
   2.1289116e+03   1.7340047e-05
   2.1308898e+03   1.7200598e-05
   2.1328680e+03   1.7062270e-05
   2.1348461e+03   1.6925055e-05
   2.1368243e+03   1.6788943e-05
   2.1388025e+03   1.6653926e-05
   2.1407807e+03   1.6519994e-05
   2.1427589e+03   1.6387140e-05
   2.1447370e+03   1.6255354e-05
   2.1467152e+03   1.6124628e-05
   2.1486934e+03   1.5994953e-05
   2.1506716e+03   1.5866321e-05
   2.1526497e+03   1.5738723e-05
   2.1546279e+03   1.5612152e-05
   2.1566061e+03   1.5486598e-05
   2.1585843e+03   1.5362055e-05
   2.1605625e+03   1.5238512e-05
   2.1625406e+03   1.5115964e-05
   2.1645188e+03   1.4994401e-05
   2.1664970e+03   1.4873815e-05
   2.1684752e+03   1.4754199e-05
   2.1704534e+03   1.4635546e-05
   2.1724315e+03   1.4517846e-05
   2.1744097e+03   1.4401093e-05
   2.1763879e+03   1.4285279e-05
   2.1783661e+03   1.4170396e-05
   2.1803442e+03   1.4056437e-05
   2.1823224e+03   1.3943395e-05
   2.1843006e+03   1.3831262e-05
   2.1862788e+03   1.3720030e-05
   2.1882570e+03   1.3609693e-05
   2.1902351e+03   1.3500243e-05
   2.1922133e+03   1.3391674e-05
   2.1941915e+03   1.3283978e-05
   2.1961697e+03   1.3177147e-05
   2.1981478e+03   1.3071176e-05
   2.2001260e+03   1.2966058e-05
   2.2021042e+03   1.2861784e-05
   2.2040824e+03   1.2758349e-05
   2.2060606e+03   1.2655746e-05
   2.2080387e+03   1.2553968e-05
   2.2100169e+03   1.2453009e-05
   2.2119951e+03   1.2352861e-05
   2.2139733e+03   1.2253519e-05
   2.2159515e+03   1.2154976e-05
   2.2179296e+03   1.2057225e-05
   2.2199078e+03   1.1960260e-05
   2.2218860e+03   1.1864075e-05
   2.2238642e+03   1.1768664e-05
   2.2258423e+03   1.1674020e-05
   2.2278205e+03   1.1580137e-05
   2.2297987e+03   1.1487009e-05
   2.2317769e+03   1.1394630e-05
   2.2337551e+03   1.1302994e-05
   2.2357332e+03   1.1212095e-05
   2.2377114e+03   1.1121927e-05
   2.2396896e+03   1.1032484e-05
   2.2416678e+03   1.0943761e-05
   2.2436459e+03   1.0855750e-05
   2.2456241e+03   1.0768448e-05
   2.2476023e+03   1.0681848e-05
   2.2495805e+03   1.0595944e-05
   2.2515587e+03   1.0510731e-05
   2.2535368e+03   1.0426203e-05
   2.2555150e+03   1.0342356e-05
   2.2574932e+03   1.0259182e-05
   2.2594714e+03   1.0176677e-05
   2.2614495e+03   1.0094836e-05
   2.2634277e+03   1.0013653e-05
   2.2654059e+03   9.9331228e-06
   2.2673841e+03   9.8532403e-06
   2.2693623e+03   9.7740002e-06
   2.2713404e+03   9.6953973e-06
   2.2733186e+03   9.6174266e-06
   2.2752968e+03   9.5400829e-06
   2.2772750e+03   9.4633612e-06
   2.2792532e+03   9.3872565e-06
   2.2812313e+03   9.3117639e-06
   2.2832095e+03   9.2368783e-06
   2.2851877e+03   9.1625950e-06
   2.2871659e+03   9.0889091e-06
   2.2891440e+03   9.0158158e-06
   2.2911222e+03   8.9433102e-06
   2.2931004e+03   8.8713878e-06
   2.2950786e+03   8.8000438e-06
   2.2970568e+03   8.7292735e-06
   2.2990349e+03   8.6590724e-06
   2.3010131e+03   8.5894358e-06
   2.3029913e+03   8.5203593e-06
   2.3049695e+03   8.4518382e-06
   2.3069476e+03   8.3838683e-06
   2.3089258e+03   8.3164449e-06
   2.3109040e+03   8.2495637e-06
   2.3128822e+03   8.1832204e-06
   2.3148604e+03   8.1174107e-06
   2.3168385e+03   8.0521302e-06
   2.3188167e+03   7.9873747e-06
   2.3207949e+03   7.9231399e-06
   2.3227731e+03   7.8594217e-06
   2.3247513e+03   7.7962160e-06
   2.3267294e+03   7.7335185e-06
   2.3287076e+03   7.6713253e-06
   2.3306858e+03   7.6096322e-06
   2.3326640e+03   7.5484353e-06
   2.3346421e+03   7.4877305e-06
   2.3366203e+03   7.4275139e-06
   2.3385985e+03   7.3677816e-06
   2.3405767e+03   7.3085296e-06
   2.3425549e+03   7.2497541e-06
   2.3445330e+03   7.1914514e-06
   2.3465112e+03   7.1336174e-06
   2.3484894e+03   7.0762486e-06
   2.3504676e+03   7.0193412e-06
   2.3524457e+03   6.9628914e-06
   2.3544239e+03   6.9068956e-06
   2.3564021e+03   6.8513501e-06
   2.3583803e+03   6.7962513e-06
   2.3603585e+03   6.7415956e-06
   2.3623366e+03   6.6873794e-06
   2.3643148e+03   6.6335993e-06
   2.3662930e+03   6.5802516e-06
   2.3682712e+03   6.5273330e-06
   2.3702493e+03   6.4748400e-06
   2.3722275e+03   6.4227691e-06
   2.3742057e+03   6.3711169e-06
   2.3761839e+03   6.3198802e-06
   2.3781621e+03   6.2690555e-06
   2.3801402e+03   6.2186395e-06
   2.3821184e+03   6.1686290e-06
   2.3840966e+03   6.1190206e-06
   2.3860748e+03   6.0698113e-06
   2.3880530e+03   6.0209976e-06
   2.3900311e+03   5.9725765e-06
   2.3920093e+03   5.9245449e-06
   2.3939875e+03   5.8768995e-06
   2.3959657e+03   5.8296372e-06
   2.3979438e+03   5.7827551e-06
   2.3999220e+03   5.7362499e-06
   2.4019002e+03   5.6901188e-06
   2.4038784e+03   5.6443587e-06
   2.4058566e+03   5.5989665e-06
   2.4078347e+03   5.5539394e-06
   2.4098129e+03   5.5092745e-06
   2.4117911e+03   5.4649687e-06
   2.4137693e+03   5.4210192e-06
   2.4157474e+03   5.3774232e-06
   2.4177256e+03   5.3341777e-06
   2.4197038e+03   5.2912801e-06
   2.4216820e+03   5.2487274e-06
   2.4236602e+03   5.2065170e-06
   2.4256383e+03   5.1646460e-06
   2.4276165e+03   5.1231117e-06
   2.4295947e+03   5.0819115e-06
   2.4315729e+03   5.0410425e-06
   2.4335511e+03   5.0005023e-06
   2.4355292e+03   4.9602881e-06
   2.4375074e+03   4.9203973e-06
   2.4394856e+03   4.8808273e-06
   2.4414638e+03   4.8415755e-06
   2.4434419e+03   4.8026393e-06
   2.4454201e+03   4.7640163e-06
   2.4473983e+03   4.7257040e-06
   2.4493765e+03   4.6876997e-06
   2.4513547e+03   4.6500010e-06
   2.4533328e+03   4.6126055e-06
   2.4553110e+03   4.5755108e-06
   2.4572892e+03   4.5387144e-06
   2.4592674e+03   4.5022139e-06
   2.4612455e+03   4.4660069e-06
   2.4632237e+03   4.4300911e-06
   2.4652019e+03   4.3944642e-06
   2.4671801e+03   4.3591237e-06
   2.4691583e+03   4.3240675e-06
   2.4711364e+03   4.2892932e-06
   2.4731146e+03   4.2547985e-06
   2.4750928e+03   4.2205813e-06
   2.4770710e+03   4.1866392e-06
   2.4790491e+03   4.1529701e-06
   2.4810273e+03   4.1195718e-06
   2.4830055e+03   4.0864421e-06
   2.4849837e+03   4.0535787e-06
   2.4869619e+03   4.0209797e-06
   2.4889400e+03   3.9886428e-06
   2.4909182e+03   3.9565660e-06
   2.4928964e+03   3.9247472e-06
   2.4948746e+03   3.8931842e-06
   2.4968528e+03   3.8618751e-06
   2.4988309e+03   3.8308178e-06
   2.5008091e+03   3.8000102e-06
   2.5027873e+03   3.7694504e-06
   2.5047655e+03   3.7391363e-06
   2.5067436e+03   3.7090661e-06
   2.5087218e+03   3.6792376e-06
   2.5107000e+03   3.6496490e-06
