   4.8280000e+02   2.2641136e-05
   4.8639780e+02   2.4832919e-05
   4.8999560e+02   2.7204612e-05
   4.9359339e+02   2.9767575e-05
   4.9719119e+02   3.2533554e-05
   5.0078899e+02   3.5514662e-05
   5.0438679e+02   3.8723357e-05
   5.0798458e+02   4.2172419e-05
   5.1158238e+02   4.5874915e-05
   5.1518018e+02   4.9844170e-05
   5.1877798e+02   5.4093731e-05
   5.2237578e+02   5.8637320e-05
   5.2597357e+02   6.3488793e-05
   5.2957137e+02   6.8662089e-05
   5.3316917e+02   7.4171176e-05
   5.3676697e+02   8.0029997e-05
   5.4036476e+02   8.6252402e-05
   5.4396256e+02   9.2852092e-05
   5.4756036e+02   9.9842543e-05
   5.5115816e+02   1.0723694e-04
   5.5475596e+02   1.1504810e-04
   5.5835375e+02   1.2328840e-04
   5.6195155e+02   1.3196968e-04
   5.6554935e+02   1.4110321e-04
   5.6914715e+02   1.5069954e-04
   5.7274494e+02   1.6076847e-04
   5.7634274e+02   1.7131896e-04
   5.7994054e+02   1.8235901e-04
   5.8353834e+02   1.9389563e-04
   5.8713614e+02   2.0593473e-04
   5.9073393e+02   2.1848104e-04
   5.9433173e+02   2.3153805e-04
   5.9792953e+02   2.4510793e-04
   6.0152733e+02   2.5919145e-04
   6.0512513e+02   2.7378795e-04
   6.0872292e+02   2.8889524e-04
   6.1232072e+02   3.0450958e-04
   6.1591852e+02   3.2062560e-04
   6.1951632e+02   3.3723631e-04
   6.2311411e+02   3.5433301e-04
   6.2671191e+02   3.7190533e-04
   6.3030971e+02   3.8994115e-04
   6.3390751e+02   4.0842663e-04
   6.3750531e+02   4.2734623e-04
   6.4110310e+02   4.4668266e-04
   6.4470090e+02   4.6641697e-04
   6.4829870e+02   4.8652854e-04
   6.5189650e+02   5.0699513e-04
   6.5549429e+02   5.2779294e-04
   6.5909209e+02   5.4889664e-04
   6.6268989e+02   5.7027949e-04
   6.6628769e+02   5.9191337e-04
   6.6988549e+02   6.1376889e-04
   6.7348328e+02   6.3581550e-04
   6.7708108e+02   6.5802155e-04
   6.8067888e+02   6.8035444e-04
   6.8427668e+02   7.0278072e-04
   6.8787447e+02   7.2526624e-04
   6.9147227e+02   7.4777622e-04
   6.9507007e+02   7.7027545e-04
   6.9866787e+02   7.9272838e-04
   7.0226567e+02   8.1509929e-04
   7.0586346e+02   8.3735241e-04
   7.0946126e+02   8.5945206e-04
   7.1305906e+02   8.8136281e-04
   7.1665686e+02   9.0304964e-04
   7.2025465e+02   9.2447801e-04
   7.2385245e+02   9.4561406e-04
   7.2745025e+02   9.6642472e-04
   7.3104805e+02   9.8687785e-04
   7.3464585e+02   1.0069423e-03
   7.3824364e+02   1.0265883e-03
   7.4184144e+02   1.0457869e-03
   7.4543924e+02   1.0645110e-03
   7.4903704e+02   1.0827347e-03
   7.5263483e+02   1.1004338e-03
   7.5623263e+02   1.1175856e-03
   7.5983043e+02   1.1341691e-03
   7.6342823e+02   1.1501652e-03
   7.6702603e+02   1.1655565e-03
   7.7062382e+02   1.1803273e-03
   7.7422162e+02   1.1944642e-03
   7.7781942e+02   1.2079551e-03
   7.8141722e+02   1.2207903e-03
   7.8501502e+02   1.2329618e-03
   7.8861281e+02   1.2444633e-03
   7.9221061e+02   1.2552906e-03
   7.9580841e+02   1.2654413e-03
   7.9940621e+02   1.2749146e-03
   8.0300400e+02   1.2837117e-03
   8.0660180e+02   1.2918352e-03
   8.1019960e+02   1.2992895e-03
   8.1379740e+02   1.3060807e-03
   8.1739520e+02   1.3122159e-03
   8.2099299e+02   1.3177041e-03
   8.2459079e+02   1.3225554e-03
   8.2818859e+02   1.3267811e-03
   8.3178639e+02   1.3303937e-03
   8.3538418e+02   1.3334067e-03
   8.3898198e+02   1.3358347e-03
   8.4257978e+02   1.3376931e-03
   8.4617758e+02   1.3389979e-03
   8.4977538e+02   1.3397659e-03
   8.5337317e+02   1.3400147e-03
   8.5697097e+02   1.3397620e-03
   8.6056877e+02   1.3390262e-03
   8.6416657e+02   1.3378258e-03
   8.6776436e+02   1.3361798e-03
   8.7136216e+02   1.3341071e-03
   8.7495996e+02   1.3316267e-03
   8.7855776e+02   1.3287578e-03
   8.8215556e+02   1.3255193e-03
   8.8575335e+02   1.3219301e-03
   8.8935115e+02   1.3180089e-03
   8.9294895e+02   1.3137740e-03
   8.9654675e+02   1.3092436e-03
   9.0014454e+02   1.3044355e-03
   9.0374234e+02   1.2993669e-03
   9.0734014e+02   1.2940549e-03
   9.1093794e+02   1.2885159e-03
   9.1453574e+02   1.2827659e-03
   9.1813353e+02   1.2768203e-03
   9.2173133e+02   1.2706941e-03
   9.2532913e+02   1.2644016e-03
   9.2892693e+02   1.2579568e-03
   9.3252472e+02   1.2513727e-03
   9.3612252e+02   1.2446621e-03
   9.3972032e+02   1.2378371e-03
   9.4331812e+02   1.2309092e-03
   9.4691592e+02   1.2238892e-03
   9.5051371e+02   1.2167877e-03
   9.5411151e+02   1.2096142e-03
   9.5770931e+02   1.2023782e-03
   9.6130711e+02   1.1950884e-03
   9.6490490e+02   1.1877528e-03
   9.6850270e+02   1.1803793e-03
   9.7210050e+02   1.1729750e-03
   9.7569830e+02   1.1655465e-03
   9.7929610e+02   1.1581003e-03
   9.8289389e+02   1.1506420e-03
   9.8649169e+02   1.1431771e-03
   9.9008949e+02   1.1357107e-03
   9.9368729e+02   1.1282472e-03
   9.9728509e+02   1.1207910e-03
   1.0008829e+03   1.1133459e-03
   1.0044807e+03   1.1059157e-03
   1.0080785e+03   1.0985034e-03
   1.0116763e+03   1.0911122e-03
   1.0152741e+03   1.0837448e-03
   1.0188719e+03   1.0764037e-03
   1.0224697e+03   1.0690910e-03
   1.0260675e+03   1.0618088e-03
   1.0296653e+03   1.0545589e-03
   1.0332631e+03   1.0473430e-03
   1.0368609e+03   1.0401624e-03
   1.0404587e+03   1.0330185e-03
   1.0440565e+03   1.0259125e-03
   1.0476543e+03   1.0188452e-03
   1.0512521e+03   1.0118176e-03
   1.0548498e+03   1.0048305e-03
   1.0584476e+03   9.9788447e-04
   1.0620454e+03   9.9098008e-04
   1.0656432e+03   9.8411779e-04
   1.0692410e+03   9.7729800e-04
   1.0728388e+03   9.7052101e-04
   1.0764366e+03   9.6378708e-04
   1.0800344e+03   9.5709639e-04
   1.0836322e+03   9.5044907e-04
   1.0872300e+03   9.4384522e-04
   1.0908278e+03   9.3728486e-04
   1.0944256e+03   9.3076801e-04
   1.0980234e+03   9.2429464e-04
   1.1016212e+03   9.1786468e-04
   1.1052190e+03   9.1147804e-04
   1.1088168e+03   9.0513460e-04
   1.1124146e+03   8.9883424e-04
   1.1160124e+03   8.9257680e-04
   1.1196102e+03   8.8636211e-04
   1.1232080e+03   8.8018998e-04
   1.1268058e+03   8.7406021e-04
   1.1304036e+03   8.6797261e-04
   1.1340014e+03   8.6192694e-04
   1.1375992e+03   8.5592298e-04
   1.1411970e+03   8.4996050e-04
   1.1447948e+03   8.4403926e-04
   1.1483926e+03   8.3815901e-04
   1.1519904e+03   8.3231951e-04
   1.1555882e+03   8.2652051e-04
   1.1591860e+03   8.2076175e-04
   1.1627838e+03   8.1504298e-04
   1.1663816e+03   8.0936394e-04
   1.1699794e+03   8.0372436e-04
   1.1735772e+03   7.9812400e-04
   1.1771750e+03   7.9256259e-04
   1.1807728e+03   7.8703986e-04
   1.1843706e+03   7.8155557e-04
   1.1879684e+03   7.7610945e-04
   1.1915662e+03   7.7070124e-04
   1.1951640e+03   7.6533069e-04
   1.1987618e+03   7.5999753e-04
   1.2023596e+03   7.5470152e-04
   1.2059574e+03   7.4944239e-04
   1.2095552e+03   7.4421989e-04
   1.2131530e+03   7.3903377e-04
   1.2167508e+03   7.3388378e-04
   1.2203485e+03   7.2876967e-04
   1.2239463e+03   7.2369119e-04
   1.2275441e+03   7.1864809e-04
   1.2311419e+03   7.1364013e-04
   1.2347397e+03   7.0866707e-04
   1.2383375e+03   7.0372865e-04
   1.2419353e+03   6.9882465e-04
   1.2455331e+03   6.9395481e-04
   1.2491309e+03   6.8911892e-04
   1.2527287e+03   6.8431671e-04
   1.2563265e+03   6.7954798e-04
   1.2599243e+03   6.7481247e-04
   1.2635221e+03   6.7010996e-04
   1.2671199e+03   6.6544022e-04
   1.2707177e+03   6.6080302e-04
   1.2743155e+03   6.5619813e-04
   1.2779133e+03   6.5162534e-04
   1.2815111e+03   6.4708441e-04
   1.2851089e+03   6.4257512e-04
   1.2887067e+03   6.3809726e-04
   1.2923045e+03   6.3365060e-04
   1.2959023e+03   6.2923493e-04
   1.2995001e+03   6.2485003e-04
   1.3030979e+03   6.2049569e-04
   1.3066957e+03   6.1617169e-04
   1.3102935e+03   6.1187782e-04
   1.3138913e+03   6.0761387e-04
   1.3174891e+03   6.0337964e-04
   1.3210869e+03   5.9917492e-04
   1.3246847e+03   5.9499949e-04
   1.3282825e+03   5.9085316e-04
   1.3318803e+03   5.8673573e-04
   1.3354781e+03   5.8264699e-04
   1.3390759e+03   5.7858674e-04
   1.3426737e+03   5.7455479e-04
   1.3462715e+03   5.7055093e-04
   1.3498693e+03   5.6657498e-04
   1.3534671e+03   5.6262673e-04
   1.3570649e+03   5.5870600e-04
   1.3606627e+03   5.5481259e-04
   1.3642605e+03   5.5094631e-04
   1.3678583e+03   5.4710697e-04
   1.3714561e+03   5.4329439e-04
   1.3750539e+03   5.3950837e-04
   1.3786517e+03   5.3574874e-04
   1.3822494e+03   5.3201531e-04
   1.3858472e+03   5.2830790e-04
   1.3894450e+03   5.2462632e-04
   1.3930428e+03   5.2097040e-04
   1.3966406e+03   5.1733995e-04
   1.4002384e+03   5.1373480e-04
   1.4038362e+03   5.1015478e-04
   1.4074340e+03   5.0659970e-04
   1.4110318e+03   5.0306940e-04
   1.4146296e+03   4.9956370e-04
   1.4182274e+03   4.9608243e-04
   1.4218252e+03   4.9262542e-04
   1.4254230e+03   4.8919250e-04
   1.4290208e+03   4.8578350e-04
   1.4326186e+03   4.8239825e-04
   1.4362164e+03   4.7903660e-04
   1.4398142e+03   4.7569838e-04
   1.4434120e+03   4.7238341e-04
   1.4470098e+03   4.6909155e-04
   1.4506076e+03   4.6582263e-04
   1.4542054e+03   4.6257649e-04
   1.4578032e+03   4.5935297e-04
   1.4614010e+03   4.5615191e-04
   1.4649988e+03   4.5297316e-04
   1.4685966e+03   4.4981656e-04
   1.4721944e+03   4.4668196e-04
   1.4757922e+03   4.4356920e-04
   1.4793900e+03   4.4047813e-04
   1.4829878e+03   4.3740861e-04
   1.4865856e+03   4.3436047e-04
   1.4901834e+03   4.3133358e-04
   1.4937812e+03   4.2832777e-04
   1.4973790e+03   4.2534292e-04
   1.5009768e+03   4.2237887e-04
   1.5045746e+03   4.1943547e-04
   1.5081724e+03   4.1651258e-04
   1.5117702e+03   4.1361006e-04
   1.5153680e+03   4.1072777e-04
   1.5189658e+03   4.0786556e-04
   1.5225636e+03   4.0502330e-04
   1.5261614e+03   4.0220084e-04
   1.5297592e+03   3.9939806e-04
   1.5333570e+03   3.9661480e-04
   1.5369548e+03   3.9385094e-04
   1.5405526e+03   3.9110634e-04
   1.5441504e+03   3.8838087e-04
   1.5477481e+03   3.8567439e-04
   1.5513459e+03   3.8298677e-04
   1.5549437e+03   3.8031788e-04
   1.5585415e+03   3.7766759e-04
   1.5621393e+03   3.7503577e-04
   1.5657371e+03   3.7242228e-04
   1.5693349e+03   3.6982701e-04
   1.5729327e+03   3.6724983e-04
   1.5765305e+03   3.6469060e-04
   1.5801283e+03   3.6214921e-04
   1.5837261e+03   3.5962553e-04
   1.5873239e+03   3.5711944e-04
   1.5909217e+03   3.5463080e-04
   1.5945195e+03   3.5215952e-04
   1.5981173e+03   3.4970545e-04
   1.6017151e+03   3.4726848e-04
   1.6053129e+03   3.4484850e-04
   1.6089107e+03   3.4244538e-04
   1.6125085e+03   3.4005901e-04
   1.6161063e+03   3.3768927e-04
   1.6197041e+03   3.3533604e-04
   1.6233019e+03   3.3299921e-04
   1.6268997e+03   3.3067866e-04
   1.6304975e+03   3.2837428e-04
   1.6340953e+03   3.2608597e-04
   1.6376931e+03   3.2381360e-04
   1.6412909e+03   3.2155706e-04
   1.6448887e+03   3.1931625e-04
   1.6484865e+03   3.1709106e-04
   1.6520843e+03   3.1488137e-04
   1.6556821e+03   3.1268708e-04
   1.6592799e+03   3.1050808e-04
   1.6628777e+03   3.0834427e-04
   1.6664755e+03   3.0619553e-04
   1.6700733e+03   3.0406177e-04
   1.6736711e+03   3.0194288e-04
   1.6772689e+03   2.9983875e-04
   1.6808667e+03   2.9774929e-04
   1.6844645e+03   2.9567439e-04
   1.6880623e+03   2.9361394e-04
   1.6916601e+03   2.9156786e-04
   1.6952579e+03   2.8953603e-04
   1.6988557e+03   2.8751837e-04
   1.7024535e+03   2.8551476e-04
   1.7060513e+03   2.8352511e-04
   1.7096490e+03   2.8154933e-04
   1.7132468e+03   2.7958732e-04
   1.7168446e+03   2.7763898e-04
   1.7204424e+03   2.7570422e-04
   1.7240402e+03   2.7378294e-04
   1.7276380e+03   2.7187505e-04
   1.7312358e+03   2.6998046e-04
   1.7348336e+03   2.6809907e-04
   1.7384314e+03   2.6623079e-04
   1.7420292e+03   2.6437552e-04
   1.7456270e+03   2.6253319e-04
   1.7492248e+03   2.6070369e-04
   1.7528226e+03   2.5888695e-04
   1.7564204e+03   2.5708286e-04
   1.7600182e+03   2.5529135e-04
   1.7636160e+03   2.5351232e-04
   1.7672138e+03   2.5174569e-04
   1.7708116e+03   2.4999137e-04
   1.7744094e+03   2.4824927e-04
   1.7780072e+03   2.4651932e-04
   1.7816050e+03   2.4480142e-04
   1.7852028e+03   2.4309549e-04
   1.7888006e+03   2.4140145e-04
   1.7923984e+03   2.3971921e-04
   1.7959962e+03   2.3804870e-04
   1.7995940e+03   2.3638983e-04
   1.8031918e+03   2.3474251e-04
   1.8067896e+03   2.3310668e-04
   1.8103874e+03   2.3148225e-04
   1.8139852e+03   2.2986914e-04
   1.8175830e+03   2.2826727e-04
   1.8211808e+03   2.2667656e-04
   1.8247786e+03   2.2509693e-04
   1.8283764e+03   2.2352832e-04
   1.8319742e+03   2.2197063e-04
   1.8355720e+03   2.2042380e-04
   1.8391698e+03   2.1888775e-04
   1.8427676e+03   2.1736241e-04
   1.8463654e+03   2.1584769e-04
   1.8499632e+03   2.1434353e-04
   1.8535610e+03   2.1284985e-04
   1.8571588e+03   2.1136658e-04
   1.8607566e+03   2.0989365e-04
   1.8643544e+03   2.0843098e-04
   1.8679522e+03   2.0697850e-04
   1.8715499e+03   2.0553614e-04
   1.8751477e+03   2.0410384e-04
   1.8787455e+03   2.0268152e-04
   1.8823433e+03   2.0126911e-04
   1.8859411e+03   1.9986654e-04
   1.8895389e+03   1.9847374e-04
   1.8931367e+03   1.9709065e-04
   1.8967345e+03   1.9571720e-04
   1.9003323e+03   1.9435332e-04
   1.9039301e+03   1.9299895e-04
   1.9075279e+03   1.9165401e-04
   1.9111257e+03   1.9031845e-04
   1.9147235e+03   1.8899219e-04
   1.9183213e+03   1.8767517e-04
   1.9219191e+03   1.8636734e-04
   1.9255169e+03   1.8506861e-04
   1.9291147e+03   1.8377894e-04
   1.9327125e+03   1.8249825e-04
   1.9363103e+03   1.8122649e-04
   1.9399081e+03   1.7996359e-04
   1.9435059e+03   1.7870949e-04
   1.9471037e+03   1.7746414e-04
   1.9507015e+03   1.7622745e-04
   1.9542993e+03   1.7499939e-04
   1.9578971e+03   1.7377989e-04
   1.9614949e+03   1.7256888e-04
   1.9650927e+03   1.7136631e-04
   1.9686905e+03   1.7017213e-04
   1.9722883e+03   1.6898626e-04
   1.9758861e+03   1.6780866e-04
   1.9794839e+03   1.6663926e-04
   1.9830817e+03   1.6547802e-04
   1.9866795e+03   1.6432486e-04
   1.9902773e+03   1.6317975e-04
   1.9938751e+03   1.6204261e-04
   1.9974729e+03   1.6091339e-04
   2.0010707e+03   1.5979205e-04
   2.0046685e+03   1.5867852e-04
   2.0082663e+03   1.5757275e-04
   2.0118641e+03   1.5647468e-04
   2.0154619e+03   1.5538427e-04
   2.0190597e+03   1.5430145e-04
   2.0226575e+03   1.5322619e-04
   2.0262553e+03   1.5215841e-04
   2.0298531e+03   1.5109808e-04
   2.0334509e+03   1.5004513e-04
   2.0370486e+03   1.4899952e-04
   2.0406464e+03   1.4796120e-04
   2.0442442e+03   1.4693011e-04
   2.0478420e+03   1.4590621e-04
   2.0514398e+03   1.4488945e-04
   2.0550376e+03   1.4387977e-04
   2.0586354e+03   1.4287712e-04
   2.0622332e+03   1.4188147e-04
   2.0658310e+03   1.4089275e-04
   2.0694288e+03   1.3991092e-04
   2.0730266e+03   1.3893593e-04
   2.0766244e+03   1.3796774e-04
   2.0802222e+03   1.3700630e-04
   2.0838200e+03   1.3605155e-04
   2.0874178e+03   1.3510346e-04
   2.0910156e+03   1.3416197e-04
   2.0946134e+03   1.3322705e-04
   2.0982112e+03   1.3229864e-04
   2.1018090e+03   1.3137670e-04
   2.1054068e+03   1.3046119e-04
   2.1090046e+03   1.2955205e-04
   2.1126024e+03   1.2864925e-04
   2.1162002e+03   1.2775274e-04
   2.1197980e+03   1.2686248e-04
   2.1233958e+03   1.2597843e-04
   2.1269936e+03   1.2510053e-04
   2.1305914e+03   1.2422875e-04
   2.1341892e+03   1.2336305e-04
   2.1377870e+03   1.2250338e-04
   2.1413848e+03   1.2164970e-04
   2.1449826e+03   1.2080197e-04
   2.1485804e+03   1.1996014e-04
   2.1521782e+03   1.1912419e-04
   2.1557760e+03   1.1829406e-04
   2.1593738e+03   1.1746971e-04
   2.1629716e+03   1.1665111e-04
   2.1665694e+03   1.1583821e-04
   2.1701672e+03   1.1503098e-04
   2.1737650e+03   1.1422937e-04
   2.1773628e+03   1.1343335e-04
   2.1809606e+03   1.1264287e-04
   2.1845584e+03   1.1185791e-04
   2.1881562e+03   1.1107841e-04
   2.1917540e+03   1.1030435e-04
   2.1953518e+03   1.0953568e-04
   2.1989495e+03   1.0877237e-04
   2.2025473e+03   1.0801437e-04
   2.2061451e+03   1.0726166e-04
   2.2097429e+03   1.0651419e-04
   2.2133407e+03   1.0577194e-04
   2.2169385e+03   1.0503485e-04
   2.2205363e+03   1.0430290e-04
   2.2241341e+03   1.0357606e-04
   2.2277319e+03   1.0285427e-04
   2.2313297e+03   1.0213752e-04
   2.2349275e+03   1.0142576e-04
   2.2385253e+03   1.0071897e-04
   2.2421231e+03   1.0001709e-04
   2.2457209e+03   9.9320112e-05
   2.2493187e+03   9.8627987e-05
   2.2529165e+03   9.7940686e-05
   2.2565143e+03   9.7258174e-05
   2.2601121e+03   9.6580419e-05
   2.2637099e+03   9.5907386e-05
   2.2673077e+03   9.5239044e-05
   2.2709055e+03   9.4575359e-05
   2.2745033e+03   9.3916299e-05
   2.2781011e+03   9.3261832e-05
   2.2816989e+03   9.2611925e-05
   2.2852967e+03   9.1966547e-05
   2.2888945e+03   9.1325667e-05
   2.2924923e+03   9.0689253e-05
   2.2960901e+03   9.0057274e-05
   2.2996879e+03   8.9429699e-05
   2.3032857e+03   8.8806497e-05
   2.3068835e+03   8.8187638e-05
   2.3104813e+03   8.7573091e-05
   2.3140791e+03   8.6962827e-05
   2.3176769e+03   8.6356816e-05
   2.3212747e+03   8.5755028e-05
   2.3248725e+03   8.5157434e-05
   2.3284703e+03   8.4564004e-05
   2.3320681e+03   8.3974709e-05
   2.3356659e+03   8.3389521e-05
   2.3392637e+03   8.2808411e-05
   2.3428615e+03   8.2231350e-05
   2.3464593e+03   8.1658311e-05
   2.3500571e+03   8.1089265e-05
   2.3536549e+03   8.0524184e-05
   2.3572527e+03   7.9963041e-05
   2.3608505e+03   7.9405809e-05
   2.3644482e+03   7.8852460e-05
   2.3680460e+03   7.8302967e-05
   2.3716438e+03   7.7757303e-05
   2.3752416e+03   7.7215442e-05
   2.3788394e+03   7.6677356e-05
   2.3824372e+03   7.6143021e-05
   2.3860350e+03   7.5612409e-05
   2.3896328e+03   7.5085494e-05
   2.3932306e+03   7.4562252e-05
   2.3968284e+03   7.4042656e-05
   2.4004262e+03   7.3526680e-05
   2.4040240e+03   7.3014301e-05
   2.4076218e+03   7.2505491e-05
   2.4112196e+03   7.2000228e-05
   2.4148174e+03   7.1498485e-05
   2.4184152e+03   7.1000239e-05
   2.4220130e+03   7.0505466e-05
   2.4256108e+03   7.0014140e-05
   2.4292086e+03   6.9526237e-05
   2.4328064e+03   6.9041735e-05
   2.4364042e+03   6.8560609e-05
   2.4400020e+03   6.8082836e-05
   2.4435998e+03   6.7608393e-05
   2.4471976e+03   6.7137255e-05
   2.4507954e+03   6.6669401e-05
   2.4543932e+03   6.6204807e-05
   2.4579910e+03   6.5743451e-05
   2.4615888e+03   6.5285309e-05
   2.4651866e+03   6.4830361e-05
   2.4687844e+03   6.4378582e-05
   2.4723822e+03   6.3929952e-05
   2.4759800e+03   6.3484449e-05
   2.4795778e+03   6.3042049e-05
   2.4831756e+03   6.2602733e-05
   2.4867734e+03   6.2166478e-05
   2.4903712e+03   6.1733263e-05
   2.4939690e+03   6.1303068e-05
   2.4975668e+03   6.0875870e-05
   2.5011646e+03   6.0451649e-05
   2.5047624e+03   6.0030384e-05
   2.5083602e+03   5.9612055e-05
   2.5119580e+03   5.9196641e-05
   2.5155558e+03   5.8784122e-05
   2.5191536e+03   5.8374477e-05
   2.5227514e+03   5.7967688e-05
   2.5263491e+03   5.7563733e-05
   2.5299469e+03   5.7162593e-05
   2.5335447e+03   5.6764248e-05
   2.5371425e+03   5.6368679e-05
   2.5407403e+03   5.5975867e-05
   2.5443381e+03   5.5585793e-05
   2.5479359e+03   5.5198436e-05
   2.5515337e+03   5.4813779e-05
   2.5551315e+03   5.4431802e-05
   2.5587293e+03   5.4052488e-05
   2.5623271e+03   5.3675816e-05
   2.5659249e+03   5.3301770e-05
   2.5695227e+03   5.2930330e-05
   2.5731205e+03   5.2561478e-05
   2.5767183e+03   5.2195197e-05
   2.5803161e+03   5.1831469e-05
   2.5839139e+03   5.1470275e-05
   2.5875117e+03   5.1111598e-05
   2.5911095e+03   5.0755420e-05
   2.5947073e+03   5.0401725e-05
   2.5983051e+03   5.0050494e-05
   2.6019029e+03   4.9701711e-05
   2.6055007e+03   4.9355359e-05
   2.6090985e+03   4.9011420e-05
   2.6126963e+03   4.8669878e-05
   2.6162941e+03   4.8330716e-05
   2.6198919e+03   4.7993917e-05
   2.6234897e+03   4.7659465e-05
   2.6270875e+03   4.7327345e-05
   2.6306853e+03   4.6997538e-05
   2.6342831e+03   4.6670030e-05
   2.6378809e+03   4.6344804e-05
   2.6414787e+03   4.6021845e-05
   2.6450765e+03   4.5701136e-05
   2.6486743e+03   4.5382662e-05
   2.6522721e+03   4.5066407e-05
   2.6558699e+03   4.4752356e-05
   2.6594677e+03   4.4440494e-05
   2.6630655e+03   4.4130805e-05
   2.6666633e+03   4.3823274e-05
   2.6702611e+03   4.3517886e-05
   2.6738589e+03   4.3214626e-05
   2.6774567e+03   4.2913480e-05
   2.6810545e+03   4.2614432e-05
   2.6846523e+03   4.2317468e-05
   2.6882501e+03   4.2022574e-05
   2.6918478e+03   4.1729734e-05
   2.6954456e+03   4.1438935e-05
   2.6990434e+03   4.1150163e-05
   2.7026412e+03   4.0863403e-05
   2.7062390e+03   4.0578641e-05
   2.7098368e+03   4.0295864e-05
   2.7134346e+03   4.0015057e-05
   2.7170324e+03   3.9736208e-05
   2.7206302e+03   3.9459301e-05
   2.7242280e+03   3.9184324e-05
   2.7278258e+03   3.8911263e-05
   2.7314236e+03   3.8640105e-05
   2.7350214e+03   3.8370837e-05
   2.7386192e+03   3.8103445e-05
   2.7422170e+03   3.7837916e-05
   2.7458148e+03   3.7574238e-05
   2.7494126e+03   3.7312398e-05
   2.7530104e+03   3.7052382e-05
   2.7566082e+03   3.6794177e-05
   2.7602060e+03   3.6537773e-05
   2.7638038e+03   3.6283155e-05
   2.7674016e+03   3.6030311e-05
   2.7709994e+03   3.5779229e-05
   2.7745972e+03   3.5529897e-05
   2.7781950e+03   3.5282303e-05
   2.7817928e+03   3.5036434e-05
   2.7853906e+03   3.4792278e-05
   2.7889884e+03   3.4549824e-05
   2.7925862e+03   3.4309059e-05
   2.7961840e+03   3.4069972e-05
   2.7997818e+03   3.3832552e-05
   2.8033796e+03   3.3596785e-05
   2.8069774e+03   3.3362662e-05
   2.8105752e+03   3.3130170e-05
   2.8141730e+03   3.2899298e-05
   2.8177708e+03   3.2670036e-05
   2.8213686e+03   3.2442370e-05
   2.8249664e+03   3.2216292e-05
   2.8285642e+03   3.1991789e-05
   2.8321620e+03   3.1768850e-05
   2.8357598e+03   3.1547465e-05
   2.8393576e+03   3.1327622e-05
   2.8429554e+03   3.1109312e-05
   2.8465532e+03   3.0892523e-05
   2.8501510e+03   3.0677244e-05
   2.8537487e+03   3.0463466e-05
   2.8573465e+03   3.0251178e-05
   2.8609443e+03   3.0040369e-05
   2.8645421e+03   2.9831029e-05
   2.8681399e+03   2.9623148e-05
   2.8717377e+03   2.9416715e-05
   2.8753355e+03   2.9211721e-05
   2.8789333e+03   2.9008156e-05
   2.8825311e+03   2.8806009e-05
   2.8861289e+03   2.8605270e-05
   2.8897267e+03   2.8405931e-05
   2.8933245e+03   2.8207981e-05
   2.8969223e+03   2.8011410e-05
   2.9005201e+03   2.7816209e-05
   2.9041179e+03   2.7622368e-05
   2.9077157e+03   2.7429879e-05
   2.9113135e+03   2.7238730e-05
   2.9149113e+03   2.7048914e-05
   2.9185091e+03   2.6860420e-05
   2.9221069e+03   2.6673240e-05
   2.9257047e+03   2.6487364e-05
   2.9293025e+03   2.6302784e-05
   2.9329003e+03   2.6119489e-05
   2.9364981e+03   2.5937473e-05
   2.9400959e+03   2.5756724e-05
   2.9436937e+03   2.5577235e-05
   2.9472915e+03   2.5398997e-05
   2.9508893e+03   2.5222001e-05
   2.9544871e+03   2.5046238e-05
   2.9580849e+03   2.4871701e-05
   2.9616827e+03   2.4698379e-05
   2.9652805e+03   2.4526265e-05
   2.9688783e+03   2.4355351e-05
   2.9724761e+03   2.4185628e-05
   2.9760739e+03   2.4017087e-05
   2.9796717e+03   2.3849721e-05
   2.9832695e+03   2.3683522e-05
   2.9868673e+03   2.3518480e-05
   2.9904651e+03   2.3354589e-05
   2.9940629e+03   2.3191839e-05
   2.9976607e+03   2.3030224e-05
   3.0012585e+03   2.2869735e-05
   3.0048563e+03   2.2710365e-05
   3.0084541e+03   2.2552105e-05
   3.0120519e+03   2.2394947e-05
   3.0156496e+03   2.2238885e-05
   3.0192474e+03   2.2083911e-05
   3.0228452e+03   2.1930017e-05
   3.0264430e+03   2.1777195e-05
   3.0300408e+03   2.1625438e-05
   3.0336386e+03   2.1474738e-05
   3.0372364e+03   2.1325089e-05
   3.0408342e+03   2.1176482e-05
   3.0444320e+03   2.1028911e-05
   3.0480298e+03   2.0882369e-05
   3.0516276e+03   2.0736847e-05
   3.0552254e+03   2.0592340e-05
   3.0588232e+03   2.0448840e-05
   3.0624210e+03   2.0306340e-05
   3.0660188e+03   2.0164832e-05
   3.0696166e+03   2.0024311e-05
   3.0732144e+03   1.9884769e-05
   3.0768122e+03   1.9746200e-05
   3.0804100e+03   1.9608596e-05
   3.0840078e+03   1.9471951e-05
   3.0876056e+03   1.9336258e-05
   3.0912034e+03   1.9201511e-05
   3.0948012e+03   1.9067703e-05
   3.0983990e+03   1.8934828e-05
   3.1019968e+03   1.8802878e-05
   3.1055946e+03   1.8671848e-05
   3.1091924e+03   1.8541731e-05
   3.1127902e+03   1.8412520e-05
   3.1163880e+03   1.8284210e-05
   3.1199858e+03   1.8156795e-05
   3.1235836e+03   1.8030267e-05
   3.1271814e+03   1.7904621e-05
   3.1307792e+03   1.7779850e-05
   3.1343770e+03   1.7655949e-05
   3.1379748e+03   1.7532911e-05
   3.1415726e+03   1.7410731e-05
   3.1451704e+03   1.7289402e-05
   3.1487682e+03   1.7168919e-05
   3.1523660e+03   1.7049275e-05
   3.1559638e+03   1.6930465e-05
   3.1595616e+03   1.6812483e-05
   3.1631594e+03   1.6695323e-05
   3.1667572e+03   1.6578980e-05
   3.1703550e+03   1.6463447e-05
   3.1739528e+03   1.6348720e-05
   3.1775506e+03   1.6234792e-05
   3.1811483e+03   1.6121657e-05
   3.1847461e+03   1.6009312e-05
   3.1883439e+03   1.5897749e-05
   3.1919417e+03   1.5786963e-05
   3.1955395e+03   1.5676950e-05
   3.1991373e+03   1.5567703e-05
   3.2027351e+03   1.5459218e-05
   3.2063329e+03   1.5351488e-05
   3.2099307e+03   1.5244510e-05
   3.2135285e+03   1.5138276e-05
   3.2171263e+03   1.5032783e-05
   3.2207241e+03   1.4928026e-05
   3.2243219e+03   1.4823998e-05
   3.2279197e+03   1.4720695e-05
   3.2315175e+03   1.4618112e-05
   3.2351153e+03   1.4516244e-05
   3.2387131e+03   1.4415086e-05
   3.2423109e+03   1.4314632e-05
   3.2459087e+03   1.4214879e-05
   3.2495065e+03   1.4115821e-05
   3.2531043e+03   1.4017453e-05
   3.2567021e+03   1.3919771e-05
   3.2602999e+03   1.3822769e-05
   3.2638977e+03   1.3726443e-05
   3.2674955e+03   1.3630789e-05
   3.2710933e+03   1.3535801e-05
   3.2746911e+03   1.3441475e-05
   3.2782889e+03   1.3347807e-05
   3.2818867e+03   1.3254791e-05
   3.2854845e+03   1.3162423e-05
   3.2890823e+03   1.3070699e-05
   3.2926801e+03   1.2979615e-05
   3.2962779e+03   1.2889164e-05
   3.2998757e+03   1.2799345e-05
   3.3034735e+03   1.2710151e-05
   3.3070713e+03   1.2621579e-05
   3.3106691e+03   1.2533624e-05
   3.3142669e+03   1.2446282e-05
   3.3178647e+03   1.2359548e-05
   3.3214625e+03   1.2273419e-05
   3.3250603e+03   1.2187890e-05
   3.3286581e+03   1.2102957e-05
   3.3322559e+03   1.2018616e-05
   3.3358537e+03   1.1934863e-05
   3.3394515e+03   1.1851694e-05
   3.3430492e+03   1.1769104e-05
   3.3466470e+03   1.1687089e-05
   3.3502448e+03   1.1605646e-05
   3.3538426e+03   1.1524771e-05
   3.3574404e+03   1.1444459e-05
   3.3610382e+03   1.1364707e-05
   3.3646360e+03   1.1285511e-05
   3.3682338e+03   1.1206866e-05
   3.3718316e+03   1.1128770e-05
   3.3754294e+03   1.1051218e-05
   3.3790272e+03   1.0974206e-05
   3.3826250e+03   1.0897731e-05
   3.3862228e+03   1.0821789e-05
   3.3898206e+03   1.0746376e-05
   3.3934184e+03   1.0671488e-05
   3.3970162e+03   1.0597123e-05
   3.4006140e+03   1.0523275e-05
   3.4042118e+03   1.0449942e-05
   3.4078096e+03   1.0377121e-05
   3.4114074e+03   1.0304807e-05
   3.4150052e+03   1.0232996e-05
   3.4186030e+03   1.0161686e-05
   3.4222008e+03   1.0090873e-05
   3.4257986e+03   1.0020554e-05
   3.4293964e+03   9.9507244e-06
   3.4329942e+03   9.8813815e-06
   3.4365920e+03   9.8125219e-06
   3.4401898e+03   9.7441421e-06
   3.4437876e+03   9.6762389e-06
   3.4473854e+03   9.6088088e-06
   3.4509832e+03   9.5418486e-06
   3.4545810e+03   9.4753551e-06
   3.4581788e+03   9.4093249e-06
   3.4617766e+03   9.3437549e-06
   3.4653744e+03   9.2786418e-06
   3.4689722e+03   9.2139824e-06
   3.4725700e+03   9.1497736e-06
   3.4761678e+03   9.0860123e-06
   3.4797656e+03   9.0226953e-06
   3.4833634e+03   8.9598196e-06
   3.4869612e+03   8.8973820e-06
   3.4905590e+03   8.8353795e-06
   3.4941568e+03   8.7738090e-06
   3.4977546e+03   8.7126677e-06
   3.5013524e+03   8.6519524e-06
   3.5049502e+03   8.5916602e-06
   3.5085479e+03   8.5317881e-06
   3.5121457e+03   8.4723333e-06
   3.5157435e+03   8.4132928e-06
   3.5193413e+03   8.3546637e-06
   3.5229391e+03   8.2964432e-06
   3.5265369e+03   8.2386284e-06
   3.5301347e+03   8.1812165e-06
   3.5337325e+03   8.1242047e-06
   3.5373303e+03   8.0675902e-06
   3.5409281e+03   8.0113702e-06
   3.5445259e+03   7.9555420e-06
   3.5481237e+03   7.9001028e-06
   3.5517215e+03   7.8450500e-06
   3.5553193e+03   7.7903808e-06
   3.5589171e+03   7.7360926e-06
   3.5625149e+03   7.6821826e-06
   3.5661127e+03   7.6286484e-06
   3.5697105e+03   7.5754872e-06
   3.5733083e+03   7.5226965e-06
   3.5769061e+03   7.4702737e-06
   3.5805039e+03   7.4182162e-06
   3.5841017e+03   7.3665214e-06
   3.5876995e+03   7.3151869e-06
   3.5912973e+03   7.2642101e-06
   3.5948951e+03   7.2135886e-06
   3.5984929e+03   7.1633198e-06
   3.6020907e+03   7.1134013e-06
   3.6056885e+03   7.0638307e-06
   3.6092863e+03   7.0146055e-06
   3.6128841e+03   6.9657234e-06
   3.6164819e+03   6.9171819e-06
   3.6200797e+03   6.8689786e-06
   3.6236775e+03   6.8211113e-06
   3.6272753e+03   6.7735776e-06
   3.6308731e+03   6.7263751e-06
   3.6344709e+03   6.6795015e-06
   3.6380687e+03   6.6329546e-06
   3.6416665e+03   6.5867320e-06
   3.6452643e+03   6.5408315e-06
   3.6488621e+03   6.4952509e-06
   3.6524599e+03   6.4499880e-06
   3.6560577e+03   6.4050405e-06
   3.6596555e+03   6.3604061e-06
   3.6632533e+03   6.3160829e-06
   3.6668511e+03   6.2720685e-06
   3.6704488e+03   6.2283608e-06
   3.6740466e+03   6.1849577e-06
   3.6776444e+03   6.1418570e-06
   3.6812422e+03   6.0990568e-06
   3.6848400e+03   6.0565547e-06
   3.6884378e+03   6.0143489e-06
   3.6920356e+03   5.9724372e-06
   3.6956334e+03   5.9308175e-06
   3.6992312e+03   5.8894879e-06
   3.7028290e+03   5.8484462e-06
   3.7064268e+03   5.8076906e-06
   3.7100246e+03   5.7672190e-06
   3.7136224e+03   5.7270294e-06
   3.7172202e+03   5.6871199e-06
   3.7208180e+03   5.6474885e-06
   3.7244158e+03   5.6081333e-06
   3.7280136e+03   5.5690523e-06
   3.7316114e+03   5.5302437e-06
   3.7352092e+03   5.4917055e-06
   3.7388070e+03   5.4534359e-06
   3.7424048e+03   5.4154330e-06
   3.7460026e+03   5.3776948e-06
   3.7496004e+03   5.3402197e-06
   3.7531982e+03   5.3030057e-06
   3.7567960e+03   5.2660511e-06
   3.7603938e+03   5.2293540e-06
   3.7639916e+03   5.1929126e-06
   3.7675894e+03   5.1567251e-06
   3.7711872e+03   5.1207898e-06
   3.7747850e+03   5.0851050e-06
   3.7783828e+03   5.0496688e-06
   3.7819806e+03   5.0144796e-06
   3.7855784e+03   4.9795356e-06
   3.7891762e+03   4.9448350e-06
   3.7927740e+03   4.9103764e-06
   3.7963718e+03   4.8761578e-06
   3.7999696e+03   4.8421777e-06
   3.8035674e+03   4.8084344e-06
   3.8071652e+03   4.7749262e-06
   3.8107630e+03   4.7416515e-06
   3.8143608e+03   4.7086088e-06
   3.8179586e+03   4.6757962e-06
   3.8215564e+03   4.6432124e-06
   3.8251542e+03   4.6108556e-06
   3.8287520e+03   4.5787243e-06
   3.8323497e+03   4.5468169e-06
   3.8359475e+03   4.5151318e-06
   3.8395453e+03   4.4836676e-06
   3.8431431e+03   4.4524226e-06
   3.8467409e+03   4.4213953e-06
   3.8503387e+03   4.3905843e-06
   3.8539365e+03   4.3599879e-06
   3.8575343e+03   4.3296048e-06
   3.8611321e+03   4.2994334e-06
   3.8647299e+03   4.2694723e-06
   3.8683277e+03   4.2397200e-06
   3.8719255e+03   4.2101750e-06
   3.8755233e+03   4.1808358e-06
   3.8791211e+03   4.1517012e-06
   3.8827189e+03   4.1227695e-06
   3.8863167e+03   4.0940395e-06
   3.8899145e+03   4.0655097e-06
   3.8935123e+03   4.0371787e-06
   3.8971101e+03   4.0090451e-06
   3.9007079e+03   3.9811076e-06
   3.9043057e+03   3.9533647e-06
   3.9079035e+03   3.9258152e-06
   3.9115013e+03   3.8984577e-06
   3.9150991e+03   3.8712908e-06
   3.9186969e+03   3.8443133e-06
   3.9222947e+03   3.8175237e-06
   3.9258925e+03   3.7909208e-06
   3.9294903e+03   3.7645033e-06
   3.9330881e+03   3.7382699e-06
   3.9366859e+03   3.7122193e-06
   3.9402837e+03   3.6863502e-06
   3.9438815e+03   3.6606615e-06
   3.9474793e+03   3.6351517e-06
   3.9510771e+03   3.6098197e-06
   3.9546749e+03   3.5846642e-06
   3.9582727e+03   3.5596840e-06
   3.9618705e+03   3.5348779e-06
   3.9654683e+03   3.5102447e-06
   3.9690661e+03   3.4857831e-06
   3.9726639e+03   3.4614920e-06
   3.9762617e+03   3.4373702e-06
   3.9798595e+03   3.4134165e-06
   3.9834573e+03   3.3896296e-06
   3.9870551e+03   3.3660086e-06
   3.9906529e+03   3.3425521e-06
   3.9942507e+03   3.3192592e-06
   3.9978484e+03   3.2961285e-06
   4.0014462e+03   3.2731590e-06
   4.0050440e+03   3.2503496e-06
   4.0086418e+03   3.2276991e-06
   4.0122396e+03   3.2052065e-06
   4.0158374e+03   3.1828706e-06
   4.0194352e+03   3.1606904e-06
   4.0230330e+03   3.1386648e-06
   4.0266308e+03   3.1167926e-06
   4.0302286e+03   3.0950728e-06
   4.0338264e+03   3.0735044e-06
   4.0374242e+03   3.0520863e-06
   4.0410220e+03   3.0308175e-06
   4.0446198e+03   3.0096969e-06
   4.0482176e+03   2.9887234e-06
   4.0518154e+03   2.9678961e-06
   4.0554132e+03   2.9472140e-06
   4.0590110e+03   2.9266760e-06
   4.0626088e+03   2.9062811e-06
   4.0662066e+03   2.8860283e-06
   4.0698044e+03   2.8659166e-06
   4.0734022e+03   2.8459452e-06
   4.0770000e+03   2.8261128e-06
