   5.6570000e+02   5.3370315e-05
   5.7027297e+02   5.6711220e-05
   5.7484595e+02   6.0220967e-05
   5.7941892e+02   6.3905234e-05
   5.8399189e+02   6.7769703e-05
   5.8856486e+02   7.1820043e-05
   5.9313784e+02   7.6061898e-05
   5.9771081e+02   8.0500869e-05
   6.0228378e+02   8.5142501e-05
   6.0685676e+02   8.9992262e-05
   6.1142973e+02   9.5055533e-05
   6.1600270e+02   1.0033758e-04
   6.2057568e+02   1.0584355e-04
   6.2514865e+02   1.1157844e-04
   6.2972162e+02   1.1754707e-04
   6.3429459e+02   1.2375409e-04
   6.3886757e+02   1.3020395e-04
   6.4344054e+02   1.3690086e-04
   6.4801351e+02   1.4384880e-04
   6.5258649e+02   1.5105146e-04
   6.5715946e+02   1.5851228e-04
   6.6173243e+02   1.6623437e-04
   6.6630541e+02   1.7422052e-04
   6.7087838e+02   1.8247317e-04
   6.7545135e+02   1.9099442e-04
   6.8002432e+02   1.9978595e-04
   6.8459730e+02   2.0884907e-04
   6.8917027e+02   2.1818465e-04
   6.9374324e+02   2.2779312e-04
   6.9831622e+02   2.3767447e-04
   7.0288919e+02   2.4782821e-04
   7.0746216e+02   2.5825337e-04
   7.1203514e+02   2.6894849e-04
   7.1660811e+02   2.7991158e-04
   7.2118108e+02   2.9114014e-04
   7.2575405e+02   3.0263113e-04
   7.3032703e+02   3.1438098e-04
   7.3490000e+02   3.2638557e-04
   7.3947297e+02   3.3864021e-04
   7.4404595e+02   3.5113967e-04
   7.4861892e+02   3.6387815e-04
   7.5319189e+02   3.7684929e-04
   7.5776486e+02   3.9004618e-04
   7.6233784e+02   4.0346132e-04
   7.6691081e+02   4.1708670e-04
   7.7148378e+02   4.3091372e-04
   7.7605676e+02   4.4493327e-04
   7.8062973e+02   4.5913570e-04
   7.8520270e+02   4.7351084e-04
   7.8977568e+02   4.8804801e-04
   7.9434865e+02   5.0273606e-04
   7.9892162e+02   5.1756335e-04
   8.0349459e+02   5.3251779e-04
   8.0806757e+02   5.4758687e-04
   8.1264054e+02   5.6275765e-04
   8.1721351e+02   5.7801682e-04
   8.2178649e+02   5.9335071e-04
   8.2635946e+02   6.0874530e-04
   8.3093243e+02   6.2418628e-04
   8.3550541e+02   6.3965906e-04
   8.4007838e+02   6.5514880e-04
   8.4465135e+02   6.7064046e-04
   8.4922432e+02   6.8611880e-04
   8.5379730e+02   7.0156846e-04
   8.5837027e+02   7.1697394e-04
   8.6294324e+02   7.3231968e-04
   8.6751622e+02   7.4759008e-04
   8.7208919e+02   7.6276953e-04
   8.7666216e+02   7.7784245e-04
   8.8123514e+02   7.9279332e-04
   8.8580811e+02   8.0760674e-04
   8.9038108e+02   8.2226744e-04
   8.9495405e+02   8.3676032e-04
   8.9952703e+02   8.5107050e-04
   9.0410000e+02   8.6518334e-04
   9.0867297e+02   8.7908449e-04
   9.1324595e+02   8.9275988e-04
   9.1781892e+02   9.0619583e-04
   9.2239189e+02   9.1937900e-04
   9.2696486e+02   9.3229646e-04
   9.3153784e+02   9.4493573e-04
   9.3611081e+02   9.5728478e-04
   9.4068378e+02   9.6933206e-04
   9.4525676e+02   9.8106655e-04
   9.4982973e+02   9.9247773e-04
   9.5440270e+02   1.0035557e-03
   9.5897568e+02   1.0142910e-03
   9.6354865e+02   1.0246749e-03
   9.6812162e+02   1.0346992e-03
   9.7269459e+02   1.0443564e-03
   9.7726757e+02   1.0536395e-03
   9.8184054e+02   1.0625422e-03
   9.8641351e+02   1.0710589e-03
   9.9098649e+02   1.0791845e-03
   9.9555946e+02   1.0869147e-03
   1.0001324e+03   1.0942459e-03
   1.0047054e+03   1.1011749e-03
   1.0092784e+03   1.1076993e-03
   1.0138514e+03   1.1138175e-03
   1.0184243e+03   1.1195283e-03
   1.0229973e+03   1.1248313e-03
   1.0275703e+03   1.1297265e-03
   1.0321432e+03   1.1342147e-03
   1.0367162e+03   1.1382974e-03
   1.0412892e+03   1.1419764e-03
   1.0458622e+03   1.1452541e-03
   1.0504351e+03   1.1481338e-03
   1.0550081e+03   1.1506189e-03
   1.0595811e+03   1.1527136e-03
   1.0641541e+03   1.1544224e-03
   1.0687270e+03   1.1557503e-03
   1.0733000e+03   1.1567029e-03
   1.0778730e+03   1.1572861e-03
   1.0824459e+03   1.1575062e-03
   1.0870189e+03   1.1573699e-03
   1.0915919e+03   1.1568843e-03
   1.0961649e+03   1.1560566e-03
   1.1007378e+03   1.1548947e-03
   1.1053108e+03   1.1534064e-03
   1.1098838e+03   1.1515999e-03
   1.1144568e+03   1.1494837e-03
   1.1190297e+03   1.1470663e-03
   1.1236027e+03   1.1443566e-03
   1.1281757e+03   1.1413636e-03
   1.1327486e+03   1.1380962e-03
   1.1373216e+03   1.1345638e-03
   1.1418946e+03   1.1307754e-03
   1.1464676e+03   1.1267406e-03
   1.1510405e+03   1.1224685e-03
   1.1556135e+03   1.1179686e-03
   1.1601865e+03   1.1132503e-03
   1.1647595e+03   1.1083229e-03
   1.1693324e+03   1.1031957e-03
   1.1739054e+03   1.0978779e-03
   1.1784784e+03   1.0923787e-03
   1.1830514e+03   1.0867072e-03
   1.1876243e+03   1.0808723e-03
   1.1921973e+03   1.0748829e-03
   1.1967703e+03   1.0687477e-03
   1.2013432e+03   1.0624752e-03
   1.2059162e+03   1.0560739e-03
   1.2104892e+03   1.0495520e-03
   1.2150622e+03   1.0429174e-03
   1.2196351e+03   1.0361782e-03
   1.2242081e+03   1.0293420e-03
   1.2287811e+03   1.0224163e-03
   1.2333541e+03   1.0154082e-03
   1.2379270e+03   1.0083251e-03
   1.2425000e+03   1.0011735e-03
   1.2470730e+03   9.9396029e-04
   1.2516459e+03   9.8669178e-04
   1.2562189e+03   9.7937419e-04
   1.2607919e+03   9.7201349e-04
   1.2653649e+03   9.6461544e-04
   1.2699378e+03   9.5718558e-04
   1.2745108e+03   9.4972921e-04
   1.2790838e+03   9.4225144e-04
   1.2836568e+03   9.3475713e-04
   1.2882297e+03   9.2725096e-04
   1.2928027e+03   9.1973737e-04
   1.2973757e+03   9.1222061e-04
   1.3019486e+03   9.0470471e-04
   1.3065216e+03   8.9719352e-04
   1.3110946e+03   8.8969068e-04
   1.3156676e+03   8.8219964e-04
   1.3202405e+03   8.7472366e-04
   1.3248135e+03   8.6726582e-04
   1.3293865e+03   8.5982903e-04
   1.3339595e+03   8.5241602e-04
   1.3385324e+03   8.4502935e-04
   1.3431054e+03   8.3767144e-04
   1.3476784e+03   8.3034454e-04
   1.3522514e+03   8.2305074e-04
   1.3568243e+03   8.1579200e-04
   1.3613973e+03   8.0857015e-04
   1.3659703e+03   8.0138686e-04
   1.3705432e+03   7.9424371e-04
   1.3751162e+03   7.8714212e-04
   1.3796892e+03   7.8008342e-04
   1.3842622e+03   7.7306882e-04
   1.3888351e+03   7.6609941e-04
   1.3934081e+03   7.5917622e-04
   1.3979811e+03   7.5230014e-04
   1.4025541e+03   7.4547199e-04
   1.4071270e+03   7.3869251e-04
   1.4117000e+03   7.3196234e-04
   1.4162730e+03   7.2528206e-04
   1.4208459e+03   7.1865217e-04
   1.4254189e+03   7.1207309e-04
   1.4299919e+03   7.0554521e-04
   1.4345649e+03   6.9906883e-04
   1.4391378e+03   6.9264419e-04
   1.4437108e+03   6.8627150e-04
   1.4482838e+03   6.7995091e-04
   1.4528568e+03   6.7368251e-04
   1.4574297e+03   6.6746637e-04
   1.4620027e+03   6.6130251e-04
   1.4665757e+03   6.5519090e-04
   1.4711486e+03   6.4913150e-04
   1.4757216e+03   6.4312421e-04
   1.4802946e+03   6.3716892e-04
   1.4848676e+03   6.3126550e-04
   1.4894405e+03   6.2541376e-04
   1.4940135e+03   6.1961352e-04
   1.4985865e+03   6.1386458e-04
   1.5031595e+03   6.0816668e-04
   1.5077324e+03   6.0251959e-04
   1.5123054e+03   5.9692305e-04
   1.5168784e+03   5.9137676e-04
   1.5214514e+03   5.8588043e-04
   1.5260243e+03   5.8043376e-04
   1.5305973e+03   5.7503644e-04
   1.5351703e+03   5.6968813e-04
   1.5397432e+03   5.6438850e-04
   1.5443162e+03   5.5913721e-04
   1.5488892e+03   5.5393390e-04
   1.5534622e+03   5.4877824e-04
   1.5580351e+03   5.4366984e-04
   1.5626081e+03   5.3860836e-04
   1.5671811e+03   5.3359342e-04
   1.5717541e+03   5.2862465e-04
   1.5763270e+03   5.2370168e-04
   1.5809000e+03   5.1882414e-04
   1.5854730e+03   5.1399164e-04
   1.5900459e+03   5.0920381e-04
   1.5946189e+03   5.0446028e-04
   1.5991919e+03   4.9976066e-04
   1.6037649e+03   4.9510457e-04
   1.6083378e+03   4.9049164e-04
   1.6129108e+03   4.8592150e-04
   1.6174838e+03   4.8139376e-04
   1.6220568e+03   4.7690805e-04
   1.6266297e+03   4.7246400e-04
   1.6312027e+03   4.6806124e-04
   1.6357757e+03   4.6369939e-04
   1.6403486e+03   4.5937809e-04
   1.6449216e+03   4.5509698e-04
   1.6494946e+03   4.5085568e-04
   1.6540676e+03   4.4665384e-04
   1.6586405e+03   4.4249110e-04
   1.6632135e+03   4.3836709e-04
   1.6677865e+03   4.3428148e-04
   1.6723595e+03   4.3023390e-04
   1.6769324e+03   4.2622400e-04
   1.6815054e+03   4.2225145e-04
   1.6860784e+03   4.1831589e-04
   1.6906514e+03   4.1441699e-04
   1.6952243e+03   4.1055440e-04
   1.6997973e+03   4.0672779e-04
   1.7043703e+03   4.0293683e-04
   1.7089432e+03   3.9918119e-04
   1.7135162e+03   3.9546054e-04
   1.7180892e+03   3.9177456e-04
   1.7226622e+03   3.8812292e-04
   1.7272351e+03   3.8450531e-04
   1.7318081e+03   3.8092141e-04
   1.7363811e+03   3.7737091e-04
   1.7409541e+03   3.7385349e-04
   1.7455270e+03   3.7036885e-04
   1.7501000e+03   3.6691669e-04
   1.7546730e+03   3.6349671e-04
   1.7592459e+03   3.6010859e-04
   1.7638189e+03   3.5675205e-04
   1.7683919e+03   3.5342680e-04
   1.7729649e+03   3.5013254e-04
   1.7775378e+03   3.4686898e-04
   1.7821108e+03   3.4363584e-04
   1.7866838e+03   3.4043283e-04
   1.7912568e+03   3.3725968e-04
   1.7958297e+03   3.3411610e-04
   1.8004027e+03   3.3100182e-04
   1.8049757e+03   3.2791657e-04
   1.8095486e+03   3.2486008e-04
   1.8141216e+03   3.2183207e-04
   1.8186946e+03   3.1883229e-04
   1.8232676e+03   3.1586047e-04
   1.8278405e+03   3.1291635e-04
   1.8324135e+03   3.0999966e-04
   1.8369865e+03   3.0711017e-04
   1.8415595e+03   3.0424761e-04
   1.8461324e+03   3.0141173e-04
   1.8507054e+03   2.9860228e-04
   1.8552784e+03   2.9581902e-04
   1.8598514e+03   2.9306170e-04
   1.8644243e+03   2.9033009e-04
   1.8689973e+03   2.8762393e-04
   1.8735703e+03   2.8494300e-04
   1.8781432e+03   2.8228705e-04
   1.8827162e+03   2.7965587e-04
   1.8872892e+03   2.7704920e-04
   1.8918622e+03   2.7446684e-04
   1.8964351e+03   2.7190854e-04
   1.9010081e+03   2.6937409e-04
   1.9055811e+03   2.6686327e-04
   1.9101541e+03   2.6437584e-04
   1.9147270e+03   2.6191160e-04
   1.9193000e+03   2.5947033e-04
   1.9238730e+03   2.5705182e-04
   1.9284459e+03   2.5465585e-04
   1.9330189e+03   2.5228221e-04
   1.9375919e+03   2.4993070e-04
   1.9421649e+03   2.4760110e-04
   1.9467378e+03   2.4529322e-04
   1.9513108e+03   2.4300685e-04
   1.9558838e+03   2.4074179e-04
   1.9604568e+03   2.3849785e-04
   1.9650297e+03   2.3627482e-04
   1.9696027e+03   2.3407251e-04
   1.9741757e+03   2.3189072e-04
   1.9787486e+03   2.2972928e-04
   1.9833216e+03   2.2758798e-04
   1.9878946e+03   2.2546664e-04
   1.9924676e+03   2.2336507e-04
   1.9970405e+03   2.2128310e-04
   2.0016135e+03   2.1922052e-04
   2.0061865e+03   2.1717718e-04
   2.0107595e+03   2.1515287e-04
   2.0153324e+03   2.1314744e-04
   2.0199054e+03   2.1116070e-04
   2.0244784e+03   2.0919248e-04
   2.0290514e+03   2.0724260e-04
   2.0336243e+03   2.0531090e-04
   2.0381973e+03   2.0339721e-04
   2.0427703e+03   2.0150135e-04
   2.0473432e+03   1.9962316e-04
   2.0519162e+03   1.9776248e-04
   2.0564892e+03   1.9591914e-04
   2.0610622e+03   1.9409299e-04
   2.0656351e+03   1.9228385e-04
   2.0702081e+03   1.9049158e-04
   2.0747811e+03   1.8871602e-04
   2.0793541e+03   1.8695700e-04
   2.0839270e+03   1.8521438e-04
   2.0885000e+03   1.8348800e-04
   2.0930730e+03   1.8177772e-04
   2.0976459e+03   1.8008337e-04
   2.1022189e+03   1.7840482e-04
   2.1067919e+03   1.7674192e-04
   2.1113649e+03   1.7509451e-04
   2.1159378e+03   1.7346246e-04
   2.1205108e+03   1.7184563e-04
   2.1250838e+03   1.7024386e-04
   2.1296568e+03   1.6865702e-04
   2.1342297e+03   1.6708497e-04
   2.1388027e+03   1.6552758e-04
   2.1433757e+03   1.6398470e-04
   2.1479486e+03   1.6245621e-04
   2.1525216e+03   1.6094196e-04
   2.1570946e+03   1.5944183e-04
   2.1616676e+03   1.5795567e-04
   2.1662405e+03   1.5648337e-04
   2.1708135e+03   1.5502480e-04
   2.1753865e+03   1.5357982e-04
   2.1799595e+03   1.5214830e-04
   2.1845324e+03   1.5073014e-04
   2.1891054e+03   1.4932518e-04
   2.1936784e+03   1.4793333e-04
   2.1982514e+03   1.4655445e-04
   2.2028243e+03   1.4518842e-04
   2.2073973e+03   1.4383512e-04
   2.2119703e+03   1.4249444e-04
   2.2165432e+03   1.4116625e-04
   2.2211162e+03   1.3985045e-04
   2.2256892e+03   1.3854691e-04
   2.2302622e+03   1.3725552e-04
   2.2348351e+03   1.3597616e-04
   2.2394081e+03   1.3470873e-04
   2.2439811e+03   1.3345312e-04
   2.2485541e+03   1.3220921e-04
   2.2531270e+03   1.3097689e-04
   2.2577000e+03   1.2975606e-04
   2.2622730e+03   1.2854661e-04
   2.2668459e+03   1.2734843e-04
   2.2714189e+03   1.2616142e-04
   2.2759919e+03   1.2498547e-04
   2.2805649e+03   1.2382049e-04
   2.2851378e+03   1.2266636e-04
   2.2897108e+03   1.2152299e-04
   2.2942838e+03   1.2039028e-04
   2.2988568e+03   1.1926812e-04
   2.3034297e+03   1.1815643e-04
   2.3080027e+03   1.1705510e-04
   2.3125757e+03   1.1596403e-04
   2.3171486e+03   1.1488313e-04
   2.3217216e+03   1.1381231e-04
   2.3262946e+03   1.1275147e-04
   2.3308676e+03   1.1170052e-04
   2.3354405e+03   1.1065936e-04
   2.3400135e+03   1.0962791e-04
   2.3445865e+03   1.0860607e-04
   2.3491595e+03   1.0759376e-04
   2.3537324e+03   1.0659088e-04
   2.3583054e+03   1.0559735e-04
   2.3628784e+03   1.0461308e-04
   2.3674514e+03   1.0363799e-04
   2.3720243e+03   1.0267198e-04
   2.3765973e+03   1.0171498e-04
   2.3811703e+03   1.0076690e-04
   2.3857432e+03   9.9827652e-05
   2.3903162e+03   9.8897162e-05
   2.3948892e+03   9.7975345e-05
   2.3994622e+03   9.7062120e-05
   2.4040351e+03   9.6157407e-05
   2.4086081e+03   9.5261127e-05
   2.4131811e+03   9.4373202e-05
   2.4177541e+03   9.3493552e-05
   2.4223270e+03   9.2622102e-05
   2.4269000e+03   9.1758775e-05
   2.4314730e+03   9.0903494e-05
   2.4360459e+03   9.0056186e-05
   2.4406189e+03   8.9216775e-05
   2.4451919e+03   8.8385189e-05
   2.4497649e+03   8.7561353e-05
   2.4543378e+03   8.6745197e-05
   2.4589108e+03   8.5936648e-05
   2.4634838e+03   8.5135635e-05
   2.4680568e+03   8.4342089e-05
   2.4726297e+03   8.3555939e-05
   2.4772027e+03   8.2777117e-05
   2.4817757e+03   8.2005554e-05
   2.4863486e+03   8.1241183e-05
   2.4909216e+03   8.0483937e-05
   2.4954946e+03   7.9733749e-05
   2.5000676e+03   7.8990553e-05
   2.5046405e+03   7.8254285e-05
   2.5092135e+03   7.7524880e-05
   2.5137865e+03   7.6802273e-05
   2.5183595e+03   7.6086402e-05
   2.5229324e+03   7.5377203e-05
   2.5275054e+03   7.4674614e-05
   2.5320784e+03   7.3978575e-05
   2.5366514e+03   7.3289023e-05
   2.5412243e+03   7.2605899e-05
   2.5457973e+03   7.1929141e-05
   2.5503703e+03   7.1258692e-05
   2.5549432e+03   7.0594493e-05
   2.5595162e+03   6.9936484e-05
   2.5640892e+03   6.9284608e-05
   2.5686622e+03   6.8638809e-05
   2.5732351e+03   6.7999029e-05
   2.5778081e+03   6.7365212e-05
   2.5823811e+03   6.6737303e-05
   2.5869541e+03   6.6115247e-05
   2.5915270e+03   6.5498989e-05
   2.5961000e+03   6.4888475e-05
   2.6006730e+03   6.4283652e-05
   2.6052459e+03   6.3684466e-05
   2.6098189e+03   6.3090865e-05
   2.6143919e+03   6.2502798e-05
   2.6189649e+03   6.1920211e-05
   2.6235378e+03   6.1343055e-05
   2.6281108e+03   6.0771278e-05
   2.6326838e+03   6.0204831e-05
   2.6372568e+03   5.9643664e-05
   2.6418297e+03   5.9087728e-05
   2.6464027e+03   5.8536973e-05
   2.6509757e+03   5.7991352e-05
   2.6555486e+03   5.7450816e-05
   2.6601216e+03   5.6915319e-05
   2.6646946e+03   5.6384814e-05
   2.6692676e+03   5.5859253e-05
   2.6738405e+03   5.5338590e-05
   2.6784135e+03   5.4822781e-05
   2.6829865e+03   5.4311780e-05
   2.6875595e+03   5.3805542e-05
   2.6921324e+03   5.3304022e-05
   2.6967054e+03   5.2807177e-05
   2.7012784e+03   5.2314963e-05
   2.7058514e+03   5.1827337e-05
   2.7104243e+03   5.1344256e-05
   2.7149973e+03   5.0865678e-05
   2.7195703e+03   5.0391561e-05
   2.7241432e+03   4.9921863e-05
   2.7287162e+03   4.9456543e-05
   2.7332892e+03   4.8995560e-05
   2.7378622e+03   4.8538874e-05
   2.7424351e+03   4.8086445e-05
   2.7470081e+03   4.7638233e-05
   2.7515811e+03   4.7194199e-05
   2.7561541e+03   4.6754303e-05
   2.7607270e+03   4.6318508e-05
   2.7653000e+03   4.5886775e-05
   2.7698730e+03   4.5459066e-05
   2.7744459e+03   4.5035343e-05
   2.7790189e+03   4.4615570e-05
   2.7835919e+03   4.4199710e-05
   2.7881649e+03   4.3787726e-05
   2.7927378e+03   4.3379582e-05
   2.7973108e+03   4.2975243e-05
   2.8018838e+03   4.2574672e-05
   2.8064568e+03   4.2177835e-05
   2.8110297e+03   4.1784697e-05
   2.8156027e+03   4.1395223e-05
   2.8201757e+03   4.1009379e-05
   2.8247486e+03   4.0627132e-05
   2.8293216e+03   4.0248448e-05
   2.8338946e+03   3.9873294e-05
   2.8384676e+03   3.9501636e-05
   2.8430405e+03   3.9133443e-05
   2.8476135e+03   3.8768681e-05
   2.8521865e+03   3.8407320e-05
   2.8567595e+03   3.8049326e-05
   2.8613324e+03   3.7694670e-05
   2.8659054e+03   3.7343319e-05
   2.8704784e+03   3.6995243e-05
   2.8750514e+03   3.6650412e-05
   2.8796243e+03   3.6308795e-05
   2.8841973e+03   3.5970362e-05
   2.8887703e+03   3.5635083e-05
   2.8933432e+03   3.5302930e-05
   2.8979162e+03   3.4973872e-05
   2.9024892e+03   3.4647882e-05
   2.9070622e+03   3.4324930e-05
   2.9116351e+03   3.4004989e-05
   2.9162081e+03   3.3688029e-05
   2.9207811e+03   3.3374025e-05
   2.9253541e+03   3.3062946e-05
   2.9299270e+03   3.2754768e-05
   2.9345000e+03   3.2449462e-05
   2.9390730e+03   3.2147001e-05
   2.9436459e+03   3.1847360e-05
   2.9482189e+03   3.1550512e-05
   2.9527919e+03   3.1256431e-05
   2.9573649e+03   3.0965091e-05
   2.9619378e+03   3.0676466e-05
   2.9665108e+03   3.0390532e-05
   2.9710838e+03   3.0107263e-05
   2.9756568e+03   2.9826634e-05
   2.9802297e+03   2.9548621e-05
   2.9848027e+03   2.9273199e-05
   2.9893757e+03   2.9000345e-05
   2.9939486e+03   2.8730034e-05
   2.9985216e+03   2.8462242e-05
   3.0030946e+03   2.8196946e-05
   3.0076676e+03   2.7934123e-05
   3.0122405e+03   2.7673750e-05
   3.0168135e+03   2.7415804e-05
   3.0213865e+03   2.7160263e-05
   3.0259595e+03   2.6907103e-05
   3.0305324e+03   2.6656303e-05
   3.0351054e+03   2.6407840e-05
   3.0396784e+03   2.6161693e-05
   3.0442514e+03   2.5917841e-05
   3.0488243e+03   2.5676262e-05
   3.0533973e+03   2.5436934e-05
   3.0579703e+03   2.5199838e-05
   3.0625432e+03   2.4964951e-05
   3.0671162e+03   2.4732253e-05
   3.0716892e+03   2.4501725e-05
   3.0762622e+03   2.4273345e-05
   3.0808351e+03   2.4047094e-05
   3.0854081e+03   2.3822952e-05
   3.0899811e+03   2.3600899e-05
   3.0945541e+03   2.3380916e-05
   3.0991270e+03   2.3162983e-05
   3.1037000e+03   2.2947082e-05
   3.1082730e+03   2.2733193e-05
   3.1128459e+03   2.2521297e-05
   3.1174189e+03   2.2311377e-05
   3.1219919e+03   2.2103413e-05
   3.1265649e+03   2.1897388e-05
   3.1311378e+03   2.1693284e-05
   3.1357108e+03   2.1491081e-05
   3.1402838e+03   2.1290764e-05
   3.1448568e+03   2.1092313e-05
   3.1494297e+03   2.0895712e-05
   3.1540027e+03   2.0700944e-05
   3.1585757e+03   2.0507991e-05
   3.1631486e+03   2.0316837e-05
   3.1677216e+03   2.0127464e-05
   3.1722946e+03   1.9939857e-05
   3.1768676e+03   1.9753998e-05
   3.1814405e+03   1.9569872e-05
   3.1860135e+03   1.9387462e-05
   3.1905865e+03   1.9206752e-05
   3.1951595e+03   1.9027726e-05
   3.1997324e+03   1.8850370e-05
   3.2043054e+03   1.8674666e-05
   3.2088784e+03   1.8500600e-05
   3.2134514e+03   1.8328157e-05
   3.2180243e+03   1.8157321e-05
   3.2225973e+03   1.7988077e-05
   3.2271703e+03   1.7820411e-05
   3.2317432e+03   1.7654307e-05
   3.2363162e+03   1.7489752e-05
   3.2408892e+03   1.7326730e-05
   3.2454622e+03   1.7165229e-05
   3.2500351e+03   1.7005232e-05
   3.2546081e+03   1.6846727e-05
   3.2591811e+03   1.6689699e-05
   3.2637541e+03   1.6534135e-05
   3.2683270e+03   1.6380021e-05
   3.2729000e+03   1.6227343e-05
   3.2774730e+03   1.6076089e-05
   3.2820459e+03   1.5926244e-05
   3.2866189e+03   1.5777796e-05
   3.2911919e+03   1.5630732e-05
   3.2957649e+03   1.5485038e-05
   3.3003378e+03   1.5340703e-05
   3.3049108e+03   1.5197713e-05
   3.3094838e+03   1.5056055e-05
   3.3140568e+03   1.4915718e-05
   3.3186297e+03   1.4776689e-05
   3.3232027e+03   1.4638956e-05
   3.3277757e+03   1.4502507e-05
   3.3323486e+03   1.4367330e-05
   3.3369216e+03   1.4233412e-05
   3.3414946e+03   1.4100743e-05
   3.3460676e+03   1.3969311e-05
   3.3506405e+03   1.3839103e-05
   3.3552135e+03   1.3710109e-05
   3.3597865e+03   1.3582318e-05
   3.3643595e+03   1.3455718e-05
   3.3689324e+03   1.3330297e-05
   3.3735054e+03   1.3206046e-05
   3.3780784e+03   1.3082953e-05
   3.3826514e+03   1.2961007e-05
   3.3872243e+03   1.2840198e-05
   3.3917973e+03   1.2720515e-05
   3.3963703e+03   1.2601948e-05
   3.4009432e+03   1.2484485e-05
   3.4055162e+03   1.2368118e-05
   3.4100892e+03   1.2252835e-05
   3.4146622e+03   1.2138627e-05
   3.4192351e+03   1.2025483e-05
   3.4238081e+03   1.1913394e-05
   3.4283811e+03   1.1802350e-05
   3.4329541e+03   1.1692340e-05
   3.4375270e+03   1.1583356e-05
   3.4421000e+03   1.1475388e-05
   3.4466730e+03   1.1368427e-05
   3.4512459e+03   1.1262462e-05
   3.4558189e+03   1.1157485e-05
   3.4603919e+03   1.1053486e-05
   3.4649649e+03   1.0950457e-05
   3.4695378e+03   1.0848388e-05
   3.4741108e+03   1.0747271e-05
   3.4786838e+03   1.0647096e-05
   3.4832568e+03   1.0547855e-05
   3.4878297e+03   1.0449538e-05
   3.4924027e+03   1.0352139e-05
   3.4969757e+03   1.0255647e-05
   3.5015486e+03   1.0160054e-05
   3.5061216e+03   1.0065353e-05
   3.5106946e+03   9.9715339e-06
   3.5152676e+03   9.8785895e-06
   3.5198405e+03   9.7865115e-06
   3.5244135e+03   9.6952918e-06
   3.5289865e+03   9.6049223e-06
   3.5335595e+03   9.5153951e-06
   3.5381324e+03   9.4267025e-06
   3.5427054e+03   9.3388365e-06
   3.5472784e+03   9.2517895e-06
   3.5518514e+03   9.1655539e-06
   3.5564243e+03   9.0801221e-06
   3.5609973e+03   8.9954866e-06
   3.5655703e+03   8.9116400e-06
   3.5701432e+03   8.8285749e-06
   3.5747162e+03   8.7462840e-06
   3.5792892e+03   8.6647602e-06
   3.5838622e+03   8.5839963e-06
   3.5884351e+03   8.5039851e-06
   3.5930081e+03   8.4247198e-06
   3.5975811e+03   8.3461932e-06
   3.6021541e+03   8.2683987e-06
   3.6067270e+03   8.1913292e-06
   3.6113000e+03   8.1149781e-06
   3.6158730e+03   8.0393387e-06
   3.6204459e+03   7.9644043e-06
   3.6250189e+03   7.8901683e-06
   3.6295919e+03   7.8166243e-06
   3.6341649e+03   7.7437658e-06
   3.6387378e+03   7.6715865e-06
   3.6433108e+03   7.6000799e-06
   3.6478838e+03   7.5292398e-06
   3.6524568e+03   7.4590600e-06
   3.6570297e+03   7.3895343e-06
   3.6616027e+03   7.3206567e-06
   3.6661757e+03   7.2524212e-06
   3.6707486e+03   7.1848216e-06
   3.6753216e+03   7.1178521e-06
   3.6798946e+03   7.0515068e-06
   3.6844676e+03   6.9857800e-06
   3.6890405e+03   6.9206658e-06
   3.6936135e+03   6.8561585e-06
   3.6981865e+03   6.7922525e-06
   3.7027595e+03   6.7289421e-06
   3.7073324e+03   6.6662219e-06
   3.7119054e+03   6.6040862e-06
   3.7164784e+03   6.5425298e-06
   3.7210514e+03   6.4815471e-06
   3.7256243e+03   6.4211328e-06
   3.7301973e+03   6.3612816e-06
   3.7347703e+03   6.3019883e-06
   3.7393432e+03   6.2432477e-06
   3.7439162e+03   6.1850546e-06
   3.7484892e+03   6.1274039e-06
   3.7530622e+03   6.0702906e-06
   3.7576351e+03   6.0137096e-06
   3.7622081e+03   5.9576561e-06
   3.7667811e+03   5.9021250e-06
   3.7713541e+03   5.8471114e-06
   3.7759270e+03   5.7926107e-06
   3.7805000e+03   5.7386180e-06
   3.7850730e+03   5.6851285e-06
   3.7896459e+03   5.6321376e-06
   3.7942189e+03   5.5796407e-06
   3.7987919e+03   5.5276330e-06
   3.8033649e+03   5.4761102e-06
   3.8079378e+03   5.4250675e-06
   3.8125108e+03   5.3745007e-06
   3.8170838e+03   5.3244051e-06
   3.8216568e+03   5.2747765e-06
   3.8262297e+03   5.2256105e-06
   3.8308027e+03   5.1769028e-06
   3.8353757e+03   5.1286490e-06
   3.8399486e+03   5.0808451e-06
   3.8445216e+03   5.0334867e-06
   3.8490946e+03   4.9865697e-06
   3.8536676e+03   4.9400901e-06
   3.8582405e+03   4.8940437e-06
   3.8628135e+03   4.8484264e-06
   3.8673865e+03   4.8032344e-06
   3.8719595e+03   4.7584636e-06
   3.8765324e+03   4.7141102e-06
   3.8811054e+03   4.6701701e-06
   3.8856784e+03   4.6266396e-06
   3.8902514e+03   4.5835149e-06
   3.8948243e+03   4.5407921e-06
   3.8993973e+03   4.4984675e-06
   3.9039703e+03   4.4565374e-06
   3.9085432e+03   4.4149982e-06
   3.9131162e+03   4.3738462e-06
   3.9176892e+03   4.3330777e-06
   3.9222622e+03   4.2926892e-06
   3.9268351e+03   4.2526772e-06
   3.9314081e+03   4.2130381e-06
   3.9359811e+03   4.1737686e-06
   3.9405541e+03   4.1348650e-06
   3.9451270e+03   4.0963241e-06
   3.9497000e+03   4.0581424e-06
   3.9542730e+03   4.0203166e-06
   3.9588459e+03   3.9828433e-06
   3.9634189e+03   3.9457194e-06
   3.9679919e+03   3.9089415e-06
   3.9725649e+03   3.8725064e-06
   3.9771378e+03   3.8364109e-06
   3.9817108e+03   3.8006518e-06
   3.9862838e+03   3.7652261e-06
   3.9908568e+03   3.7301305e-06
   3.9954297e+03   3.6953621e-06
   4.0000027e+03   3.6609177e-06
   4.0045757e+03   3.6267945e-06
   4.0091486e+03   3.5929892e-06
   4.0137216e+03   3.5594991e-06
   4.0182946e+03   3.5263211e-06
   4.0228676e+03   3.4934524e-06
   4.0274405e+03   3.4608901e-06
   4.0320135e+03   3.4286312e-06
   4.0365865e+03   3.3966731e-06
   4.0411595e+03   3.3650128e-06
   4.0457324e+03   3.3336476e-06
   4.0503054e+03   3.3025748e-06
   4.0548784e+03   3.2717916e-06
   4.0594514e+03   3.2412954e-06
   4.0640243e+03   3.2110834e-06
   4.0685973e+03   3.1811530e-06
   4.0731703e+03   3.1515015e-06
   4.0777432e+03   3.1221265e-06
   4.0823162e+03   3.0930253e-06
   4.0868892e+03   3.0641953e-06
   4.0914622e+03   3.0356340e-06
   4.0960351e+03   3.0073390e-06
   4.1006081e+03   2.9793077e-06
   4.1051811e+03   2.9515377e-06
   4.1097541e+03   2.9240265e-06
   4.1143270e+03   2.8967717e-06
   4.1189000e+03   2.8697710e-06
   4.1234730e+03   2.8430220e-06
   4.1280459e+03   2.8165223e-06
   4.1326189e+03   2.7902695e-06
   4.1371919e+03   2.7642615e-06
   4.1417649e+03   2.7384960e-06
   4.1463378e+03   2.7129705e-06
   4.1509108e+03   2.6876830e-06
   4.1554838e+03   2.6626312e-06
   4.1600568e+03   2.6378129e-06
   4.1646297e+03   2.6132260e-06
   4.1692027e+03   2.5888682e-06
   4.1737757e+03   2.5647374e-06
   4.1783486e+03   2.5408316e-06
   4.1829216e+03   2.5171486e-06
   4.1874946e+03   2.4936863e-06
   4.1920676e+03   2.4704428e-06
   4.1966405e+03   2.4474158e-06
   4.2012135e+03   2.4246036e-06
   4.2057865e+03   2.4020039e-06
   4.2103595e+03   2.3796149e-06
   4.2149324e+03   2.3574346e-06
   4.2195054e+03   2.3354610e-06
   4.2240784e+03   2.3136923e-06
   4.2286514e+03   2.2921264e-06
   4.2332243e+03   2.2707616e-06
   4.2377973e+03   2.2495959e-06
   4.2423703e+03   2.2286275e-06
   4.2469432e+03   2.2078546e-06
   4.2515162e+03   2.1872752e-06
   4.2560892e+03   2.1668877e-06
   4.2606622e+03   2.1466902e-06
   4.2652351e+03   2.1266810e-06
   4.2698081e+03   2.1068583e-06
   4.2743811e+03   2.0872203e-06
   4.2789541e+03   2.0677654e-06
   4.2835270e+03   2.0484918e-06
   4.2881000e+03   2.0293979e-06
   4.2926730e+03   2.0104820e-06
   4.2972459e+03   1.9917423e-06
   4.3018189e+03   1.9731774e-06
   4.3063919e+03   1.9547854e-06
   4.3109649e+03   1.9365650e-06
   4.3155378e+03   1.9185143e-06
   4.3201108e+03   1.9006319e-06
   4.3246838e+03   1.8829162e-06
   4.3292568e+03   1.8653656e-06
   4.3338297e+03   1.8479786e-06
   4.3384027e+03   1.8307536e-06
   4.3429757e+03   1.8136892e-06
   4.3475486e+03   1.7967839e-06
   4.3521216e+03   1.7800361e-06
   4.3566946e+03   1.7634445e-06
   4.3612676e+03   1.7470075e-06
   4.3658405e+03   1.7307237e-06
   4.3704135e+03   1.7145916e-06
   4.3749865e+03   1.6986100e-06
   4.3795595e+03   1.6827773e-06
   4.3841324e+03   1.6670922e-06
   4.3887054e+03   1.6515533e-06
   4.3932784e+03   1.6361592e-06
   4.3978514e+03   1.6209086e-06
   4.4024243e+03   1.6058002e-06
   4.4069973e+03   1.5908326e-06
   4.4115703e+03   1.5760045e-06
   4.4161432e+03   1.5613146e-06
   4.4207162e+03   1.5467616e-06
   4.4252892e+03   1.5323443e-06
   4.4298622e+03   1.5180614e-06
   4.4344351e+03   1.5039116e-06
   4.4390081e+03   1.4898937e-06
   4.4435811e+03   1.4760064e-06
   4.4481541e+03   1.4622486e-06
   4.4527270e+03   1.4486191e-06
   4.4573000e+03   1.4351165e-06
   4.4618730e+03   1.4217399e-06
   4.4664459e+03   1.4084879e-06
   4.4710189e+03   1.3953594e-06
   4.4755919e+03   1.3823533e-06
   4.4801649e+03   1.3694684e-06
   4.4847378e+03   1.3567037e-06
   4.4893108e+03   1.3440579e-06
   4.4938838e+03   1.3315300e-06
   4.4984568e+03   1.3191188e-06
   4.5030297e+03   1.3068234e-06
   4.5076027e+03   1.2946425e-06
   4.5121757e+03   1.2825752e-06
   4.5167486e+03   1.2706204e-06
   4.5213216e+03   1.2587769e-06
   4.5258946e+03   1.2470439e-06
   4.5304676e+03   1.2354203e-06
   4.5350405e+03   1.2239050e-06
   4.5396135e+03   1.2124970e-06
   4.5441865e+03   1.2011953e-06
   4.5487595e+03   1.1899990e-06
   4.5533324e+03   1.1789071e-06
   4.5579054e+03   1.1679185e-06
   4.5624784e+03   1.1570324e-06
   4.5670514e+03   1.1462478e-06
   4.5716243e+03   1.1355636e-06
   4.5761973e+03   1.1249791e-06
   4.5807703e+03   1.1144932e-06
   4.5853432e+03   1.1041050e-06
   4.5899162e+03   1.0938137e-06
   4.5944892e+03   1.0836183e-06
   4.5990622e+03   1.0735179e-06
   4.6036351e+03   1.0635117e-06
   4.6082081e+03   1.0535988e-06
   4.6127811e+03   1.0437782e-06
   4.6173541e+03   1.0340492e-06
   4.6219270e+03   1.0244108e-06
   4.6265000e+03   1.0148623e-06
   4.6310730e+03   1.0054028e-06
   4.6356459e+03   9.9603151e-07
   4.6402189e+03   9.8674754e-07
   4.6447919e+03   9.7755010e-07
   4.6493649e+03   9.6843839e-07
   4.6539378e+03   9.5941160e-07
   4.6585108e+03   9.5046896e-07
   4.6630838e+03   9.4160967e-07
   4.6676568e+03   9.3283296e-07
   4.6722297e+03   9.2413806e-07
   4.6768027e+03   9.1552420e-07
   4.6813757e+03   9.0699063e-07
   4.6859486e+03   8.9853660e-07
   4.6905216e+03   8.9016137e-07
   4.6950946e+03   8.8186421e-07
   4.6996676e+03   8.7364438e-07
   4.7042405e+03   8.6550117e-07
   4.7088135e+03   8.5743386e-07
   4.7133865e+03   8.4944175e-07
   4.7179595e+03   8.4152413e-07
   4.7225324e+03   8.3368032e-07
   4.7271054e+03   8.2590961e-07
   4.7316784e+03   8.1821133e-07
   4.7362514e+03   8.1058481e-07
   4.7408243e+03   8.0302938e-07
   4.7453973e+03   7.9554437e-07
   4.7499703e+03   7.8812913e-07
   4.7545432e+03   7.8078300e-07
   4.7591162e+03   7.7350535e-07
   4.7636892e+03   7.6629554e-07
   4.7682622e+03   7.5915292e-07
   4.7728351e+03   7.5207688e-07
   4.7774081e+03   7.4506680e-07
   4.7819811e+03   7.3812206e-07
   4.7865541e+03   7.3124205e-07
   4.7911270e+03   7.2442616e-07
   4.7957000e+03   7.1767381e-07
   4.8002730e+03   7.1098440e-07
   4.8048459e+03   7.0435734e-07
   4.8094189e+03   6.9779205e-07
   4.8139919e+03   6.9128795e-07
   4.8185649e+03   6.8484448e-07
   4.8231378e+03   6.7846107e-07
   4.8277108e+03   6.7213715e-07
   4.8322838e+03   6.6587219e-07
   4.8368568e+03   6.5966561e-07
   4.8414297e+03   6.5351689e-07
   4.8460027e+03   6.4742549e-07
   4.8505757e+03   6.4139085e-07
   4.8551486e+03   6.3541247e-07
   4.8597216e+03   6.2948981e-07
   4.8642946e+03   6.2362236e-07
   4.8688676e+03   6.1780960e-07
   4.8734405e+03   6.1205102e-07
   4.8780135e+03   6.0634611e-07
   4.8825865e+03   6.0069438e-07
   4.8871595e+03   5.9509533e-07
   4.8917324e+03   5.8954846e-07
   4.8963054e+03   5.8405330e-07
   4.9008784e+03   5.7860936e-07
   4.9054514e+03   5.7321616e-07
   4.9100243e+03   5.6787323e-07
   4.9145973e+03   5.6258011e-07
   4.9191703e+03   5.5733632e-07
   4.9237432e+03   5.5214140e-07
   4.9283162e+03   5.4699491e-07
   4.9328892e+03   5.4189639e-07
   4.9374622e+03   5.3684539e-07
   4.9420351e+03   5.3184148e-07
   4.9466081e+03   5.2688420e-07
   4.9511811e+03   5.2197313e-07
   4.9557541e+03   5.1710784e-07
   4.9603270e+03   5.1228789e-07
   4.9649000e+03   5.0751287e-07
   4.9694730e+03   5.0278236e-07
   4.9740459e+03   4.9809595e-07
   4.9786189e+03   4.9345321e-07
   4.9831919e+03   4.8885375e-07
   4.9877649e+03   4.8429716e-07
   4.9923378e+03   4.7978304e-07
   4.9969108e+03   4.7531100e-07
   5.0014838e+03   4.7088064e-07
   5.0060568e+03   4.6649158e-07
   5.0106297e+03   4.6214343e-07
   5.0152027e+03   4.5783581e-07
   5.0197757e+03   4.5356833e-07
   5.0243486e+03   4.4934064e-07
   5.0289216e+03   4.4515235e-07
   5.0334946e+03   4.4100310e-07
   5.0380676e+03   4.3689253e-07
   5.0426405e+03   4.3282027e-07
   5.0472135e+03   4.2878596e-07
   5.0517865e+03   4.2478926e-07
   5.0563595e+03   4.2082982e-07
   5.0609324e+03   4.1690728e-07
   5.0655054e+03   4.1302130e-07
   5.0700784e+03   4.0917154e-07
   5.0746514e+03   4.0535767e-07
   5.0792243e+03   4.0157934e-07
   5.0837973e+03   3.9783623e-07
   5.0883703e+03   3.9412802e-07
   5.0929432e+03   3.9045436e-07
   5.0975162e+03   3.8681495e-07
   5.1020892e+03   3.8320946e-07
   5.1066622e+03   3.7963758e-07
   5.1112351e+03   3.7609899e-07
   5.1158081e+03   3.7259338e-07
   5.1203811e+03   3.6912045e-07
   5.1249541e+03   3.6567989e-07
   5.1295270e+03   3.6227140e-07
   5.1341000e+03   3.5889469e-07
