   4.5980000e+02   2.0843299e-04
   4.6321161e+02   2.2639285e-04
   4.6662322e+02   2.4551622e-04
   4.7003483e+02   2.6584040e-04
   4.7344645e+02   2.8740027e-04
   4.7685806e+02   3.1022799e-04
   4.8026967e+02   3.3435254e-04
   4.8368128e+02   3.5979941e-04
   4.8709289e+02   3.8659017e-04
   4.9050450e+02   4.1474212e-04
   4.9391612e+02   4.4426796e-04
   4.9732773e+02   4.7517539e-04
   5.0073934e+02   5.0746681e-04
   5.0415095e+02   5.4113904e-04
   5.0756256e+02   5.7618297e-04
   5.1097417e+02   6.1258338e-04
   5.1438579e+02   6.5031869e-04
   5.1779740e+02   6.8936078e-04
   5.2120901e+02   7.2967487e-04
   5.2462062e+02   7.7121941e-04
   5.2803223e+02   8.1394604e-04
   5.3144384e+02   8.5779958e-04
   5.3485546e+02   9.0271811e-04
   5.3826707e+02   9.4863305e-04
   5.4167868e+02   9.9546932e-04
   5.4509029e+02   1.0431456e-03
   5.4850190e+02   1.0915744e-03
   5.5191351e+02   1.1406628e-03
   5.5532513e+02   1.1903122e-03
   5.5873674e+02   1.2404195e-03
   5.6214835e+02   1.2908767e-03
   5.6555996e+02   1.3415721e-03
   5.6897157e+02   1.3923907e-03
   5.7238318e+02   1.4432144e-03
   5.7579479e+02   1.4939230e-03
   5.7920641e+02   1.5443948e-03
   5.8261802e+02   1.5945071e-03
   5.8602963e+02   1.6441370e-03
   5.8944124e+02   1.6931618e-03
   5.9285285e+02   1.7414603e-03
   5.9626446e+02   1.7889127e-03
   5.9967608e+02   1.8354020e-03
   6.0308769e+02   1.8808139e-03
   6.0649930e+02   1.9250382e-03
   6.0991091e+02   1.9679688e-03
   6.1332252e+02   2.0095045e-03
   6.1673413e+02   2.0495498e-03
   6.2014575e+02   2.0880148e-03
   6.2355736e+02   2.1248160e-03
   6.2696897e+02   2.1598770e-03
   6.3038058e+02   2.1931281e-03
   6.3379219e+02   2.2245073e-03
   6.3720380e+02   2.2539599e-03
   6.4061542e+02   2.2814392e-03
   6.4402703e+02   2.3069066e-03
   6.4743864e+02   2.3303310e-03
   6.5085025e+02   2.3516898e-03
   6.5426186e+02   2.3709678e-03
   6.5767347e+02   2.3881581e-03
   6.6108509e+02   2.4032610e-03
   6.6449670e+02   2.4162845e-03
   6.6790831e+02   2.4272438e-03
   6.7131992e+02   2.4361609e-03
   6.7473153e+02   2.4430643e-03
   6.7814314e+02   2.4479888e-03
   6.8155475e+02   2.4509750e-03
   6.8496637e+02   2.4520686e-03
   6.8837798e+02   2.4513205e-03
   6.9178959e+02   2.4487861e-03
   6.9520120e+02   2.4445245e-03
   6.9861281e+02   2.4385986e-03
   7.0202442e+02   2.4310743e-03
   7.0543604e+02   2.4220199e-03
   7.0884765e+02   2.4115061e-03
   7.1225926e+02   2.3996049e-03
   7.1567087e+02   2.3863898e-03
   7.1908248e+02   2.3719349e-03
   7.2249409e+02   2.3563147e-03
   7.2590571e+02   2.3396039e-03
   7.2931732e+02   2.3218763e-03
   7.3272893e+02   2.3032056e-03
   7.3614054e+02   2.2836639e-03
   7.3955215e+02   2.2633224e-03
   7.4296376e+02   2.2422504e-03
   7.4637538e+02   2.2205155e-03
   7.4978699e+02   2.1981834e-03
   7.5319860e+02   2.1753174e-03
   7.5661021e+02   2.1519786e-03
   7.6002182e+02   2.1282256e-03
   7.6343343e+02   2.1041143e-03
   7.6684505e+02   2.0796981e-03
   7.7025666e+02   2.0550277e-03
   7.7366827e+02   2.0301510e-03
   7.7707988e+02   2.0051133e-03
   7.8049149e+02   1.9799571e-03
   7.8390310e+02   1.9547221e-03
   7.8731471e+02   1.9294455e-03
   7.9072633e+02   1.9041620e-03
   7.9413794e+02   1.8789035e-03
   7.9754955e+02   1.8536995e-03
   8.0096116e+02   1.8285773e-03
   8.0437277e+02   1.8035617e-03
   8.0778438e+02   1.7786755e-03
   8.1119600e+02   1.7539393e-03
   8.1460761e+02   1.7293718e-03
   8.1801922e+02   1.7049896e-03
   8.2143083e+02   1.6808079e-03
   8.2484244e+02   1.6568398e-03
   8.2825405e+02   1.6330973e-03
   8.3166567e+02   1.6095906e-03
   8.3507728e+02   1.5863286e-03
   8.3848889e+02   1.5633191e-03
   8.4190050e+02   1.5405687e-03
   8.4531211e+02   1.5180827e-03
   8.4872372e+02   1.4958657e-03
   8.5213534e+02   1.4739213e-03
   8.5554695e+02   1.4522523e-03
   8.5895856e+02   1.4308607e-03
   8.6237017e+02   1.4097479e-03
   8.6578178e+02   1.3889146e-03
   8.6919339e+02   1.3683611e-03
   8.7260501e+02   1.3480871e-03
   8.7601662e+02   1.3280919e-03
   8.7942823e+02   1.3083744e-03
   8.8283984e+02   1.2889332e-03
   8.8625145e+02   1.2697666e-03
   8.8966306e+02   1.2508725e-03
   8.9307467e+02   1.2322487e-03
   8.9648629e+02   1.2138929e-03
   8.9989790e+02   1.1958025e-03
   9.0330951e+02   1.1779747e-03
   9.0672112e+02   1.1604068e-03
   9.1013273e+02   1.1430957e-03
   9.1354434e+02   1.1260384e-03
   9.1695596e+02   1.1092319e-03
   9.2036757e+02   1.0926730e-03
   9.2377918e+02   1.0763586e-03
   9.2719079e+02   1.0602854e-03
   9.3060240e+02   1.0444502e-03
   9.3401401e+02   1.0288499e-03
   9.3742563e+02   1.0134812e-03
   9.4083724e+02   9.9834081e-04
   9.4424885e+02   9.8342562e-04
   9.4766046e+02   9.6873241e-04
   9.5107207e+02   9.5425802e-04
   9.5448368e+02   9.3999930e-04
   9.5789530e+02   9.2595313e-04
   9.6130691e+02   9.1211644e-04
   9.6471852e+02   8.9848616e-04
   9.6813013e+02   8.8505928e-04
   9.7154174e+02   8.7183280e-04
   9.7495335e+02   8.5880379e-04
   9.7836496e+02   8.4596932e-04
   9.8177658e+02   8.3332652e-04
   9.8518819e+02   8.2087256e-04
   9.8859980e+02   8.0860462e-04
   9.9201141e+02   7.9651996e-04
   9.9542302e+02   7.8461583e-04
   9.9883463e+02   7.7288957e-04
   1.0022462e+03   7.6133852e-04
   1.0056579e+03   7.4996006e-04
   1.0090695e+03   7.3875164e-04
   1.0124811e+03   7.2771070e-04
   1.0158927e+03   7.1683476e-04
   1.0193043e+03   7.0612135e-04
   1.0227159e+03   6.9556804e-04
   1.0261275e+03   6.8517245e-04
   1.0295391e+03   6.7493222e-04
   1.0329508e+03   6.6484503e-04
   1.0363624e+03   6.5490859e-04
   1.0397740e+03   6.4512065e-04
   1.0431856e+03   6.3547899e-04
   1.0465972e+03   6.2598143e-04
   1.0500088e+03   6.1662582e-04
   1.0534204e+03   6.0741002e-04
   1.0568320e+03   5.9833197e-04
   1.0602436e+03   5.8938958e-04
   1.0636553e+03   5.8058085e-04
   1.0670669e+03   5.7190376e-04
   1.0704785e+03   5.6335636e-04
   1.0738901e+03   5.5493670e-04
   1.0773017e+03   5.4664288e-04
   1.0807133e+03   5.3847302e-04
   1.0841249e+03   5.3042525e-04
   1.0875365e+03   5.2249777e-04
   1.0909481e+03   5.1468876e-04
   1.0943598e+03   5.0699647e-04
   1.0977714e+03   4.9941914e-04
   1.1011830e+03   4.9195505e-04
   1.1045946e+03   4.8460253e-04
   1.1080062e+03   4.7735989e-04
   1.1114178e+03   4.7022549e-04
   1.1148294e+03   4.6319772e-04
   1.1182410e+03   4.5627499e-04
   1.1216527e+03   4.4945572e-04
   1.1250643e+03   4.4273836e-04
   1.1284759e+03   4.3612140e-04
   1.1318875e+03   4.2960334e-04
   1.1352991e+03   4.2318269e-04
   1.1387107e+03   4.1685800e-04
   1.1421223e+03   4.1062784e-04
   1.1455339e+03   4.0449079e-04
   1.1489455e+03   3.9844546e-04
   1.1523572e+03   3.9249048e-04
   1.1557688e+03   3.8662450e-04
   1.1591804e+03   3.8084620e-04
   1.1625920e+03   3.7515425e-04
   1.1660036e+03   3.6954737e-04
   1.1694152e+03   3.6402429e-04
   1.1728268e+03   3.5858375e-04
   1.1762384e+03   3.5322453e-04
   1.1796501e+03   3.4794540e-04
   1.1830617e+03   3.4274518e-04
   1.1864733e+03   3.3762267e-04
   1.1898849e+03   3.3257672e-04
   1.1932965e+03   3.2760618e-04
   1.1967081e+03   3.2270994e-04
   1.2001197e+03   3.1788687e-04
   1.2035313e+03   3.1313588e-04
   1.2069429e+03   3.0845590e-04
   1.2103546e+03   3.0384586e-04
   1.2137662e+03   2.9930472e-04
   1.2171778e+03   2.9483146e-04
   1.2205894e+03   2.9042504e-04
   1.2240010e+03   2.8608449e-04
   1.2274126e+03   2.8180881e-04
   1.2308242e+03   2.7759702e-04
   1.2342358e+03   2.7344819e-04
   1.2376474e+03   2.6936136e-04
   1.2410591e+03   2.6533561e-04
   1.2444707e+03   2.6137003e-04
   1.2478823e+03   2.5746372e-04
   1.2512939e+03   2.5361579e-04
   1.2547055e+03   2.4982537e-04
   1.2581171e+03   2.4609159e-04
   1.2615287e+03   2.4241363e-04
   1.2649403e+03   2.3879063e-04
   1.2683520e+03   2.3522177e-04
   1.2717636e+03   2.3170626e-04
   1.2751752e+03   2.2824329e-04
   1.2785868e+03   2.2483207e-04
   1.2819984e+03   2.2147184e-04
   1.2854100e+03   2.1816182e-04
   1.2888216e+03   2.1490128e-04
   1.2922332e+03   2.1168947e-04
   1.2956448e+03   2.0852566e-04
   1.2990565e+03   2.0540913e-04
   1.3024681e+03   2.0233918e-04
   1.3058797e+03   1.9931512e-04
   1.3092913e+03   1.9633625e-04
   1.3127029e+03   1.9340190e-04
   1.3161145e+03   1.9051140e-04
   1.3195261e+03   1.8766411e-04
   1.3229377e+03   1.8485937e-04
   1.3263493e+03   1.8209655e-04
   1.3297610e+03   1.7937502e-04
   1.3331726e+03   1.7669417e-04
   1.3365842e+03   1.7405338e-04
   1.3399958e+03   1.7145206e-04
   1.3434074e+03   1.6888962e-04
   1.3468190e+03   1.6636547e-04
   1.3502306e+03   1.6387905e-04
   1.3536422e+03   1.6142979e-04
   1.3570539e+03   1.5901714e-04
   1.3604655e+03   1.5664054e-04
   1.3638771e+03   1.5429947e-04
   1.3672887e+03   1.5199338e-04
   1.3707003e+03   1.4972176e-04
   1.3741119e+03   1.4748409e-04
   1.3775235e+03   1.4527986e-04
   1.3809351e+03   1.4310858e-04
   1.3843467e+03   1.4096974e-04
   1.3877584e+03   1.3886288e-04
   1.3911700e+03   1.3678750e-04
   1.3945816e+03   1.3474314e-04
   1.3979932e+03   1.3272933e-04
   1.4014048e+03   1.3074562e-04
   1.4048164e+03   1.2879156e-04
   1.4082280e+03   1.2686670e-04
   1.4116396e+03   1.2497061e-04
   1.4150513e+03   1.2310286e-04
   1.4184629e+03   1.2126302e-04
   1.4218745e+03   1.1945068e-04
   1.4252861e+03   1.1766543e-04
   1.4286977e+03   1.1590685e-04
   1.4321093e+03   1.1417457e-04
   1.4355209e+03   1.1246817e-04
   1.4389325e+03   1.1078727e-04
   1.4423441e+03   1.0913150e-04
   1.4457558e+03   1.0750047e-04
   1.4491674e+03   1.0589382e-04
   1.4525790e+03   1.0431118e-04
   1.4559906e+03   1.0275219e-04
   1.4594022e+03   1.0121651e-04
   1.4628138e+03   9.9703772e-05
   1.4662254e+03   9.8213646e-05
   1.4696370e+03   9.6745791e-05
   1.4730486e+03   9.5299874e-05
   1.4764603e+03   9.3875567e-05
   1.4798719e+03   9.2472547e-05
   1.4832835e+03   9.1090496e-05
   1.4866951e+03   8.9729101e-05
   1.4901067e+03   8.8388052e-05
   1.4935183e+03   8.7067046e-05
   1.4969299e+03   8.5765783e-05
   1.5003415e+03   8.4483968e-05
   1.5037532e+03   8.3221310e-05
   1.5071648e+03   8.1977524e-05
   1.5105764e+03   8.0752326e-05
   1.5139880e+03   7.9545440e-05
   1.5173996e+03   7.8356591e-05
   1.5208112e+03   7.7185511e-05
   1.5242228e+03   7.6031933e-05
   1.5276344e+03   7.4895595e-05
   1.5310460e+03   7.3776241e-05
   1.5344577e+03   7.2673616e-05
   1.5378693e+03   7.1587470e-05
   1.5412809e+03   7.0517558e-05
   1.5446925e+03   6.9463636e-05
   1.5481041e+03   6.8425465e-05
   1.5515157e+03   6.7402810e-05
   1.5549273e+03   6.6395440e-05
   1.5583389e+03   6.5403125e-05
   1.5617506e+03   6.4425640e-05
   1.5651622e+03   6.3462765e-05
   1.5685738e+03   6.2514281e-05
   1.5719854e+03   6.1579972e-05
   1.5753970e+03   6.0659626e-05
   1.5788086e+03   5.9753036e-05
   1.5822202e+03   5.8859996e-05
   1.5856318e+03   5.7980302e-05
   1.5890434e+03   5.7113756e-05
   1.5924551e+03   5.6260160e-05
   1.5958667e+03   5.5419322e-05
   1.5992783e+03   5.4591051e-05
   1.6026899e+03   5.3775159e-05
   1.6061015e+03   5.2971461e-05
   1.6095131e+03   5.2179775e-05
   1.6129247e+03   5.1399920e-05
   1.6163363e+03   5.0631721e-05
   1.6197479e+03   4.9875004e-05
   1.6231596e+03   4.9129595e-05
   1.6265712e+03   4.8395327e-05
   1.6299828e+03   4.7672034e-05
   1.6333944e+03   4.6959550e-05
   1.6368060e+03   4.6257715e-05
   1.6402176e+03   4.5566369e-05
   1.6436292e+03   4.4885355e-05
   1.6470408e+03   4.4214520e-05
   1.6504525e+03   4.3553711e-05
   1.6538641e+03   4.2902777e-05
   1.6572757e+03   4.2261573e-05
   1.6606873e+03   4.1629951e-05
   1.6640989e+03   4.1007769e-05
   1.6675105e+03   4.0394887e-05
   1.6709221e+03   3.9791164e-05
   1.6743337e+03   3.9196464e-05
   1.6777453e+03   3.8610652e-05
   1.6811570e+03   3.8033595e-05
   1.6845686e+03   3.7465163e-05
   1.6879802e+03   3.6905227e-05
   1.6913918e+03   3.6353658e-05
   1.6948034e+03   3.5810334e-05
   1.6982150e+03   3.5275129e-05
   1.7016266e+03   3.4747924e-05
   1.7050382e+03   3.4228598e-05
   1.7084498e+03   3.3717033e-05
   1.7118615e+03   3.3213114e-05
   1.7152731e+03   3.2716727e-05
   1.7186847e+03   3.2227758e-05
   1.7220963e+03   3.1746097e-05
   1.7255079e+03   3.1271635e-05
   1.7289195e+03   3.0804264e-05
   1.7323311e+03   3.0343878e-05
   1.7357427e+03   2.9890373e-05
   1.7391544e+03   2.9443645e-05
   1.7425660e+03   2.9003594e-05
   1.7459776e+03   2.8570120e-05
   1.7493892e+03   2.8143125e-05
   1.7528008e+03   2.7722511e-05
   1.7562124e+03   2.7308183e-05
   1.7596240e+03   2.6900048e-05
   1.7630356e+03   2.6498013e-05
   1.7664472e+03   2.6101986e-05
   1.7698589e+03   2.5711878e-05
   1.7732705e+03   2.5327600e-05
   1.7766821e+03   2.4949066e-05
   1.7800937e+03   2.4576189e-05
   1.7835053e+03   2.4208885e-05
   1.7869169e+03   2.3847070e-05
   1.7903285e+03   2.3490663e-05
   1.7937401e+03   2.3139583e-05
   1.7971518e+03   2.2793750e-05
   1.8005634e+03   2.2453085e-05
   1.8039750e+03   2.2117512e-05
   1.8073866e+03   2.1786954e-05
   1.8107982e+03   2.1461336e-05
   1.8142098e+03   2.1140585e-05
   1.8176214e+03   2.0824628e-05
   1.8210330e+03   2.0513393e-05
   1.8244446e+03   2.0206809e-05
   1.8278563e+03   1.9904808e-05
   1.8312679e+03   1.9607320e-05
   1.8346795e+03   1.9314278e-05
   1.8380911e+03   1.9025616e-05
   1.8415027e+03   1.8741268e-05
   1.8449143e+03   1.8461170e-05
   1.8483259e+03   1.8185258e-05
   1.8517375e+03   1.7913470e-05
   1.8551491e+03   1.7645744e-05
   1.8585608e+03   1.7382019e-05
   1.8619724e+03   1.7122235e-05
   1.8653840e+03   1.6866334e-05
   1.8687956e+03   1.6614258e-05
   1.8722072e+03   1.6365949e-05
   1.8756188e+03   1.6121352e-05
   1.8790304e+03   1.5880409e-05
   1.8824420e+03   1.5643068e-05
   1.8858537e+03   1.5409274e-05
   1.8892653e+03   1.5178975e-05
   1.8926769e+03   1.4952117e-05
   1.8960885e+03   1.4728650e-05
   1.8995001e+03   1.4508522e-05
   1.9029117e+03   1.4291685e-05
   1.9063233e+03   1.4078088e-05
   1.9097349e+03   1.3867683e-05
   1.9131465e+03   1.3660423e-05
   1.9165582e+03   1.3456261e-05
   1.9199698e+03   1.3255150e-05
   1.9233814e+03   1.3057045e-05
   1.9267930e+03   1.2861901e-05
   1.9302046e+03   1.2669673e-05
   1.9336162e+03   1.2480318e-05
   1.9370278e+03   1.2293793e-05
   1.9404394e+03   1.2110056e-05
   1.9438511e+03   1.1929064e-05
   1.9472627e+03   1.1750778e-05
   1.9506743e+03   1.1575157e-05
   1.9540859e+03   1.1402160e-05
   1.9574975e+03   1.1231749e-05
   1.9609091e+03   1.1063884e-05
   1.9643207e+03   1.0898529e-05
   1.9677323e+03   1.0735644e-05
   1.9711439e+03   1.0575194e-05
   1.9745556e+03   1.0417143e-05
   1.9779672e+03   1.0261453e-05
   1.9813788e+03   1.0108090e-05
   1.9847904e+03   9.9570192e-06
   1.9882020e+03   9.8082063e-06
   1.9916136e+03   9.6616175e-06
   1.9950252e+03   9.5172195e-06
   1.9984368e+03   9.3749796e-06
   2.0018484e+03   9.2348656e-06
   2.0052601e+03   9.0968457e-06
   2.0086717e+03   8.9608885e-06
   2.0120833e+03   8.8269633e-06
   2.0154949e+03   8.6950397e-06
   2.0189065e+03   8.5650877e-06
   2.0223181e+03   8.4370779e-06
   2.0257297e+03   8.3109813e-06
   2.0291413e+03   8.1867693e-06
   2.0325530e+03   8.0644137e-06
   2.0359646e+03   7.9438868e-06
   2.0393762e+03   7.8251612e-06
   2.0427878e+03   7.7082101e-06
   2.0461994e+03   7.5930068e-06
   2.0496110e+03   7.4795253e-06
   2.0530226e+03   7.3677398e-06
   2.0564342e+03   7.2576251e-06
   2.0598458e+03   7.1491560e-06
   2.0632575e+03   7.0423081e-06
   2.0666691e+03   6.9370571e-06
   2.0700807e+03   6.8333791e-06
   2.0734923e+03   6.7312506e-06
   2.0769039e+03   6.6306485e-06
   2.0803155e+03   6.5315500e-06
   2.0837271e+03   6.4339325e-06
   2.0871387e+03   6.3377740e-06
   2.0905504e+03   6.2430526e-06
   2.0939620e+03   6.1497469e-06
   2.0973736e+03   6.0578357e-06
   2.1007852e+03   5.9672981e-06
   2.1041968e+03   5.8781137e-06
   2.1076084e+03   5.7902622e-06
   2.1110200e+03   5.7037237e-06
   2.1144316e+03   5.6184785e-06
   2.1178432e+03   5.5345074e-06
   2.1212549e+03   5.4517912e-06
   2.1246665e+03   5.3703113e-06
   2.1280781e+03   5.2900492e-06
   2.1314897e+03   5.2109866e-06
   2.1349013e+03   5.1331057e-06
   2.1383129e+03   5.0563887e-06
   2.1417245e+03   4.9808183e-06
   2.1451361e+03   4.9063773e-06
   2.1485477e+03   4.8330489e-06
   2.1519594e+03   4.7608165e-06
   2.1553710e+03   4.6896635e-06
   2.1587826e+03   4.6195740e-06
   2.1621942e+03   4.5505321e-06
   2.1656058e+03   4.4825220e-06
   2.1690174e+03   4.4155283e-06
   2.1724290e+03   4.3495359e-06
   2.1758406e+03   4.2845298e-06
   2.1792523e+03   4.2204952e-06
   2.1826639e+03   4.1574177e-06
   2.1860755e+03   4.0952829e-06
   2.1894871e+03   4.0340767e-06
   2.1928987e+03   3.9737853e-06
   2.1963103e+03   3.9143950e-06
   2.1997219e+03   3.8558923e-06
   2.2031335e+03   3.7982639e-06
   2.2065451e+03   3.7414969e-06
   2.2099568e+03   3.6855782e-06
   2.2133684e+03   3.6304953e-06
   2.2167800e+03   3.5762356e-06
   2.2201916e+03   3.5227869e-06
   2.2236032e+03   3.4701370e-06
   2.2270148e+03   3.4182740e-06
   2.2304264e+03   3.3671861e-06
   2.2338380e+03   3.3168617e-06
   2.2372496e+03   3.2672894e-06
   2.2406613e+03   3.2184581e-06
   2.2440729e+03   3.1703565e-06
   2.2474845e+03   3.1229739e-06
   2.2508961e+03   3.0762994e-06
   2.2543077e+03   3.0303224e-06
   2.2577193e+03   2.9850327e-06
   2.2611309e+03   2.9404198e-06
   2.2645425e+03   2.8964737e-06
   2.2679542e+03   2.8531843e-06
   2.2713658e+03   2.8105420e-06
   2.2747774e+03   2.7685369e-06
   2.2781890e+03   2.7271597e-06
   2.2816006e+03   2.6864009e-06
   2.2850122e+03   2.6462512e-06
   2.2884238e+03   2.6067015e-06
   2.2918354e+03   2.5677430e-06
   2.2952470e+03   2.5293667e-06
   2.2986587e+03   2.4915640e-06
   2.3020703e+03   2.4543263e-06
   2.3054819e+03   2.4176451e-06
   2.3088935e+03   2.3815121e-06
   2.3123051e+03   2.3459191e-06
   2.3157167e+03   2.3108581e-06
   2.3191283e+03   2.2763211e-06
   2.3225399e+03   2.2423003e-06
   2.3259516e+03   2.2087880e-06
   2.3293632e+03   2.1757764e-06
   2.3327748e+03   2.1432583e-06
   2.3361864e+03   2.1112262e-06
   2.3395980e+03   2.0796728e-06
   2.3430096e+03   2.0485910e-06
   2.3464212e+03   2.0179737e-06
   2.3498328e+03   1.9878140e-06
   2.3532444e+03   1.9581051e-06
   2.3566561e+03   1.9288402e-06
   2.3600677e+03   1.9000127e-06
   2.3634793e+03   1.8716160e-06
   2.3668909e+03   1.8436437e-06
   2.3703025e+03   1.8160894e-06
   2.3737141e+03   1.7889470e-06
   2.3771257e+03   1.7622103e-06
   2.3805373e+03   1.7358731e-06
   2.3839489e+03   1.7099296e-06
   2.3873606e+03   1.6843738e-06
   2.3907722e+03   1.6591999e-06
   2.3941838e+03   1.6344023e-06
   2.3975954e+03   1.6099753e-06
   2.4010070e+03   1.5859133e-06
   2.4044186e+03   1.5622110e-06
   2.4078302e+03   1.5388630e-06
   2.4112418e+03   1.5158638e-06
   2.4146535e+03   1.4932085e-06
   2.4180651e+03   1.4708917e-06
   2.4214767e+03   1.4489084e-06
   2.4248883e+03   1.4272537e-06
   2.4282999e+03   1.4059227e-06
   2.4317115e+03   1.3849104e-06
   2.4351231e+03   1.3642122e-06
   2.4385347e+03   1.3438233e-06
   2.4419463e+03   1.3237392e-06
   2.4453580e+03   1.3039552e-06
   2.4487696e+03   1.2844669e-06
   2.4521812e+03   1.2652698e-06
   2.4555928e+03   1.2463597e-06
   2.4590044e+03   1.2277322e-06
   2.4624160e+03   1.2093831e-06
   2.4658276e+03   1.1913082e-06
   2.4692392e+03   1.1735035e-06
   2.4726509e+03   1.1559649e-06
   2.4760625e+03   1.1386884e-06
   2.4794741e+03   1.1216701e-06
   2.4828857e+03   1.1049061e-06
   2.4862973e+03   1.0883927e-06
   2.4897089e+03   1.0721261e-06
   2.4931205e+03   1.0561026e-06
   2.4965321e+03   1.0403186e-06
   2.4999437e+03   1.0247705e-06
   2.5033554e+03   1.0094548e-06
   2.5067670e+03   9.9436792e-07
   2.5101786e+03   9.7950657e-07
   2.5135902e+03   9.6486732e-07
   2.5170018e+03   9.5044687e-07
   2.5204134e+03   9.3624194e-07
   2.5238250e+03   9.2224931e-07
   2.5272366e+03   9.0846581e-07
   2.5306482e+03   8.9488830e-07
   2.5340599e+03   8.8151373e-07
   2.5374715e+03   8.6833904e-07
   2.5408831e+03   8.5536125e-07
   2.5442947e+03   8.4257743e-07
   2.5477063e+03   8.2998466e-07
   2.5511179e+03   8.1758010e-07
   2.5545295e+03   8.0536093e-07
   2.5579411e+03   7.9332439e-07
   2.5613528e+03   7.8146774e-07
   2.5647644e+03   7.6978829e-07
   2.5681760e+03   7.5828340e-07
   2.5715876e+03   7.4695045e-07
   2.5749992e+03   7.3578688e-07
   2.5784108e+03   7.2479016e-07
   2.5818224e+03   7.1395779e-07
   2.5852340e+03   7.0328731e-07
   2.5886456e+03   6.9277631e-07
   2.5920573e+03   6.8242240e-07
   2.5954689e+03   6.7222324e-07
   2.5988805e+03   6.6217651e-07
   2.6022921e+03   6.5227993e-07
   2.6057037e+03   6.4253126e-07
   2.6091153e+03   6.3292829e-07
   2.6125269e+03   6.2346884e-07
   2.6159385e+03   6.1415077e-07
   2.6193502e+03   6.0497196e-07
   2.6227618e+03   5.9593034e-07
   2.6261734e+03   5.8702384e-07
   2.6295850e+03   5.7825046e-07
   2.6329966e+03   5.6960820e-07
   2.6364082e+03   5.6109511e-07
   2.6398198e+03   5.5270925e-07
   2.6432314e+03   5.4444871e-07
   2.6466430e+03   5.3631164e-07
   2.6500547e+03   5.2829618e-07
   2.6534663e+03   5.2040051e-07
   2.6568779e+03   5.1262285e-07
   2.6602895e+03   5.0496143e-07
   2.6637011e+03   4.9741452e-07
   2.6671127e+03   4.8998040e-07
   2.6705243e+03   4.8265738e-07
   2.6739359e+03   4.7544381e-07
   2.6773475e+03   4.6833805e-07
   2.6807592e+03   4.6133849e-07
   2.6841708e+03   4.5444354e-07
   2.6875824e+03   4.4765164e-07
   2.6909940e+03   4.4096125e-07
   2.6944056e+03   4.3437086e-07
   2.6978172e+03   4.2787895e-07
   2.7012288e+03   4.2148408e-07
   2.7046404e+03   4.1518477e-07
   2.7080521e+03   4.0897962e-07
   2.7114637e+03   4.0286720e-07
   2.7148753e+03   3.9684614e-07
   2.7182869e+03   3.9091506e-07
   2.7216985e+03   3.8507263e-07
   2.7251101e+03   3.7931752e-07
   2.7285217e+03   3.7364842e-07
   2.7319333e+03   3.6806404e-07
   2.7353449e+03   3.6256313e-07
   2.7387566e+03   3.5714443e-07
   2.7421682e+03   3.5180672e-07
   2.7455798e+03   3.4654878e-07
   2.7489914e+03   3.4136943e-07
   2.7524030e+03   3.3626748e-07
   2.7558146e+03   3.3124179e-07
   2.7592262e+03   3.2629120e-07
   2.7626378e+03   3.2141461e-07
   2.7660494e+03   3.1661090e-07
   2.7694611e+03   3.1187898e-07
   2.7728727e+03   3.0721779e-07
   2.7762843e+03   3.0262625e-07
   2.7796959e+03   2.9810334e-07
   2.7831075e+03   2.9364803e-07
   2.7865191e+03   2.8925931e-07
   2.7899307e+03   2.8493617e-07
   2.7933423e+03   2.8067765e-07
   2.7967540e+03   2.7648278e-07
   2.8001656e+03   2.7235060e-07
   2.8035772e+03   2.6828017e-07
   2.8069888e+03   2.6427058e-07
   2.8104004e+03   2.6032092e-07
   2.8138120e+03   2.5643029e-07
   2.8172236e+03   2.5259780e-07
   2.8206352e+03   2.4882259e-07
   2.8240468e+03   2.4510381e-07
   2.8274585e+03   2.4144060e-07
   2.8308701e+03   2.3783214e-07
   2.8342817e+03   2.3427762e-07
   2.8376933e+03   2.3077621e-07
   2.8411049e+03   2.2732714e-07
   2.8445165e+03   2.2392962e-07
   2.8479281e+03   2.2058287e-07
   2.8513397e+03   2.1728614e-07
   2.8547514e+03   2.1403869e-07
   2.8581630e+03   2.1083977e-07
   2.8615746e+03   2.0768865e-07
   2.8649862e+03   2.0458464e-07
   2.8683978e+03   2.0152701e-07
   2.8718094e+03   1.9851508e-07
   2.8752210e+03   1.9554817e-07
   2.8786326e+03   1.9262560e-07
   2.8820442e+03   1.8974671e-07
   2.8854559e+03   1.8691084e-07
   2.8888675e+03   1.8411736e-07
   2.8922791e+03   1.8136563e-07
   2.8956907e+03   1.7865503e-07
   2.8991023e+03   1.7598493e-07
   2.9025139e+03   1.7335474e-07
   2.9059255e+03   1.7076387e-07
   2.9093371e+03   1.6821171e-07
   2.9127487e+03   1.6569770e-07
   2.9161604e+03   1.6322126e-07
   2.9195720e+03   1.6078183e-07
   2.9229836e+03   1.5837886e-07
   2.9263952e+03   1.5601180e-07
   2.9298068e+03   1.5368013e-07
   2.9332184e+03   1.5138329e-07
   2.9366300e+03   1.4912079e-07
   2.9400416e+03   1.4689210e-07
   2.9434533e+03   1.4469672e-07
   2.9468649e+03   1.4253415e-07
   2.9502765e+03   1.4040391e-07
   2.9536881e+03   1.3830549e-07
   2.9570997e+03   1.3623845e-07
   2.9605113e+03   1.3420229e-07
   2.9639229e+03   1.3219657e-07
   2.9673345e+03   1.3022082e-07
   2.9707461e+03   1.2827460e-07
   2.9741578e+03   1.2635747e-07
   2.9775694e+03   1.2446899e-07
   2.9809810e+03   1.2260873e-07
   2.9843926e+03   1.2077628e-07
   2.9878042e+03   1.1897122e-07
   2.9912158e+03   1.1719313e-07
   2.9946274e+03   1.1544162e-07
   2.9980390e+03   1.1371628e-07
   3.0014507e+03   1.1201673e-07
   3.0048623e+03   1.1034258e-07
   3.0082739e+03   1.0869345e-07
   3.0116855e+03   1.0706897e-07
   3.0150971e+03   1.0546877e-07
   3.0185087e+03   1.0389248e-07
   3.0219203e+03   1.0233975e-07
   3.0253319e+03   1.0081023e-07
   3.0287435e+03   9.9303570e-08
   3.0321552e+03   9.7819426e-08
   3.0355668e+03   9.6357463e-08
   3.0389784e+03   9.4917350e-08
   3.0423900e+03   9.3498760e-08
   3.0458016e+03   9.2101372e-08
   3.0492132e+03   9.0724868e-08
   3.0526248e+03   8.9368937e-08
   3.0560364e+03   8.8033271e-08
   3.0594480e+03   8.6717567e-08
   3.0628597e+03   8.5421527e-08
   3.0662713e+03   8.4144857e-08
   3.0696829e+03   8.2887268e-08
   3.0730945e+03   8.1648474e-08
   3.0765061e+03   8.0428194e-08
   3.0799177e+03   7.9226152e-08
   3.0833293e+03   7.8042076e-08
   3.0867409e+03   7.6875696e-08
   3.0901526e+03   7.5726748e-08
   3.0935642e+03   7.4594972e-08
   3.0969758e+03   7.3480110e-08
   3.1003874e+03   7.2381911e-08
   3.1037990e+03   7.1300125e-08
   3.1072106e+03   7.0234507e-08
   3.1106222e+03   6.9184815e-08
   3.1140338e+03   6.8150812e-08
   3.1174454e+03   6.7132262e-08
   3.1208571e+03   6.6128935e-08
   3.1242687e+03   6.5140603e-08
   3.1276803e+03   6.4167042e-08
   3.1310919e+03   6.3208032e-08
   3.1345035e+03   6.2263354e-08
   3.1379151e+03   6.1332796e-08
   3.1413267e+03   6.0416145e-08
   3.1447383e+03   5.9513193e-08
   3.1481499e+03   5.8623737e-08
   3.1515616e+03   5.7747575e-08
   3.1549732e+03   5.6884507e-08
   3.1583848e+03   5.6034337e-08
   3.1617964e+03   5.5196875e-08
   3.1652080e+03   5.4371928e-08
   3.1686196e+03   5.3559311e-08
   3.1720312e+03   5.2758839e-08
   3.1754428e+03   5.1970330e-08
   3.1788545e+03   5.1193606e-08
   3.1822661e+03   5.0428491e-08
   3.1856777e+03   4.9674810e-08
   3.1890893e+03   4.8932394e-08
   3.1925009e+03   4.8201073e-08
   3.1959125e+03   4.7480683e-08
   3.1993241e+03   4.6771059e-08
   3.2027357e+03   4.6072041e-08
   3.2061473e+03   4.5383470e-08
   3.2095590e+03   4.4705190e-08
   3.2129706e+03   4.4037047e-08
   3.2163822e+03   4.3378890e-08
   3.2197938e+03   4.2730570e-08
   3.2232054e+03   4.2091939e-08
   3.2266170e+03   4.1462853e-08
   3.2300286e+03   4.0843168e-08
   3.2334402e+03   4.0232746e-08
   3.2368519e+03   3.9631446e-08
   3.2402635e+03   3.9039133e-08
   3.2436751e+03   3.8455673e-08
   3.2470867e+03   3.7880932e-08
   3.2504983e+03   3.7314782e-08
   3.2539099e+03   3.6757093e-08
   3.2573215e+03   3.6207738e-08
   3.2607331e+03   3.5666595e-08
   3.2641447e+03   3.5133538e-08
   3.2675564e+03   3.4608449e-08
   3.2709680e+03   3.4091208e-08
   3.2743796e+03   3.3581697e-08
   3.2777912e+03   3.3079800e-08
   3.2812028e+03   3.2585405e-08
   3.2846144e+03   3.2098399e-08
   3.2880260e+03   3.1618672e-08
   3.2914376e+03   3.1146114e-08
   3.2948492e+03   3.0680619e-08
   3.2982609e+03   3.0222081e-08
   3.3016725e+03   2.9770396e-08
   3.3050841e+03   2.9325461e-08
   3.3084957e+03   2.8887177e-08
   3.3119073e+03   2.8455443e-08
   3.3153189e+03   2.8030161e-08
   3.3187305e+03   2.7611236e-08
   3.3221421e+03   2.7198571e-08
   3.3255538e+03   2.6792074e-08
   3.3289654e+03   2.6391652e-08
   3.3323770e+03   2.5997215e-08
   3.3357886e+03   2.5608673e-08
   3.3392002e+03   2.5225938e-08
   3.3426118e+03   2.4848923e-08
   3.3460234e+03   2.4477543e-08
   3.3494350e+03   2.4111713e-08
   3.3528466e+03   2.3751350e-08
   3.3562583e+03   2.3396374e-08
   3.3596699e+03   2.3046703e-08
   3.3630815e+03   2.2702258e-08
   3.3664931e+03   2.2362960e-08
   3.3699047e+03   2.2028734e-08
   3.3733163e+03   2.1699503e-08
   3.3767279e+03   2.1375193e-08
   3.3801395e+03   2.1055729e-08
   3.3835512e+03   2.0741040e-08
   3.3869628e+03   2.0431054e-08
   3.3903744e+03   2.0125701e-08
   3.3937860e+03   1.9824912e-08
   3.3971976e+03   1.9528618e-08
   3.4006092e+03   1.9236753e-08
   3.4040208e+03   1.8949249e-08
   3.4074324e+03   1.8666043e-08
   3.4108440e+03   1.8387069e-08
   3.4142557e+03   1.8112264e-08
   3.4176673e+03   1.7841567e-08
   3.4210789e+03   1.7574915e-08
   3.4244905e+03   1.7312249e-08
   3.4279021e+03   1.7053508e-08
   3.4313137e+03   1.6798635e-08
   3.4347253e+03   1.6547570e-08
   3.4381369e+03   1.6300258e-08
   3.4415485e+03   1.6056642e-08
   3.4449602e+03   1.5816667e-08
   3.4483718e+03   1.5580279e-08
   3.4517834e+03   1.5347423e-08
   3.4551950e+03   1.5118048e-08
   3.4586066e+03   1.4892101e-08
   3.4620182e+03   1.4669530e-08
   3.4654298e+03   1.4450286e-08
   3.4688414e+03   1.4234319e-08
   3.4722531e+03   1.4021580e-08
   3.4756647e+03   1.3812020e-08
   3.4790763e+03   1.3605592e-08
   3.4824879e+03   1.3402249e-08
   3.4858995e+03   1.3201945e-08
   3.4893111e+03   1.3004635e-08
   3.4927227e+03   1.2810274e-08
   3.4961343e+03   1.2618818e-08
   3.4995459e+03   1.2430223e-08
   3.5029576e+03   1.2244447e-08
   3.5063692e+03   1.2061447e-08
   3.5097808e+03   1.1881182e-08
   3.5131924e+03   1.1703612e-08
   3.5166040e+03   1.1528695e-08
   3.5200156e+03   1.1356393e-08
   3.5234272e+03   1.1186665e-08
   3.5268388e+03   1.1019475e-08
   3.5302505e+03   1.0854783e-08
   3.5336621e+03   1.0692552e-08
   3.5370737e+03   1.0532747e-08
   3.5404853e+03   1.0375329e-08
   3.5438969e+03   1.0220264e-08
   3.5473085e+03   1.0067517e-08
   3.5507201e+03   9.9170527e-09
   3.5541317e+03   9.7688371e-09
   3.5575433e+03   9.6228367e-09
   3.5609550e+03   9.4790183e-09
   3.5643666e+03   9.3373494e-09
   3.5677782e+03   9.1977978e-09
   3.5711898e+03   9.0603318e-09
   3.5746014e+03   8.9249204e-09
   3.5780130e+03   8.7915327e-09
   3.5814246e+03   8.6601386e-09
   3.5848362e+03   8.5307083e-09
   3.5882478e+03   8.4032123e-09
   3.5916595e+03   8.2776219e-09
   3.5950711e+03   8.1539084e-09
   3.5984827e+03   8.0320440e-09
   3.6018943e+03   7.9120008e-09
   3.6053059e+03   7.7937518e-09
   3.6087175e+03   7.6772701e-09
   3.6121291e+03   7.5625292e-09
   3.6155407e+03   7.4495032e-09
   3.6189524e+03   7.3381664e-09
   3.6223640e+03   7.2284937e-09
   3.6257756e+03   7.1204600e-09
   3.6291872e+03   7.0140410e-09
   3.6325988e+03   6.9092124e-09
   3.6360104e+03   6.8059506e-09
   3.6394220e+03   6.7042321e-09
   3.6428336e+03   6.6040338e-09
   3.6462452e+03   6.5053330e-09
   3.6496569e+03   6.4081074e-09
   3.6530685e+03   6.3123348e-09
   3.6564801e+03   6.2179936e-09
   3.6598917e+03   6.1250624e-09
   3.6633033e+03   6.0335201e-09
   3.6667149e+03   5.9433460e-09
   3.6701265e+03   5.8545195e-09
   3.6735381e+03   5.7670207e-09
   3.6769497e+03   5.6808295e-09
   3.6803614e+03   5.5959265e-09
   3.6837730e+03   5.5122924e-09
   3.6871846e+03   5.4299083e-09
   3.6905962e+03   5.3487554e-09
   3.6940078e+03   5.2688155e-09
   3.6974194e+03   5.1900702e-09
   3.7008310e+03   5.1125019e-09
   3.7042426e+03   5.0360928e-09
   3.7076543e+03   4.9608258e-09
   3.7110659e+03   4.8866836e-09
   3.7144775e+03   4.8136495e-09
   3.7178891e+03   4.7417070e-09
   3.7213007e+03   4.6708397e-09
   3.7247123e+03   4.6010315e-09
   3.7281239e+03   4.5322667e-09
   3.7315355e+03   4.4645296e-09
   3.7349471e+03   4.3978048e-09
   3.7383588e+03   4.3320773e-09
   3.7417704e+03   4.2673321e-09
   3.7451820e+03   4.2035546e-09
   3.7485936e+03   4.1407302e-09
   3.7520052e+03   4.0788448e-09
   3.7554168e+03   4.0178843e-09
   3.7588284e+03   3.9578349e-09
   3.7622400e+03   3.8986830e-09
   3.7656517e+03   3.8404151e-09
   3.7690633e+03   3.7830181e-09
   3.7724749e+03   3.7264789e-09
   3.7758865e+03   3.6707847e-09
   3.7792981e+03   3.6159229e-09
   3.7827097e+03   3.5618810e-09
   3.7861213e+03   3.5086468e-09
   3.7895329e+03   3.4562082e-09
   3.7929445e+03   3.4045534e-09
   3.7963562e+03   3.3536705e-09
   3.7997678e+03   3.3035481e-09
   3.8031794e+03   3.2541749e-09
   3.8065910e+03   3.2055395e-09
   3.8100026e+03   3.1576310e-09
   3.8134142e+03   3.1104385e-09
   3.8168258e+03   3.0639514e-09
   3.8202374e+03   3.0181590e-09
   3.8236490e+03   2.9730510e-09
   3.8270607e+03   2.9286172e-09
   3.8304723e+03   2.8848475e-09
   3.8338839e+03   2.8417319e-09
   3.8372955e+03   2.7992607e-09
   3.8407071e+03   2.7574243e-09
   3.8441187e+03   2.7162131e-09
   3.8475303e+03   2.6756179e-09
   3.8509419e+03   2.6356294e-09
   3.8543536e+03   2.5962385e-09
   3.8577652e+03   2.5574363e-09
   3.8611768e+03   2.5192141e-09
   3.8645884e+03   2.4815631e-09
   3.8680000e+03   2.4444749e-09
