   4.1089500e+02   7.4232317e-05
   4.1315752e+02   8.0278140e-05
   4.1542004e+02   8.6738984e-05
   4.1768255e+02   9.3636381e-05
   4.1994507e+02   1.0099240e-04
   4.2220759e+02   1.0882961e-04
   4.2447011e+02   1.1717105e-04
   4.2673262e+02   1.2604017e-04
   4.2899514e+02   1.3546079e-04
   4.3125766e+02   1.4545705e-04
   4.3352018e+02   1.5605335e-04
   4.3578269e+02   1.6727429e-04
   4.3804521e+02   1.7914456e-04
   4.4030773e+02   1.9168893e-04
   4.4257025e+02   2.0493213e-04
   4.4483276e+02   2.1889879e-04
   4.4709528e+02   2.3361332e-04
   4.4935780e+02   2.4909985e-04
   4.5162032e+02   2.6538210e-04
   4.5388283e+02   2.8248331e-04
   4.5614535e+02   3.0042613e-04
   4.5840787e+02   3.1923248e-04
   4.6067039e+02   3.3892348e-04
   4.6293290e+02   3.5951932e-04
   4.6519542e+02   3.8103914e-04
   4.6745794e+02   4.0350089e-04
   4.6972046e+02   4.2692127e-04
   4.7198297e+02   4.5131556e-04
   4.7424549e+02   4.7669752e-04
   4.7650801e+02   5.0307925e-04
   4.7877053e+02   5.3047112e-04
   4.8103304e+02   5.5888160e-04
   4.8329556e+02   5.8831718e-04
   4.8555808e+02   6.1878226e-04
   4.8782060e+02   6.5027901e-04
   4.9008311e+02   6.8280731e-04
   4.9234563e+02   7.1636465e-04
   4.9460815e+02   7.5094601e-04
   4.9687067e+02   7.8654381e-04
   4.9913318e+02   8.2314780e-04
   5.0139570e+02   8.6074505e-04
   5.0365822e+02   8.9931981e-04
   5.0592074e+02   9.3885355e-04
   5.0818325e+02   9.7932485e-04
   5.1044577e+02   1.0207094e-03
   5.1270829e+02   1.0629800e-03
   5.1497081e+02   1.1061066e-03
   5.1723332e+02   1.1500561e-03
   5.1949584e+02   1.1947926e-03
   5.2175836e+02   1.2402773e-03
   5.2402088e+02   1.2864687e-03
   5.2628339e+02   1.3333224e-03
   5.2854591e+02   1.3807913e-03
   5.3080843e+02   1.4288259e-03
   5.3307095e+02   1.4773740e-03
   5.3533346e+02   1.5263810e-03
   5.3759598e+02   1.5757900e-03
   5.3985850e+02   1.6255421e-03
   5.4212102e+02   1.6755763e-03
   5.4438353e+02   1.7258295e-03
   5.4664605e+02   1.7762373e-03
   5.4890857e+02   1.8267334e-03
   5.5117109e+02   1.8772504e-03
   5.5343360e+02   1.9277197e-03
   5.5569612e+02   1.9780717e-03
   5.5795864e+02   2.0282360e-03
   5.6022116e+02   2.0781416e-03
   5.6248367e+02   2.1277173e-03
   5.6474619e+02   2.1768918e-03
   5.6700871e+02   2.2255937e-03
   5.6927123e+02   2.2737520e-03
   5.7153374e+02   2.3212965e-03
   5.7379626e+02   2.3681572e-03
   5.7605878e+02   2.4142657e-03
   5.7832130e+02   2.4595543e-03
   5.8058381e+02   2.5039570e-03
   5.8284633e+02   2.5474093e-03
   5.8510885e+02   2.5898484e-03
   5.8737137e+02   2.6312137e-03
   5.8963388e+02   2.6714467e-03
   5.9189640e+02   2.7104912e-03
   5.9415892e+02   2.7482936e-03
   5.9642144e+02   2.7848030e-03
   5.9868395e+02   2.8199712e-03
   6.0094647e+02   2.8537532e-03
   6.0320899e+02   2.8861068e-03
   6.0547151e+02   2.9169932e-03
   6.0773402e+02   2.9463767e-03
   6.0999654e+02   2.9742252e-03
   6.1225906e+02   3.0005097e-03
   6.1452158e+02   3.0252050e-03
   6.1678409e+02   3.0482892e-03
   6.1904661e+02   3.0697441e-03
   6.2130913e+02   3.0895548e-03
   6.2357165e+02   3.1077103e-03
   6.2583416e+02   3.1242029e-03
   6.2809668e+02   3.1390283e-03
   6.3035920e+02   3.1521859e-03
   6.3262172e+02   3.1636783e-03
   6.3488423e+02   3.1735115e-03
   6.3714675e+02   3.1816948e-03
   6.3940927e+02   3.1882405e-03
   6.4167179e+02   3.1931642e-03
   6.4393430e+02   3.1964842e-03
   6.4619682e+02   3.1982216e-03
   6.4845934e+02   3.1984005e-03
   6.5072186e+02   3.1970472e-03
   6.5298437e+02   3.1941907e-03
   6.5524689e+02   3.1898621e-03
   6.5750941e+02   3.1840947e-03
   6.5977193e+02   3.1769237e-03
   6.6203444e+02   3.1683863e-03
   6.6429696e+02   3.1585211e-03
   6.6655948e+02   3.1473683e-03
   6.6882200e+02   3.1349696e-03
   6.7108451e+02   3.1213676e-03
   6.7334703e+02   3.1066060e-03
   6.7560955e+02   3.0907295e-03
   6.7787207e+02   3.0737835e-03
   6.8013458e+02   3.0558136e-03
   6.8239710e+02   3.0368663e-03
   6.8465962e+02   3.0169880e-03
   6.8692214e+02   2.9962255e-03
   6.8918465e+02   2.9746253e-03
   6.9144717e+02   2.9522339e-03
   6.9370969e+02   2.9290977e-03
   6.9597221e+02   2.9052624e-03
   6.9823472e+02   2.8807735e-03
   7.0049724e+02   2.8556758e-03
   7.0275976e+02   2.8300135e-03
   7.0502228e+02   2.8038298e-03
   7.0728479e+02   2.7771673e-03
   7.0954731e+02   2.7500675e-03
   7.1180983e+02   2.7225711e-03
   7.1407235e+02   2.6947176e-03
   7.1633486e+02   2.6665455e-03
   7.1859738e+02   2.6380919e-03
   7.2085990e+02   2.6093930e-03
   7.2312242e+02   2.5804836e-03
   7.2538493e+02   2.5513973e-03
   7.2764745e+02   2.5221666e-03
   7.2990997e+02   2.4928223e-03
   7.3217249e+02   2.4633942e-03
   7.3443501e+02   2.4339108e-03
   7.3669752e+02   2.4043991e-03
   7.3896004e+02   2.3748851e-03
   7.4122256e+02   2.3453931e-03
   7.4348508e+02   2.3159466e-03
   7.4574759e+02   2.2865673e-03
   7.4801011e+02   2.2572761e-03
   7.5027263e+02   2.2280926e-03
   7.5253515e+02   2.1990349e-03
   7.5479766e+02   2.1701203e-03
   7.5706018e+02   2.1413648e-03
   7.5932270e+02   2.1127832e-03
   7.6158522e+02   2.0843895e-03
   7.6384773e+02   2.0561965e-03
   7.6611025e+02   2.0282159e-03
   7.6837277e+02   2.0004586e-03
   7.7063529e+02   1.9729346e-03
   7.7289780e+02   1.9456528e-03
   7.7516032e+02   1.9186214e-03
   7.7742284e+02   1.8918479e-03
   7.7968536e+02   1.8653389e-03
   7.8194787e+02   1.8391001e-03
   7.8421039e+02   1.8131368e-03
   7.8647291e+02   1.7874536e-03
   7.8873543e+02   1.7620542e-03
   7.9099794e+02   1.7369421e-03
   7.9326046e+02   1.7121200e-03
   7.9552298e+02   1.6875900e-03
   7.9778550e+02   1.6633541e-03
   8.0004801e+02   1.6394134e-03
   8.0231053e+02   1.6157688e-03
   8.0457305e+02   1.5924209e-03
   8.0683557e+02   1.5693697e-03
   8.0909808e+02   1.5466150e-03
   8.1136060e+02   1.5241563e-03
   8.1362312e+02   1.5019927e-03
   8.1588564e+02   1.4801232e-03
   8.1814815e+02   1.4585463e-03
   8.2041067e+02   1.4372606e-03
   8.2267319e+02   1.4162643e-03
   8.2493571e+02   1.3955554e-03
   8.2719822e+02   1.3751318e-03
   8.2946074e+02   1.3549912e-03
   8.3172326e+02   1.3351312e-03
   8.3398578e+02   1.3155494e-03
   8.3624829e+02   1.2962430e-03
   8.3851081e+02   1.2772094e-03
   8.4077333e+02   1.2584458e-03
   8.4303585e+02   1.2399493e-03
   8.4529836e+02   1.2217169e-03
   8.4756088e+02   1.2037457e-03
   8.4982340e+02   1.1860326e-03
   8.5208592e+02   1.1685747e-03
   8.5434843e+02   1.1513687e-03
   8.5661095e+02   1.1344116e-03
   8.5887347e+02   1.1177002e-03
   8.6113599e+02   1.1012315e-03
   8.6339850e+02   1.0850023e-03
   8.6566102e+02   1.0690094e-03
   8.6792354e+02   1.0532497e-03
   8.7018606e+02   1.0377202e-03
   8.7244857e+02   1.0224176e-03
   8.7471109e+02   1.0073390e-03
   8.7697361e+02   9.9248113e-04
   8.7923613e+02   9.7784106e-04
   8.8149864e+02   9.6341573e-04
   8.8376116e+02   9.4920212e-04
   8.8602368e+02   9.3519727e-04
   8.8828620e+02   9.2139821e-04
   8.9054871e+02   9.0780202e-04
   8.9281123e+02   8.9440581e-04
   8.9507375e+02   8.8120671e-04
   8.9733627e+02   8.6820190e-04
   8.9959878e+02   8.5538857e-04
   9.0186130e+02   8.4276397e-04
   9.0412382e+02   8.3032535e-04
   9.0638634e+02   8.1807003e-04
   9.0864885e+02   8.0599533e-04
   9.1091137e+02   7.9409863e-04
   9.1317389e+02   7.8237733e-04
   9.1543641e+02   7.7082888e-04
   9.1769892e+02   7.5945074e-04
   9.1996144e+02   7.4824043e-04
   9.2222396e+02   7.3719548e-04
   9.2448648e+02   7.2631347e-04
   9.2674899e+02   7.1559201e-04
   9.2901151e+02   7.0502874e-04
   9.3127403e+02   6.9462134e-04
   9.3353655e+02   6.8436752e-04
   9.3579906e+02   6.7426502e-04
   9.3806158e+02   6.6431160e-04
   9.4032410e+02   6.5450508e-04
   9.4258662e+02   6.4484330e-04
   9.4484913e+02   6.3532412e-04
   9.4711165e+02   6.2594543e-04
   9.4937417e+02   6.1670518e-04
   9.5163669e+02   6.0760132e-04
   9.5389920e+02   5.9863183e-04
   9.5616172e+02   5.8979474e-04
   9.5842424e+02   5.8108810e-04
   9.6068676e+02   5.7250997e-04
   9.6294927e+02   5.6405848e-04
   9.6521179e+02   5.5573173e-04
   9.6747431e+02   5.4752791e-04
   9.6973683e+02   5.3944518e-04
   9.7199934e+02   5.3148177e-04
   9.7426186e+02   5.2363591e-04
   9.7652438e+02   5.1590588e-04
   9.7878690e+02   5.0828995e-04
   9.8104941e+02   5.0078645e-04
   9.8331193e+02   4.9339372e-04
   9.8557445e+02   4.8611012e-04
   9.8783697e+02   4.7893404e-04
   9.9009948e+02   4.7186389e-04
   9.9236200e+02   4.6489812e-04
   9.9462452e+02   4.5803517e-04
   9.9688704e+02   4.5127354e-04
   9.9914955e+02   4.4461172e-04
   1.0014121e+03   4.3804825e-04
   1.0036746e+03   4.3158167e-04
   1.0059371e+03   4.2521055e-04
   1.0081996e+03   4.1893348e-04
   1.0104621e+03   4.1274907e-04
   1.0127247e+03   4.0665596e-04
   1.0149872e+03   4.0065280e-04
   1.0172497e+03   3.9473825e-04
   1.0195122e+03   3.8891102e-04
   1.0217747e+03   3.8316982e-04
   1.0240372e+03   3.7751336e-04
   1.0262998e+03   3.7194041e-04
   1.0285623e+03   3.6644973e-04
   1.0308248e+03   3.6104010e-04
   1.0330873e+03   3.5571033e-04
   1.0353498e+03   3.5045924e-04
   1.0376124e+03   3.4528567e-04
   1.0398749e+03   3.4018847e-04
   1.0421374e+03   3.3516652e-04
   1.0443999e+03   3.3021870e-04
   1.0466624e+03   3.2534393e-04
   1.0489249e+03   3.2054111e-04
   1.0511875e+03   3.1580920e-04
   1.0534500e+03   3.1114714e-04
   1.0557125e+03   3.0655390e-04
   1.0579750e+03   3.0202847e-04
   1.0602375e+03   2.9756985e-04
   1.0625000e+03   2.9317704e-04
   1.0647626e+03   2.8884909e-04
   1.0670251e+03   2.8458502e-04
   1.0692876e+03   2.8038390e-04
   1.0715501e+03   2.7624480e-04
   1.0738126e+03   2.7216680e-04
   1.0760752e+03   2.6814900e-04
   1.0783377e+03   2.6419052e-04
   1.0806002e+03   2.6029047e-04
   1.0828627e+03   2.5644799e-04
   1.0851252e+03   2.5266224e-04
   1.0873877e+03   2.4893237e-04
   1.0896503e+03   2.4525756e-04
   1.0919128e+03   2.4163701e-04
   1.0941753e+03   2.3806990e-04
   1.0964378e+03   2.3455545e-04
   1.0987003e+03   2.3109288e-04
   1.1009628e+03   2.2768142e-04
   1.1032254e+03   2.2432033e-04
   1.1054879e+03   2.2100885e-04
   1.1077504e+03   2.1774626e-04
   1.1100129e+03   2.1453183e-04
   1.1122754e+03   2.1136486e-04
   1.1145379e+03   2.0824463e-04
   1.1168005e+03   2.0517047e-04
   1.1190630e+03   2.0214169e-04
   1.1213255e+03   1.9915762e-04
   1.1235880e+03   1.9621760e-04
   1.1258505e+03   1.9332099e-04
   1.1281131e+03   1.9046713e-04
   1.1303756e+03   1.8765540e-04
   1.1326381e+03   1.8488519e-04
   1.1349006e+03   1.8215586e-04
   1.1371631e+03   1.7946683e-04
   1.1394256e+03   1.7681749e-04
   1.1416882e+03   1.7420726e-04
   1.1439507e+03   1.7163557e-04
   1.1462132e+03   1.6910184e-04
   1.1484757e+03   1.6660552e-04
   1.1507382e+03   1.6414604e-04
   1.1530007e+03   1.6172287e-04
   1.1552633e+03   1.5933548e-04
   1.1575258e+03   1.5698332e-04
   1.1597883e+03   1.5466590e-04
   1.1620508e+03   1.5238268e-04
   1.1643133e+03   1.5013316e-04
   1.1665759e+03   1.4791686e-04
   1.1688384e+03   1.4573327e-04
   1.1711009e+03   1.4358192e-04
   1.1733634e+03   1.4146232e-04
   1.1756259e+03   1.3937402e-04
   1.1778884e+03   1.3731654e-04
   1.1801510e+03   1.3528944e-04
   1.1824135e+03   1.3329226e-04
   1.1846760e+03   1.3132456e-04
   1.1869385e+03   1.2938592e-04
   1.1892010e+03   1.2747589e-04
   1.1914635e+03   1.2559405e-04
   1.1937261e+03   1.2374000e-04
   1.1959886e+03   1.2191332e-04
   1.1982511e+03   1.2011360e-04
   1.2005136e+03   1.1834045e-04
   1.2027761e+03   1.1659348e-04
   1.2050386e+03   1.1487230e-04
   1.2073012e+03   1.1317652e-04
   1.2095637e+03   1.1150578e-04
   1.2118262e+03   1.0985970e-04
   1.2140887e+03   1.0823792e-04
   1.2163512e+03   1.0664009e-04
   1.2186138e+03   1.0506584e-04
   1.2208763e+03   1.0351483e-04
   1.2231388e+03   1.0198671e-04
   1.2254013e+03   1.0048116e-04
   1.2276638e+03   9.8997830e-05
   1.2299263e+03   9.7536397e-05
   1.2321889e+03   9.6096539e-05
   1.2344514e+03   9.4677937e-05
   1.2367139e+03   9.3280276e-05
   1.2389764e+03   9.1903248e-05
   1.2412389e+03   9.0546548e-05
   1.2435014e+03   8.9209875e-05
   1.2457640e+03   8.7892936e-05
   1.2480265e+03   8.6595437e-05
   1.2502890e+03   8.5317092e-05
   1.2525515e+03   8.4057618e-05
   1.2548140e+03   8.2816738e-05
   1.2570766e+03   8.1594175e-05
   1.2593391e+03   8.0389660e-05
   1.2616016e+03   7.9202927e-05
   1.2638641e+03   7.8033712e-05
   1.2661266e+03   7.6881758e-05
   1.2683891e+03   7.5746809e-05
   1.2706517e+03   7.4628614e-05
   1.2729142e+03   7.3526927e-05
   1.2751767e+03   7.2441503e-05
   1.2774392e+03   7.1372102e-05
   1.2797017e+03   7.0318488e-05
   1.2819642e+03   6.9280428e-05
   1.2842268e+03   6.8257692e-05
   1.2864893e+03   6.7250054e-05
   1.2887518e+03   6.6257291e-05
   1.2910143e+03   6.5279183e-05
   1.2932768e+03   6.4315515e-05
   1.2955393e+03   6.3366072e-05
   1.2978019e+03   6.2430645e-05
   1.3000644e+03   6.1509028e-05
   1.3023269e+03   6.0601015e-05
   1.3045894e+03   5.9706407e-05
   1.3068519e+03   5.8825005e-05
   1.3091145e+03   5.7956615e-05
   1.3113770e+03   5.7101044e-05
   1.3136395e+03   5.6258103e-05
   1.3159020e+03   5.5427606e-05
   1.3181645e+03   5.4609369e-05
   1.3204270e+03   5.3803211e-05
   1.3226896e+03   5.3008954e-05
   1.3249521e+03   5.2226422e-05
   1.3272146e+03   5.1455441e-05
   1.3294771e+03   5.0695842e-05
   1.3317396e+03   4.9947457e-05
   1.3340021e+03   4.9210119e-05
   1.3362647e+03   4.8483666e-05
   1.3385272e+03   4.7767938e-05
   1.3407897e+03   4.7062775e-05
   1.3430522e+03   4.6368022e-05
   1.3453147e+03   4.5683525e-05
   1.3475773e+03   4.5009132e-05
   1.3498398e+03   4.4344696e-05
   1.3521023e+03   4.3690067e-05
   1.3543648e+03   4.3045103e-05
   1.3566273e+03   4.2409660e-05
   1.3588898e+03   4.1783597e-05
   1.3611524e+03   4.1166777e-05
   1.3634149e+03   4.0559062e-05
   1.3656774e+03   3.9960318e-05
   1.3679399e+03   3.9370413e-05
   1.3702024e+03   3.8789217e-05
   1.3724649e+03   3.8216600e-05
   1.3747275e+03   3.7652437e-05
   1.3769900e+03   3.7096601e-05
   1.3792525e+03   3.6548972e-05
   1.3815150e+03   3.6009426e-05
   1.3837775e+03   3.5477845e-05
   1.3860401e+03   3.4954112e-05
   1.3883026e+03   3.4438110e-05
   1.3905651e+03   3.3929726e-05
   1.3928276e+03   3.3428846e-05
   1.3950901e+03   3.2935360e-05
   1.3973526e+03   3.2449160e-05
   1.3996152e+03   3.1970137e-05
   1.4018777e+03   3.1498185e-05
   1.4041402e+03   3.1033201e-05
   1.4064027e+03   3.0575080e-05
   1.4086652e+03   3.0123723e-05
   1.4109277e+03   2.9679028e-05
   1.4131903e+03   2.9240899e-05
   1.4154528e+03   2.8809237e-05
   1.4177153e+03   2.8383947e-05
   1.4199778e+03   2.7964936e-05
   1.4222403e+03   2.7552110e-05
   1.4245028e+03   2.7145379e-05
   1.4267654e+03   2.6744651e-05
   1.4290279e+03   2.6349840e-05
   1.4312904e+03   2.5960856e-05
   1.4335529e+03   2.5577615e-05
   1.4358154e+03   2.5200032e-05
   1.4380780e+03   2.4828022e-05
   1.4403405e+03   2.4461504e-05
   1.4426030e+03   2.4100397e-05
   1.4448655e+03   2.3744621e-05
   1.4471280e+03   2.3394096e-05
   1.4493905e+03   2.3048747e-05
   1.4516531e+03   2.2708495e-05
   1.4539156e+03   2.2373266e-05
   1.4561781e+03   2.2042986e-05
   1.4584406e+03   2.1717582e-05
   1.4607031e+03   2.1396981e-05
   1.4629656e+03   2.1081113e-05
   1.4652282e+03   2.0769908e-05
   1.4674907e+03   2.0463297e-05
   1.4697532e+03   2.0161212e-05
   1.4720157e+03   1.9863587e-05
   1.4742782e+03   1.9570356e-05
   1.4765408e+03   1.9281453e-05
   1.4788033e+03   1.8996815e-05
   1.4810658e+03   1.8716379e-05
   1.4833283e+03   1.8440083e-05
   1.4855908e+03   1.8167865e-05
   1.4878533e+03   1.7899667e-05
   1.4901159e+03   1.7635427e-05
   1.4923784e+03   1.7375088e-05
   1.4946409e+03   1.7118593e-05
   1.4969034e+03   1.6865883e-05
   1.4991659e+03   1.6616905e-05
   1.5014284e+03   1.6371602e-05
   1.5036910e+03   1.6129920e-05
   1.5059535e+03   1.5891805e-05
   1.5082160e+03   1.5657206e-05
   1.5104785e+03   1.5426071e-05
   1.5127410e+03   1.5198347e-05
   1.5150035e+03   1.4973985e-05
   1.5172661e+03   1.4752935e-05
   1.5195286e+03   1.4535148e-05
   1.5217911e+03   1.4320576e-05
   1.5240536e+03   1.4109172e-05
   1.5263161e+03   1.3900889e-05
   1.5285787e+03   1.3695680e-05
   1.5308412e+03   1.3493501e-05
   1.5331037e+03   1.3294306e-05
   1.5353662e+03   1.3098052e-05
   1.5376287e+03   1.2904695e-05
   1.5398912e+03   1.2714193e-05
   1.5421538e+03   1.2526503e-05
   1.5444163e+03   1.2341583e-05
   1.5466788e+03   1.2159393e-05
   1.5489413e+03   1.1979893e-05
   1.5512038e+03   1.1803043e-05
   1.5534663e+03   1.1628803e-05
   1.5557289e+03   1.1457136e-05
   1.5579914e+03   1.1288002e-05
   1.5602539e+03   1.1121366e-05
   1.5625164e+03   1.0957189e-05
   1.5647789e+03   1.0795436e-05
   1.5670415e+03   1.0636071e-05
   1.5693040e+03   1.0479059e-05
   1.5715665e+03   1.0324364e-05
   1.5738290e+03   1.0171953e-05
   1.5760915e+03   1.0021792e-05
   1.5783540e+03   9.8738478e-06
   1.5806166e+03   9.7280874e-06
   1.5828791e+03   9.5844788e-06
   1.5851416e+03   9.4429902e-06
   1.5874041e+03   9.3035903e-06
   1.5896666e+03   9.1662482e-06
   1.5919291e+03   9.0309336e-06
   1.5941917e+03   8.8976166e-06
   1.5964542e+03   8.7662676e-06
   1.5987167e+03   8.6368577e-06
   1.6009792e+03   8.5093581e-06
   1.6032417e+03   8.3837407e-06
   1.6055042e+03   8.2599777e-06
   1.6077668e+03   8.1380417e-06
   1.6100293e+03   8.0179058e-06
   1.6122918e+03   7.8995433e-06
   1.6145543e+03   7.7829282e-06
   1.6168168e+03   7.6680345e-06
   1.6190794e+03   7.5548370e-06
   1.6213419e+03   7.4433105e-06
   1.6236044e+03   7.3334303e-06
   1.6258669e+03   7.2251723e-06
   1.6281294e+03   7.1185124e-06
   1.6303919e+03   7.0134270e-06
   1.6326545e+03   6.9098929e-06
   1.6349170e+03   6.8078873e-06
   1.6371795e+03   6.7073874e-06
   1.6394420e+03   6.6083712e-06
   1.6417045e+03   6.5108167e-06
   1.6439670e+03   6.4147023e-06
   1.6462296e+03   6.3200067e-06
   1.6484921e+03   6.2267091e-06
   1.6507546e+03   6.1347888e-06
   1.6530171e+03   6.0442254e-06
   1.6552796e+03   5.9549990e-06
   1.6575422e+03   5.8670897e-06
   1.6598047e+03   5.7804782e-06
   1.6620672e+03   5.6951452e-06
   1.6643297e+03   5.6110720e-06
   1.6665922e+03   5.5282398e-06
   1.6688547e+03   5.4466305e-06
   1.6711173e+03   5.3662259e-06
   1.6733798e+03   5.2870082e-06
   1.6756423e+03   5.2089600e-06
   1.6779048e+03   5.1320640e-06
   1.6801673e+03   5.0563031e-06
   1.6824298e+03   4.9816606e-06
   1.6846924e+03   4.9081200e-06
   1.6869549e+03   4.8356650e-06
   1.6892174e+03   4.7642797e-06
   1.6914799e+03   4.6939481e-06
   1.6937424e+03   4.6246548e-06
   1.6960049e+03   4.5563844e-06
   1.6982675e+03   4.4891219e-06
   1.7005300e+03   4.4228523e-06
   1.7027925e+03   4.3575609e-06
   1.7050550e+03   4.2932335e-06
   1.7073175e+03   4.2298556e-06
   1.7095801e+03   4.1674134e-06
   1.7118426e+03   4.1058929e-06
   1.7141051e+03   4.0452806e-06
   1.7163676e+03   3.9855631e-06
   1.7186301e+03   3.9267272e-06
   1.7208926e+03   3.8687598e-06
   1.7231552e+03   3.8116481e-06
   1.7254177e+03   3.7553796e-06
   1.7276802e+03   3.6999417e-06
   1.7299427e+03   3.6453222e-06
   1.7322052e+03   3.5915089e-06
   1.7344677e+03   3.5384901e-06
   1.7367303e+03   3.4862540e-06
   1.7389928e+03   3.4347890e-06
   1.7412553e+03   3.3840837e-06
   1.7435178e+03   3.3341270e-06
   1.7457803e+03   3.2849077e-06
   1.7480429e+03   3.2364151e-06
   1.7503054e+03   3.1886382e-06
   1.7525679e+03   3.1415667e-06
   1.7548304e+03   3.0951901e-06
   1.7570929e+03   3.0494981e-06
   1.7593554e+03   3.0044806e-06
   1.7616180e+03   2.9601276e-06
   1.7638805e+03   2.9164294e-06
   1.7661430e+03   2.8733763e-06
   1.7684055e+03   2.8309588e-06
   1.7706680e+03   2.7891674e-06
   1.7729305e+03   2.7479930e-06
   1.7751931e+03   2.7074264e-06
   1.7774556e+03   2.6674586e-06
   1.7797181e+03   2.6280809e-06
   1.7819806e+03   2.5892845e-06
   1.7842431e+03   2.5510608e-06
   1.7865057e+03   2.5134013e-06
   1.7887682e+03   2.4762979e-06
   1.7910307e+03   2.4397421e-06
   1.7932932e+03   2.4037260e-06
   1.7955557e+03   2.3682415e-06
   1.7978182e+03   2.3332809e-06
   1.8000808e+03   2.2988364e-06
   1.8023433e+03   2.2649004e-06
   1.8046058e+03   2.2314653e-06
   1.8068683e+03   2.1985238e-06
   1.8091308e+03   2.1660686e-06
   1.8113933e+03   2.1340926e-06
   1.8136559e+03   2.1025885e-06
   1.8159184e+03   2.0715496e-06
   1.8181809e+03   2.0409688e-06
   1.8204434e+03   2.0108395e-06
   1.8227059e+03   1.9811549e-06
   1.8249684e+03   1.9519086e-06
   1.8272310e+03   1.9230940e-06
   1.8294935e+03   1.8947048e-06
   1.8317560e+03   1.8667346e-06
   1.8340185e+03   1.8391774e-06
   1.8362810e+03   1.8120270e-06
   1.8385436e+03   1.7852774e-06
   1.8408061e+03   1.7589226e-06
   1.8430686e+03   1.7329569e-06
   1.8453311e+03   1.7073746e-06
   1.8475936e+03   1.6821699e-06
   1.8498561e+03   1.6573372e-06
   1.8521187e+03   1.6328712e-06
   1.8543812e+03   1.6087663e-06
   1.8566437e+03   1.5850173e-06
   1.8589062e+03   1.5616188e-06
   1.8611687e+03   1.5385658e-06
   1.8634312e+03   1.5158531e-06
   1.8656938e+03   1.4934756e-06
   1.8679563e+03   1.4714286e-06
   1.8702188e+03   1.4497069e-06
   1.8724813e+03   1.4283060e-06
   1.8747438e+03   1.4072209e-06
   1.8770064e+03   1.3864472e-06
   1.8792689e+03   1.3659801e-06
   1.8815314e+03   1.3458151e-06
   1.8837939e+03   1.3259478e-06
   1.8860564e+03   1.3063738e-06
   1.8883189e+03   1.2870888e-06
   1.8905815e+03   1.2680885e-06
   1.8928440e+03   1.2493686e-06
   1.8951065e+03   1.2309251e-06
   1.8973690e+03   1.2127539e-06
   1.8996315e+03   1.1948509e-06
   1.9018940e+03   1.1772122e-06
   1.9041566e+03   1.1598338e-06
   1.9064191e+03   1.1427121e-06
   1.9086816e+03   1.1258430e-06
   1.9109441e+03   1.1092230e-06
   1.9132066e+03   1.0928484e-06
   1.9154691e+03   1.0767155e-06
   1.9177317e+03   1.0608207e-06
   1.9199942e+03   1.0451606e-06
   1.9222567e+03   1.0297317e-06
   1.9245192e+03   1.0145305e-06
   1.9267817e+03   9.9955373e-07
   1.9290443e+03   9.8479806e-07
   1.9313068e+03   9.7026021e-07
   1.9335693e+03   9.5593697e-07
   1.9358318e+03   9.4182517e-07
   1.9380943e+03   9.2792170e-07
   1.9403568e+03   9.1422347e-07
   1.9426194e+03   9.0072746e-07
   1.9448819e+03   8.8743069e-07
   1.9471444e+03   8.7433020e-07
   1.9494069e+03   8.6142311e-07
   1.9516694e+03   8.4870655e-07
   1.9539319e+03   8.3617772e-07
   1.9561945e+03   8.2383384e-07
   1.9584570e+03   8.1167219e-07
   1.9607195e+03   7.9969007e-07
   1.9629820e+03   7.8788483e-07
   1.9652445e+03   7.7625387e-07
   1.9675071e+03   7.6479460e-07
   1.9697696e+03   7.5350450e-07
   1.9720321e+03   7.4238107e-07
   1.9742946e+03   7.3142184e-07
   1.9765571e+03   7.2062440e-07
   1.9788196e+03   7.0998635e-07
   1.9810822e+03   6.9950534e-07
   1.9833447e+03   6.8917906e-07
   1.9856072e+03   6.7900522e-07
   1.9878697e+03   6.6898156e-07
   1.9901322e+03   6.5910588e-07
   1.9923947e+03   6.4937598e-07
   1.9946573e+03   6.3978972e-07
   1.9969198e+03   6.3034498e-07
   1.9991823e+03   6.2103966e-07
   2.0014448e+03   6.1187171e-07
   2.0037073e+03   6.0283909e-07
   2.0059698e+03   5.9393982e-07
   2.0082324e+03   5.8517193e-07
   2.0104949e+03   5.7653346e-07
   2.0127574e+03   5.6802252e-07
   2.0150199e+03   5.5963722e-07
   2.0172824e+03   5.5137571e-07
   2.0195450e+03   5.4323616e-07
   2.0218075e+03   5.3521676e-07
   2.0240700e+03   5.2731575e-07
   2.0263325e+03   5.1953137e-07
   2.0285950e+03   5.1186191e-07
   2.0308575e+03   5.0430567e-07
   2.0331201e+03   4.9686098e-07
   2.0353826e+03   4.8952619e-07
   2.0376451e+03   4.8229967e-07
   2.0399076e+03   4.7517983e-07
   2.0421701e+03   4.6816510e-07
   2.0444326e+03   4.6125393e-07
   2.0466952e+03   4.5444477e-07
   2.0489577e+03   4.4773614e-07
   2.0512202e+03   4.4112654e-07
   2.0534827e+03   4.3461451e-07
   2.0557452e+03   4.2819862e-07
   2.0580078e+03   4.2187744e-07
   2.0602703e+03   4.1564957e-07
   2.0625328e+03   4.0951364e-07
   2.0647953e+03   4.0346829e-07
   2.0670578e+03   3.9751219e-07
   2.0693203e+03   3.9164401e-07
   2.0715829e+03   3.8586245e-07
   2.0738454e+03   3.8016625e-07
   2.0761079e+03   3.7455413e-07
   2.0783704e+03   3.6902487e-07
   2.0806329e+03   3.6357722e-07
   2.0828954e+03   3.5821000e-07
   2.0851580e+03   3.5292201e-07
   2.0874205e+03   3.4771208e-07
   2.0896830e+03   3.4257906e-07
   2.0919455e+03   3.3752182e-07
   2.0942080e+03   3.3253923e-07
   2.0964706e+03   3.2763020e-07
   2.0987331e+03   3.2279364e-07
   2.1009956e+03   3.1802847e-07
   2.1032581e+03   3.1333365e-07
   2.1055206e+03   3.0870814e-07
   2.1077831e+03   3.0415091e-07
   2.1100457e+03   2.9966095e-07
   2.1123082e+03   2.9523728e-07
   2.1145707e+03   2.9087891e-07
   2.1168332e+03   2.8658487e-07
   2.1190957e+03   2.8235423e-07
   2.1213582e+03   2.7818604e-07
   2.1236208e+03   2.7407939e-07
   2.1258833e+03   2.7003336e-07
   2.1281458e+03   2.6604705e-07
   2.1304083e+03   2.6211959e-07
   2.1326708e+03   2.5825012e-07
   2.1349333e+03   2.5443776e-07
   2.1371959e+03   2.5068168e-07
   2.1394584e+03   2.4698105e-07
   2.1417209e+03   2.4333505e-07
   2.1439834e+03   2.3974288e-07
   2.1462459e+03   2.3620373e-07
   2.1485085e+03   2.3271683e-07
   2.1507710e+03   2.2928140e-07
   2.1530335e+03   2.2589669e-07
   2.1552960e+03   2.2256194e-07
   2.1575585e+03   2.1927642e-07
   2.1598210e+03   2.1603940e-07
   2.1620836e+03   2.1285017e-07
   2.1643461e+03   2.0970802e-07
   2.1666086e+03   2.0661226e-07
   2.1688711e+03   2.0356219e-07
   2.1711336e+03   2.0055715e-07
   2.1733961e+03   1.9759647e-07
   2.1756587e+03   1.9467950e-07
   2.1779212e+03   1.9180559e-07
   2.1801837e+03   1.8897411e-07
   2.1824462e+03   1.8618442e-07
   2.1847087e+03   1.8343592e-07
   2.1869713e+03   1.8072799e-07
   2.1892338e+03   1.7806003e-07
   2.1914963e+03   1.7543146e-07
   2.1937588e+03   1.7284170e-07
   2.1960213e+03   1.7029016e-07
   2.1982838e+03   1.6777630e-07
   2.2005464e+03   1.6529954e-07
   2.2028089e+03   1.6285934e-07
   2.2050714e+03   1.6045517e-07
   2.2073339e+03   1.5808649e-07
   2.2095964e+03   1.5575277e-07
   2.2118589e+03   1.5345351e-07
   2.2141215e+03   1.5118819e-07
   2.2163840e+03   1.4895631e-07
   2.2186465e+03   1.4675737e-07
   2.2209090e+03   1.4459090e-07
   2.2231715e+03   1.4245641e-07
   2.2254340e+03   1.4035344e-07
   2.2276966e+03   1.3828150e-07
   2.2299591e+03   1.3624015e-07
   2.2322216e+03   1.3422894e-07
   2.2344841e+03   1.3224742e-07
   2.2367466e+03   1.3029514e-07
   2.2390092e+03   1.2837169e-07
   2.2412717e+03   1.2647664e-07
   2.2435342e+03   1.2460955e-07
   2.2457967e+03   1.2277004e-07
   2.2480592e+03   1.2095767e-07
   2.2503217e+03   1.1917206e-07
   2.2525843e+03   1.1741281e-07
   2.2548468e+03   1.1567953e-07
   2.2571093e+03   1.1397184e-07
   2.2593718e+03   1.1228936e-07
   2.2616343e+03   1.1063171e-07
   2.2638968e+03   1.0899854e-07
   2.2661594e+03   1.0738947e-07
   2.2684219e+03   1.0580416e-07
   2.2706844e+03   1.0424225e-07
   2.2729469e+03   1.0270340e-07
   2.2752094e+03   1.0118727e-07
   2.2774720e+03   9.9693513e-08
   2.2797345e+03   9.8221811e-08
   2.2819970e+03   9.6771835e-08
   2.2842595e+03   9.5343263e-08
   2.2865220e+03   9.3935781e-08
   2.2887845e+03   9.2549076e-08
   2.2910471e+03   9.1182842e-08
   2.2933096e+03   8.9836776e-08
   2.2955721e+03   8.8510582e-08
   2.2978346e+03   8.7203965e-08
   2.3000971e+03   8.5916637e-08
   2.3023596e+03   8.4648313e-08
   2.3046222e+03   8.3398712e-08
   2.3068847e+03   8.2167559e-08
   2.3091472e+03   8.0954579e-08
   2.3114097e+03   7.9759506e-08
   2.3136722e+03   7.8582075e-08
   2.3159347e+03   7.7422026e-08
   2.3181973e+03   7.6279101e-08
   2.3204598e+03   7.5153049e-08
   2.3227223e+03   7.4043620e-08
   2.3249848e+03   7.2950568e-08
   2.3272473e+03   7.1873653e-08
   2.3295099e+03   7.0812635e-08
   2.3317724e+03   6.9767280e-08
   2.3340349e+03   6.8737357e-08
   2.3362974e+03   6.7722638e-08
   2.3385599e+03   6.6722898e-08
   2.3408224e+03   6.5737917e-08
   2.3430850e+03   6.4767477e-08
   2.3453475e+03   6.3811362e-08
   2.3476100e+03   6.2869362e-08
   2.3498725e+03   6.1941268e-08
   2.3521350e+03   6.1026874e-08
   2.3543975e+03   6.0125979e-08
   2.3566601e+03   5.9238384e-08
   2.3589226e+03   5.8363891e-08
   2.3611851e+03   5.7502308e-08
   2.3634476e+03   5.6653443e-08
   2.3657101e+03   5.5817110e-08
   2.3679727e+03   5.4993123e-08
   2.3702352e+03   5.4181300e-08
   2.3724977e+03   5.3381461e-08
   2.3747602e+03   5.2593430e-08
   2.3770227e+03   5.1817032e-08
   2.3792852e+03   5.1052095e-08
   2.3815478e+03   5.0298451e-08
   2.3838103e+03   4.9555932e-08
   2.3860728e+03   4.8824374e-08
   2.3883353e+03   4.8103615e-08
   2.3905978e+03   4.7393497e-08
   2.3928603e+03   4.6693862e-08
   2.3951229e+03   4.6004555e-08
   2.3973854e+03   4.5325423e-08
   2.3996479e+03   4.4656317e-08
   2.4019104e+03   4.3997089e-08
   2.4041729e+03   4.3347592e-08
   2.4064355e+03   4.2707684e-08
   2.4086980e+03   4.2077221e-08
   2.4109605e+03   4.1456066e-08
   2.4132230e+03   4.0844081e-08
   2.4154855e+03   4.0241130e-08
   2.4177480e+03   3.9647080e-08
   2.4200106e+03   3.9061799e-08
   2.4222731e+03   3.8485158e-08
   2.4245356e+03   3.7917030e-08
   2.4267981e+03   3.7357289e-08
   2.4290606e+03   3.6805811e-08
   2.4313231e+03   3.6262474e-08
   2.4335857e+03   3.5727157e-08
   2.4358482e+03   3.5199744e-08
   2.4381107e+03   3.4680116e-08
   2.4403732e+03   3.4168159e-08
   2.4426357e+03   3.3663759e-08
   2.4448982e+03   3.3166806e-08
   2.4471608e+03   3.2677189e-08
   2.4494233e+03   3.2194799e-08
   2.4516858e+03   3.1719531e-08
   2.4539483e+03   3.1251279e-08
   2.4562108e+03   3.0789939e-08
   2.4584734e+03   3.0335410e-08
   2.4607359e+03   2.9887591e-08
   2.4629984e+03   2.9446382e-08
   2.4652609e+03   2.9011687e-08
   2.4675234e+03   2.8583409e-08
   2.4697859e+03   2.8161453e-08
   2.4720485e+03   2.7745726e-08
   2.4743110e+03   2.7336136e-08
   2.4765735e+03   2.6932593e-08
   2.4788360e+03   2.6535007e-08
   2.4810985e+03   2.6143290e-08
   2.4833610e+03   2.5757356e-08
   2.4856236e+03   2.5377119e-08
   2.4878861e+03   2.5002495e-08
   2.4901486e+03   2.4633402e-08
   2.4924111e+03   2.4269757e-08
   2.4946736e+03   2.3911480e-08
   2.4969362e+03   2.3558493e-08
   2.4991987e+03   2.3210716e-08
   2.5014612e+03   2.2868073e-08
   2.5037237e+03   2.2530489e-08
   2.5059862e+03   2.2197888e-08
   2.5082487e+03   2.1870197e-08
   2.5105113e+03   2.1547343e-08
   2.5127738e+03   2.1229255e-08
   2.5150363e+03   2.0915863e-08
   2.5172988e+03   2.0607098e-08
   2.5195613e+03   2.0302891e-08
   2.5218238e+03   2.0003174e-08
   2.5240864e+03   1.9707882e-08
   2.5263489e+03   1.9416949e-08
   2.5286114e+03   1.9130311e-08
   2.5308739e+03   1.8847904e-08
   2.5331364e+03   1.8569666e-08
   2.5353989e+03   1.8295536e-08
   2.5376615e+03   1.8025452e-08
   2.5399240e+03   1.7759356e-08
   2.5421865e+03   1.7497187e-08
   2.5444490e+03   1.7238889e-08
   2.5467115e+03   1.6984404e-08
   2.5489741e+03   1.6733676e-08
   2.5512366e+03   1.6486649e-08
   2.5534991e+03   1.6243269e-08
   2.5557616e+03   1.6003481e-08
   2.5580241e+03   1.5767234e-08
   2.5602866e+03   1.5534474e-08
   2.5625492e+03   1.5305150e-08
   2.5648117e+03   1.5079211e-08
   2.5670742e+03   1.4856608e-08
   2.5693367e+03   1.4637290e-08
   2.5715992e+03   1.4421211e-08
   2.5738617e+03   1.4208321e-08
   2.5761243e+03   1.3998574e-08
   2.5783868e+03   1.3791923e-08
   2.5806493e+03   1.3588323e-08
   2.5829118e+03   1.3387729e-08
   2.5851743e+03   1.3190096e-08
   2.5874369e+03   1.2995380e-08
   2.5896994e+03   1.2803539e-08
   2.5919619e+03   1.2614530e-08
   2.5942244e+03   1.2428311e-08
   2.5964869e+03   1.2244841e-08
   2.5987494e+03   1.2064079e-08
   2.6010120e+03   1.1885986e-08
   2.6032745e+03   1.1710522e-08
   2.6055370e+03   1.1537648e-08
   2.6077995e+03   1.1367326e-08
   2.6100620e+03   1.1199519e-08
   2.6123245e+03   1.1034188e-08
   2.6145871e+03   1.0871299e-08
   2.6168496e+03   1.0710814e-08
   2.6191121e+03   1.0552698e-08
   2.6213746e+03   1.0396916e-08
   2.6236371e+03   1.0243434e-08
   2.6258996e+03   1.0092218e-08
   2.6281622e+03   9.9432339e-09
   2.6304247e+03   9.7964492e-09
   2.6326872e+03   9.6518314e-09
   2.6349497e+03   9.5093486e-09
   2.6372122e+03   9.3689690e-09
   2.6394748e+03   9.2306618e-09
   2.6417373e+03   9.0943964e-09
   2.6439998e+03   8.9601425e-09
   2.6462623e+03   8.8278705e-09
   2.6485248e+03   8.6975511e-09
   2.6507873e+03   8.5691555e-09
   2.6530499e+03   8.4426554e-09
   2.6553124e+03   8.3180227e-09
   2.6575749e+03   8.1952298e-09
   2.6598374e+03   8.0742497e-09
   2.6620999e+03   7.9550555e-09
   2.6643624e+03   7.8376208e-09
   2.6666250e+03   7.7219198e-09
   2.6688875e+03   7.6079268e-09
   2.6711500e+03   7.4956165e-09
