   4.5031500e+02   4.3113470e-05
   4.5204594e+02   4.6306976e-05
   4.5377688e+02   4.9702633e-05
   4.5550782e+02   5.3310441e-05
   4.5723876e+02   5.7140687e-05
   4.5896970e+02   6.1203935e-05
   4.6070065e+02   6.5511015e-05
   4.6243159e+02   7.0073020e-05
   4.6416253e+02   7.4901286e-05
   4.6589347e+02   8.0007386e-05
   4.6762441e+02   8.5403110e-05
   4.6935535e+02   9.1100452e-05
   4.7108629e+02   9.7111592e-05
   4.7281723e+02   1.0344887e-04
   4.7454817e+02   1.1012479e-04
   4.7627911e+02   1.1715194e-04
   4.7801006e+02   1.2454305e-04
   4.7974100e+02   1.3231088e-04
   4.8147194e+02   1.4046826e-04
   4.8320288e+02   1.4902802e-04
   4.8493382e+02   1.5800298e-04
   4.8666476e+02   1.6740590e-04
   4.8839570e+02   1.7724947e-04
   4.9012664e+02   1.8754623e-04
   4.9185758e+02   1.9830859e-04
   4.9358852e+02   2.0954875e-04
   4.9531946e+02   2.2127868e-04
   4.9705041e+02   2.3351006e-04
   4.9878135e+02   2.4625427e-04
   5.0051229e+02   2.5952232e-04
   5.0224323e+02   2.7332479e-04
   5.0397417e+02   2.8767184e-04
   5.0570511e+02   3.0257313e-04
   5.0743605e+02   3.1803776e-04
   5.0916699e+02   3.3407427e-04
   5.1089793e+02   3.5069055e-04
   5.1262887e+02   3.6789383e-04
   5.1435981e+02   3.8569059e-04
   5.1609076e+02   4.0408657e-04
   5.1782170e+02   4.2308670e-04
   5.1955264e+02   4.4269504e-04
   5.2128358e+02   4.6291478e-04
   5.2301452e+02   4.8374815e-04
   5.2474546e+02   5.0519643e-04
   5.2647640e+02   5.2725988e-04
   5.2820734e+02   5.4993772e-04
   5.2993828e+02   5.7322809e-04
   5.3166922e+02   5.9712802e-04
   5.3340017e+02   6.2163341e-04
   5.3513111e+02   6.4673900e-04
   5.3686205e+02   6.7243835e-04
   5.3859299e+02   6.9872380e-04
   5.4032393e+02   7.2558650e-04
   5.4205487e+02   7.5301635e-04
   5.4378581e+02   7.8100202e-04
   5.4551675e+02   8.0953092e-04
   5.4724769e+02   8.3858925e-04
   5.4897863e+02   8.6816192e-04
   5.5070957e+02   8.9823264e-04
   5.5244052e+02   9.2878387e-04
   5.5417146e+02   9.5979687e-04
   5.5590240e+02   9.9125171e-04
   5.5763334e+02   1.0231273e-03
   5.5936428e+02   1.0554013e-03
   5.6109522e+02   1.0880504e-03
   5.6282616e+02   1.1210502e-03
   5.6455710e+02   1.1543752e-03
   5.6628804e+02   1.1879988e-03
   5.6801898e+02   1.2218937e-03
   5.6974992e+02   1.2560316e-03
   5.7148087e+02   1.2903831e-03
   5.7321181e+02   1.3249184e-03
   5.7494275e+02   1.3596068e-03
   5.7667369e+02   1.3944169e-03
   5.7840463e+02   1.4293167e-03
   5.8013557e+02   1.4642738e-03
   5.8186651e+02   1.4992551e-03
   5.8359745e+02   1.5342274e-03
   5.8532839e+02   1.5691569e-03
   5.8705933e+02   1.6040098e-03
   5.8879028e+02   1.6387519e-03
   5.9052122e+02   1.6733493e-03
   5.9225216e+02   1.7077677e-03
   5.9398310e+02   1.7419731e-03
   5.9571404e+02   1.7759316e-03
   5.9744498e+02   1.8096095e-03
   5.9917592e+02   1.8429734e-03
   6.0090686e+02   1.8759905e-03
   6.0263780e+02   1.9086283e-03
   6.0436874e+02   1.9408548e-03
   6.0609968e+02   1.9726386e-03
   6.0783063e+02   2.0039493e-03
   6.0956157e+02   2.0347569e-03
   6.1129251e+02   2.0650324e-03
   6.1302345e+02   2.0947477e-03
   6.1475439e+02   2.1238756e-03
   6.1648533e+02   2.1523899e-03
   6.1821627e+02   2.1802656e-03
   6.1994721e+02   2.2074787e-03
   6.2167815e+02   2.2340063e-03
   6.2340909e+02   2.2598268e-03
   6.2514004e+02   2.2849200e-03
   6.2687098e+02   2.3092666e-03
   6.2860192e+02   2.3328491e-03
   6.3033286e+02   2.3556509e-03
   6.3206380e+02   2.3776570e-03
   6.3379474e+02   2.3988537e-03
   6.3552568e+02   2.4192288e-03
   6.3725662e+02   2.4387714e-03
   6.3898756e+02   2.4574720e-03
   6.4071850e+02   2.4753226e-03
   6.4244944e+02   2.4923165e-03
   6.4418039e+02   2.5084485e-03
   6.4591133e+02   2.5237146e-03
   6.4764227e+02   2.5381125e-03
   6.4937321e+02   2.5516410e-03
   6.5110415e+02   2.5643002e-03
   6.5283509e+02   2.5760916e-03
   6.5456603e+02   2.5870180e-03
   6.5629697e+02   2.5970833e-03
   6.5802791e+02   2.6062928e-03
   6.5975885e+02   2.6146528e-03
   6.6148979e+02   2.6221708e-03
   6.6322074e+02   2.6288553e-03
   6.6495168e+02   2.6347159e-03
   6.6668262e+02   2.6397632e-03
   6.6841356e+02   2.6440086e-03
   6.7014450e+02   2.6474646e-03
   6.7187544e+02   2.6501443e-03
   6.7360638e+02   2.6520618e-03
   6.7533732e+02   2.6532318e-03
   6.7706826e+02   2.6536696e-03
   6.7879920e+02   2.6533913e-03
   6.8053015e+02   2.6524135e-03
   6.8226109e+02   2.6507533e-03
   6.8399203e+02   2.6484282e-03
   6.8572297e+02   2.6454562e-03
   6.8745391e+02   2.6418555e-03
   6.8918485e+02   2.6376448e-03
   6.9091579e+02   2.6328429e-03
   6.9264673e+02   2.6274689e-03
   6.9437767e+02   2.6215420e-03
   6.9610861e+02   2.6150816e-03
   6.9783955e+02   2.6081069e-03
   6.9957050e+02   2.6006373e-03
   7.0130144e+02   2.5926923e-03
   7.0303238e+02   2.5842912e-03
   7.0476332e+02   2.5754530e-03
   7.0649426e+02   2.5661970e-03
   7.0822520e+02   2.5565419e-03
   7.0995614e+02   2.5465064e-03
   7.1168708e+02   2.5361091e-03
   7.1341802e+02   2.5253679e-03
   7.1514896e+02   2.5143010e-03
   7.1687990e+02   2.5029257e-03
   7.1861085e+02   2.4912594e-03
   7.2034179e+02   2.4793189e-03
   7.2207273e+02   2.4671208e-03
   7.2380367e+02   2.4546811e-03
   7.2553461e+02   2.4420155e-03
   7.2726555e+02   2.4291394e-03
   7.2899649e+02   2.4160677e-03
   7.3072743e+02   2.4028146e-03
   7.3245837e+02   2.3893944e-03
   7.3418931e+02   2.3758204e-03
   7.3592026e+02   2.3621058e-03
   7.3765120e+02   2.3482632e-03
   7.3938214e+02   2.3343048e-03
   7.4111308e+02   2.3202423e-03
   7.4284402e+02   2.3060870e-03
   7.4457496e+02   2.2918498e-03
   7.4630590e+02   2.2775410e-03
   7.4803684e+02   2.2631705e-03
   7.4976778e+02   2.2487479e-03
   7.5149872e+02   2.2342823e-03
   7.5322966e+02   2.2197822e-03
   7.5496061e+02   2.2052560e-03
   7.5669155e+02   2.1907115e-03
   7.5842249e+02   2.1761561e-03
   7.6015343e+02   2.1615970e-03
   7.6188437e+02   2.1470407e-03
   7.6361531e+02   2.1324936e-03
   7.6534625e+02   2.1179618e-03
   7.6707719e+02   2.1034507e-03
   7.6880813e+02   2.0889658e-03
   7.7053907e+02   2.0745121e-03
   7.7227002e+02   2.0600940e-03
   7.7400096e+02   2.0457162e-03
   7.7573190e+02   2.0313826e-03
   7.7746284e+02   2.0170971e-03
   7.7919378e+02   2.0028633e-03
   7.8092472e+02   1.9886844e-03
   7.8265566e+02   1.9745636e-03
   7.8438660e+02   1.9605036e-03
   7.8611754e+02   1.9465072e-03
   7.8784848e+02   1.9325766e-03
   7.8957942e+02   1.9187143e-03
   7.9131037e+02   1.9049221e-03
   7.9304131e+02   1.8912020e-03
   7.9477225e+02   1.8775556e-03
   7.9650319e+02   1.8639845e-03
   7.9823413e+02   1.8504900e-03
   7.9996507e+02   1.8370735e-03
   8.0169601e+02   1.8237360e-03
   8.0342695e+02   1.8104785e-03
   8.0515789e+02   1.7973019e-03
   8.0688883e+02   1.7842069e-03
   8.0861977e+02   1.7711942e-03
   8.1035072e+02   1.7582644e-03
   8.1208166e+02   1.7454180e-03
   8.1381260e+02   1.7326552e-03
   8.1554354e+02   1.7199765e-03
   8.1727448e+02   1.7073821e-03
   8.1900542e+02   1.6948721e-03
   8.2073636e+02   1.6824467e-03
   8.2246730e+02   1.6701058e-03
   8.2419824e+02   1.6578496e-03
   8.2592918e+02   1.6456778e-03
   8.2766013e+02   1.6335906e-03
   8.2939107e+02   1.6215876e-03
   8.3112201e+02   1.6096687e-03
   8.3285295e+02   1.5978337e-03
   8.3458389e+02   1.5860824e-03
   8.3631483e+02   1.5744144e-03
   8.3804577e+02   1.5628295e-03
   8.3977671e+02   1.5513274e-03
   8.4150765e+02   1.5399076e-03
   8.4323859e+02   1.5285698e-03
   8.4496953e+02   1.5173137e-03
   8.4670048e+02   1.5061387e-03
   8.4843142e+02   1.4950446e-03
   8.5016236e+02   1.4840308e-03
   8.5189330e+02   1.4730969e-03
   8.5362424e+02   1.4622424e-03
   8.5535518e+02   1.4514670e-03
   8.5708612e+02   1.4407700e-03
   8.5881706e+02   1.4301511e-03
   8.6054800e+02   1.4196098e-03
   8.6227894e+02   1.4091455e-03
   8.6400988e+02   1.3987577e-03
   8.6574083e+02   1.3884460e-03
   8.6747177e+02   1.3782099e-03
   8.6920271e+02   1.3680488e-03
   8.7093365e+02   1.3579622e-03
   8.7266459e+02   1.3479497e-03
   8.7439553e+02   1.3380108e-03
   8.7612647e+02   1.3281448e-03
   8.7785741e+02   1.3183514e-03
   8.7958835e+02   1.3086299e-03
   8.8131929e+02   1.2989800e-03
   8.8305024e+02   1.2894011e-03
   8.8478118e+02   1.2798926e-03
   8.8651212e+02   1.2704542e-03
   8.8824306e+02   1.2610852e-03
   8.8997400e+02   1.2517852e-03
   8.9170494e+02   1.2425538e-03
   8.9343588e+02   1.2333903e-03
   8.9516682e+02   1.2242943e-03
   8.9689776e+02   1.2152654e-03
   8.9862870e+02   1.2063029e-03
   9.0035964e+02   1.1974066e-03
   9.0209059e+02   1.1885758e-03
   9.0382153e+02   1.1798101e-03
   9.0555247e+02   1.1711090e-03
   9.0728341e+02   1.1624720e-03
   9.0901435e+02   1.1538987e-03
   9.1074529e+02   1.1453887e-03
   9.1247623e+02   1.1369413e-03
   9.1420717e+02   1.1285563e-03
   9.1593811e+02   1.1202331e-03
   9.1766905e+02   1.1119712e-03
   9.1939999e+02   1.1037703e-03
   9.2113094e+02   1.0956298e-03
   9.2286188e+02   1.0875494e-03
   9.2459282e+02   1.0795285e-03
   9.2632376e+02   1.0715669e-03
   9.2805470e+02   1.0636639e-03
   9.2978564e+02   1.0558192e-03
   9.3151658e+02   1.0480323e-03
   9.3324752e+02   1.0403029e-03
   9.3497846e+02   1.0326305e-03
   9.3670940e+02   1.0250147e-03
   9.3844035e+02   1.0174550e-03
   9.4017129e+02   1.0099511e-03
   9.4190223e+02   1.0025025e-03
   9.4363317e+02   9.9510885e-04
   9.4536411e+02   9.8776973e-04
   9.4709505e+02   9.8048474e-04
   9.4882599e+02   9.7325348e-04
   9.5055693e+02   9.6607555e-04
   9.5228787e+02   9.5895055e-04
   9.5401881e+02   9.5187811e-04
   9.5574975e+02   9.4485782e-04
   9.5748070e+02   9.3788931e-04
   9.5921164e+02   9.3097220e-04
   9.6094258e+02   9.2410609e-04
   9.6267352e+02   9.1729063e-04
   9.6440446e+02   9.1052543e-04
   9.6613540e+02   9.0381013e-04
   9.6786634e+02   8.9714435e-04
   9.6959728e+02   8.9052774e-04
   9.7132822e+02   8.8395992e-04
   9.7305916e+02   8.7744054e-04
   9.7479011e+02   8.7096924e-04
   9.7652105e+02   8.6454567e-04
   9.7825199e+02   8.5816948e-04
   9.7998293e+02   8.5184031e-04
   9.8171387e+02   8.4555782e-04
   9.8344481e+02   8.3932166e-04
   9.8517575e+02   8.3313150e-04
   9.8690669e+02   8.2698699e-04
   9.8863763e+02   8.2088780e-04
   9.9036857e+02   8.1483359e-04
   9.9209951e+02   8.0882403e-04
   9.9383046e+02   8.0285879e-04
   9.9556140e+02   7.9693755e-04
   9.9729234e+02   7.9105998e-04
   9.9902328e+02   7.8522576e-04
   1.0007542e+03   7.7943456e-04
   1.0024852e+03   7.7368608e-04
   1.0042161e+03   7.6797999e-04
   1.0059470e+03   7.6231599e-04
   1.0076780e+03   7.5669376e-04
   1.0094089e+03   7.5111299e-04
   1.0111399e+03   7.4557338e-04
   1.0128708e+03   7.4007463e-04
   1.0146017e+03   7.3461644e-04
   1.0163327e+03   7.2919849e-04
   1.0180636e+03   7.2382051e-04
   1.0197946e+03   7.1848219e-04
   1.0215255e+03   7.1318324e-04
   1.0232565e+03   7.0792338e-04
   1.0249874e+03   7.0270230e-04
   1.0267183e+03   6.9751973e-04
   1.0284493e+03   6.9237539e-04
   1.0301802e+03   6.8726898e-04
   1.0319112e+03   6.8220024e-04
   1.0336421e+03   6.7716888e-04
   1.0353730e+03   6.7217462e-04
   1.0371040e+03   6.6721720e-04
   1.0388349e+03   6.6229634e-04
   1.0405659e+03   6.5741178e-04
   1.0422968e+03   6.5256323e-04
   1.0440277e+03   6.4775045e-04
   1.0457587e+03   6.4297316e-04
   1.0474896e+03   6.3823111e-04
   1.0492206e+03   6.3352403e-04
   1.0509515e+03   6.2885167e-04
   1.0526824e+03   6.2421376e-04
   1.0544134e+03   6.1961006e-04
   1.0561443e+03   6.1504031e-04
   1.0578753e+03   6.1050427e-04
   1.0596062e+03   6.0600168e-04
   1.0613372e+03   6.0153230e-04
   1.0630681e+03   5.9709588e-04
   1.0647990e+03   5.9269218e-04
   1.0665300e+03   5.8832096e-04
   1.0682609e+03   5.8398197e-04
   1.0699919e+03   5.7967499e-04
   1.0717228e+03   5.7539977e-04
   1.0734537e+03   5.7115609e-04
   1.0751847e+03   5.6694370e-04
   1.0769156e+03   5.6276238e-04
   1.0786466e+03   5.5861189e-04
   1.0803775e+03   5.5449202e-04
   1.0821084e+03   5.5040253e-04
   1.0838394e+03   5.4634320e-04
   1.0855703e+03   5.4231381e-04
   1.0873013e+03   5.3831414e-04
   1.0890322e+03   5.3434397e-04
   1.0907631e+03   5.3040308e-04
   1.0924941e+03   5.2649125e-04
   1.0942250e+03   5.2260827e-04
   1.0959560e+03   5.1875393e-04
   1.0976869e+03   5.1492802e-04
   1.0994179e+03   5.1113033e-04
   1.1011488e+03   5.0736064e-04
   1.1028797e+03   5.0361875e-04
   1.1046107e+03   4.9990447e-04
   1.1063416e+03   4.9621757e-04
   1.1080726e+03   4.9255787e-04
   1.1098035e+03   4.8892516e-04
   1.1115344e+03   4.8531924e-04
   1.1132654e+03   4.8173991e-04
   1.1149963e+03   4.7818699e-04
   1.1167273e+03   4.7466026e-04
   1.1184582e+03   4.7115955e-04
   1.1201891e+03   4.6768465e-04
   1.1219201e+03   4.6423539e-04
   1.1236510e+03   4.6081156e-04
   1.1253820e+03   4.5741298e-04
   1.1271129e+03   4.5403947e-04
   1.1288438e+03   4.5069084e-04
   1.1305748e+03   4.4736691e-04
   1.1323057e+03   4.4406749e-04
   1.1340367e+03   4.4079240e-04
   1.1357676e+03   4.3754147e-04
   1.1374986e+03   4.3431452e-04
   1.1392295e+03   4.3111136e-04
   1.1409604e+03   4.2793183e-04
   1.1426914e+03   4.2477575e-04
   1.1444223e+03   4.2164294e-04
   1.1461533e+03   4.1853324e-04
   1.1478842e+03   4.1544648e-04
   1.1496151e+03   4.1238248e-04
   1.1513461e+03   4.0934108e-04
   1.1530770e+03   4.0632210e-04
   1.1548080e+03   4.0332540e-04
   1.1565389e+03   4.0035079e-04
   1.1582698e+03   3.9739813e-04
   1.1600008e+03   3.9446724e-04
   1.1617317e+03   3.9155796e-04
   1.1634627e+03   3.8867015e-04
   1.1651936e+03   3.8580363e-04
   1.1669245e+03   3.8295825e-04
   1.1686555e+03   3.8013386e-04
   1.1703864e+03   3.7733030e-04
   1.1721174e+03   3.7454741e-04
   1.1738483e+03   3.7178505e-04
   1.1755793e+03   3.6904306e-04
   1.1773102e+03   3.6632129e-04
   1.1790411e+03   3.6361960e-04
   1.1807721e+03   3.6093784e-04
   1.1825030e+03   3.5827585e-04
   1.1842340e+03   3.5563349e-04
   1.1859649e+03   3.5301063e-04
   1.1876958e+03   3.5040710e-04
   1.1894268e+03   3.4782278e-04
   1.1911577e+03   3.4525752e-04
   1.1928887e+03   3.4271118e-04
   1.1946196e+03   3.4018361e-04
   1.1963505e+03   3.3767469e-04
   1.1980815e+03   3.3518428e-04
   1.1998124e+03   3.3271223e-04
   1.2015434e+03   3.3025841e-04
   1.2032743e+03   3.2782269e-04
   1.2050053e+03   3.2540493e-04
   1.2067362e+03   3.2300500e-04
   1.2084671e+03   3.2062278e-04
   1.2101981e+03   3.1825812e-04
   1.2119290e+03   3.1591091e-04
   1.2136600e+03   3.1358100e-04
   1.2153909e+03   3.1126828e-04
   1.2171218e+03   3.0897261e-04
   1.2188528e+03   3.0669388e-04
   1.2205837e+03   3.0443195e-04
   1.2223147e+03   3.0218671e-04
   1.2240456e+03   2.9995802e-04
   1.2257765e+03   2.9774577e-04
   1.2275075e+03   2.9554984e-04
   1.2292384e+03   2.9337010e-04
   1.2309694e+03   2.9120643e-04
   1.2327003e+03   2.8905873e-04
   1.2344312e+03   2.8692686e-04
   1.2361622e+03   2.8481072e-04
   1.2378931e+03   2.8271019e-04
   1.2396241e+03   2.8062514e-04
   1.2413550e+03   2.7855548e-04
   1.2430860e+03   2.7650108e-04
   1.2448169e+03   2.7446183e-04
   1.2465478e+03   2.7243762e-04
   1.2482788e+03   2.7042833e-04
   1.2500097e+03   2.6843387e-04
   1.2517407e+03   2.6645412e-04
   1.2534716e+03   2.6448897e-04
   1.2552025e+03   2.6253831e-04
   1.2569335e+03   2.6060204e-04
   1.2586644e+03   2.5868005e-04
   1.2603954e+03   2.5677223e-04
   1.2621263e+03   2.5487848e-04
   1.2638572e+03   2.5299870e-04
   1.2655882e+03   2.5113279e-04
   1.2673191e+03   2.4928063e-04
   1.2690501e+03   2.4744214e-04
   1.2707810e+03   2.4561721e-04
   1.2725119e+03   2.4380573e-04
   1.2742429e+03   2.4200762e-04
   1.2759738e+03   2.4022276e-04
   1.2777048e+03   2.3845107e-04
   1.2794357e+03   2.3669245e-04
   1.2811667e+03   2.3494679e-04
   1.2828976e+03   2.3321401e-04
   1.2846285e+03   2.3149402e-04
   1.2863595e+03   2.2978670e-04
   1.2880904e+03   2.2809198e-04
   1.2898214e+03   2.2640976e-04
   1.2915523e+03   2.2473994e-04
   1.2932832e+03   2.2308244e-04
   1.2950142e+03   2.2143716e-04
   1.2967451e+03   2.1980402e-04
   1.2984761e+03   2.1818292e-04
   1.3002070e+03   2.1657378e-04
   1.3019379e+03   2.1497650e-04
   1.3036689e+03   2.1339101e-04
   1.3053998e+03   2.1181721e-04
   1.3071308e+03   2.1025501e-04
   1.3088617e+03   2.0870434e-04
   1.3105926e+03   2.0716511e-04
   1.3123236e+03   2.0563722e-04
   1.3140545e+03   2.0412061e-04
   1.3157855e+03   2.0261518e-04
   1.3175164e+03   2.0112085e-04
   1.3192474e+03   1.9963754e-04
   1.3209783e+03   1.9816518e-04
   1.3227092e+03   1.9670367e-04
   1.3244402e+03   1.9525294e-04
   1.3261711e+03   1.9381291e-04
   1.3279021e+03   1.9238351e-04
   1.3296330e+03   1.9096464e-04
   1.3313639e+03   1.8955624e-04
   1.3330949e+03   1.8815822e-04
   1.3348258e+03   1.8677052e-04
   1.3365568e+03   1.8539305e-04
   1.3382877e+03   1.8402574e-04
   1.3400186e+03   1.8266851e-04
   1.3417496e+03   1.8132130e-04
   1.3434805e+03   1.7998402e-04
   1.3452115e+03   1.7865660e-04
   1.3469424e+03   1.7733897e-04
   1.3486733e+03   1.7603106e-04
   1.3504043e+03   1.7473280e-04
   1.3521352e+03   1.7344411e-04
   1.3538662e+03   1.7216492e-04
   1.3555971e+03   1.7089517e-04
   1.3573281e+03   1.6963479e-04
   1.3590590e+03   1.6838370e-04
   1.3607899e+03   1.6714183e-04
   1.3625209e+03   1.6590913e-04
   1.3642518e+03   1.6468552e-04
   1.3659828e+03   1.6347093e-04
   1.3677137e+03   1.6226530e-04
   1.3694446e+03   1.6106856e-04
   1.3711756e+03   1.5988065e-04
   1.3729065e+03   1.5870150e-04
   1.3746375e+03   1.5753104e-04
   1.3763684e+03   1.5636922e-04
   1.3780993e+03   1.5521596e-04
   1.3798303e+03   1.5407122e-04
   1.3815612e+03   1.5293491e-04
   1.3832922e+03   1.5180699e-04
   1.3850231e+03   1.5068738e-04
   1.3867540e+03   1.4957603e-04
   1.3884850e+03   1.4847288e-04
   1.3902159e+03   1.4737786e-04
   1.3919469e+03   1.4629092e-04
   1.3936778e+03   1.4521199e-04
   1.3954088e+03   1.4414103e-04
   1.3971397e+03   1.4307796e-04
   1.3988706e+03   1.4202273e-04
   1.4006016e+03   1.4097529e-04
   1.4023325e+03   1.3993556e-04
   1.4040635e+03   1.3890351e-04
   1.4057944e+03   1.3787907e-04
   1.4075253e+03   1.3686219e-04
   1.4092563e+03   1.3585280e-04
   1.4109872e+03   1.3485086e-04
   1.4127182e+03   1.3385631e-04
   1.4144491e+03   1.3286909e-04
   1.4161800e+03   1.3188916e-04
   1.4179110e+03   1.3091645e-04
   1.4196419e+03   1.2995091e-04
   1.4213729e+03   1.2899250e-04
   1.4231038e+03   1.2804115e-04
   1.4248347e+03   1.2709682e-04
   1.4265657e+03   1.2615946e-04
   1.4282966e+03   1.2522901e-04
   1.4300276e+03   1.2430542e-04
   1.4317585e+03   1.2338864e-04
   1.4334895e+03   1.2247863e-04
   1.4352204e+03   1.2157532e-04
   1.4369513e+03   1.2067868e-04
   1.4386823e+03   1.1978865e-04
   1.4404132e+03   1.1890519e-04
   1.4421442e+03   1.1802824e-04
   1.4438751e+03   1.1715776e-04
   1.4456060e+03   1.1629370e-04
   1.4473370e+03   1.1543601e-04
   1.4490679e+03   1.1458464e-04
   1.4507989e+03   1.1373956e-04
   1.4525298e+03   1.1290071e-04
   1.4542607e+03   1.1206804e-04
   1.4559917e+03   1.1124152e-04
   1.4577226e+03   1.1042109e-04
   1.4594536e+03   1.0960671e-04
   1.4611845e+03   1.0879834e-04
   1.4629155e+03   1.0799593e-04
   1.4646464e+03   1.0719944e-04
   1.4663773e+03   1.0640882e-04
   1.4681083e+03   1.0562404e-04
   1.4698392e+03   1.0484504e-04
   1.4715702e+03   1.0407179e-04
   1.4733011e+03   1.0330424e-04
   1.4750320e+03   1.0254235e-04
   1.4767630e+03   1.0178608e-04
   1.4784939e+03   1.0103538e-04
   1.4802249e+03   1.0029023e-04
   1.4819558e+03   9.9550569e-05
   1.4836867e+03   9.8816364e-05
   1.4854177e+03   9.8087573e-05
   1.4871486e+03   9.7364158e-05
   1.4888796e+03   9.6646078e-05
   1.4906105e+03   9.5933294e-05
   1.4923414e+03   9.5225767e-05
   1.4940724e+03   9.4523458e-05
   1.4958033e+03   9.3826329e-05
   1.4975343e+03   9.3134342e-05
   1.4992652e+03   9.2447457e-05
   1.5009962e+03   9.1765639e-05
   1.5027271e+03   9.1088849e-05
   1.5044580e+03   9.0417051e-05
   1.5061890e+03   8.9750208e-05
   1.5079199e+03   8.9088282e-05
   1.5096509e+03   8.8431238e-05
   1.5113818e+03   8.7779041e-05
   1.5131127e+03   8.7131653e-05
   1.5148437e+03   8.6489040e-05
   1.5165746e+03   8.5851166e-05
   1.5183056e+03   8.5217997e-05
   1.5200365e+03   8.4589497e-05
   1.5217674e+03   8.3965633e-05
   1.5234984e+03   8.3346370e-05
   1.5252293e+03   8.2731674e-05
   1.5269603e+03   8.2121511e-05
   1.5286912e+03   8.1515849e-05
   1.5304221e+03   8.0914653e-05
   1.5321531e+03   8.0317892e-05
   1.5338840e+03   7.9725532e-05
   1.5356150e+03   7.9137540e-05
   1.5373459e+03   7.8553885e-05
   1.5390769e+03   7.7974535e-05
   1.5408078e+03   7.7399457e-05
   1.5425387e+03   7.6828621e-05
   1.5442697e+03   7.6261994e-05
   1.5460006e+03   7.5699547e-05
   1.5477316e+03   7.5141248e-05
   1.5494625e+03   7.4587067e-05
   1.5511934e+03   7.4036972e-05
   1.5529244e+03   7.3490935e-05
   1.5546553e+03   7.2948925e-05
   1.5563863e+03   7.2410912e-05
   1.5581172e+03   7.1876867e-05
   1.5598481e+03   7.1346761e-05
   1.5615791e+03   7.0820565e-05
   1.5633100e+03   7.0298249e-05
   1.5650410e+03   6.9779786e-05
   1.5667719e+03   6.9265146e-05
   1.5685028e+03   6.8754302e-05
   1.5702338e+03   6.8247225e-05
   1.5719647e+03   6.7743888e-05
   1.5736957e+03   6.7244264e-05
   1.5754266e+03   6.6748324e-05
   1.5771576e+03   6.6256042e-05
   1.5788885e+03   6.5767391e-05
   1.5806194e+03   6.5282343e-05
   1.5823504e+03   6.4800873e-05
   1.5840813e+03   6.4322954e-05
   1.5858123e+03   6.3848559e-05
   1.5875432e+03   6.3377663e-05
   1.5892741e+03   6.2910241e-05
   1.5910051e+03   6.2446265e-05
   1.5927360e+03   6.1985712e-05
   1.5944670e+03   6.1528555e-05
   1.5961979e+03   6.1074770e-05
   1.5979288e+03   6.0624331e-05
   1.5996598e+03   6.0177215e-05
   1.6013907e+03   5.9733396e-05
   1.6031217e+03   5.9292850e-05
   1.6048526e+03   5.8855554e-05
   1.6065835e+03   5.8421482e-05
   1.6083145e+03   5.7990612e-05
   1.6100454e+03   5.7562920e-05
   1.6117764e+03   5.7138382e-05
   1.6135073e+03   5.6716975e-05
   1.6152383e+03   5.6298677e-05
   1.6169692e+03   5.5883463e-05
   1.6187001e+03   5.5471311e-05
   1.6204311e+03   5.5062199e-05
   1.6221620e+03   5.4656105e-05
   1.6238930e+03   5.4253005e-05
   1.6256239e+03   5.3852878e-05
   1.6273548e+03   5.3455703e-05
   1.6290858e+03   5.3061457e-05
   1.6308167e+03   5.2670118e-05
   1.6325477e+03   5.2281665e-05
   1.6342786e+03   5.1896078e-05
   1.6360095e+03   5.1513334e-05
   1.6377405e+03   5.1133413e-05
   1.6394714e+03   5.0756294e-05
   1.6412024e+03   5.0381956e-05
   1.6429333e+03   5.0010379e-05
   1.6446642e+03   4.9641543e-05
   1.6463952e+03   4.9275427e-05
   1.6481261e+03   4.8912011e-05
   1.6498571e+03   4.8551275e-05
   1.6515880e+03   4.8193200e-05
   1.6533190e+03   4.7837765e-05
   1.6550499e+03   4.7484952e-05
   1.6567808e+03   4.7134741e-05
   1.6585118e+03   4.6787113e-05
   1.6602427e+03   4.6442049e-05
   1.6619737e+03   4.6099530e-05
   1.6637046e+03   4.5759537e-05
   1.6654355e+03   4.5422051e-05
   1.6671665e+03   4.5087055e-05
   1.6688974e+03   4.4754529e-05
   1.6706284e+03   4.4424455e-05
   1.6723593e+03   4.4096816e-05
   1.6740902e+03   4.3771593e-05
   1.6758212e+03   4.3448769e-05
   1.6775521e+03   4.3128326e-05
   1.6792831e+03   4.2810246e-05
   1.6810140e+03   4.2494512e-05
   1.6827449e+03   4.2181106e-05
   1.6844759e+03   4.1870012e-05
   1.6862068e+03   4.1561213e-05
   1.6879378e+03   4.1254691e-05
   1.6896687e+03   4.0950429e-05
   1.6913997e+03   4.0648412e-05
   1.6931306e+03   4.0348622e-05
   1.6948615e+03   4.0051043e-05
   1.6965925e+03   3.9755658e-05
   1.6983234e+03   3.9462452e-05
   1.7000544e+03   3.9171409e-05
   1.7017853e+03   3.8882512e-05
   1.7035162e+03   3.8595746e-05
   1.7052472e+03   3.8311095e-05
   1.7069781e+03   3.8028543e-05
   1.7087091e+03   3.7748075e-05
   1.7104400e+03   3.7469675e-05
   1.7121709e+03   3.7193329e-05
   1.7139019e+03   3.6919021e-05
   1.7156328e+03   3.6646736e-05
   1.7173638e+03   3.6376459e-05
   1.7190947e+03   3.6108175e-05
   1.7208257e+03   3.5841870e-05
   1.7225566e+03   3.5577530e-05
   1.7242875e+03   3.5315138e-05
   1.7260185e+03   3.5054682e-05
   1.7277494e+03   3.4796147e-05
   1.7294804e+03   3.4539518e-05
   1.7312113e+03   3.4284783e-05
   1.7329422e+03   3.4031926e-05
   1.7346732e+03   3.3780933e-05
   1.7364041e+03   3.3531792e-05
   1.7381351e+03   3.3284489e-05
   1.7398660e+03   3.3039009e-05
   1.7415969e+03   3.2795340e-05
   1.7433279e+03   3.2553468e-05
   1.7450588e+03   3.2313380e-05
   1.7467898e+03   3.2075062e-05
   1.7485207e+03   3.1838502e-05
   1.7502516e+03   3.1603687e-05
   1.7519826e+03   3.1370603e-05
   1.7537135e+03   3.1139239e-05
   1.7554445e+03   3.0909581e-05
   1.7571754e+03   3.0681617e-05
   1.7589064e+03   3.0455334e-05
   1.7606373e+03   3.0230720e-05
   1.7623682e+03   3.0007762e-05
   1.7640992e+03   2.9786449e-05
   1.7658301e+03   2.9566768e-05
   1.7675611e+03   2.9348707e-05
   1.7692920e+03   2.9132255e-05
   1.7710229e+03   2.8917399e-05
   1.7727539e+03   2.8704127e-05
   1.7744848e+03   2.8492428e-05
   1.7762158e+03   2.8282291e-05
   1.7779467e+03   2.8073704e-05
   1.7796776e+03   2.7866655e-05
   1.7814086e+03   2.7661132e-05
   1.7831395e+03   2.7457126e-05
   1.7848705e+03   2.7254624e-05
   1.7866014e+03   2.7053616e-05
   1.7883323e+03   2.6854090e-05
   1.7900633e+03   2.6656036e-05
   1.7917942e+03   2.6459443e-05
   1.7935252e+03   2.6264299e-05
   1.7952561e+03   2.6070595e-05
   1.7969871e+03   2.5878319e-05
   1.7987180e+03   2.5687461e-05
   1.8004489e+03   2.5498011e-05
   1.8021799e+03   2.5309958e-05
   1.8039108e+03   2.5123292e-05
   1.8056418e+03   2.4938003e-05
   1.8073727e+03   2.4754080e-05
   1.8091036e+03   2.4571514e-05
   1.8108346e+03   2.4390294e-05
   1.8125655e+03   2.4210411e-05
   1.8142965e+03   2.4031855e-05
   1.8160274e+03   2.3854615e-05
   1.8177583e+03   2.3678682e-05
   1.8194893e+03   2.3504047e-05
   1.8212202e+03   2.3330700e-05
   1.8229512e+03   2.3158632e-05
   1.8246821e+03   2.2987832e-05
   1.8264130e+03   2.2818293e-05
   1.8281440e+03   2.2650003e-05
   1.8298749e+03   2.2482955e-05
   1.8316059e+03   2.2317139e-05
   1.8333368e+03   2.2152545e-05
   1.8350678e+03   2.1989166e-05
   1.8367987e+03   2.1826992e-05
   1.8385296e+03   2.1666013e-05
   1.8402606e+03   2.1506222e-05
   1.8419915e+03   2.1347609e-05
   1.8437225e+03   2.1190167e-05
   1.8454534e+03   2.1033885e-05
   1.8471843e+03   2.0878756e-05
   1.8489153e+03   2.0724771e-05
   1.8506462e+03   2.0571922e-05
   1.8523772e+03   2.0420200e-05
   1.8541081e+03   2.0269597e-05
   1.8558390e+03   2.0120104e-05
   1.8575700e+03   1.9971715e-05
   1.8593009e+03   1.9824419e-05
   1.8610319e+03   1.9678210e-05
   1.8627628e+03   1.9533080e-05
   1.8644937e+03   1.9389019e-05
   1.8662247e+03   1.9246021e-05
   1.8679556e+03   1.9104078e-05
   1.8696866e+03   1.8963182e-05
   1.8714175e+03   1.8823325e-05
   1.8731485e+03   1.8684499e-05
   1.8748794e+03   1.8546697e-05
   1.8766103e+03   1.8409911e-05
   1.8783413e+03   1.8274135e-05
   1.8800722e+03   1.8139359e-05
   1.8818032e+03   1.8005578e-05
   1.8835341e+03   1.7872783e-05
   1.8852650e+03   1.7740968e-05
   1.8869960e+03   1.7610125e-05
   1.8887269e+03   1.7480247e-05
   1.8904579e+03   1.7351326e-05
   1.8921888e+03   1.7223357e-05
   1.8939197e+03   1.7096331e-05
   1.8956507e+03   1.6970243e-05
   1.8973816e+03   1.6845084e-05
   1.8991126e+03   1.6720848e-05
   1.9008435e+03   1.6597528e-05
   1.9025744e+03   1.6475118e-05
   1.9043054e+03   1.6353611e-05
   1.9060363e+03   1.6233000e-05
   1.9077673e+03   1.6113278e-05
   1.9094982e+03   1.5994440e-05
   1.9112292e+03   1.5876478e-05
   1.9129601e+03   1.5759385e-05
   1.9146910e+03   1.5643157e-05
   1.9164220e+03   1.5527785e-05
   1.9181529e+03   1.5413265e-05
   1.9198839e+03   1.5299589e-05
   1.9216148e+03   1.5186752e-05
   1.9233457e+03   1.5074746e-05
   1.9250767e+03   1.4963567e-05
   1.9268076e+03   1.4853208e-05
   1.9285386e+03   1.4743662e-05
   1.9302695e+03   1.4634925e-05
   1.9320004e+03   1.4526990e-05
   1.9337314e+03   1.4419850e-05
   1.9354623e+03   1.4313501e-05
   1.9371933e+03   1.4207936e-05
   1.9389242e+03   1.4103150e-05
   1.9406552e+03   1.3999136e-05
   1.9423861e+03   1.3895890e-05
   1.9441170e+03   1.3793405e-05
   1.9458480e+03   1.3691676e-05
   1.9475789e+03   1.3590697e-05
   1.9493099e+03   1.3490463e-05
   1.9510408e+03   1.3390968e-05
   1.9527717e+03   1.3292207e-05
   1.9545027e+03   1.3194174e-05
   1.9562336e+03   1.3096865e-05
   1.9579646e+03   1.3000273e-05
   1.9596955e+03   1.2904393e-05
   1.9614264e+03   1.2809221e-05
   1.9631574e+03   1.2714750e-05
   1.9648883e+03   1.2620976e-05
   1.9666193e+03   1.2527894e-05
   1.9683502e+03   1.2435498e-05
   1.9700811e+03   1.2343784e-05
   1.9718121e+03   1.2252746e-05
   1.9735430e+03   1.2162380e-05
   1.9752740e+03   1.2072680e-05
   1.9770049e+03   1.1983642e-05
   1.9787359e+03   1.1895260e-05
   1.9804668e+03   1.1807530e-05
   1.9821977e+03   1.1720447e-05
   1.9839287e+03   1.1634006e-05
   1.9856596e+03   1.1548203e-05
   1.9873906e+03   1.1463033e-05
   1.9891215e+03   1.1378491e-05
   1.9908524e+03   1.1294572e-05
   1.9925834e+03   1.1211273e-05
   1.9943143e+03   1.1128587e-05
   1.9960453e+03   1.1046512e-05
   1.9977762e+03   1.0965042e-05
   1.9995071e+03   1.0884172e-05
   2.0012381e+03   1.0803899e-05
   2.0029690e+03   1.0724218e-05
   2.0047000e+03   1.0645125e-05
   2.0064309e+03   1.0566615e-05
   2.0081618e+03   1.0488684e-05
   2.0098928e+03   1.0411328e-05
   2.0116237e+03   1.0334543e-05
   2.0133547e+03   1.0258323e-05
   2.0150856e+03   1.0182666e-05
   2.0168166e+03   1.0107567e-05
   2.0185475e+03   1.0033022e-05
   2.0202784e+03   9.9590262e-06
   2.0220094e+03   9.8855765e-06
   2.0237403e+03   9.8126684e-06
   2.0254713e+03   9.7402980e-06
   2.0272022e+03   9.6684614e-06
   2.0289331e+03   9.5971546e-06
   2.0306641e+03   9.5263737e-06
   2.0323950e+03   9.4561148e-06
   2.0341260e+03   9.3863741e-06
   2.0358569e+03   9.3171477e-06
   2.0375878e+03   9.2484319e-06
   2.0393188e+03   9.1802229e-06
   2.0410497e+03   9.1125169e-06
   2.0427807e+03   9.0453103e-06
   2.0445116e+03   8.9785994e-06
   2.0462425e+03   8.9123804e-06
   2.0479735e+03   8.8466499e-06
   2.0497044e+03   8.7814041e-06
   2.0514354e+03   8.7166395e-06
   2.0531663e+03   8.6523525e-06
   2.0548973e+03   8.5885397e-06
   2.0566282e+03   8.5251976e-06
   2.0583591e+03   8.4623225e-06
   2.0600901e+03   8.3999112e-06
   2.0618210e+03   8.3379602e-06
   2.0635520e+03   8.2764661e-06
   2.0652829e+03   8.2154256e-06
   2.0670138e+03   8.1548352e-06
   2.0687448e+03   8.0946916e-06
   2.0704757e+03   8.0349917e-06
   2.0722067e+03   7.9757320e-06
   2.0739376e+03   7.9169094e-06
   2.0756685e+03   7.8585207e-06
   2.0773995e+03   7.8005625e-06
   2.0791304e+03   7.7430318e-06
   2.0808614e+03   7.6859255e-06
   2.0825923e+03   7.6292402e-06
   2.0843232e+03   7.5729731e-06
   2.0860542e+03   7.5171209e-06
   2.0877851e+03   7.4616807e-06
   2.0895161e+03   7.4066493e-06
   2.0912470e+03   7.3520238e-06
   2.0929780e+03   7.2978012e-06
   2.0947089e+03   7.2439784e-06
   2.0964398e+03   7.1905527e-06
   2.0981708e+03   7.1375209e-06
   2.0999017e+03   7.0848803e-06
   2.1016327e+03   7.0326279e-06
   2.1033636e+03   6.9807609e-06
   2.1050945e+03   6.9292764e-06
   2.1068255e+03   6.8781716e-06
   2.1085564e+03   6.8274437e-06
   2.1102874e+03   6.7770900e-06
   2.1120183e+03   6.7271076e-06
   2.1137492e+03   6.6774939e-06
   2.1154802e+03   6.6282460e-06
   2.1172111e+03   6.5793614e-06
   2.1189421e+03   6.5308373e-06
   2.1206730e+03   6.4826711e-06
   2.1224039e+03   6.4348601e-06
   2.1241349e+03   6.3874018e-06
   2.1258658e+03   6.3402934e-06
   2.1275968e+03   6.2935325e-06
   2.1293277e+03   6.2471164e-06
   2.1310587e+03   6.2010427e-06
   2.1327896e+03   6.1553088e-06
   2.1345205e+03   6.1099122e-06
   2.1362515e+03   6.0648504e-06
   2.1379824e+03   6.0201209e-06
   2.1397134e+03   5.9757213e-06
   2.1414443e+03   5.9316492e-06
   2.1431752e+03   5.8879021e-06
   2.1449062e+03   5.8444777e-06
   2.1466371e+03   5.8013735e-06
   2.1483681e+03   5.7585872e-06
   2.1500990e+03   5.7161165e-06
   2.1518299e+03   5.6739590e-06
   2.1535609e+03   5.6321125e-06
   2.1552918e+03   5.5905745e-06
   2.1570228e+03   5.5493429e-06
   2.1587537e+03   5.5084154e-06
   2.1604846e+03   5.4677898e-06
   2.1622156e+03   5.4274637e-06
   2.1639465e+03   5.3874351e-06
   2.1656775e+03   5.3477017e-06
   2.1674084e+03   5.3082614e-06
   2.1691394e+03   5.2691119e-06
   2.1708703e+03   5.2302512e-06
   2.1726012e+03   5.1916770e-06
   2.1743322e+03   5.1533874e-06
   2.1760631e+03   5.1153801e-06
   2.1777941e+03   5.0776532e-06
   2.1795250e+03   5.0402045e-06
