   2.9690000e+02   4.0158689e-05
   2.9835265e+02   4.1855139e-05
   2.9980531e+02   4.3613334e-05
   3.0125796e+02   4.5435056e-05
   3.0271061e+02   4.7322120e-05
   3.0416326e+02   4.9276374e-05
   3.0561592e+02   5.1299692e-05
   3.0706857e+02   5.3393983e-05
   3.0852122e+02   5.5561183e-05
   3.0997387e+02   5.7803257e-05
   3.1142653e+02   6.0122202e-05
   3.1287918e+02   6.2520040e-05
   3.1433183e+02   6.4998820e-05
   3.1578448e+02   6.7560622e-05
   3.1723714e+02   7.0207548e-05
   3.1868979e+02   7.2941728e-05
   3.2014244e+02   7.5765313e-05
   3.2159510e+02   7.8680482e-05
   3.2304775e+02   8.1689432e-05
   3.2450040e+02   8.4794386e-05
   3.2595305e+02   8.7997583e-05
   3.2740571e+02   9.1301284e-05
   3.2885836e+02   9.4707767e-05
   3.3031101e+02   9.8219327e-05
   3.3176366e+02   1.0183827e-04
   3.3321632e+02   1.0556693e-04
   3.3466897e+02   1.0940764e-04
   3.3612162e+02   1.1336275e-04
   3.3757427e+02   1.1743460e-04
   3.3902693e+02   1.2162558e-04
   3.4047958e+02   1.2593804e-04
   3.4193223e+02   1.3037437e-04
   3.4338488e+02   1.3493694e-04
   3.4483754e+02   1.3962814e-04
   3.4629019e+02   1.4445033e-04
   3.4774284e+02   1.4940589e-04
   3.4919550e+02   1.5449719e-04
   3.5064815e+02   1.5972659e-04
   3.5210080e+02   1.6509645e-04
   3.5355345e+02   1.7060909e-04
   3.5500611e+02   1.7626685e-04
   3.5645876e+02   1.8207203e-04
   3.5791141e+02   1.8802692e-04
   3.5936406e+02   1.9413379e-04
   3.6081672e+02   2.0039489e-04
   3.6226937e+02   2.0681243e-04
   3.6372202e+02   2.1338860e-04
   3.6517467e+02   2.2012555e-04
   3.6662733e+02   2.2702542e-04
   3.6807998e+02   2.3409028e-04
   3.6953263e+02   2.4132218e-04
   3.7098529e+02   2.4872313e-04
   3.7243794e+02   2.5629508e-04
   3.7389059e+02   2.6403995e-04
   3.7534324e+02   2.7195959e-04
   3.7679590e+02   2.8005581e-04
   3.7824855e+02   2.8833036e-04
   3.7970120e+02   2.9678493e-04
   3.8115385e+02   3.0542115e-04
   3.8260651e+02   3.1424058e-04
   3.8405916e+02   3.2324472e-04
   3.8551181e+02   3.3243499e-04
   3.8696446e+02   3.4181274e-04
   3.8841712e+02   3.5137924e-04
   3.8986977e+02   3.6113569e-04
   3.9132242e+02   3.7108320e-04
   3.9277508e+02   3.8122279e-04
   3.9422773e+02   3.9155540e-04
   3.9568038e+02   4.0208189e-04
   3.9713303e+02   4.1280299e-04
   3.9858569e+02   4.2371938e-04
   4.0003834e+02   4.3483160e-04
   4.0149099e+02   4.4614012e-04
   4.0294364e+02   4.5764529e-04
   4.0439630e+02   4.6934734e-04
   4.0584895e+02   4.8124643e-04
   4.0730160e+02   4.9334257e-04
   4.0875425e+02   5.0563568e-04
   4.1020691e+02   5.1812555e-04
   4.1165956e+02   5.3081186e-04
   4.1311221e+02   5.4369416e-04
   4.1456486e+02   5.5677189e-04
   4.1601752e+02   5.7004436e-04
   4.1747017e+02   5.8351075e-04
   4.1892282e+02   5.9717012e-04
   4.2037548e+02   6.1102139e-04
   4.2182813e+02   6.2506336e-04
   4.2328078e+02   6.3929470e-04
   4.2473343e+02   6.5371393e-04
   4.2618609e+02   6.6831945e-04
   4.2763874e+02   6.8310951e-04
   4.2909139e+02   6.9808224e-04
   4.3054404e+02   7.1323562e-04
   4.3199670e+02   7.2856749e-04
   4.3344935e+02   7.4407557e-04
   4.3490200e+02   7.5975743e-04
   4.3635465e+02   7.7561047e-04
   4.3780731e+02   7.9163201e-04
   4.3925996e+02   8.0781918e-04
   4.4071261e+02   8.2416899e-04
   4.4216527e+02   8.4067831e-04
   4.4361792e+02   8.5734387e-04
   4.4507057e+02   8.7416226e-04
   4.4652322e+02   8.9112994e-04
   4.4797588e+02   9.0824323e-04
   4.4942853e+02   9.2549830e-04
   4.5088118e+02   9.4289121e-04
   4.5233383e+02   9.6041787e-04
   4.5378649e+02   9.7807405e-04
   4.5523914e+02   9.9585543e-04
   4.5669179e+02   1.0137575e-03
   4.5814444e+02   1.0317757e-03
   4.5959710e+02   1.0499053e-03
   4.6104975e+02   1.0681414e-03
   4.6250240e+02   1.0864791e-03
   4.6395506e+02   1.1049132e-03
   4.6540771e+02   1.1234387e-03
   4.6686036e+02   1.1420502e-03
   4.6831301e+02   1.1607422e-03
   4.6976567e+02   1.1795093e-03
   4.7121832e+02   1.1983458e-03
   4.7267097e+02   1.2172460e-03
   4.7412362e+02   1.2362041e-03
   4.7557628e+02   1.2552142e-03
   4.7702893e+02   1.2742702e-03
   4.7848158e+02   1.2933662e-03
   4.7993423e+02   1.3124960e-03
   4.8138689e+02   1.3316533e-03
   4.8283954e+02   1.3508318e-03
   4.8429219e+02   1.3700252e-03
   4.8574484e+02   1.3892271e-03
   4.8719750e+02   1.4084309e-03
   4.8865015e+02   1.4276301e-03
   4.9010280e+02   1.4468182e-03
   4.9155546e+02   1.4659884e-03
   4.9300811e+02   1.4851342e-03
   4.9446076e+02   1.5042488e-03
   4.9591341e+02   1.5233256e-03
   4.9736607e+02   1.5423577e-03
   4.9881872e+02   1.5613383e-03
   5.0027137e+02   1.5802608e-03
   5.0172402e+02   1.5991184e-03
   5.0317668e+02   1.6179041e-03
   5.0462933e+02   1.6366113e-03
   5.0608198e+02   1.6552332e-03
   5.0753463e+02   1.6737630e-03
   5.0898729e+02   1.6921939e-03
   5.1043994e+02   1.7105193e-03
   5.1189259e+02   1.7287324e-03
   5.1334525e+02   1.7468266e-03
   5.1479790e+02   1.7647953e-03
   5.1625055e+02   1.7826318e-03
   5.1770320e+02   1.8003298e-03
   5.1915586e+02   1.8178827e-03
   5.2060851e+02   1.8352841e-03
   5.2206116e+02   1.8525276e-03
   5.2351381e+02   1.8696071e-03
   5.2496647e+02   1.8865163e-03
   5.2641912e+02   1.9032492e-03
   5.2787177e+02   1.9197996e-03
   5.2932442e+02   1.9361616e-03
   5.3077708e+02   1.9523295e-03
   5.3222973e+02   1.9682974e-03
   5.3368238e+02   1.9840598e-03
   5.3513504e+02   1.9996111e-03
   5.3658769e+02   2.0149459e-03
   5.3804034e+02   2.0300589e-03
   5.3949299e+02   2.0449449e-03
   5.4094565e+02   2.0595988e-03
   5.4239830e+02   2.0740158e-03
   5.4385095e+02   2.0881910e-03
   5.4530360e+02   2.1021198e-03
   5.4675626e+02   2.1157976e-03
   5.4820891e+02   2.1292201e-03
   5.4966156e+02   2.1423829e-03
   5.5111421e+02   2.1552821e-03
   5.5256687e+02   2.1679137e-03
   5.5401952e+02   2.1802739e-03
   5.5547217e+02   2.1923590e-03
   5.5692482e+02   2.2041655e-03
   5.5837748e+02   2.2156902e-03
   5.5983013e+02   2.2269299e-03
   5.6128278e+02   2.2378815e-03
   5.6273544e+02   2.2485422e-03
   5.6418809e+02   2.2589094e-03
   5.6564074e+02   2.2689805e-03
   5.6709339e+02   2.2787532e-03
   5.6854605e+02   2.2882253e-03
   5.6999870e+02   2.2973948e-03
   5.7145135e+02   2.3062598e-03
   5.7290400e+02   2.3148188e-03
   5.7435666e+02   2.3230701e-03
   5.7580931e+02   2.3310125e-03
   5.7726196e+02   2.3386447e-03
   5.7871461e+02   2.3459659e-03
   5.8016727e+02   2.3529750e-03
   5.8161992e+02   2.3596716e-03
   5.8307257e+02   2.3660551e-03
   5.8452523e+02   2.3721251e-03
   5.8597788e+02   2.3778815e-03
   5.8743053e+02   2.3833242e-03
   5.8888318e+02   2.3884535e-03
   5.9033584e+02   2.3932697e-03
   5.9178849e+02   2.3977731e-03
   5.9324114e+02   2.4019645e-03
   5.9469379e+02   2.4058447e-03
   5.9614645e+02   2.4094144e-03
   5.9759910e+02   2.4126749e-03
   5.9905175e+02   2.4156274e-03
   6.0050440e+02   2.4182732e-03
   6.0195706e+02   2.4206139e-03
   6.0340971e+02   2.4226510e-03
   6.0486236e+02   2.4243865e-03
   6.0631502e+02   2.4258221e-03
   6.0776767e+02   2.4269601e-03
   6.0922032e+02   2.4278024e-03
   6.1067297e+02   2.4283516e-03
   6.1212563e+02   2.4286099e-03
   6.1357828e+02   2.4285799e-03
   6.1503093e+02   2.4282643e-03
   6.1648358e+02   2.4276658e-03
   6.1793624e+02   2.4267874e-03
   6.1938889e+02   2.4256320e-03
   6.2084154e+02   2.4242026e-03
   6.2229419e+02   2.4225025e-03
   6.2374685e+02   2.4205348e-03
   6.2519950e+02   2.4183031e-03
   6.2665215e+02   2.4158106e-03
   6.2810480e+02   2.4130610e-03
   6.2955746e+02   2.4100578e-03
   6.3101011e+02   2.4068046e-03
   6.3246276e+02   2.4033053e-03
   6.3391542e+02   2.3995637e-03
   6.3536807e+02   2.3955835e-03
   6.3682072e+02   2.3913688e-03
   6.3827337e+02   2.3869235e-03
   6.3972603e+02   2.3822516e-03
   6.4117868e+02   2.3773572e-03
   6.4263133e+02   2.3722445e-03
   6.4408398e+02   2.3669176e-03
   6.4553664e+02   2.3613807e-03
   6.4698929e+02   2.3556381e-03
   6.4844194e+02   2.3496939e-03
   6.4989459e+02   2.3435525e-03
   6.5134725e+02   2.3372182e-03
   6.5279990e+02   2.3306953e-03
   6.5425255e+02   2.3239881e-03
   6.5570521e+02   2.3171010e-03
   6.5715786e+02   2.3100383e-03
   6.5861051e+02   2.3028045e-03
   6.6006316e+02   2.2954038e-03
   6.6151582e+02   2.2878406e-03
   6.6296847e+02   2.2801194e-03
   6.6442112e+02   2.2722443e-03
   6.6587377e+02   2.2642198e-03
   6.6732643e+02   2.2560502e-03
   6.6877908e+02   2.2477398e-03
   6.7023173e+02   2.2392929e-03
   6.7168438e+02   2.2307138e-03
   6.7313704e+02   2.2220067e-03
   6.7458969e+02   2.2131758e-03
   6.7604234e+02   2.2042253e-03
   6.7749499e+02   2.1951594e-03
   6.7894765e+02   2.1859822e-03
   6.8040030e+02   2.1766978e-03
   6.8185295e+02   2.1673103e-03
   6.8330561e+02   2.1578236e-03
   6.8475826e+02   2.1482418e-03
   6.8621091e+02   2.1385688e-03
   6.8766356e+02   2.1288084e-03
   6.8911622e+02   2.1189646e-03
   6.9056887e+02   2.1090410e-03
   6.9202152e+02   2.0990415e-03
   6.9347417e+02   2.0889698e-03
   6.9492683e+02   2.0788294e-03
   6.9637948e+02   2.0686241e-03
   6.9783213e+02   2.0583572e-03
   6.9928478e+02   2.0480324e-03
   7.0073744e+02   2.0376531e-03
   7.0219009e+02   2.0272225e-03
   7.0364274e+02   2.0167441e-03
   7.0509540e+02   2.0062211e-03
   7.0654805e+02   1.9956567e-03
   7.0800070e+02   1.9850541e-03
   7.0945335e+02   1.9744162e-03
   7.1090601e+02   1.9637462e-03
   7.1235866e+02   1.9530471e-03
   7.1381131e+02   1.9423216e-03
   7.1526396e+02   1.9315726e-03
   7.1671662e+02   1.9208030e-03
   7.1816927e+02   1.9100155e-03
   7.1962192e+02   1.8992126e-03
   7.2107457e+02   1.8883971e-03
   7.2252723e+02   1.8775713e-03
   7.2397988e+02   1.8667379e-03
   7.2543253e+02   1.8558992e-03
   7.2688519e+02   1.8450576e-03
   7.2833784e+02   1.8342154e-03
   7.2979049e+02   1.8233748e-03
   7.3124314e+02   1.8125379e-03
   7.3269580e+02   1.8017070e-03
   7.3414845e+02   1.7908840e-03
   7.3560110e+02   1.7800709e-03
   7.3705375e+02   1.7692698e-03
   7.3850641e+02   1.7584824e-03
   7.3995906e+02   1.7477106e-03
   7.4141171e+02   1.7369562e-03
   7.4286436e+02   1.7262209e-03
   7.4431702e+02   1.7155063e-03
   7.4576967e+02   1.7048141e-03
   7.4722232e+02   1.6941458e-03
   7.4867497e+02   1.6835029e-03
   7.5012763e+02   1.6728869e-03
   7.5158028e+02   1.6622991e-03
   7.5303293e+02   1.6517410e-03
   7.5448559e+02   1.6412138e-03
   7.5593824e+02   1.6307187e-03
   7.5739089e+02   1.6202570e-03
   7.5884354e+02   1.6098299e-03
   7.6029620e+02   1.5994383e-03
   7.6174885e+02   1.5890835e-03
   7.6320150e+02   1.5787664e-03
   7.6465415e+02   1.5684881e-03
   7.6610681e+02   1.5582493e-03
   7.6755946e+02   1.5480511e-03
   7.6901211e+02   1.5378944e-03
   7.7046476e+02   1.5277798e-03
   7.7191742e+02   1.5177082e-03
   7.7337007e+02   1.5076803e-03
   7.7482272e+02   1.4976969e-03
   7.7627538e+02   1.4877586e-03
   7.7772803e+02   1.4778660e-03
   7.7918068e+02   1.4680197e-03
   7.8063333e+02   1.4582204e-03
   7.8208599e+02   1.4484684e-03
   7.8353864e+02   1.4387644e-03
   7.8499129e+02   1.4291087e-03
   7.8644394e+02   1.4195019e-03
   7.8789660e+02   1.4099443e-03
   7.8934925e+02   1.4004364e-03
   7.9080190e+02   1.3909784e-03
   7.9225455e+02   1.3815707e-03
   7.9370721e+02   1.3722137e-03
   7.9515986e+02   1.3629075e-03
   7.9661251e+02   1.3536524e-03
   7.9806517e+02   1.3444487e-03
   7.9951782e+02   1.3352966e-03
   8.0097047e+02   1.3261962e-03
   8.0242312e+02   1.3171478e-03
   8.0387578e+02   1.3081514e-03
   8.0532843e+02   1.2992072e-03
   8.0678108e+02   1.2903153e-03
   8.0823373e+02   1.2814758e-03
   8.0968639e+02   1.2726886e-03
   8.1113904e+02   1.2639540e-03
   8.1259169e+02   1.2552720e-03
   8.1404434e+02   1.2466424e-03
   8.1549700e+02   1.2380654e-03
   8.1694965e+02   1.2295410e-03
   8.1840230e+02   1.2210690e-03
   8.1985495e+02   1.2126495e-03
   8.2130761e+02   1.2042825e-03
   8.2276026e+02   1.1959677e-03
   8.2421291e+02   1.1877053e-03
   8.2566557e+02   1.1794951e-03
   8.2711822e+02   1.1713369e-03
   8.2857087e+02   1.1632307e-03
   8.3002352e+02   1.1551764e-03
   8.3147618e+02   1.1471738e-03
   8.3292883e+02   1.1392228e-03
   8.3438148e+02   1.1313232e-03
   8.3583413e+02   1.1234750e-03
   8.3728679e+02   1.1156778e-03
   8.3873944e+02   1.1079316e-03
   8.4019209e+02   1.1002362e-03
   8.4164474e+02   1.0925914e-03
   8.4309740e+02   1.0849970e-03
   8.4455005e+02   1.0774528e-03
   8.4600270e+02   1.0699586e-03
   8.4745536e+02   1.0625142e-03
   8.4890801e+02   1.0551193e-03
   8.5036066e+02   1.0477739e-03
   8.5181331e+02   1.0404776e-03
   8.5326597e+02   1.0332302e-03
   8.5471862e+02   1.0260315e-03
   8.5617127e+02   1.0188812e-03
   8.5762392e+02   1.0117792e-03
   8.5907658e+02   1.0047251e-03
   8.6052923e+02   9.9771877e-04
   8.6198188e+02   9.9075992e-04
   8.6343453e+02   9.8384831e-04
   8.6488719e+02   9.7698368e-04
   8.6633984e+02   9.7016578e-04
   8.6779249e+02   9.6339435e-04
   8.6924515e+02   9.5666915e-04
   8.7069780e+02   9.4998990e-04
   8.7215045e+02   9.4335636e-04
   8.7360310e+02   9.3676825e-04
   8.7505576e+02   9.3022532e-04
   8.7650841e+02   9.2372730e-04
   8.7796106e+02   9.1727393e-04
   8.7941371e+02   9.1086494e-04
   8.8086637e+02   9.0450006e-04
   8.8231902e+02   8.9817903e-04
   8.8377167e+02   8.9190159e-04
   8.8522432e+02   8.8566747e-04
   8.8667698e+02   8.7947639e-04
   8.8812963e+02   8.7332809e-04
   8.8958228e+02   8.6722231e-04
   8.9103493e+02   8.6115878e-04
   8.9248759e+02   8.5513723e-04
   8.9394024e+02   8.4915739e-04
   8.9539289e+02   8.4321900e-04
   8.9684555e+02   8.3732179e-04
   8.9829820e+02   8.3146550e-04
   8.9975085e+02   8.2564986e-04
   9.0120350e+02   8.1987461e-04
   9.0265616e+02   8.1413949e-04
   9.0410881e+02   8.0844423e-04
   9.0556146e+02   8.0278857e-04
   9.0701411e+02   7.9717225e-04
   9.0846677e+02   7.9159502e-04
   9.0991942e+02   7.8605660e-04
   9.1137207e+02   7.8055675e-04
   9.1282472e+02   7.7509520e-04
   9.1427738e+02   7.6967170e-04
   9.1573003e+02   7.6428600e-04
   9.1718268e+02   7.5893784e-04
   9.1863534e+02   7.5362697e-04
   9.2008799e+02   7.4835313e-04
   9.2154064e+02   7.4311609e-04
   9.2299329e+02   7.3791558e-04
   9.2444595e+02   7.3275136e-04
   9.2589860e+02   7.2762318e-04
   9.2735125e+02   7.2253080e-04
   9.2880390e+02   7.1747398e-04
   9.3025656e+02   7.1245247e-04
   9.3170921e+02   7.0746602e-04
   9.3316186e+02   7.0251441e-04
   9.3461451e+02   6.9759739e-04
   9.3606717e+02   6.9271472e-04
   9.3751982e+02   6.8786617e-04
   9.3897247e+02   6.8305151e-04
   9.4042513e+02   6.7827049e-04
   9.4187778e+02   6.7352289e-04
   9.4333043e+02   6.6880848e-04
   9.4478308e+02   6.6412703e-04
   9.4623574e+02   6.5947830e-04
   9.4768839e+02   6.5486209e-04
   9.4914104e+02   6.5027815e-04
   9.5059369e+02   6.4572627e-04
   9.5204635e+02   6.4120622e-04
   9.5349900e+02   6.3671779e-04
   9.5495165e+02   6.3226075e-04
   9.5640430e+02   6.2783488e-04
   9.5785696e+02   6.2343998e-04
   9.5930961e+02   6.1907582e-04
   9.6076226e+02   6.1474219e-04
   9.6221491e+02   6.1043888e-04
   9.6366757e+02   6.0616568e-04
   9.6512022e+02   6.0192238e-04
   9.6657287e+02   5.9770876e-04
   9.6802553e+02   5.9352463e-04
   9.6947818e+02   5.8936978e-04
   9.7093083e+02   5.8524400e-04
   9.7238348e+02   5.8114710e-04
   9.7383614e+02   5.7707886e-04
   9.7528879e+02   5.7303910e-04
   9.7674144e+02   5.6902760e-04
   9.7819409e+02   5.6504418e-04
   9.7964675e+02   5.6108864e-04
   9.8109940e+02   5.5716078e-04
   9.8255205e+02   5.5326041e-04
   9.8400470e+02   5.4938734e-04
   9.8545736e+02   5.4554138e-04
   9.8691001e+02   5.4172234e-04
   9.8836266e+02   5.3793003e-04
   9.8981532e+02   5.3416426e-04
   9.9126797e+02   5.3042485e-04
   9.9272062e+02   5.2671161e-04
   9.9417327e+02   5.2302437e-04
   9.9562593e+02   5.1936293e-04
   9.9707858e+02   5.1572713e-04
   9.9853123e+02   5.1211677e-04
   9.9998388e+02   5.0853169e-04
   1.0014365e+03   5.0497170e-04
   1.0028892e+03   5.0143663e-04
   1.0043418e+03   4.9792631e-04
   1.0057945e+03   4.9444055e-04
   1.0072471e+03   4.9097920e-04
   1.0086998e+03   4.8754208e-04
   1.0101525e+03   4.8412902e-04
   1.0116051e+03   4.8073985e-04
   1.0130578e+03   4.7737441e-04
   1.0145104e+03   4.7403252e-04
   1.0159631e+03   4.7071403e-04
   1.0174157e+03   4.6741877e-04
   1.0188684e+03   4.6414658e-04
   1.0203210e+03   4.6089729e-04
   1.0217737e+03   4.5767075e-04
   1.0232263e+03   4.5446680e-04
   1.0246790e+03   4.5128527e-04
   1.0261316e+03   4.4812602e-04
   1.0275843e+03   4.4498888e-04
   1.0290369e+03   4.4187371e-04
   1.0304896e+03   4.3878034e-04
   1.0319422e+03   4.3570863e-04
   1.0333949e+03   4.3265842e-04
   1.0348475e+03   4.2962956e-04
   1.0363002e+03   4.2662191e-04
   1.0377529e+03   4.2363531e-04
   1.0392055e+03   4.2066962e-04
   1.0406582e+03   4.1772469e-04
   1.0421108e+03   4.1480038e-04
   1.0435635e+03   4.1189653e-04
   1.0450161e+03   4.0901302e-04
   1.0464688e+03   4.0614969e-04
   1.0479214e+03   4.0330641e-04
   1.0493741e+03   4.0048303e-04
   1.0508267e+03   3.9767942e-04
   1.0522794e+03   3.9489544e-04
   1.0537320e+03   3.9213094e-04
   1.0551847e+03   3.8938580e-04
   1.0566373e+03   3.8665987e-04
   1.0580900e+03   3.8395303e-04
   1.0595426e+03   3.8126513e-04
   1.0609953e+03   3.7859606e-04
   1.0624479e+03   3.7594566e-04
   1.0639006e+03   3.7331383e-04
   1.0653533e+03   3.7070041e-04
   1.0668059e+03   3.6810529e-04
   1.0682586e+03   3.6552834e-04
   1.0697112e+03   3.6296943e-04
   1.0711639e+03   3.6042844e-04
   1.0726165e+03   3.5790523e-04
   1.0740692e+03   3.5539968e-04
   1.0755218e+03   3.5291168e-04
   1.0769745e+03   3.5044109e-04
   1.0784271e+03   3.4798780e-04
   1.0798798e+03   3.4555168e-04
   1.0813324e+03   3.4313262e-04
   1.0827851e+03   3.4073049e-04
   1.0842377e+03   3.3834518e-04
   1.0856904e+03   3.3597657e-04
   1.0871430e+03   3.3362454e-04
   1.0885957e+03   3.3128897e-04
   1.0900483e+03   3.2896976e-04
   1.0915010e+03   3.2666678e-04
   1.0929537e+03   3.2437992e-04
   1.0944063e+03   3.2210907e-04
   1.0958590e+03   3.1985412e-04
   1.0973116e+03   3.1761496e-04
   1.0987643e+03   3.1539147e-04
   1.1002169e+03   3.1318354e-04
   1.1016696e+03   3.1099108e-04
   1.1031222e+03   3.0881396e-04
   1.1045749e+03   3.0665208e-04
   1.1060275e+03   3.0450534e-04
   1.1074802e+03   3.0237362e-04
   1.1089328e+03   3.0025683e-04
   1.1103855e+03   2.9815486e-04
   1.1118381e+03   2.9606760e-04
   1.1132908e+03   2.9399496e-04
   1.1147434e+03   2.9193682e-04
   1.1161961e+03   2.8989309e-04
   1.1176487e+03   2.8786367e-04
   1.1191014e+03   2.8584846e-04
   1.1205541e+03   2.8384735e-04
   1.1220067e+03   2.8186026e-04
   1.1234594e+03   2.7988707e-04
   1.1249120e+03   2.7792770e-04
   1.1263647e+03   2.7598204e-04
   1.1278173e+03   2.7405001e-04
   1.1292700e+03   2.7213150e-04
   1.1307226e+03   2.7022642e-04
   1.1321753e+03   2.6833468e-04
   1.1336279e+03   2.6645618e-04
   1.1350806e+03   2.6459083e-04
   1.1365332e+03   2.6273854e-04
   1.1379859e+03   2.6089922e-04
   1.1394385e+03   2.5907277e-04
   1.1408912e+03   2.5725911e-04
   1.1423438e+03   2.5545815e-04
   1.1437965e+03   2.5366979e-04
   1.1452491e+03   2.5189396e-04
   1.1467018e+03   2.5013055e-04
   1.1481545e+03   2.4837949e-04
   1.1496071e+03   2.4664069e-04
   1.1510598e+03   2.4491407e-04
   1.1525124e+03   2.4319952e-04
   1.1539651e+03   2.4149699e-04
   1.1554177e+03   2.3980637e-04
   1.1568704e+03   2.3812758e-04
   1.1583230e+03   2.3646055e-04
   1.1597757e+03   2.3480519e-04
   1.1612283e+03   2.3316142e-04
   1.1626810e+03   2.3152915e-04
   1.1641336e+03   2.2990831e-04
   1.1655863e+03   2.2829882e-04
   1.1670389e+03   2.2670060e-04
   1.1684916e+03   2.2511356e-04
   1.1699442e+03   2.2353763e-04
   1.1713969e+03   2.2197274e-04
   1.1728495e+03   2.2041880e-04
   1.1743022e+03   2.1887574e-04
   1.1757549e+03   2.1734349e-04
   1.1772075e+03   2.1582195e-04
   1.1786602e+03   2.1431107e-04
   1.1801128e+03   2.1281077e-04
   1.1815655e+03   2.1132097e-04
   1.1830181e+03   2.0984160e-04
   1.1844708e+03   2.0837259e-04
   1.1859234e+03   2.0691386e-04
   1.1873761e+03   2.0546534e-04
   1.1888287e+03   2.0402697e-04
   1.1902814e+03   2.0259866e-04
   1.1917340e+03   2.0118035e-04
   1.1931867e+03   1.9977197e-04
   1.1946393e+03   1.9837345e-04
   1.1960920e+03   1.9698472e-04
   1.1975446e+03   1.9560571e-04
   1.1989973e+03   1.9423636e-04
   1.2004499e+03   1.9287659e-04
   1.2019026e+03   1.9152634e-04
   1.2033553e+03   1.9018555e-04
   1.2048079e+03   1.8885414e-04
   1.2062606e+03   1.8753205e-04
   1.2077132e+03   1.8621922e-04
   1.2091659e+03   1.8491557e-04
   1.2106185e+03   1.8362106e-04
   1.2120712e+03   1.8233560e-04
   1.2135238e+03   1.8105915e-04
   1.2149765e+03   1.7979163e-04
   1.2164291e+03   1.7853298e-04
   1.2178818e+03   1.7728315e-04
   1.2193344e+03   1.7604206e-04
   1.2207871e+03   1.7480967e-04
   1.2222397e+03   1.7358590e-04
   1.2236924e+03   1.7237069e-04
   1.2251450e+03   1.7116400e-04
   1.2265977e+03   1.6996575e-04
   1.2280504e+03   1.6877589e-04
   1.2295030e+03   1.6759436e-04
   1.2309557e+03   1.6642110e-04
   1.2324083e+03   1.6525606e-04
   1.2338610e+03   1.6409917e-04
   1.2353136e+03   1.6295038e-04
   1.2367663e+03   1.6180963e-04
   1.2382189e+03   1.6067687e-04
   1.2396716e+03   1.5955204e-04
   1.2411242e+03   1.5843508e-04
   1.2425769e+03   1.5732595e-04
   1.2440295e+03   1.5622457e-04
   1.2454822e+03   1.5513091e-04
   1.2469348e+03   1.5404490e-04
   1.2483875e+03   1.5296650e-04
   1.2498401e+03   1.5189565e-04
   1.2512928e+03   1.5083229e-04
   1.2527454e+03   1.4977637e-04
   1.2541981e+03   1.4872785e-04
   1.2556508e+03   1.4768667e-04
   1.2571034e+03   1.4665278e-04
   1.2585561e+03   1.4562612e-04
   1.2600087e+03   1.4460666e-04
   1.2614614e+03   1.4359433e-04
   1.2629140e+03   1.4258908e-04
   1.2643667e+03   1.4159087e-04
   1.2658193e+03   1.4059966e-04
   1.2672720e+03   1.3961538e-04
   1.2687246e+03   1.3863799e-04
   1.2701773e+03   1.3766744e-04
   1.2716299e+03   1.3670369e-04
   1.2730826e+03   1.3574668e-04
   1.2745352e+03   1.3479638e-04
   1.2759879e+03   1.3385273e-04
   1.2774405e+03   1.3291568e-04
   1.2788932e+03   1.3198519e-04
   1.2803458e+03   1.3106122e-04
   1.2817985e+03   1.3014371e-04
   1.2832512e+03   1.2923263e-04
   1.2847038e+03   1.2832793e-04
   1.2861565e+03   1.2742956e-04
   1.2876091e+03   1.2653748e-04
   1.2890618e+03   1.2565164e-04
   1.2905144e+03   1.2477201e-04
   1.2919671e+03   1.2389853e-04
   1.2934197e+03   1.2303117e-04
   1.2948724e+03   1.2216988e-04
   1.2963250e+03   1.2131462e-04
   1.2977777e+03   1.2046534e-04
   1.2992303e+03   1.1962202e-04
   1.3006830e+03   1.1878459e-04
   1.3021356e+03   1.1795303e-04
   1.3035883e+03   1.1712729e-04
   1.3050409e+03   1.1630733e-04
   1.3064936e+03   1.1549311e-04
   1.3079462e+03   1.1468460e-04
   1.3093989e+03   1.1388174e-04
   1.3108516e+03   1.1308450e-04
   1.3123042e+03   1.1229284e-04
   1.3137569e+03   1.1150673e-04
   1.3152095e+03   1.1072611e-04
   1.3166622e+03   1.0995097e-04
   1.3181148e+03   1.0918125e-04
   1.3195675e+03   1.0841691e-04
   1.3210201e+03   1.0765793e-04
   1.3224728e+03   1.0690426e-04
   1.3239254e+03   1.0615587e-04
   1.3253781e+03   1.0541272e-04
   1.3268307e+03   1.0467477e-04
   1.3282834e+03   1.0394198e-04
   1.3297360e+03   1.0321433e-04
   1.3311887e+03   1.0249177e-04
   1.3326413e+03   1.0177427e-04
   1.3340940e+03   1.0106179e-04
   1.3355466e+03   1.0035430e-04
   1.3369993e+03   9.9651759e-05
   1.3384520e+03   9.8954139e-05
   1.3399046e+03   9.8261402e-05
   1.3413573e+03   9.7573515e-05
   1.3428099e+03   9.6890444e-05
   1.3442626e+03   9.6212154e-05
   1.3457152e+03   9.5538613e-05
   1.3471679e+03   9.4869787e-05
   1.3486205e+03   9.4205644e-05
   1.3500732e+03   9.3546149e-05
   1.3515258e+03   9.2891272e-05
   1.3529785e+03   9.2240979e-05
   1.3544311e+03   9.1595238e-05
   1.3558838e+03   9.0954018e-05
   1.3573364e+03   9.0317287e-05
   1.3587891e+03   8.9685014e-05
   1.3602417e+03   8.9057167e-05
   1.3616944e+03   8.8433715e-05
   1.3631470e+03   8.7814627e-05
   1.3645997e+03   8.7199874e-05
   1.3660524e+03   8.6589424e-05
   1.3675050e+03   8.5983248e-05
   1.3689577e+03   8.5381315e-05
   1.3704103e+03   8.4783596e-05
   1.3718630e+03   8.4190061e-05
   1.3733156e+03   8.3600682e-05
   1.3747683e+03   8.3015429e-05
   1.3762209e+03   8.2434272e-05
   1.3776736e+03   8.1857184e-05
   1.3791262e+03   8.1284137e-05
   1.3805789e+03   8.0715100e-05
   1.3820315e+03   8.0150048e-05
   1.3834842e+03   7.9588951e-05
   1.3849368e+03   7.9031782e-05
   1.3863895e+03   7.8478513e-05
   1.3878421e+03   7.7929118e-05
   1.3892948e+03   7.7383569e-05
   1.3907474e+03   7.6841839e-05
   1.3922001e+03   7.6303901e-05
   1.3936528e+03   7.5769730e-05
   1.3951054e+03   7.5239297e-05
   1.3965581e+03   7.4712579e-05
   1.3980107e+03   7.4189547e-05
   1.3994634e+03   7.3670177e-05
   1.4009160e+03   7.3154443e-05
   1.4023687e+03   7.2642319e-05
   1.4038213e+03   7.2133781e-05
   1.4052740e+03   7.1628802e-05
   1.4067266e+03   7.1127359e-05
   1.4081793e+03   7.0629426e-05
   1.4096319e+03   7.0134979e-05
   1.4110846e+03   6.9643993e-05
   1.4125372e+03   6.9156445e-05
   1.4139899e+03   6.8672310e-05
   1.4154425e+03   6.8191564e-05
   1.4168952e+03   6.7714183e-05
   1.4183478e+03   6.7240144e-05
   1.4198005e+03   6.6769424e-05
   1.4212532e+03   6.6301999e-05
   1.4227058e+03   6.5837847e-05
   1.4241585e+03   6.5376944e-05
   1.4256111e+03   6.4919267e-05
   1.4270638e+03   6.4464794e-05
   1.4285164e+03   6.4013503e-05
   1.4299691e+03   6.3565371e-05
   1.4314217e+03   6.3120377e-05
   1.4328744e+03   6.2678497e-05
   1.4343270e+03   6.2239712e-05
   1.4357797e+03   6.1803997e-05
   1.4372323e+03   6.1371333e-05
   1.4386850e+03   6.0941698e-05
   1.4401376e+03   6.0515071e-05
   1.4415903e+03   6.0091430e-05
   1.4430429e+03   5.9670755e-05
   1.4444956e+03   5.9253025e-05
   1.4459482e+03   5.8838220e-05
   1.4474009e+03   5.8426318e-05
   1.4488536e+03   5.8017300e-05
   1.4503062e+03   5.7611145e-05
   1.4517589e+03   5.7207833e-05
   1.4532115e+03   5.6807345e-05
   1.4546642e+03   5.6409661e-05
   1.4561168e+03   5.6014760e-05
   1.4575695e+03   5.5622624e-05
   1.4590221e+03   5.5233234e-05
   1.4604748e+03   5.4846569e-05
   1.4619274e+03   5.4462611e-05
   1.4633801e+03   5.4081341e-05
   1.4648327e+03   5.3702740e-05
   1.4662854e+03   5.3326790e-05
   1.4677380e+03   5.2953471e-05
   1.4691907e+03   5.2582766e-05
   1.4706433e+03   5.2214656e-05
   1.4720960e+03   5.1849123e-05
   1.4735486e+03   5.1486149e-05
   1.4750013e+03   5.1125716e-05
   1.4764540e+03   5.0767806e-05
   1.4779066e+03   5.0412402e-05
   1.4793593e+03   5.0059486e-05
   1.4808119e+03   4.9709041e-05
   1.4822646e+03   4.9361048e-05
   1.4837172e+03   4.9015492e-05
   1.4851699e+03   4.8672355e-05
   1.4866225e+03   4.8331621e-05
   1.4880752e+03   4.7993271e-05
   1.4895278e+03   4.7657290e-05
   1.4909805e+03   4.7323662e-05
   1.4924331e+03   4.6992368e-05
   1.4938858e+03   4.6663395e-05
   1.4953384e+03   4.6336724e-05
   1.4967911e+03   4.6012340e-05
   1.4982437e+03   4.5690226e-05
   1.4996964e+03   4.5370368e-05
   1.5011490e+03   4.5052749e-05
   1.5026017e+03   4.4737354e-05
   1.5040544e+03   4.4424166e-05
   1.5055070e+03   4.4113171e-05
   1.5069597e+03   4.3804353e-05
   1.5084123e+03   4.3497698e-05
   1.5098650e+03   4.3193188e-05
   1.5113176e+03   4.2890811e-05
   1.5127703e+03   4.2590550e-05
   1.5142229e+03   4.2292392e-05
   1.5156756e+03   4.1996320e-05
   1.5171282e+03   4.1702322e-05
   1.5185809e+03   4.1410381e-05
   1.5200335e+03   4.1120484e-05
   1.5214862e+03   4.0832617e-05
   1.5229388e+03   4.0546765e-05
   1.5243915e+03   4.0262914e-05
   1.5258441e+03   3.9981050e-05
   1.5272968e+03   3.9701160e-05
   1.5287494e+03   3.9423228e-05
   1.5302021e+03   3.9147243e-05
   1.5316548e+03   3.8873189e-05
   1.5331074e+03   3.8601054e-05
   1.5345601e+03   3.8330825e-05
   1.5360127e+03   3.8062487e-05
   1.5374654e+03   3.7796027e-05
   1.5389180e+03   3.7531433e-05
   1.5403707e+03   3.7268691e-05
   1.5418233e+03   3.7007788e-05
   1.5432760e+03   3.6748712e-05
   1.5447286e+03   3.6491450e-05
   1.5461813e+03   3.6235989e-05
   1.5476339e+03   3.5982316e-05
   1.5490866e+03   3.5730418e-05
   1.5505392e+03   3.5480285e-05
   1.5519919e+03   3.5231902e-05
   1.5534445e+03   3.4985258e-05
   1.5548972e+03   3.4740341e-05
   1.5563498e+03   3.4497139e-05
   1.5578025e+03   3.4255639e-05
   1.5592552e+03   3.4015829e-05
   1.5607078e+03   3.3777699e-05
   1.5621605e+03   3.3541235e-05
   1.5636131e+03   3.3306427e-05
   1.5650658e+03   3.3073262e-05
   1.5665184e+03   3.2841730e-05
   1.5679711e+03   3.2611819e-05
   1.5694237e+03   3.2383517e-05
   1.5708764e+03   3.2156814e-05
   1.5723290e+03   3.1931698e-05
   1.5737817e+03   3.1708157e-05
   1.5752343e+03   3.1486182e-05
   1.5766870e+03   3.1265760e-05
   1.5781396e+03   3.1046882e-05
   1.5795923e+03   3.0829535e-05
   1.5810449e+03   3.0613711e-05
   1.5824976e+03   3.0399397e-05
   1.5839503e+03   3.0186583e-05
   1.5854029e+03   2.9975260e-05
   1.5868556e+03   2.9765415e-05
   1.5883082e+03   2.9557040e-05
   1.5897609e+03   2.9350124e-05
   1.5912135e+03   2.9144656e-05
   1.5926662e+03   2.8940626e-05
   1.5941188e+03   2.8738025e-05
   1.5955715e+03   2.8536842e-05
   1.5970241e+03   2.8337068e-05
   1.5984768e+03   2.8138692e-05
   1.5999294e+03   2.7941704e-05
   1.6013821e+03   2.7746096e-05
   1.6028347e+03   2.7551857e-05
   1.6042874e+03   2.7358978e-05
   1.6057400e+03   2.7167450e-05
   1.6071927e+03   2.6977262e-05
   1.6086453e+03   2.6788405e-05
   1.6100980e+03   2.6600871e-05
   1.6115507e+03   2.6414649e-05
   1.6130033e+03   2.6229731e-05
   1.6144560e+03   2.6046108e-05
   1.6159086e+03   2.5863770e-05
   1.6173613e+03   2.5682709e-05
   1.6188139e+03   2.5502915e-05
   1.6202666e+03   2.5324379e-05
   1.6217192e+03   2.5147094e-05
   1.6231719e+03   2.4971050e-05
   1.6246245e+03   2.4796238e-05
   1.6260772e+03   2.4622650e-05
   1.6275298e+03   2.4450277e-05
   1.6289825e+03   2.4279111e-05
   1.6304351e+03   2.4109143e-05
   1.6318878e+03   2.3940365e-05
   1.6333404e+03   2.3772768e-05
   1.6347931e+03   2.3606345e-05
   1.6362457e+03   2.3441087e-05
   1.6376984e+03   2.3276986e-05
   1.6391511e+03   2.3114033e-05
   1.6406037e+03   2.2952222e-05
   1.6420564e+03   2.2791543e-05
   1.6435090e+03   2.2631989e-05
   1.6449617e+03   2.2473552e-05
   1.6464143e+03   2.2316224e-05
   1.6478670e+03   2.2159997e-05
   1.6493196e+03   2.2004864e-05
   1.6507723e+03   2.1850817e-05
   1.6522249e+03   2.1697849e-05
   1.6536776e+03   2.1545951e-05
   1.6551302e+03   2.1395117e-05
   1.6565829e+03   2.1245339e-05
   1.6580355e+03   2.1096609e-05
   1.6594882e+03   2.0948921e-05
   1.6609408e+03   2.0802266e-05
   1.6623935e+03   2.0656638e-05
   1.6638461e+03   2.0512030e-05
   1.6652988e+03   2.0368433e-05
   1.6667515e+03   2.0225843e-05
   1.6682041e+03   2.0084250e-05
   1.6696568e+03   1.9943648e-05
   1.6711094e+03   1.9804031e-05
   1.6725621e+03   1.9665392e-05
   1.6740147e+03   1.9527722e-05
   1.6754674e+03   1.9391017e-05
   1.6769200e+03   1.9255269e-05
   1.6783727e+03   1.9120471e-05
   1.6798253e+03   1.8986616e-05
   1.6812780e+03   1.8853699e-05
   1.6827306e+03   1.8721712e-05
   1.6841833e+03   1.8590649e-05
   1.6856359e+03   1.8460504e-05
   1.6870886e+03   1.8331269e-05
   1.6885412e+03   1.8202940e-05
   1.6899939e+03   1.8075509e-05
   1.6914465e+03   1.7948970e-05
   1.6928992e+03   1.7823316e-05
   1.6943519e+03   1.7698543e-05
   1.6958045e+03   1.7574643e-05
   1.6972572e+03   1.7451610e-05
   1.6987098e+03   1.7329439e-05
   1.7001625e+03   1.7208122e-05
   1.7016151e+03   1.7087656e-05
   1.7030678e+03   1.6968032e-05
   1.7045204e+03   1.6849246e-05
   1.7059731e+03   1.6731291e-05
   1.7074257e+03   1.6614163e-05
   1.7088784e+03   1.6497854e-05
   1.7103310e+03   1.6382359e-05
   1.7117837e+03   1.6267673e-05
   1.7132363e+03   1.6153790e-05
   1.7146890e+03   1.6040704e-05
   1.7161416e+03   1.5928410e-05
   1.7175943e+03   1.5816902e-05
   1.7190469e+03   1.5706174e-05
   1.7204996e+03   1.5596222e-05
   1.7219523e+03   1.5487039e-05
   1.7234049e+03   1.5378621e-05
   1.7248576e+03   1.5270962e-05
   1.7263102e+03   1.5164056e-05
   1.7277629e+03   1.5057899e-05
   1.7292155e+03   1.4952485e-05
   1.7306682e+03   1.4847809e-05
   1.7321208e+03   1.4743865e-05
   1.7335735e+03   1.4640650e-05
   1.7350261e+03   1.4538157e-05
   1.7364788e+03   1.4436381e-05
   1.7379314e+03   1.4335318e-05
   1.7393841e+03   1.4234962e-05
   1.7408367e+03   1.4135309e-05
   1.7422894e+03   1.4036354e-05
   1.7437420e+03   1.3938091e-05
   1.7451947e+03   1.3840517e-05
   1.7466473e+03   1.3743625e-05
   1.7481000e+03   1.3647412e-05
