   4.8086000e+02   5.2143065e-05
   4.8346857e+02   5.5612410e-05
   4.8607715e+02   5.9274613e-05
   4.8868572e+02   6.3137584e-05
   4.9129429e+02   6.7209367e-05
   4.9390287e+02   7.1498123e-05
   4.9651144e+02   7.6012124e-05
   4.9912002e+02   8.0759734e-05
   5.0172859e+02   8.5749399e-05
   5.0433716e+02   9.0989630e-05
   5.0694574e+02   9.6488987e-05
   5.0955431e+02   1.0225606e-04
   5.1216288e+02   1.0829945e-04
   5.1477146e+02   1.1462776e-04
   5.1738003e+02   1.2124955e-04
   5.1998860e+02   1.2817335e-04
   5.2259718e+02   1.3540761e-04
   5.2520575e+02   1.4296067e-04
   5.2781432e+02   1.5084079e-04
   5.3042290e+02   1.5905604e-04
   5.3303147e+02   1.6761437e-04
   5.3564005e+02   1.7652349e-04
   5.3824862e+02   1.8579092e-04
   5.4085719e+02   1.9542391e-04
   5.4346577e+02   2.0542945e-04
   5.4607434e+02   2.1581421e-04
   5.4868291e+02   2.2658454e-04
   5.5129149e+02   2.3774642e-04
   5.5390006e+02   2.4930542e-04
   5.5650863e+02   2.6126672e-04
   5.5911721e+02   2.7363504e-04
   5.6172578e+02   2.8641461e-04
   5.6433435e+02   2.9960916e-04
   5.6694293e+02   3.1322190e-04
   5.6955150e+02   3.2725546e-04
   5.7216008e+02   3.4171190e-04
   5.7476865e+02   3.5659264e-04
   5.7737722e+02   3.7189848e-04
   5.7998580e+02   3.8762957e-04
   5.8259437e+02   4.0378534e-04
   5.8520294e+02   4.2036455e-04
   5.8781152e+02   4.3736521e-04
   5.9042009e+02   4.5478461e-04
   5.9302866e+02   4.7261924e-04
   5.9563724e+02   4.9086486e-04
   5.9824581e+02   5.0951640e-04
   6.0085438e+02   5.2856803e-04
   6.0346296e+02   5.4801308e-04
   6.0607153e+02   5.6784407e-04
   6.0868011e+02   5.8805272e-04
   6.1128868e+02   6.0862989e-04
   6.1389725e+02   6.2956566e-04
   6.1650583e+02   6.5084925e-04
   6.1911440e+02   6.7246910e-04
   6.2172297e+02   6.9441281e-04
   6.2433155e+02   7.1666720e-04
   6.2694012e+02   7.3921831e-04
   6.2954869e+02   7.6205138e-04
   6.3215727e+02   7.8515093e-04
   6.3476584e+02   8.0850072e-04
   6.3737441e+02   8.3208383e-04
   6.3998299e+02   8.5588262e-04
   6.4259156e+02   8.7987881e-04
   6.4520014e+02   9.0405350e-04
   6.4780871e+02   9.2838718e-04
   6.5041728e+02   9.5285978e-04
   6.5302586e+02   9.7745070e-04
   6.5563443e+02   1.0021389e-03
   6.5824300e+02   1.0269028e-03
   6.6085158e+02   1.0517204e-03
   6.6346015e+02   1.0765696e-03
   6.6606872e+02   1.1014277e-03
   6.6867730e+02   1.1262718e-03
   6.7128587e+02   1.1510788e-03
   6.7389444e+02   1.1758255e-03
   6.7650302e+02   1.2004884e-03
   6.7911159e+02   1.2250441e-03
   6.8172017e+02   1.2494692e-03
   6.8432874e+02   1.2737401e-03
   6.8693731e+02   1.2978336e-03
   6.8954589e+02   1.3217263e-03
   6.9215446e+02   1.3453952e-03
   6.9476303e+02   1.3688176e-03
   6.9737161e+02   1.3919709e-03
   6.9998018e+02   1.4148328e-03
   7.0258875e+02   1.4373816e-03
   7.0519733e+02   1.4595960e-03
   7.0780590e+02   1.4814549e-03
   7.1041447e+02   1.5029381e-03
   7.1302305e+02   1.5240257e-03
   7.1563162e+02   1.5446986e-03
   7.1824020e+02   1.5649382e-03
   7.2084877e+02   1.5847265e-03
   7.2345734e+02   1.6040466e-03
   7.2606592e+02   1.6228819e-03
   7.2867449e+02   1.6412169e-03
   7.3128306e+02   1.6590368e-03
   7.3389164e+02   1.6763276e-03
   7.3650021e+02   1.6930763e-03
   7.3910878e+02   1.7092706e-03
   7.4171736e+02   1.7248992e-03
   7.4432593e+02   1.7399517e-03
   7.4693450e+02   1.7544187e-03
   7.4954308e+02   1.7682917e-03
   7.5215165e+02   1.7815631e-03
   7.5476023e+02   1.7942262e-03
   7.5736880e+02   1.8062754e-03
   7.5997737e+02   1.8177060e-03
   7.6258595e+02   1.8285142e-03
   7.6519452e+02   1.8386972e-03
   7.6780309e+02   1.8482530e-03
   7.7041167e+02   1.8571807e-03
   7.7302024e+02   1.8654803e-03
   7.7562881e+02   1.8731525e-03
   7.7823739e+02   1.8801991e-03
   7.8084596e+02   1.8866225e-03
   7.8345453e+02   1.8924263e-03
   7.8606311e+02   1.8976145e-03
   7.8867168e+02   1.9021921e-03
   7.9128026e+02   1.9061649e-03
   7.9388883e+02   1.9095394e-03
   7.9649740e+02   1.9123225e-03
   7.9910598e+02   1.9145223e-03
   8.0171455e+02   1.9161470e-03
   8.0432312e+02   1.9172059e-03
   8.0693170e+02   1.9177083e-03
   8.0954027e+02   1.9176646e-03
   8.1214884e+02   1.9170853e-03
   8.1475742e+02   1.9159815e-03
   8.1736599e+02   1.9143648e-03
   8.1997456e+02   1.9122471e-03
   8.2258314e+02   1.9096405e-03
   8.2519171e+02   1.9065578e-03
   8.2780029e+02   1.9030117e-03
   8.3040886e+02   1.8990154e-03
   8.3301743e+02   1.8945822e-03
   8.3562601e+02   1.8897257e-03
   8.3823458e+02   1.8844593e-03
   8.4084315e+02   1.8787971e-03
   8.4345173e+02   1.8727527e-03
   8.4606030e+02   1.8663401e-03
   8.4866887e+02   1.8595732e-03
   8.5127745e+02   1.8524660e-03
   8.5388602e+02   1.8450323e-03
   8.5649459e+02   1.8372860e-03
   8.5910317e+02   1.8292408e-03
   8.6171174e+02   1.8209103e-03
   8.6432032e+02   1.8123081e-03
   8.6692889e+02   1.8034476e-03
   8.6953746e+02   1.7943419e-03
   8.7214604e+02   1.7850039e-03
   8.7475461e+02   1.7754467e-03
   8.7736318e+02   1.7656826e-03
   8.7997176e+02   1.7557240e-03
   8.8258033e+02   1.7455830e-03
   8.8518890e+02   1.7352715e-03
   8.8779748e+02   1.7248009e-03
   8.9040605e+02   1.7141826e-03
   8.9301462e+02   1.7034274e-03
   8.9562320e+02   1.6925462e-03
   8.9823177e+02   1.6815492e-03
   9.0084035e+02   1.6704465e-03
   9.0344892e+02   1.6592479e-03
   9.0605749e+02   1.6479628e-03
   9.0866607e+02   1.6366003e-03
   9.1127464e+02   1.6251692e-03
   9.1388321e+02   1.6136780e-03
   9.1649179e+02   1.6021348e-03
   9.1910036e+02   1.5905475e-03
   9.2170893e+02   1.5789235e-03
   9.2431751e+02   1.5672702e-03
   9.2692608e+02   1.5555944e-03
   9.2953465e+02   1.5439027e-03
   9.3214323e+02   1.5322014e-03
   9.3475180e+02   1.5204966e-03
   9.3736038e+02   1.5087939e-03
   9.3996895e+02   1.4970988e-03
   9.4257752e+02   1.4854164e-03
   9.4518610e+02   1.4737517e-03
   9.4779467e+02   1.4621093e-03
   9.5040324e+02   1.4504935e-03
   9.5301182e+02   1.4389084e-03
   9.5562039e+02   1.4273580e-03
   9.5822896e+02   1.4158460e-03
   9.6083754e+02   1.4043757e-03
   9.6344611e+02   1.3929504e-03
   9.6605468e+02   1.3815730e-03
   9.6866326e+02   1.3702464e-03
   9.7127183e+02   1.3589732e-03
   9.7388041e+02   1.3477558e-03
   9.7648898e+02   1.3365965e-03
   9.7909755e+02   1.3254973e-03
   9.8170613e+02   1.3144602e-03
   9.8431470e+02   1.3034868e-03
   9.8692327e+02   1.2925789e-03
   9.8953185e+02   1.2817379e-03
   9.9214042e+02   1.2709652e-03
   9.9474899e+02   1.2602619e-03
   9.9735757e+02   1.2496291e-03
   9.9996614e+02   1.2390678e-03
   1.0025747e+03   1.2285789e-03
   1.0051833e+03   1.2181631e-03
   1.0077919e+03   1.2078212e-03
   1.0104004e+03   1.1975536e-03
   1.0130090e+03   1.1873609e-03
   1.0156176e+03   1.1772435e-03
   1.0182262e+03   1.1672017e-03
   1.0208347e+03   1.1572357e-03
   1.0234433e+03   1.1473459e-03
   1.0260519e+03   1.1375323e-03
   1.0286605e+03   1.1277950e-03
   1.0312690e+03   1.1181340e-03
   1.0338776e+03   1.1085493e-03
   1.0364862e+03   1.0990409e-03
   1.0390947e+03   1.0896085e-03
   1.0417033e+03   1.0802521e-03
   1.0443119e+03   1.0709715e-03
   1.0469205e+03   1.0617664e-03
   1.0495290e+03   1.0526366e-03
   1.0521376e+03   1.0435818e-03
   1.0547462e+03   1.0346017e-03
   1.0573548e+03   1.0256960e-03
   1.0599633e+03   1.0168642e-03
   1.0625719e+03   1.0081061e-03
   1.0651805e+03   9.9942117e-04
   1.0677891e+03   9.9080906e-04
   1.0703976e+03   9.8226933e-04
   1.0730062e+03   9.7380155e-04
   1.0756148e+03   9.6540525e-04
   1.0782233e+03   9.5707997e-04
   1.0808319e+03   9.4882525e-04
   1.0834405e+03   9.4064059e-04
   1.0860491e+03   9.3252552e-04
   1.0886576e+03   9.2447954e-04
   1.0912662e+03   9.1650215e-04
   1.0938748e+03   9.0859284e-04
   1.0964834e+03   9.0075111e-04
   1.0990919e+03   8.9297645e-04
   1.1017005e+03   8.8526834e-04
   1.1043091e+03   8.7762627e-04
   1.1069177e+03   8.7004972e-04
   1.1095262e+03   8.6253818e-04
   1.1121348e+03   8.5509113e-04
   1.1147434e+03   8.4770805e-04
   1.1173520e+03   8.4038843e-04
   1.1199605e+03   8.3313175e-04
   1.1225691e+03   8.2593750e-04
   1.1251777e+03   8.1880516e-04
   1.1277862e+03   8.1173423e-04
   1.1303948e+03   8.0472419e-04
   1.1330034e+03   7.9777454e-04
   1.1356120e+03   7.9088478e-04
   1.1382205e+03   7.8405440e-04
   1.1408291e+03   7.7728290e-04
   1.1434377e+03   7.7056979e-04
   1.1460463e+03   7.6391457e-04
   1.1486548e+03   7.5731676e-04
   1.1512634e+03   7.5077587e-04
   1.1538720e+03   7.4429141e-04
   1.1564806e+03   7.3786291e-04
   1.1590891e+03   7.3148988e-04
   1.1616977e+03   7.2517186e-04
   1.1643063e+03   7.1890837e-04
   1.1669148e+03   7.1269895e-04
   1.1695234e+03   7.0654313e-04
   1.1721320e+03   7.0044046e-04
   1.1747406e+03   6.9439048e-04
   1.1773491e+03   6.8839273e-04
   1.1799577e+03   6.8244677e-04
   1.1825663e+03   6.7655216e-04
   1.1851749e+03   6.7070844e-04
   1.1877834e+03   6.6491519e-04
   1.1903920e+03   6.5917197e-04
   1.1930006e+03   6.5347834e-04
   1.1956092e+03   6.4783389e-04
   1.1982177e+03   6.4223818e-04
   1.2008263e+03   6.3669081e-04
   1.2034349e+03   6.3119134e-04
   1.2060435e+03   6.2573937e-04
   1.2086520e+03   6.2033448e-04
   1.2112606e+03   6.1497628e-04
   1.2138692e+03   6.0966436e-04
   1.2164777e+03   6.0439832e-04
   1.2190863e+03   5.9917776e-04
   1.2216949e+03   5.9400229e-04
   1.2243035e+03   5.8887153e-04
   1.2269120e+03   5.8378508e-04
   1.2295206e+03   5.7874256e-04
   1.2321292e+03   5.7374360e-04
   1.2347378e+03   5.6878781e-04
   1.2373463e+03   5.6387483e-04
   1.2399549e+03   5.5900429e-04
   1.2425635e+03   5.5417582e-04
   1.2451721e+03   5.4938905e-04
   1.2477806e+03   5.4464363e-04
   1.2503892e+03   5.3993920e-04
   1.2529978e+03   5.3527540e-04
   1.2556064e+03   5.3065188e-04
   1.2582149e+03   5.2606830e-04
   1.2608235e+03   5.2152432e-04
   1.2634321e+03   5.1701958e-04
   1.2660406e+03   5.1255375e-04
   1.2686492e+03   5.0812650e-04
   1.2712578e+03   5.0373748e-04
   1.2738664e+03   4.9938638e-04
   1.2764749e+03   4.9507286e-04
   1.2790835e+03   4.9079660e-04
   1.2816921e+03   4.8655728e-04
   1.2843007e+03   4.8235457e-04
   1.2869092e+03   4.7818817e-04
   1.2895178e+03   4.7405775e-04
   1.2921264e+03   4.6996301e-04
   1.2947350e+03   4.6590364e-04
   1.2973435e+03   4.6187933e-04
   1.2999521e+03   4.5788978e-04
   1.3025607e+03   4.5393469e-04
   1.3051692e+03   4.5001377e-04
   1.3077778e+03   4.4612671e-04
   1.3103864e+03   4.4227323e-04
   1.3129950e+03   4.3845303e-04
   1.3156035e+03   4.3466583e-04
   1.3182121e+03   4.3091135e-04
   1.3208207e+03   4.2718929e-04
   1.3234293e+03   4.2349938e-04
   1.3260378e+03   4.1984135e-04
   1.3286464e+03   4.1621491e-04
   1.3312550e+03   4.1261979e-04
   1.3338636e+03   4.0905573e-04
   1.3364721e+03   4.0552246e-04
   1.3390807e+03   4.0201970e-04
   1.3416893e+03   3.9854720e-04
   1.3442979e+03   3.9510469e-04
   1.3469064e+03   3.9169192e-04
   1.3495150e+03   3.8830862e-04
   1.3521236e+03   3.8495455e-04
   1.3547321e+03   3.8162946e-04
   1.3573407e+03   3.7833308e-04
   1.3599493e+03   3.7506517e-04
   1.3625579e+03   3.7182549e-04
   1.3651664e+03   3.6861380e-04
   1.3677750e+03   3.6542985e-04
   1.3703836e+03   3.6227339e-04
   1.3729922e+03   3.5914421e-04
   1.3756007e+03   3.5604205e-04
   1.3782093e+03   3.5296669e-04
   1.3808179e+03   3.4991789e-04
   1.3834265e+03   3.4689542e-04
   1.3860350e+03   3.4389906e-04
   1.3886436e+03   3.4092859e-04
   1.3912522e+03   3.3798377e-04
   1.3938608e+03   3.3506439e-04
   1.3964693e+03   3.3217022e-04
   1.3990779e+03   3.2930105e-04
   1.4016865e+03   3.2645667e-04
   1.4042950e+03   3.2363685e-04
   1.4069036e+03   3.2084140e-04
   1.4095122e+03   3.1807008e-04
   1.4121208e+03   3.1532271e-04
   1.4147293e+03   3.1259906e-04
   1.4173379e+03   3.0989895e-04
   1.4199465e+03   3.0722215e-04
   1.4225551e+03   3.0456848e-04
   1.4251636e+03   3.0193772e-04
   1.4277722e+03   2.9932969e-04
   1.4303808e+03   2.9674419e-04
   1.4329894e+03   2.9418102e-04
   1.4355979e+03   2.9163999e-04
   1.4382065e+03   2.8912091e-04
   1.4408151e+03   2.8662359e-04
   1.4434236e+03   2.8414784e-04
   1.4460322e+03   2.8169347e-04
   1.4486408e+03   2.7926030e-04
   1.4512494e+03   2.7684815e-04
   1.4538579e+03   2.7445684e-04
   1.4564665e+03   2.7208618e-04
   1.4590751e+03   2.6973600e-04
   1.4616837e+03   2.6740611e-04
   1.4642922e+03   2.6509635e-04
   1.4669008e+03   2.6280655e-04
   1.4695094e+03   2.6053652e-04
   1.4721180e+03   2.5828610e-04
   1.4747265e+03   2.5605512e-04
   1.4773351e+03   2.5384340e-04
   1.4799437e+03   2.5165080e-04
   1.4825523e+03   2.4947713e-04
   1.4851608e+03   2.4732223e-04
   1.4877694e+03   2.4518595e-04
   1.4903780e+03   2.4306812e-04
   1.4929865e+03   2.4096859e-04
   1.4955951e+03   2.3888719e-04
   1.4982037e+03   2.3682377e-04
   1.5008123e+03   2.3477817e-04
   1.5034208e+03   2.3275024e-04
   1.5060294e+03   2.3073983e-04
   1.5086380e+03   2.2874678e-04
   1.5112466e+03   2.2677095e-04
   1.5138551e+03   2.2481218e-04
   1.5164637e+03   2.2287033e-04
   1.5190723e+03   2.2094526e-04
   1.5216809e+03   2.1903682e-04
   1.5242894e+03   2.1714485e-04
   1.5268980e+03   2.1526923e-04
   1.5295066e+03   2.1340982e-04
   1.5321152e+03   2.1156646e-04
   1.5347237e+03   2.0973902e-04
   1.5373323e+03   2.0792737e-04
   1.5399409e+03   2.0613137e-04
   1.5425494e+03   2.0435088e-04
   1.5451580e+03   2.0258577e-04
   1.5477666e+03   2.0083591e-04
   1.5503752e+03   1.9910116e-04
   1.5529837e+03   1.9738140e-04
   1.5555923e+03   1.9567649e-04
   1.5582009e+03   1.9398631e-04
   1.5608095e+03   1.9231072e-04
   1.5634180e+03   1.9064961e-04
   1.5660266e+03   1.8900285e-04
   1.5686352e+03   1.8737031e-04
   1.5712438e+03   1.8575187e-04
   1.5738523e+03   1.8414741e-04
   1.5764609e+03   1.8255682e-04
   1.5790695e+03   1.8097995e-04
   1.5816780e+03   1.7941672e-04
   1.5842866e+03   1.7786698e-04
   1.5868952e+03   1.7633063e-04
   1.5895038e+03   1.7480755e-04
   1.5921123e+03   1.7329762e-04
   1.5947209e+03   1.7180074e-04
   1.5973295e+03   1.7031679e-04
   1.5999381e+03   1.6884565e-04
   1.6025466e+03   1.6738722e-04
   1.6051552e+03   1.6594139e-04
   1.6077638e+03   1.6450805e-04
   1.6103724e+03   1.6308709e-04
   1.6129809e+03   1.6167840e-04
   1.6155895e+03   1.6028188e-04
   1.6181981e+03   1.5889742e-04
   1.6208067e+03   1.5752493e-04
   1.6234152e+03   1.5616428e-04
   1.6260238e+03   1.5481539e-04
   1.6286324e+03   1.5347815e-04
   1.6312409e+03   1.5215246e-04
   1.6338495e+03   1.5083822e-04
   1.6364581e+03   1.4953534e-04
   1.6390667e+03   1.4824371e-04
   1.6416752e+03   1.4696323e-04
   1.6442838e+03   1.4569381e-04
   1.6468924e+03   1.4443536e-04
   1.6495010e+03   1.4318778e-04
   1.6521095e+03   1.4195098e-04
   1.6547181e+03   1.4072486e-04
   1.6573267e+03   1.3950933e-04
   1.6599353e+03   1.3830429e-04
   1.6625438e+03   1.3710967e-04
   1.6651524e+03   1.3592537e-04
   1.6677610e+03   1.3475129e-04
   1.6703695e+03   1.3358736e-04
   1.6729781e+03   1.3243348e-04
   1.6755867e+03   1.3128957e-04
   1.6781953e+03   1.3015554e-04
   1.6808038e+03   1.2903130e-04
   1.6834124e+03   1.2791677e-04
   1.6860210e+03   1.2681187e-04
   1.6886296e+03   1.2571652e-04
   1.6912381e+03   1.2463062e-04
   1.6938467e+03   1.2355411e-04
   1.6964553e+03   1.2248689e-04
   1.6990639e+03   1.2142890e-04
   1.7016724e+03   1.2038004e-04
   1.7042810e+03   1.1934024e-04
   1.7068896e+03   1.1830942e-04
   1.7094982e+03   1.1728751e-04
   1.7121067e+03   1.1627442e-04
   1.7147153e+03   1.1527008e-04
   1.7173239e+03   1.1427442e-04
   1.7199324e+03   1.1328736e-04
   1.7225410e+03   1.1230882e-04
   1.7251496e+03   1.1133874e-04
   1.7277582e+03   1.1037704e-04
   1.7303667e+03   1.0942364e-04
   1.7329753e+03   1.0847848e-04
   1.7355839e+03   1.0754148e-04
   1.7381925e+03   1.0661257e-04
   1.7408010e+03   1.0569169e-04
   1.7434096e+03   1.0477877e-04
   1.7460182e+03   1.0387372e-04
   1.7486268e+03   1.0297650e-04
   1.7512353e+03   1.0208703e-04
   1.7538439e+03   1.0120524e-04
   1.7564525e+03   1.0033106e-04
   1.7590611e+03   9.9464438e-05
   1.7616696e+03   9.8605300e-05
   1.7642782e+03   9.7753583e-05
   1.7668868e+03   9.6909222e-05
   1.7694953e+03   9.6072155e-05
   1.7721039e+03   9.5242318e-05
   1.7747125e+03   9.4419650e-05
   1.7773211e+03   9.3604087e-05
   1.7799296e+03   9.2795568e-05
   1.7825382e+03   9.1994033e-05
   1.7851468e+03   9.1199422e-05
   1.7877554e+03   9.0411674e-05
   1.7903639e+03   8.9630731e-05
   1.7929725e+03   8.8856533e-05
   1.7955811e+03   8.8089022e-05
   1.7981897e+03   8.7328141e-05
   1.8007982e+03   8.6573832e-05
   1.8034068e+03   8.5826038e-05
   1.8060154e+03   8.5084703e-05
   1.8086239e+03   8.4349772e-05
   1.8112325e+03   8.3621189e-05
   1.8138411e+03   8.2898900e-05
   1.8164497e+03   8.2182849e-05
   1.8190582e+03   8.1472983e-05
   1.8216668e+03   8.0769249e-05
   1.8242754e+03   8.0071593e-05
   1.8268840e+03   7.9379963e-05
   1.8294925e+03   7.8694308e-05
   1.8321011e+03   7.8014574e-05
   1.8347097e+03   7.7340713e-05
   1.8373183e+03   7.6672671e-05
   1.8399268e+03   7.6010400e-05
   1.8425354e+03   7.5353850e-05
   1.8451440e+03   7.4702970e-05
   1.8477526e+03   7.4057713e-05
   1.8503611e+03   7.3418029e-05
   1.8529697e+03   7.2783871e-05
   1.8555783e+03   7.2155190e-05
   1.8581868e+03   7.1531939e-05
   1.8607954e+03   7.0914072e-05
   1.8634040e+03   7.0301542e-05
   1.8660126e+03   6.9694302e-05
   1.8686211e+03   6.9092308e-05
   1.8712297e+03   6.8495513e-05
   1.8738383e+03   6.7903874e-05
   1.8764469e+03   6.7317345e-05
   1.8790554e+03   6.6735882e-05
   1.8816640e+03   6.6159441e-05
   1.8842726e+03   6.5587980e-05
   1.8868812e+03   6.5021454e-05
   1.8894897e+03   6.4459822e-05
   1.8920983e+03   6.3903042e-05
   1.8947069e+03   6.3351070e-05
   1.8973155e+03   6.2803866e-05
   1.8999240e+03   6.2261389e-05
   1.9025326e+03   6.1723598e-05
   1.9051412e+03   6.1190451e-05
   1.9077497e+03   6.0661910e-05
   1.9103583e+03   6.0137934e-05
   1.9129669e+03   5.9618485e-05
   1.9155755e+03   5.9103522e-05
   1.9181840e+03   5.8593007e-05
   1.9207926e+03   5.8086901e-05
   1.9234012e+03   5.7585168e-05
   1.9260098e+03   5.7087768e-05
   1.9286183e+03   5.6594664e-05
   1.9312269e+03   5.6105820e-05
   1.9338355e+03   5.5621198e-05
   1.9364441e+03   5.5140762e-05
   1.9390526e+03   5.4664476e-05
   1.9416612e+03   5.4192304e-05
   1.9442698e+03   5.3724210e-05
   1.9468783e+03   5.3260160e-05
   1.9494869e+03   5.2800118e-05
   1.9520955e+03   5.2344049e-05
   1.9547041e+03   5.1891920e-05
   1.9573126e+03   5.1443696e-05
   1.9599212e+03   5.0999344e-05
   1.9625298e+03   5.0558830e-05
   1.9651384e+03   5.0122121e-05
   1.9677469e+03   4.9689184e-05
   1.9703555e+03   4.9259987e-05
   1.9729641e+03   4.8834497e-05
   1.9755727e+03   4.8412682e-05
   1.9781812e+03   4.7994511e-05
   1.9807898e+03   4.7579951e-05
   1.9833984e+03   4.7168973e-05
   1.9860070e+03   4.6761544e-05
   1.9886155e+03   4.6357635e-05
   1.9912241e+03   4.5957214e-05
   1.9938327e+03   4.5560252e-05
   1.9964412e+03   4.5166719e-05
   1.9990498e+03   4.4776585e-05
   2.0016584e+03   4.4389821e-05
   2.0042670e+03   4.4006398e-05
   2.0068755e+03   4.3626287e-05
   2.0094841e+03   4.3249459e-05
   2.0120927e+03   4.2875885e-05
   2.0147013e+03   4.2505539e-05
   2.0173098e+03   4.2138391e-05
   2.0199184e+03   4.1774415e-05
   2.0225270e+03   4.1413583e-05
   2.0251356e+03   4.1055867e-05
   2.0277441e+03   4.0701241e-05
   2.0303527e+03   4.0349678e-05
   2.0329613e+03   4.0001152e-05
   2.0355698e+03   3.9655637e-05
   2.0381784e+03   3.9313106e-05
   2.0407870e+03   3.8973533e-05
   2.0433956e+03   3.8636894e-05
   2.0460041e+03   3.8303162e-05
   2.0486127e+03   3.7972313e-05
   2.0512213e+03   3.7644322e-05
   2.0538299e+03   3.7319164e-05
   2.0564384e+03   3.6996815e-05
   2.0590470e+03   3.6677249e-05
   2.0616556e+03   3.6360444e-05
   2.0642642e+03   3.6046376e-05
   2.0668727e+03   3.5735020e-05
   2.0694813e+03   3.5426354e-05
   2.0720899e+03   3.5120354e-05
   2.0746985e+03   3.4816997e-05
   2.0773070e+03   3.4516260e-05
   2.0799156e+03   3.4218121e-05
   2.0825242e+03   3.3922557e-05
   2.0851327e+03   3.3629547e-05
   2.0877413e+03   3.3339067e-05
   2.0903499e+03   3.3051096e-05
   2.0929585e+03   3.2765612e-05
   2.0955670e+03   3.2482595e-05
   2.0981756e+03   3.2202022e-05
   2.1007842e+03   3.1923872e-05
   2.1033928e+03   3.1648125e-05
   2.1060013e+03   3.1374760e-05
   2.1086099e+03   3.1103756e-05
   2.1112185e+03   3.0835093e-05
   2.1138271e+03   3.0568751e-05
   2.1164356e+03   3.0304709e-05
   2.1190442e+03   3.0042948e-05
   2.1216528e+03   2.9783448e-05
   2.1242614e+03   2.9526189e-05
   2.1268699e+03   2.9271152e-05
   2.1294785e+03   2.9018319e-05
   2.1320871e+03   2.8767669e-05
   2.1346956e+03   2.8519184e-05
   2.1373042e+03   2.8272846e-05
   2.1399128e+03   2.8028635e-05
   2.1425214e+03   2.7786534e-05
   2.1451299e+03   2.7546524e-05
   2.1477385e+03   2.7308587e-05
   2.1503471e+03   2.7072705e-05
   2.1529557e+03   2.6838861e-05
   2.1555642e+03   2.6607036e-05
   2.1581728e+03   2.6377214e-05
   2.1607814e+03   2.6149377e-05
   2.1633900e+03   2.5923508e-05
   2.1659985e+03   2.5699590e-05
   2.1686071e+03   2.5477607e-05
   2.1712157e+03   2.5257540e-05
   2.1738242e+03   2.5039375e-05
   2.1764328e+03   2.4823094e-05
   2.1790414e+03   2.4608681e-05
   2.1816500e+03   2.4396120e-05
   2.1842585e+03   2.4185395e-05
   2.1868671e+03   2.3976490e-05
   2.1894757e+03   2.3769390e-05
   2.1920843e+03   2.3564078e-05
   2.1946928e+03   2.3360540e-05
   2.1973014e+03   2.3158760e-05
   2.1999100e+03   2.2958723e-05
   2.2025186e+03   2.2760414e-05
   2.2051271e+03   2.2563818e-05
   2.2077357e+03   2.2368920e-05
   2.2103443e+03   2.2175705e-05
   2.2129529e+03   2.1984159e-05
   2.2155614e+03   2.1794268e-05
   2.2181700e+03   2.1606017e-05
   2.2207786e+03   2.1419392e-05
   2.2233871e+03   2.1234379e-05
   2.2259957e+03   2.1050964e-05
   2.2286043e+03   2.0869133e-05
   2.2312129e+03   2.0688873e-05
   2.2338214e+03   2.0510170e-05
   2.2364300e+03   2.0333011e-05
   2.2390386e+03   2.0157381e-05
   2.2416472e+03   1.9983269e-05
   2.2442557e+03   1.9810661e-05
   2.2468643e+03   1.9639544e-05
   2.2494729e+03   1.9469904e-05
   2.2520815e+03   1.9301730e-05
   2.2546900e+03   1.9135009e-05
   2.2572986e+03   1.8969727e-05
   2.2599072e+03   1.8805874e-05
   2.2625158e+03   1.8643435e-05
   2.2651243e+03   1.8482400e-05
   2.2677329e+03   1.8322756e-05
   2.2703415e+03   1.8164490e-05
   2.2729500e+03   1.8007592e-05
   2.2755586e+03   1.7852049e-05
   2.2781672e+03   1.7697849e-05
   2.2807758e+03   1.7544982e-05
   2.2833843e+03   1.7393435e-05
   2.2859929e+03   1.7243196e-05
   2.2886015e+03   1.7094256e-05
   2.2912101e+03   1.6946602e-05
   2.2938186e+03   1.6800223e-05
   2.2964272e+03   1.6655109e-05
   2.2990358e+03   1.6511248e-05
   2.3016444e+03   1.6368630e-05
   2.3042529e+03   1.6227243e-05
   2.3068615e+03   1.6087078e-05
   2.3094701e+03   1.5948124e-05
   2.3120786e+03   1.5810370e-05
   2.3146872e+03   1.5673805e-05
   2.3172958e+03   1.5538421e-05
   2.3199044e+03   1.5404205e-05
   2.3225129e+03   1.5271149e-05
   2.3251215e+03   1.5139243e-05
   2.3277301e+03   1.5008475e-05
   2.3303387e+03   1.4878838e-05
   2.3329472e+03   1.4750320e-05
   2.3355558e+03   1.4622912e-05
   2.3381644e+03   1.4496604e-05
   2.3407730e+03   1.4371388e-05
   2.3433815e+03   1.4247253e-05
   2.3459901e+03   1.4124190e-05
   2.3485987e+03   1.4002191e-05
   2.3512073e+03   1.3881245e-05
   2.3538158e+03   1.3761343e-05
   2.3564244e+03   1.3642478e-05
   2.3590330e+03   1.3524639e-05
   2.3616415e+03   1.3407818e-05
   2.3642501e+03   1.3292006e-05
   2.3668587e+03   1.3177195e-05
   2.3694673e+03   1.3063375e-05
   2.3720758e+03   1.2950538e-05
   2.3746844e+03   1.2838676e-05
   2.3772930e+03   1.2727780e-05
   2.3799016e+03   1.2617842e-05
   2.3825101e+03   1.2508854e-05
   2.3851187e+03   1.2400807e-05
   2.3877273e+03   1.2293693e-05
   2.3903359e+03   1.2187505e-05
   2.3929444e+03   1.2082233e-05
   2.3955530e+03   1.1977871e-05
   2.3981616e+03   1.1874411e-05
   2.4007702e+03   1.1771844e-05
   2.4033787e+03   1.1670163e-05
   2.4059873e+03   1.1569360e-05
   2.4085959e+03   1.1469428e-05
   2.4112044e+03   1.1370359e-05
   2.4138130e+03   1.1272146e-05
   2.4164216e+03   1.1174782e-05
   2.4190302e+03   1.1078258e-05
   2.4216387e+03   1.0982568e-05
   2.4242473e+03   1.0887704e-05
   2.4268559e+03   1.0793660e-05
   2.4294645e+03   1.0700429e-05
   2.4320730e+03   1.0608002e-05
   2.4346816e+03   1.0516374e-05
   2.4372902e+03   1.0425537e-05
   2.4398988e+03   1.0335485e-05
   2.4425073e+03   1.0246211e-05
   2.4451159e+03   1.0157708e-05
   2.4477245e+03   1.0069969e-05
   2.4503330e+03   9.9829886e-06
   2.4529416e+03   9.8967591e-06
   2.4555502e+03   9.8112745e-06
   2.4581588e+03   9.7265282e-06
   2.4607673e+03   9.6425140e-06
   2.4633759e+03   9.5592254e-06
   2.4659845e+03   9.4766563e-06
   2.4685931e+03   9.3948003e-06
   2.4712016e+03   9.3136514e-06
   2.4738102e+03   9.2332034e-06
   2.4764188e+03   9.1534503e-06
   2.4790274e+03   9.0743861e-06
   2.4816359e+03   8.9960048e-06
   2.4842445e+03   8.9183006e-06
   2.4868531e+03   8.8412675e-06
   2.4894617e+03   8.7648998e-06
   2.4920702e+03   8.6891918e-06
   2.4946788e+03   8.6141377e-06
   2.4972874e+03   8.5397318e-06
   2.4998959e+03   8.4659687e-06
   2.5025045e+03   8.3928427e-06
   2.5051131e+03   8.3203484e-06
   2.5077217e+03   8.2484802e-06
   2.5103302e+03   8.1772328e-06
   2.5129388e+03   8.1066008e-06
   2.5155474e+03   8.0365789e-06
   2.5181560e+03   7.9671618e-06
   2.5207645e+03   7.8983443e-06
   2.5233731e+03   7.8301213e-06
   2.5259817e+03   7.7624875e-06
   2.5285903e+03   7.6954379e-06
   2.5311988e+03   7.6289675e-06
   2.5338074e+03   7.5630712e-06
   2.5364160e+03   7.4977441e-06
   2.5390245e+03   7.4329813e-06
   2.5416331e+03   7.3687779e-06
   2.5442417e+03   7.3051290e-06
   2.5468503e+03   7.2420300e-06
   2.5494588e+03   7.1794759e-06
   2.5520674e+03   7.1174622e-06
   2.5546760e+03   7.0559841e-06
   2.5572846e+03   6.9950370e-06
   2.5598931e+03   6.9346164e-06
   2.5625017e+03   6.8747177e-06
   2.5651103e+03   6.8153364e-06
   2.5677189e+03   6.7564679e-06
   2.5703274e+03   6.6981080e-06
   2.5729360e+03   6.6402522e-06
   2.5755446e+03   6.5828960e-06
   2.5781532e+03   6.5260354e-06
   2.5807617e+03   6.4696658e-06
   2.5833703e+03   6.4137832e-06
   2.5859789e+03   6.3583832e-06
   2.5885874e+03   6.3034618e-06
   2.5911960e+03   6.2490147e-06
   2.5938046e+03   6.1950380e-06
   2.5964132e+03   6.1415275e-06
   2.5990217e+03   6.0884792e-06
   2.6016303e+03   6.0358891e-06
   2.6042389e+03   5.9837533e-06
   2.6068475e+03   5.9320677e-06
   2.6094560e+03   5.8808287e-06
   2.6120646e+03   5.8300322e-06
   2.6146732e+03   5.7796745e-06
   2.6172818e+03   5.7297517e-06
   2.6198903e+03   5.6802602e-06
   2.6224989e+03   5.6311961e-06
   2.6251075e+03   5.5825559e-06
   2.6277161e+03   5.5343358e-06
   2.6303246e+03   5.4865322e-06
   2.6329332e+03   5.4391415e-06
   2.6355418e+03   5.3921601e-06
   2.6381503e+03   5.3455846e-06
   2.6407589e+03   5.2994114e-06
   2.6433675e+03   5.2536370e-06
   2.6459761e+03   5.2082579e-06
   2.6485846e+03   5.1632709e-06
   2.6511932e+03   5.1186724e-06
   2.6538018e+03   5.0744591e-06
   2.6564104e+03   5.0306278e-06
   2.6590189e+03   4.9871750e-06
   2.6616275e+03   4.9440976e-06
   2.6642361e+03   4.9013923e-06
   2.6668447e+03   4.8590558e-06
   2.6694532e+03   4.8170850e-06
   2.6720618e+03   4.7754768e-06
   2.6746704e+03   4.7342279e-06
   2.6772789e+03   4.6933354e-06
   2.6798875e+03   4.6527960e-06
   2.6824961e+03   4.6126069e-06
   2.6851047e+03   4.5727648e-06
   2.6877132e+03   4.5332669e-06
   2.6903218e+03   4.4941102e-06
   2.6929304e+03   4.4552917e-06
   2.6955390e+03   4.4168085e-06
   2.6981475e+03   4.3786577e-06
   2.7007561e+03   4.3408364e-06
   2.7033647e+03   4.3033418e-06
   2.7059733e+03   4.2661711e-06
   2.7085818e+03   4.2293214e-06
   2.7111904e+03   4.1927901e-06
   2.7137990e+03   4.1565743e-06
   2.7164076e+03   4.1206713e-06
   2.7190161e+03   4.0850784e-06
   2.7216247e+03   4.0497930e-06
   2.7242333e+03   4.0148123e-06
   2.7268418e+03   3.9801338e-06
   2.7294504e+03   3.9457548e-06
   2.7320590e+03   3.9116728e-06
   2.7346676e+03   3.8778852e-06
   2.7372761e+03   3.8443894e-06
   2.7398847e+03   3.8111830e-06
   2.7424933e+03   3.7782633e-06
   2.7451019e+03   3.7456281e-06
   2.7477104e+03   3.7132747e-06
   2.7503190e+03   3.6812007e-06
   2.7529276e+03   3.6494039e-06
   2.7555362e+03   3.6178816e-06
   2.7581447e+03   3.5866317e-06
   2.7607533e+03   3.5556516e-06
   2.7633619e+03   3.5249392e-06
   2.7659705e+03   3.4944920e-06
   2.7685790e+03   3.4643079e-06
   2.7711876e+03   3.4343844e-06
   2.7737962e+03   3.4047194e-06
   2.7764047e+03   3.3753107e-06
   2.7790133e+03   3.3461560e-06
   2.7816219e+03   3.3172531e-06
   2.7842305e+03   3.2885998e-06
   2.7868390e+03   3.2601941e-06
   2.7894476e+03   3.2320337e-06
   2.7920562e+03   3.2041166e-06
   2.7946648e+03   3.1764406e-06
   2.7972733e+03   3.1490036e-06
   2.7998819e+03   3.1218037e-06
   2.8024905e+03   3.0948386e-06
   2.8050991e+03   3.0681065e-06
   2.8077076e+03   3.0416053e-06
   2.8103162e+03   3.0153330e-06
   2.8129248e+03   2.9892877e-06
   2.8155333e+03   2.9634673e-06
   2.8181419e+03   2.9378699e-06
   2.8207505e+03   2.9124937e-06
   2.8233591e+03   2.8873366e-06
   2.8259676e+03   2.8623968e-06
   2.8285762e+03   2.8376725e-06
   2.8311848e+03   2.8131617e-06
   2.8337934e+03   2.7888626e-06
   2.8364019e+03   2.7647734e-06
   2.8390105e+03   2.7408923e-06
   2.8416191e+03   2.7172174e-06
   2.8442277e+03   2.6937471e-06
   2.8468362e+03   2.6704795e-06
   2.8494448e+03   2.6474128e-06
   2.8520534e+03   2.6245454e-06
   2.8546620e+03   2.6018755e-06
   2.8572705e+03   2.5794015e-06
   2.8598791e+03   2.5571215e-06
   2.8624877e+03   2.5350340e-06
   2.8650962e+03   2.5131373e-06
   2.8677048e+03   2.4914298e-06
   2.8703134e+03   2.4699097e-06
   2.8729220e+03   2.4485755e-06
   2.8755305e+03   2.4274256e-06
   2.8781391e+03   2.4064583e-06
   2.8807477e+03   2.3856722e-06
   2.8833563e+03   2.3650656e-06
   2.8859648e+03   2.3446371e-06
   2.8885734e+03   2.3243849e-06
   2.8911820e+03   2.3043077e-06
   2.8937906e+03   2.2844039e-06
   2.8963991e+03   2.2646721e-06
   2.8990077e+03   2.2451107e-06
   2.9016163e+03   2.2257182e-06
   2.9042248e+03   2.2064932e-06
   2.9068334e+03   2.1874344e-06
   2.9094420e+03   2.1685401e-06
   2.9120506e+03   2.1498090e-06
   2.9146591e+03   2.1312397e-06
   2.9172677e+03   2.1128309e-06
   2.9198763e+03   2.0945810e-06
   2.9224849e+03   2.0764887e-06
   2.9250934e+03   2.0585528e-06
   2.9277020e+03   2.0407717e-06
   2.9303106e+03   2.0231443e-06
   2.9329192e+03   2.0056691e-06
   2.9355277e+03   1.9883448e-06
   2.9381363e+03   1.9711702e-06
   2.9407449e+03   1.9541440e-06
   2.9433535e+03   1.9372648e-06
   2.9459620e+03   1.9205314e-06
   2.9485706e+03   1.9039425e-06
   2.9511792e+03   1.8874970e-06
   2.9537877e+03   1.8711934e-06
   2.9563963e+03   1.8550307e-06
   2.9590049e+03   1.8390077e-06
   2.9616135e+03   1.8231230e-06
   2.9642220e+03   1.8073755e-06
   2.9668306e+03   1.7917640e-06
   2.9694392e+03   1.7762874e-06
   2.9720478e+03   1.7609445e-06
   2.9746563e+03   1.7457341e-06
   2.9772649e+03   1.7306551e-06
   2.9798735e+03   1.7157063e-06
   2.9824821e+03   1.7008866e-06
   2.9850906e+03   1.6861950e-06
   2.9876992e+03   1.6716302e-06
   2.9903078e+03   1.6571913e-06
   2.9929164e+03   1.6428771e-06
   2.9955249e+03   1.6286865e-06
   2.9981335e+03   1.6146185e-06
   3.0007421e+03   1.6006720e-06
   3.0033506e+03   1.5868460e-06
   3.0059592e+03   1.5731394e-06
   3.0085678e+03   1.5595511e-06
   3.0111764e+03   1.5460803e-06
   3.0137849e+03   1.5327258e-06
   3.0163935e+03   1.5194867e-06
   3.0190021e+03   1.5063619e-06
   3.0216107e+03   1.4933505e-06
   3.0242192e+03   1.4804515e-06
   3.0268278e+03   1.4676639e-06
   3.0294364e+03   1.4549867e-06
   3.0320450e+03   1.4424191e-06
   3.0346535e+03   1.4299600e-06
   3.0372621e+03   1.4176085e-06
   3.0398707e+03   1.4053637e-06
   3.0424792e+03   1.3932247e-06
   3.0450878e+03   1.3811905e-06
   3.0476964e+03   1.3692603e-06
   3.0503050e+03   1.3574331e-06
   3.0529135e+03   1.3457081e-06
   3.0555221e+03   1.3340843e-06
   3.0581307e+03   1.3225610e-06
   3.0607393e+03   1.3111372e-06
   3.0633478e+03   1.2998120e-06
   3.0659564e+03   1.2885847e-06
   3.0685650e+03   1.2774544e-06
   3.0711736e+03   1.2664202e-06
   3.0737821e+03   1.2554813e-06
   3.0763907e+03   1.2446369e-06
   3.0789993e+03   1.2338862e-06
   3.0816079e+03   1.2232283e-06
   3.0842164e+03   1.2126625e-06
   3.0868250e+03   1.2021880e-06
