   5.8190000e+02   1.0089362e-04
   5.8490901e+02   1.0603402e-04
   5.8791802e+02   1.1138057e-04
   5.9092703e+02   1.1693828e-04
   5.9393604e+02   1.2271209e-04
   5.9694505e+02   1.2870688e-04
   5.9995405e+02   1.3492741e-04
   6.0296306e+02   1.4137840e-04
   6.0597207e+02   1.4806441e-04
   6.0898108e+02   1.5498991e-04
   6.1199009e+02   1.6215922e-04
   6.1499910e+02   1.6957653e-04
   6.1800811e+02   1.7724585e-04
   6.2101712e+02   1.8517102e-04
   6.2402613e+02   1.9335569e-04
   6.2703514e+02   2.0180332e-04
   6.3004414e+02   2.1051713e-04
   6.3305315e+02   2.1950013e-04
   6.3606216e+02   2.2875508e-04
   6.3907117e+02   2.3828448e-04
   6.4208018e+02   2.4809056e-04
   6.4508919e+02   2.5817525e-04
   6.4809820e+02   2.6854021e-04
   6.5110721e+02   2.7918678e-04
   6.5411622e+02   2.9011595e-04
   6.5712523e+02   3.0132840e-04
   6.6013423e+02   3.1282447e-04
   6.6314324e+02   3.2460412e-04
   6.6615225e+02   3.3666695e-04
   6.6916126e+02   3.4901218e-04
   6.7217027e+02   3.6163863e-04
   6.7517928e+02   3.7454475e-04
   6.7818829e+02   3.8772854e-04
   6.8119730e+02   4.0118762e-04
   6.8420631e+02   4.1491918e-04
   6.8721532e+02   4.2891998e-04
   6.9022432e+02   4.4318635e-04
   6.9323333e+02   4.5771418e-04
   6.9624234e+02   4.7249893e-04
   6.9925135e+02   4.8753559e-04
   7.0226036e+02   5.0281875e-04
   7.0526937e+02   5.1834252e-04
   7.0827838e+02   5.3410058e-04
   7.1128739e+02   5.5008618e-04
   7.1429640e+02   5.6629211e-04
   7.1730541e+02   5.8271074e-04
   7.2031441e+02   5.9933400e-04
   7.2332342e+02   6.1615342e-04
   7.2633243e+02   6.3316007e-04
   7.2934144e+02   6.5034466e-04
   7.3235045e+02   6.6769747e-04
   7.3535946e+02   6.8520840e-04
   7.3836847e+02   7.0286698e-04
   7.4137748e+02   7.2066237e-04
   7.4438649e+02   7.3858338e-04
   7.4739550e+02   7.5661848e-04
   7.5040450e+02   7.7475584e-04
   7.5341351e+02   7.9298329e-04
   7.5642252e+02   8.1128841e-04
   7.5943153e+02   8.2965849e-04
   7.6244054e+02   8.4808059e-04
   7.6544955e+02   8.6654152e-04
   7.6845856e+02   8.8502790e-04
   7.7146757e+02   9.0352616e-04
   7.7447658e+02   9.2202256e-04
   7.7748559e+02   9.4050323e-04
   7.8049459e+02   9.5895417e-04
   7.8350360e+02   9.7736129e-04
   7.8651261e+02   9.9571043e-04
   7.8952162e+02   1.0139874e-03
   7.9253063e+02   1.0321779e-03
   7.9553964e+02   1.0502678e-03
   7.9854865e+02   1.0682429e-03
   8.0155766e+02   1.0860890e-03
   8.0456667e+02   1.1037921e-03
   8.0757568e+02   1.1213382e-03
   8.1058468e+02   1.1387134e-03
   8.1359369e+02   1.1559042e-03
   8.1660270e+02   1.1728969e-03
   8.1961171e+02   1.1896783e-03
   8.2262072e+02   1.2062354e-03
   8.2562973e+02   1.2225552e-03
   8.2863874e+02   1.2386252e-03
   8.3164775e+02   1.2544331e-03
   8.3465676e+02   1.2699671e-03
   8.3766577e+02   1.2852153e-03
   8.4067477e+02   1.3001666e-03
   8.4368378e+02   1.3148101e-03
   8.4669279e+02   1.3291352e-03
   8.4970180e+02   1.3431318e-03
   8.5271081e+02   1.3567902e-03
   8.5571982e+02   1.3701012e-03
   8.5872883e+02   1.3830558e-03
   8.6173784e+02   1.3956459e-03
   8.6474685e+02   1.4078634e-03
   8.6775586e+02   1.4197010e-03
   8.7076486e+02   1.4311517e-03
   8.7377387e+02   1.4422092e-03
   8.7678288e+02   1.4528675e-03
   8.7979189e+02   1.4631212e-03
   8.8280090e+02   1.4729655e-03
   8.8580991e+02   1.4823960e-03
   8.8881892e+02   1.4914088e-03
   8.9182793e+02   1.5000006e-03
   8.9483694e+02   1.5081686e-03
   8.9784595e+02   1.5159105e-03
   9.0085495e+02   1.5232246e-03
   9.0386396e+02   1.5301096e-03
   9.0687297e+02   1.5365647e-03
   9.0988198e+02   1.5425896e-03
   9.1289099e+02   1.5481848e-03
   9.1590000e+02   1.5533507e-03
   9.1890901e+02   1.5580888e-03
   9.2191802e+02   1.5624006e-03
   9.2492703e+02   1.5662882e-03
   9.2793604e+02   1.5697543e-03
   9.3094505e+02   1.5728019e-03
   9.3395405e+02   1.5754344e-03
   9.3696306e+02   1.5776555e-03
   9.3997207e+02   1.5794696e-03
   9.4298108e+02   1.5808813e-03
   9.4599009e+02   1.5818955e-03
   9.4899910e+02   1.5825175e-03
   9.5200811e+02   1.5827530e-03
   9.5501712e+02   1.5826079e-03
   9.5802613e+02   1.5820885e-03
   9.6103514e+02   1.5812013e-03
   9.6404414e+02   1.5799531e-03
   9.6705315e+02   1.5783509e-03
   9.7006216e+02   1.5764020e-03
   9.7307117e+02   1.5741139e-03
   9.7608018e+02   1.5714942e-03
   9.7908919e+02   1.5685508e-03
   9.8209820e+02   1.5652916e-03
   9.8510721e+02   1.5617248e-03
   9.8811622e+02   1.5578588e-03
   9.9112523e+02   1.5537017e-03
   9.9413423e+02   1.5492621e-03
   9.9714324e+02   1.5445486e-03
   1.0001523e+03   1.5395696e-03
   1.0031613e+03   1.5343339e-03
   1.0061703e+03   1.5288501e-03
   1.0091793e+03   1.5231269e-03
   1.0121883e+03   1.5171729e-03
   1.0151973e+03   1.5109968e-03
   1.0182063e+03   1.5046072e-03
   1.0212153e+03   1.4980127e-03
   1.0242243e+03   1.4912219e-03
   1.0272333e+03   1.4842432e-03
   1.0302423e+03   1.4770850e-03
   1.0332514e+03   1.4697556e-03
   1.0362604e+03   1.4622632e-03
   1.0392694e+03   1.4546160e-03
   1.0422784e+03   1.4468219e-03
   1.0452874e+03   1.4388888e-03
   1.0482964e+03   1.4308245e-03
   1.0513054e+03   1.4226366e-03
   1.0543144e+03   1.4143324e-03
   1.0573234e+03   1.4059194e-03
   1.0603324e+03   1.3974047e-03
   1.0633414e+03   1.3887954e-03
   1.0663505e+03   1.3800982e-03
   1.0693595e+03   1.3713198e-03
   1.0723685e+03   1.3624667e-03
   1.0753775e+03   1.3535453e-03
   1.0783865e+03   1.3445617e-03
   1.0813955e+03   1.3355220e-03
   1.0844045e+03   1.3264318e-03
   1.0874135e+03   1.3172969e-03
   1.0904225e+03   1.3081227e-03
   1.0934315e+03   1.2989144e-03
   1.0964405e+03   1.2896772e-03
   1.0994495e+03   1.2804159e-03
   1.1024586e+03   1.2711353e-03
   1.1054676e+03   1.2618400e-03
   1.1084766e+03   1.2525343e-03
   1.1114856e+03   1.2432225e-03
   1.1144946e+03   1.2339086e-03
   1.1175036e+03   1.2245964e-03
   1.1205126e+03   1.2152897e-03
   1.1235216e+03   1.2059920e-03
   1.1265306e+03   1.1967068e-03
   1.1295396e+03   1.1874372e-03
   1.1325486e+03   1.1781863e-03
   1.1355577e+03   1.1689570e-03
   1.1385667e+03   1.1597522e-03
   1.1415757e+03   1.1505745e-03
   1.1445847e+03   1.1414264e-03
   1.1475937e+03   1.1323102e-03
   1.1506027e+03   1.1232282e-03
   1.1536117e+03   1.1141824e-03
   1.1566207e+03   1.1051750e-03
   1.1596297e+03   1.0962077e-03
   1.1626387e+03   1.0872823e-03
   1.1656477e+03   1.0784004e-03
   1.1686568e+03   1.0695636e-03
   1.1716658e+03   1.0607733e-03
   1.1746748e+03   1.0520309e-03
   1.1776838e+03   1.0433374e-03
   1.1806928e+03   1.0346942e-03
   1.1837018e+03   1.0261022e-03
   1.1867108e+03   1.0175625e-03
   1.1897198e+03   1.0090758e-03
   1.1927288e+03   1.0006431e-03
   1.1957378e+03   9.9226497e-04
   1.1987468e+03   9.8394218e-04
   1.2017559e+03   9.7567530e-04
   1.2047649e+03   9.6746485e-04
   1.2077739e+03   9.5931131e-04
   1.2107829e+03   9.5121509e-04
   1.2137919e+03   9.4317655e-04
   1.2168009e+03   9.3519599e-04
   1.2198099e+03   9.2727367e-04
   1.2228189e+03   9.1940979e-04
   1.2258279e+03   9.1160452e-04
   1.2288369e+03   9.0385799e-04
   1.2318459e+03   8.9617027e-04
   1.2348550e+03   8.8854142e-04
   1.2378640e+03   8.8097143e-04
   1.2408730e+03   8.7346030e-04
   1.2438820e+03   8.6600797e-04
   1.2468910e+03   8.5861435e-04
   1.2499000e+03   8.5127935e-04
   1.2529090e+03   8.4400282e-04
   1.2559180e+03   8.3678460e-04
   1.2589270e+03   8.2962453e-04
   1.2619360e+03   8.2252240e-04
   1.2649450e+03   8.1547799e-04
   1.2679541e+03   8.0849107e-04
   1.2709631e+03   8.0156139e-04
   1.2739721e+03   7.9468867e-04
   1.2769811e+03   7.8787265e-04
   1.2799901e+03   7.8111302e-04
   1.2829991e+03   7.7440949e-04
   1.2860081e+03   7.6776173e-04
   1.2890171e+03   7.6116943e-04
   1.2920261e+03   7.5463225e-04
   1.2950351e+03   7.4814985e-04
   1.2980441e+03   7.4172188e-04
   1.3010532e+03   7.3534799e-04
   1.3040622e+03   7.2902781e-04
   1.3070712e+03   7.2276099e-04
   1.3100802e+03   7.1654715e-04
   1.3130892e+03   7.1038592e-04
   1.3160982e+03   7.0427692e-04
   1.3191072e+03   6.9821978e-04
   1.3221162e+03   6.9221410e-04
   1.3251252e+03   6.8625952e-04
   1.3281342e+03   6.8035564e-04
   1.3311432e+03   6.7450207e-04
   1.3341523e+03   6.6869843e-04
   1.3371613e+03   6.6294434e-04
   1.3401703e+03   6.5723940e-04
   1.3431793e+03   6.5158323e-04
   1.3461883e+03   6.4597543e-04
   1.3491973e+03   6.4041563e-04
   1.3522063e+03   6.3490343e-04
   1.3552153e+03   6.2943846e-04
   1.3582243e+03   6.2402032e-04
   1.3612333e+03   6.1864863e-04
   1.3642423e+03   6.1332302e-04
   1.3672514e+03   6.0804310e-04
   1.3702604e+03   6.0280850e-04
   1.3732694e+03   5.9761884e-04
   1.3762784e+03   5.9247375e-04
   1.3792874e+03   5.8737285e-04
   1.3822964e+03   5.8231577e-04
   1.3853054e+03   5.7730215e-04
   1.3883144e+03   5.7233163e-04
   1.3913234e+03   5.6740383e-04
   1.3943324e+03   5.6251840e-04
   1.3973414e+03   5.5767497e-04
   1.4003505e+03   5.5287321e-04
   1.4033595e+03   5.4811274e-04
   1.4063685e+03   5.4339322e-04
   1.4093775e+03   5.3871431e-04
   1.4123865e+03   5.3407565e-04
   1.4153955e+03   5.2947690e-04
   1.4184045e+03   5.2491772e-04
   1.4214135e+03   5.2039778e-04
   1.4244225e+03   5.1591674e-04
   1.4274315e+03   5.1147427e-04
   1.4304405e+03   5.0707003e-04
   1.4334495e+03   5.0270370e-04
   1.4364586e+03   4.9837496e-04
   1.4394676e+03   4.9408348e-04
   1.4424766e+03   4.8982894e-04
   1.4454856e+03   4.8561103e-04
   1.4484946e+03   4.8142943e-04
   1.4515036e+03   4.7728383e-04
   1.4545126e+03   4.7317392e-04
   1.4575216e+03   4.6909939e-04
   1.4605306e+03   4.6505995e-04
   1.4635396e+03   4.6105529e-04
   1.4665486e+03   4.5708510e-04
   1.4695577e+03   4.5314910e-04
   1.4725667e+03   4.4924699e-04
   1.4755757e+03   4.4537848e-04
   1.4785847e+03   4.4154328e-04
   1.4815937e+03   4.3774110e-04
   1.4846027e+03   4.3397166e-04
   1.4876117e+03   4.3023468e-04
   1.4906207e+03   4.2652987e-04
   1.4936297e+03   4.2285697e-04
   1.4966387e+03   4.1921569e-04
   1.4996477e+03   4.1560577e-04
   1.5026568e+03   4.1202693e-04
   1.5056658e+03   4.0847891e-04
   1.5086748e+03   4.0496144e-04
   1.5116838e+03   4.0147426e-04
   1.5146928e+03   3.9801710e-04
   1.5177018e+03   3.9458972e-04
   1.5207108e+03   3.9119185e-04
   1.5237198e+03   3.8782324e-04
   1.5267288e+03   3.8448364e-04
   1.5297378e+03   3.8117279e-04
   1.5327468e+03   3.7789045e-04
   1.5357559e+03   3.7463638e-04
   1.5387649e+03   3.7141033e-04
   1.5417739e+03   3.6821206e-04
   1.5447829e+03   3.6504133e-04
   1.5477919e+03   3.6189790e-04
   1.5508009e+03   3.5878155e-04
   1.5538099e+03   3.5569202e-04
   1.5568189e+03   3.5262910e-04
   1.5598279e+03   3.4959256e-04
   1.5628369e+03   3.4658217e-04
   1.5658459e+03   3.4359769e-04
   1.5688550e+03   3.4063892e-04
   1.5718640e+03   3.3770563e-04
   1.5748730e+03   3.3479759e-04
   1.5778820e+03   3.3191460e-04
   1.5808910e+03   3.2905643e-04
   1.5839000e+03   3.2622287e-04
   1.5869090e+03   3.2341372e-04
   1.5899180e+03   3.2062875e-04
   1.5929270e+03   3.1786777e-04
   1.5959360e+03   3.1513056e-04
   1.5989450e+03   3.1241692e-04
   1.6019541e+03   3.0972665e-04
   1.6049631e+03   3.0705955e-04
   1.6079721e+03   3.0441541e-04
   1.6109811e+03   3.0179404e-04
   1.6139901e+03   2.9919524e-04
   1.6169991e+03   2.9661883e-04
   1.6200081e+03   2.9406460e-04
   1.6230171e+03   2.9153236e-04
   1.6260261e+03   2.8902193e-04
   1.6290351e+03   2.8653312e-04
   1.6320441e+03   2.8406574e-04
   1.6350532e+03   2.8161960e-04
   1.6380622e+03   2.7919453e-04
   1.6410712e+03   2.7679034e-04
   1.6440802e+03   2.7440686e-04
   1.6470892e+03   2.7204390e-04
   1.6500982e+03   2.6970129e-04
   1.6531072e+03   2.6737885e-04
   1.6561162e+03   2.6507641e-04
   1.6591252e+03   2.6279379e-04
   1.6621342e+03   2.6053083e-04
   1.6651432e+03   2.5828736e-04
   1.6681523e+03   2.5606321e-04
   1.6711613e+03   2.5385821e-04
   1.6741703e+03   2.5167220e-04
   1.6771793e+03   2.4950501e-04
   1.6801883e+03   2.4735648e-04
   1.6831973e+03   2.4522646e-04
   1.6862063e+03   2.4311477e-04
   1.6892153e+03   2.4102128e-04
   1.6922243e+03   2.3894580e-04
   1.6952333e+03   2.3688820e-04
   1.6982423e+03   2.3484832e-04
   1.7012514e+03   2.3282601e-04
   1.7042604e+03   2.3082111e-04
   1.7072694e+03   2.2883347e-04
   1.7102784e+03   2.2686295e-04
   1.7132874e+03   2.2490940e-04
   1.7162964e+03   2.2297267e-04
   1.7193054e+03   2.2105262e-04
   1.7223144e+03   2.1914910e-04
   1.7253234e+03   2.1726197e-04
   1.7283324e+03   2.1539109e-04
   1.7313414e+03   2.1353633e-04
   1.7343505e+03   2.1169753e-04
   1.7373595e+03   2.0987457e-04
   1.7403685e+03   2.0806731e-04
   1.7433775e+03   2.0627561e-04
   1.7463865e+03   2.0449934e-04
   1.7493955e+03   2.0273836e-04
   1.7524045e+03   2.0099255e-04
   1.7554135e+03   1.9926177e-04
   1.7584225e+03   1.9754590e-04
   1.7614315e+03   1.9584480e-04
   1.7644405e+03   1.9415835e-04
   1.7674495e+03   1.9248642e-04
   1.7704586e+03   1.9082889e-04
   1.7734676e+03   1.8918564e-04
   1.7764766e+03   1.8755653e-04
   1.7794856e+03   1.8594145e-04
   1.7824946e+03   1.8434028e-04
   1.7855036e+03   1.8275290e-04
   1.7885126e+03   1.8117918e-04
   1.7915216e+03   1.7961902e-04
   1.7945306e+03   1.7807229e-04
   1.7975396e+03   1.7653889e-04
   1.8005486e+03   1.7501868e-04
   1.8035577e+03   1.7351157e-04
   1.8065667e+03   1.7201743e-04
   1.8095757e+03   1.7053616e-04
   1.8125847e+03   1.6906765e-04
   1.8155937e+03   1.6761178e-04
   1.8186027e+03   1.6616845e-04
   1.8216117e+03   1.6473755e-04
   1.8246207e+03   1.6331897e-04
   1.8276297e+03   1.6191260e-04
   1.8306387e+03   1.6051835e-04
   1.8336477e+03   1.5913610e-04
   1.8366568e+03   1.5776576e-04
   1.8396658e+03   1.5640721e-04
   1.8426748e+03   1.5506036e-04
   1.8456838e+03   1.5372511e-04
   1.8486928e+03   1.5240136e-04
   1.8517018e+03   1.5108901e-04
   1.8547108e+03   1.4978796e-04
   1.8577198e+03   1.4849811e-04
   1.8607288e+03   1.4721937e-04
   1.8637378e+03   1.4595164e-04
   1.8667468e+03   1.4469483e-04
   1.8697559e+03   1.4344884e-04
   1.8727649e+03   1.4221358e-04
   1.8757739e+03   1.4098896e-04
   1.8787829e+03   1.3977488e-04
   1.8817919e+03   1.3857126e-04
   1.8848009e+03   1.3737800e-04
   1.8878099e+03   1.3619502e-04
   1.8908189e+03   1.3502222e-04
   1.8938279e+03   1.3385952e-04
   1.8968369e+03   1.3270684e-04
   1.8998459e+03   1.3156408e-04
   1.9028550e+03   1.3043116e-04
   1.9058640e+03   1.2930800e-04
   1.9088730e+03   1.2819450e-04
   1.9118820e+03   1.2709060e-04
   1.9148910e+03   1.2599620e-04
   1.9179000e+03   1.2491123e-04
   1.9209090e+03   1.2383560e-04
   1.9239180e+03   1.2276923e-04
   1.9269270e+03   1.2171205e-04
   1.9299360e+03   1.2066397e-04
   1.9329450e+03   1.1962491e-04
   1.9359541e+03   1.1859480e-04
   1.9389631e+03   1.1757356e-04
   1.9419721e+03   1.1656112e-04
   1.9449811e+03   1.1555739e-04
   1.9479901e+03   1.1456231e-04
   1.9509991e+03   1.1357580e-04
   1.9540081e+03   1.1259778e-04
   1.9570171e+03   1.1162818e-04
   1.9600261e+03   1.1066693e-04
   1.9630351e+03   1.0971396e-04
   1.9660441e+03   1.0876920e-04
   1.9690532e+03   1.0783257e-04
   1.9720622e+03   1.0690401e-04
   1.9750712e+03   1.0598344e-04
   1.9780802e+03   1.0507080e-04
   1.9810892e+03   1.0416602e-04
   1.9840982e+03   1.0326903e-04
   1.9871072e+03   1.0237976e-04
   1.9901162e+03   1.0149816e-04
   1.9931252e+03   1.0062414e-04
   1.9961342e+03   9.9757650e-05
   1.9991432e+03   9.8898622e-05
   2.0021523e+03   9.8046990e-05
   2.0051613e+03   9.7202692e-05
   2.0081703e+03   9.6365665e-05
   2.0111793e+03   9.5535845e-05
   2.0141883e+03   9.4713171e-05
   2.0171973e+03   9.3897581e-05
   2.0202063e+03   9.3089015e-05
   2.0232153e+03   9.2287411e-05
   2.0262243e+03   9.1492709e-05
   2.0292333e+03   9.0704851e-05
   2.0322423e+03   8.9923778e-05
   2.0352514e+03   8.9149430e-05
   2.0382604e+03   8.8381751e-05
   2.0412694e+03   8.7620682e-05
   2.0442784e+03   8.6866166e-05
   2.0472874e+03   8.6118148e-05
   2.0502964e+03   8.5376572e-05
   2.0533054e+03   8.4641381e-05
   2.0563144e+03   8.3912520e-05
   2.0593234e+03   8.3189937e-05
   2.0623324e+03   8.2473575e-05
   2.0653414e+03   8.1763382e-05
   2.0683505e+03   8.1059305e-05
   2.0713595e+03   8.0361291e-05
   2.0743685e+03   7.9669287e-05
   2.0773775e+03   7.8983243e-05
   2.0803865e+03   7.8303106e-05
   2.0833955e+03   7.7628826e-05
   2.0864045e+03   7.6960352e-05
   2.0894135e+03   7.6297634e-05
   2.0924225e+03   7.5640623e-05
   2.0954315e+03   7.4989270e-05
   2.0984405e+03   7.4343526e-05
   2.1014495e+03   7.3703342e-05
   2.1044586e+03   7.3068671e-05
   2.1074676e+03   7.2439466e-05
   2.1104766e+03   7.1815678e-05
   2.1134856e+03   7.1197262e-05
   2.1164946e+03   7.0584171e-05
   2.1195036e+03   6.9976360e-05
   2.1225126e+03   6.9373783e-05
   2.1255216e+03   6.8776394e-05
   2.1285306e+03   6.8184150e-05
   2.1315396e+03   6.7597006e-05
   2.1345486e+03   6.7014918e-05
   2.1375577e+03   6.6437842e-05
   2.1405667e+03   6.5865735e-05
   2.1435757e+03   6.5298555e-05
   2.1465847e+03   6.4736259e-05
   2.1495937e+03   6.4178805e-05
   2.1526027e+03   6.3626151e-05
   2.1556117e+03   6.3078257e-05
   2.1586207e+03   6.2535080e-05
   2.1616297e+03   6.1996581e-05
   2.1646387e+03   6.1462719e-05
   2.1676477e+03   6.0933453e-05
   2.1706568e+03   6.0408746e-05
   2.1736658e+03   5.9888557e-05
   2.1766748e+03   5.9372847e-05
   2.1796838e+03   5.8861578e-05
   2.1826928e+03   5.8354712e-05
   2.1857018e+03   5.7852211e-05
   2.1887108e+03   5.7354036e-05
   2.1917198e+03   5.6860152e-05
   2.1947288e+03   5.6370520e-05
   2.1977378e+03   5.5885105e-05
   2.2007468e+03   5.5403870e-05
   2.2037559e+03   5.4926778e-05
   2.2067649e+03   5.4453795e-05
   2.2097739e+03   5.3984885e-05
   2.2127829e+03   5.3520013e-05
   2.2157919e+03   5.3059144e-05
   2.2188009e+03   5.2602243e-05
   2.2218099e+03   5.2149277e-05
   2.2248189e+03   5.1700212e-05
   2.2278279e+03   5.1255013e-05
   2.2308369e+03   5.0813648e-05
   2.2338459e+03   5.0376084e-05
   2.2368550e+03   4.9942288e-05
   2.2398640e+03   4.9512227e-05
   2.2428730e+03   4.9085869e-05
   2.2458820e+03   4.8663183e-05
   2.2488910e+03   4.8244137e-05
   2.2519000e+03   4.7828699e-05
   2.2549090e+03   4.7416839e-05
   2.2579180e+03   4.7008525e-05
   2.2609270e+03   4.6603727e-05
   2.2639360e+03   4.6202415e-05
   2.2669450e+03   4.5804559e-05
   2.2699541e+03   4.5410129e-05
   2.2729631e+03   4.5019095e-05
   2.2759721e+03   4.4631429e-05
   2.2789811e+03   4.4247101e-05
   2.2819901e+03   4.3866082e-05
   2.2849991e+03   4.3488344e-05
   2.2880081e+03   4.3113860e-05
   2.2910171e+03   4.2742599e-05
   2.2940261e+03   4.2374536e-05
   2.2970351e+03   4.2009643e-05
   2.3000441e+03   4.1647891e-05
   2.3030532e+03   4.1289255e-05
   2.3060622e+03   4.0933706e-05
   2.3090712e+03   4.0581220e-05
   2.3120802e+03   4.0231769e-05
   2.3150892e+03   3.9885327e-05
   2.3180982e+03   3.9541868e-05
   2.3211072e+03   3.9201367e-05
   2.3241162e+03   3.8863798e-05
   2.3271252e+03   3.8529135e-05
   2.3301342e+03   3.8197355e-05
   2.3331432e+03   3.7868432e-05
   2.3361523e+03   3.7542341e-05
   2.3391613e+03   3.7219058e-05
   2.3421703e+03   3.6898559e-05
   2.3451793e+03   3.6580819e-05
   2.3481883e+03   3.6265816e-05
   2.3511973e+03   3.5953526e-05
   2.3542063e+03   3.5643924e-05
   2.3572153e+03   3.5336989e-05
   2.3602243e+03   3.5032697e-05
   2.3632333e+03   3.4731025e-05
   2.3662423e+03   3.4431950e-05
   2.3692514e+03   3.4135452e-05
   2.3722604e+03   3.3841506e-05
   2.3752694e+03   3.3550091e-05
   2.3782784e+03   3.3261186e-05
   2.3812874e+03   3.2974769e-05
   2.3842964e+03   3.2690818e-05
   2.3873054e+03   3.2409313e-05
   2.3903144e+03   3.2130231e-05
   2.3933234e+03   3.1853552e-05
   2.3963324e+03   3.1579257e-05
   2.3993414e+03   3.1307323e-05
   2.4023505e+03   3.1037730e-05
   2.4053595e+03   3.0770460e-05
   2.4083685e+03   3.0505491e-05
   2.4113775e+03   3.0242803e-05
   2.4143865e+03   2.9982378e-05
   2.4173955e+03   2.9724195e-05
   2.4204045e+03   2.9468235e-05
   2.4234135e+03   2.9214479e-05
   2.4264225e+03   2.8962909e-05
   2.4294315e+03   2.8713505e-05
   2.4324405e+03   2.8466248e-05
   2.4354495e+03   2.8221121e-05
   2.4384586e+03   2.7978105e-05
   2.4414676e+03   2.7737181e-05
   2.4444766e+03   2.7498332e-05
   2.4474856e+03   2.7261539e-05
   2.4504946e+03   2.7026786e-05
   2.4535036e+03   2.6794054e-05
   2.4565126e+03   2.6563326e-05
   2.4595216e+03   2.6334585e-05
   2.4625306e+03   2.6107814e-05
   2.4655396e+03   2.5882996e-05
   2.4685486e+03   2.5660113e-05
   2.4715577e+03   2.5439150e-05
   2.4745667e+03   2.5220090e-05
   2.4775757e+03   2.5002915e-05
   2.4805847e+03   2.4787611e-05
   2.4835937e+03   2.4574161e-05
   2.4866027e+03   2.4362549e-05
   2.4896117e+03   2.4152760e-05
   2.4926207e+03   2.3944777e-05
   2.4956297e+03   2.3738584e-05
   2.4986387e+03   2.3534168e-05
   2.5016477e+03   2.3331511e-05
   2.5046568e+03   2.3130600e-05
   2.5076658e+03   2.2931419e-05
   2.5106748e+03   2.2733953e-05
   2.5136838e+03   2.2538187e-05
   2.5166928e+03   2.2344107e-05
   2.5197018e+03   2.2151699e-05
   2.5227108e+03   2.1960947e-05
   2.5257198e+03   2.1771838e-05
   2.5287288e+03   2.1584357e-05
   2.5317378e+03   2.1398491e-05
   2.5347468e+03   2.1214225e-05
   2.5377559e+03   2.1031546e-05
   2.5407649e+03   2.0850440e-05
   2.5437739e+03   2.0670894e-05
   2.5467829e+03   2.0492894e-05
   2.5497919e+03   2.0316426e-05
   2.5528009e+03   2.0141478e-05
   2.5558099e+03   1.9968037e-05
   2.5588189e+03   1.9796089e-05
   2.5618279e+03   1.9625622e-05
   2.5648369e+03   1.9456623e-05
   2.5678459e+03   1.9289079e-05
   2.5708550e+03   1.9122977e-05
   2.5738640e+03   1.8958306e-05
   2.5768730e+03   1.8795054e-05
   2.5798820e+03   1.8633206e-05
   2.5828910e+03   1.8472753e-05
   2.5859000e+03   1.8313681e-05
   2.5889090e+03   1.8155979e-05
   2.5919180e+03   1.7999635e-05
   2.5949270e+03   1.7844638e-05
   2.5979360e+03   1.7690975e-05
   2.6009450e+03   1.7538635e-05
   2.6039541e+03   1.7387607e-05
   2.6069631e+03   1.7237880e-05
   2.6099721e+03   1.7089442e-05
   2.6129811e+03   1.6942282e-05
   2.6159901e+03   1.6796389e-05
   2.6189991e+03   1.6651753e-05
   2.6220081e+03   1.6508362e-05
   2.6250171e+03   1.6366206e-05
   2.6280261e+03   1.6225274e-05
   2.6310351e+03   1.6085556e-05
   2.6340441e+03   1.5947040e-05
   2.6370532e+03   1.5809718e-05
   2.6400622e+03   1.5673578e-05
   2.6430712e+03   1.5538610e-05
   2.6460802e+03   1.5404805e-05
   2.6490892e+03   1.5272152e-05
   2.6520982e+03   1.5140641e-05
   2.6551072e+03   1.5010263e-05
   2.6581162e+03   1.4881007e-05
   2.6611252e+03   1.4752864e-05
   2.6641342e+03   1.4625825e-05
   2.6671432e+03   1.4499880e-05
   2.6701523e+03   1.4375019e-05
   2.6731613e+03   1.4251233e-05
   2.6761703e+03   1.4128514e-05
   2.6791793e+03   1.4006851e-05
   2.6821883e+03   1.3886236e-05
   2.6851973e+03   1.3766659e-05
   2.6882063e+03   1.3648113e-05
   2.6912153e+03   1.3530586e-05
   2.6942243e+03   1.3414072e-05
   2.6972333e+03   1.3298562e-05
   2.7002423e+03   1.3184046e-05
   2.7032514e+03   1.3070516e-05
   2.7062604e+03   1.2957964e-05
   2.7092694e+03   1.2846381e-05
   2.7122784e+03   1.2735759e-05
   2.7152874e+03   1.2626089e-05
   2.7182964e+03   1.2517364e-05
   2.7213054e+03   1.2409575e-05
   2.7243144e+03   1.2302714e-05
   2.7273234e+03   1.2196773e-05
   2.7303324e+03   1.2091745e-05
   2.7333414e+03   1.1987621e-05
   2.7363505e+03   1.1884394e-05
   2.7393595e+03   1.1782056e-05
   2.7423685e+03   1.1680598e-05
   2.7453775e+03   1.1580015e-05
   2.7483865e+03   1.1480298e-05
   2.7513955e+03   1.1381439e-05
   2.7544045e+03   1.1283432e-05
   2.7574135e+03   1.1186268e-05
   2.7604225e+03   1.1089942e-05
   2.7634315e+03   1.0994444e-05
   2.7664405e+03   1.0899770e-05
   2.7694495e+03   1.0805910e-05
   2.7724586e+03   1.0712859e-05
   2.7754676e+03   1.0620608e-05
   2.7784766e+03   1.0529153e-05
   2.7814856e+03   1.0438485e-05
   2.7844946e+03   1.0348597e-05
   2.7875036e+03   1.0259484e-05
   2.7905126e+03   1.0171138e-05
   2.7935216e+03   1.0083553e-05
   2.7965306e+03   9.9967215e-06
   2.7995396e+03   9.9106382e-06
   2.8025486e+03   9.8252961e-06
   2.8055577e+03   9.7406890e-06
   2.8085667e+03   9.6568104e-06
   2.8115757e+03   9.5736541e-06
   2.8145847e+03   9.4912139e-06
   2.8175937e+03   9.4094835e-06
   2.8206027e+03   9.3284570e-06
   2.8236117e+03   9.2481282e-06
   2.8266207e+03   9.1684912e-06
   2.8296297e+03   9.0895399e-06
   2.8326387e+03   9.0112684e-06
   2.8356477e+03   8.9336710e-06
   2.8386568e+03   8.8567417e-06
   2.8416658e+03   8.7804750e-06
   2.8446748e+03   8.7048649e-06
   2.8476838e+03   8.6299060e-06
   2.8506928e+03   8.5555925e-06
   2.8537018e+03   8.4819190e-06
   2.8567108e+03   8.4088799e-06
   2.8597198e+03   8.3364697e-06
   2.8627288e+03   8.2646831e-06
   2.8657378e+03   8.1935146e-06
   2.8687468e+03   8.1229590e-06
   2.8717559e+03   8.0530109e-06
   2.8747649e+03   7.9836652e-06
   2.8777739e+03   7.9149166e-06
   2.8807829e+03   7.8467600e-06
   2.8837919e+03   7.7791903e-06
   2.8868009e+03   7.7122025e-06
   2.8898099e+03   7.6457915e-06
   2.8928189e+03   7.5799524e-06
   2.8958279e+03   7.5146803e-06
   2.8988369e+03   7.4499702e-06
   2.9018459e+03   7.3858174e-06
   2.9048550e+03   7.3222169e-06
   2.9078640e+03   7.2591642e-06
   2.9108730e+03   7.1966544e-06
   2.9138820e+03   7.1346829e-06
   2.9168910e+03   7.0732450e-06
   2.9199000e+03   7.0123362e-06
   2.9229090e+03   6.9519519e-06
   2.9259180e+03   6.8920876e-06
   2.9289270e+03   6.8327387e-06
   2.9319360e+03   6.7739009e-06
   2.9349450e+03   6.7155698e-06
   2.9379541e+03   6.6577410e-06
   2.9409631e+03   6.6004102e-06
   2.9439721e+03   6.5435730e-06
   2.9469811e+03   6.4872253e-06
   2.9499901e+03   6.4313628e-06
   2.9529991e+03   6.3759813e-06
   2.9560081e+03   6.3210767e-06
   2.9590171e+03   6.2666450e-06
   2.9620261e+03   6.2126819e-06
   2.9650351e+03   6.1591836e-06
   2.9680441e+03   6.1061459e-06
   2.9710532e+03   6.0535649e-06
   2.9740622e+03   6.0014367e-06
   2.9770712e+03   5.9497574e-06
   2.9800802e+03   5.8985231e-06
   2.9830892e+03   5.8477300e-06
   2.9860982e+03   5.7973743e-06
   2.9891072e+03   5.7474522e-06
   2.9921162e+03   5.6979600e-06
   2.9951252e+03   5.6488940e-06
   2.9981342e+03   5.6002505e-06
   3.0011432e+03   5.5520259e-06
   3.0041523e+03   5.5042165e-06
   3.0071613e+03   5.4568188e-06
   3.0101703e+03   5.4098293e-06
   3.0131793e+03   5.3632444e-06
   3.0161883e+03   5.3170607e-06
   3.0191973e+03   5.2712747e-06
   3.0222063e+03   5.2258829e-06
   3.0252153e+03   5.1808820e-06
   3.0282243e+03   5.1362686e-06
   3.0312333e+03   5.0920394e-06
   3.0342423e+03   5.0481911e-06
   3.0372514e+03   5.0047203e-06
   3.0402604e+03   4.9616239e-06
   3.0432694e+03   4.9188986e-06
   3.0462784e+03   4.8765412e-06
   3.0492874e+03   4.8345485e-06
   3.0522964e+03   4.7929175e-06
   3.0553054e+03   4.7516449e-06
   3.0583144e+03   4.7107278e-06
   3.0613234e+03   4.6701630e-06
   3.0643324e+03   4.6299475e-06
   3.0673414e+03   4.5900783e-06
   3.0703505e+03   4.5505524e-06
   3.0733595e+03   4.5113669e-06
   3.0763685e+03   4.4725188e-06
   3.0793775e+03   4.4340052e-06
   3.0823865e+03   4.3958233e-06
   3.0853955e+03   4.3579702e-06
   3.0884045e+03   4.3204430e-06
   3.0914135e+03   4.2832390e-06
   3.0944225e+03   4.2463554e-06
   3.0974315e+03   4.2097894e-06
   3.1004405e+03   4.1735382e-06
   3.1034495e+03   4.1375992e-06
   3.1064586e+03   4.1019697e-06
   3.1094676e+03   4.0666470e-06
   3.1124766e+03   4.0316285e-06
   3.1154856e+03   3.9969115e-06
   3.1184946e+03   3.9624935e-06
   3.1215036e+03   3.9283718e-06
   3.1245126e+03   3.8945440e-06
   3.1275216e+03   3.8610075e-06
   3.1305306e+03   3.8277598e-06
   3.1335396e+03   3.7947983e-06
   3.1365486e+03   3.7621207e-06
   3.1395577e+03   3.7297245e-06
   3.1425667e+03   3.6976073e-06
   3.1455757e+03   3.6657666e-06
   3.1485847e+03   3.6342001e-06
   3.1515937e+03   3.6029055e-06
   3.1546027e+03   3.5718803e-06
   3.1576117e+03   3.5411223e-06
   3.1606207e+03   3.5106291e-06
   3.1636297e+03   3.4803985e-06
   3.1666387e+03   3.4504283e-06
   3.1696477e+03   3.4207161e-06
   3.1726568e+03   3.3912598e-06
   3.1756658e+03   3.3620571e-06
   3.1786748e+03   3.3331059e-06
   3.1816838e+03   3.3044040e-06
   3.1846928e+03   3.2759493e-06
   3.1877018e+03   3.2477396e-06
   3.1907108e+03   3.2197728e-06
   3.1937198e+03   3.1920468e-06
   3.1967288e+03   3.1645596e-06
   3.1997378e+03   3.1373091e-06
   3.2027468e+03   3.1102933e-06
   3.2057559e+03   3.0835100e-06
   3.2087649e+03   3.0569575e-06
   3.2117739e+03   3.0306335e-06
   3.2147829e+03   3.0045363e-06
   3.2177919e+03   2.9786637e-06
   3.2208009e+03   2.9530140e-06
   3.2238099e+03   2.9275851e-06
   3.2268189e+03   2.9023752e-06
   3.2298279e+03   2.8773824e-06
   3.2328369e+03   2.8526049e-06
   3.2358459e+03   2.8280406e-06
   3.2388550e+03   2.8036879e-06
   3.2418640e+03   2.7795449e-06
   3.2448730e+03   2.7556098e-06
   3.2478820e+03   2.7318809e-06
   3.2508910e+03   2.7083562e-06
   3.2539000e+03   2.6850341e-06
   3.2569090e+03   2.6619129e-06
   3.2599180e+03   2.6389907e-06
   3.2629270e+03   2.6162660e-06
   3.2659360e+03   2.5937369e-06
   3.2689450e+03   2.5714018e-06
   3.2719541e+03   2.5492591e-06
   3.2749631e+03   2.5273070e-06
   3.2779721e+03   2.5055440e-06
   3.2809811e+03   2.4839684e-06
   3.2839901e+03   2.4625785e-06
   3.2869991e+03   2.4413729e-06
   3.2900081e+03   2.4203498e-06
   3.2930171e+03   2.3995078e-06
   3.2960261e+03   2.3788453e-06
   3.2990351e+03   2.3583607e-06
   3.3020441e+03   2.3380525e-06
   3.3050532e+03   2.3179191e-06
   3.3080622e+03   2.2979592e-06
   3.3110712e+03   2.2781711e-06
   3.3140802e+03   2.2585534e-06
   3.3170892e+03   2.2391047e-06
   3.3200982e+03   2.2198234e-06
   3.3231072e+03   2.2007081e-06
   3.3261162e+03   2.1817575e-06
   3.3291252e+03   2.1629700e-06
   3.3321342e+03   2.1443444e-06
   3.3351432e+03   2.1258791e-06
   3.3381523e+03   2.1075728e-06
   3.3411613e+03   2.0894242e-06
   3.3441703e+03   2.0714318e-06
   3.3471793e+03   2.0535944e-06
   3.3501883e+03   2.0359106e-06
   3.3531973e+03   2.0183790e-06
   3.3562063e+03   2.0009985e-06
   3.3592153e+03   1.9837676e-06
   3.3622243e+03   1.9666850e-06
   3.3652333e+03   1.9497496e-06
   3.3682423e+03   1.9329600e-06
   3.3712514e+03   1.9163150e-06
   3.3742604e+03   1.8998133e-06
   3.3772694e+03   1.8834537e-06
   3.3802784e+03   1.8672350e-06
   3.3832874e+03   1.8511559e-06
   3.3862964e+03   1.8352153e-06
   3.3893054e+03   1.8194120e-06
   3.3923144e+03   1.8037448e-06
   3.3953234e+03   1.7882125e-06
   3.3983324e+03   1.7728139e-06
   3.4013414e+03   1.7575479e-06
   3.4043505e+03   1.7424134e-06
   3.4073595e+03   1.7274092e-06
   3.4103685e+03   1.7125342e-06
   3.4133775e+03   1.6977873e-06
   3.4163865e+03   1.6831674e-06
   3.4193955e+03   1.6686734e-06
   3.4224045e+03   1.6543042e-06
   3.4254135e+03   1.6400587e-06
   3.4284225e+03   1.6259359e-06
   3.4314315e+03   1.6119347e-06
   3.4344405e+03   1.5980541e-06
   3.4374495e+03   1.5842930e-06
   3.4404586e+03   1.5706504e-06
   3.4434676e+03   1.5571253e-06
   3.4464766e+03   1.5437166e-06
   3.4494856e+03   1.5304235e-06
   3.4524946e+03   1.5172447e-06
   3.4555036e+03   1.5041795e-06
   3.4585126e+03   1.4912268e-06
   3.4615216e+03   1.4783856e-06
   3.4645306e+03   1.4656550e-06
   3.4675396e+03   1.4530340e-06
   3.4705486e+03   1.4405217e-06
   3.4735577e+03   1.4281172e-06
   3.4765667e+03   1.4158194e-06
   3.4795757e+03   1.4036276e-06
   3.4825847e+03   1.3915407e-06
   3.4855937e+03   1.3795579e-06
   3.4886027e+03   1.3676784e-06
   3.4916117e+03   1.3559011e-06
   3.4946207e+03   1.3442252e-06
   3.4976297e+03   1.3326499e-06
   3.5006387e+03   1.3211742e-06
   3.5036477e+03   1.3097974e-06
   3.5066568e+03   1.2985185e-06
   3.5096658e+03   1.2873368e-06
   3.5126748e+03   1.2762513e-06
   3.5156838e+03   1.2652613e-06
   3.5186928e+03   1.2543659e-06
   3.5217018e+03   1.2435644e-06
   3.5247108e+03   1.2328559e-06
   3.5277198e+03   1.2222396e-06
   3.5307288e+03   1.2117147e-06
   3.5337378e+03   1.2012804e-06
   3.5367468e+03   1.1909360e-06
   3.5397559e+03   1.1806807e-06
   3.5427649e+03   1.1705136e-06
   3.5457739e+03   1.1604342e-06
   3.5487829e+03   1.1504415e-06
   3.5517919e+03   1.1405348e-06
   3.5548009e+03   1.1307135e-06
   3.5578099e+03   1.1209768e-06
   3.5608189e+03   1.1113239e-06
   3.5638279e+03   1.1017541e-06
   3.5668369e+03   1.0922667e-06
   3.5698459e+03   1.0828610e-06
   3.5728550e+03   1.0735363e-06
   3.5758640e+03   1.0642920e-06
   3.5788730e+03   1.0551272e-06
   3.5818820e+03   1.0460413e-06
   3.5848910e+03   1.0370337e-06
   3.5879000e+03   1.0281036e-06
