   4.8220000e+02   5.8101245e-05
   4.8580400e+02   6.2289550e-05
   4.8940801e+02   6.6723024e-05
   4.9301201e+02   7.1411426e-05
   4.9661602e+02   7.6364559e-05
   5.0022002e+02   8.1592240e-05
   5.0382402e+02   8.7104272e-05
   5.0742803e+02   9.2910415e-05
   5.1103203e+02   9.9020346e-05
   5.1463604e+02   1.0544363e-04
   5.1824004e+02   1.1218968e-04
   5.2184404e+02   1.1926773e-04
   5.2544805e+02   1.2668678e-04
   5.2905205e+02   1.3445556e-04
   5.3265606e+02   1.4258249e-04
   5.3626006e+02   1.5107567e-04
   5.3986406e+02   1.5994276e-04
   5.4346807e+02   1.6919103e-04
   5.4707207e+02   1.7882725e-04
   5.5067608e+02   1.8885766e-04
   5.5428008e+02   1.9928795e-04
   5.5788408e+02   2.1012320e-04
   5.6148809e+02   2.2136783e-04
   5.6509209e+02   2.3302557e-04
   5.6869610e+02   2.4509941e-04
   5.7230010e+02   2.5759159e-04
   5.7590410e+02   2.7050350e-04
   5.7950811e+02   2.8383572e-04
   5.8311211e+02   2.9758791e-04
   5.8671612e+02   3.1175885e-04
   5.9032012e+02   3.2634635e-04
   5.9392412e+02   3.4134725e-04
   5.9752813e+02   3.5675741e-04
   6.0113213e+02   3.7257166e-04
   6.0473614e+02   3.8878379e-04
   6.0834014e+02   4.0538654e-04
   6.1194414e+02   4.2237162e-04
   6.1554815e+02   4.3972963e-04
   6.1915215e+02   4.5745013e-04
   6.2275616e+02   4.7552161e-04
   6.2636016e+02   4.9393149e-04
   6.2996416e+02   5.1266613e-04
   6.3356817e+02   5.3171089e-04
   6.3717217e+02   5.5105008e-04
   6.4077618e+02   5.7066701e-04
   6.4438018e+02   5.9054405e-04
   6.4798418e+02   6.1066263e-04
   6.5158819e+02   6.3100327e-04
   6.5519219e+02   6.5154563e-04
   6.5879620e+02   6.7226858e-04
   6.6240020e+02   6.9315021e-04
   6.6600420e+02   7.1416790e-04
   6.6960821e+02   7.3529839e-04
   6.7321221e+02   7.5651779e-04
   6.7681622e+02   7.7780171e-04
   6.8042022e+02   7.9912528e-04
   6.8402422e+02   8.2046324e-04
   6.8762823e+02   8.4178998e-04
   6.9123223e+02   8.6307965e-04
   6.9483624e+02   8.8430620e-04
   6.9844024e+02   9.0544349e-04
   7.0204424e+02   9.2646533e-04
   7.0564825e+02   9.4734558e-04
   7.0925225e+02   9.6805823e-04
   7.1285626e+02   9.8857745e-04
   7.1646026e+02   1.0088777e-03
   7.2006426e+02   1.0289337e-03
   7.2366827e+02   1.0487208e-03
   7.2727227e+02   1.0682146e-03
   7.3087628e+02   1.0873915e-03
   7.3448028e+02   1.1062282e-03
   7.3808428e+02   1.1247025e-03
   7.4168829e+02   1.1427926e-03
   7.4529229e+02   1.1604778e-03
   7.4889630e+02   1.1777380e-03
   7.5250030e+02   1.1945544e-03
   7.5610430e+02   1.2109088e-03
   7.5970831e+02   1.2267842e-03
   7.6331231e+02   1.2421646e-03
   7.6691632e+02   1.2570352e-03
   7.7052032e+02   1.2713822e-03
   7.7412432e+02   1.2851929e-03
   7.7772833e+02   1.2984561e-03
   7.8133233e+02   1.3111613e-03
   7.8493634e+02   1.3232996e-03
   7.8854034e+02   1.3348632e-03
   7.9214434e+02   1.3458454e-03
   7.9574835e+02   1.3562408e-03
   7.9935235e+02   1.3660452e-03
   8.0295636e+02   1.3752556e-03
   8.0656036e+02   1.3838702e-03
   8.1016436e+02   1.3918883e-03
   8.1376837e+02   1.3993103e-03
   8.1737237e+02   1.4061378e-03
   8.2097638e+02   1.4123734e-03
   8.2458038e+02   1.4180209e-03
   8.2818438e+02   1.4230849e-03
   8.3178839e+02   1.4275712e-03
   8.3539239e+02   1.4314863e-03
   8.3899640e+02   1.4348376e-03
   8.4260040e+02   1.4376336e-03
   8.4620440e+02   1.4398833e-03
   8.4980841e+02   1.4415966e-03
   8.5341241e+02   1.4427841e-03
   8.5701642e+02   1.4434569e-03
   8.6062042e+02   1.4436268e-03
   8.6422442e+02   1.4433061e-03
   8.6782843e+02   1.4425077e-03
   8.7143243e+02   1.4412447e-03
   8.7503644e+02   1.4395308e-03
   8.7864044e+02   1.4373799e-03
   8.8224444e+02   1.4348063e-03
   8.8584845e+02   1.4318244e-03
   8.8945245e+02   1.4284489e-03
   8.9305646e+02   1.4246945e-03
   8.9666046e+02   1.4205761e-03
   9.0026446e+02   1.4161086e-03
   9.0386847e+02   1.4113069e-03
   9.0747247e+02   1.4061861e-03
   9.1107648e+02   1.4007607e-03
   9.1468048e+02   1.3950457e-03
   9.1828448e+02   1.3890555e-03
   9.2188849e+02   1.3828045e-03
   9.2549249e+02   1.3763070e-03
   9.2909650e+02   1.3695769e-03
   9.3270050e+02   1.3626279e-03
   9.3630450e+02   1.3554735e-03
   9.3990851e+02   1.3481267e-03
   9.4351251e+02   1.3406005e-03
   9.4711652e+02   1.3329073e-03
   9.5072052e+02   1.3250593e-03
   9.5432452e+02   1.3170682e-03
   9.5792853e+02   1.3089456e-03
   9.6153253e+02   1.3007023e-03
   9.6513654e+02   1.2923491e-03
   9.6874054e+02   1.2838963e-03
   9.7234454e+02   1.2753537e-03
   9.7594855e+02   1.2667309e-03
   9.7955255e+02   1.2580369e-03
   9.8315656e+02   1.2492805e-03
   9.8676056e+02   1.2404699e-03
   9.9036456e+02   1.2316132e-03
   9.9396857e+02   1.2227178e-03
   9.9757257e+02   1.2137910e-03
   1.0011766e+03   1.2048396e-03
   1.0047806e+03   1.1958701e-03
   1.0083846e+03   1.1868885e-03
   1.0119886e+03   1.1779006e-03
   1.0155926e+03   1.1689119e-03
   1.0191966e+03   1.1599274e-03
   1.0228006e+03   1.1509521e-03
   1.0264046e+03   1.1419903e-03
   1.0300086e+03   1.1330463e-03
   1.0336126e+03   1.1241240e-03
   1.0372166e+03   1.1152271e-03
   1.0408206e+03   1.1063590e-03
   1.0444246e+03   1.0975228e-03
   1.0480286e+03   1.0887215e-03
   1.0516326e+03   1.0799578e-03
   1.0552366e+03   1.0712340e-03
   1.0588406e+03   1.0625526e-03
   1.0624446e+03   1.0539156e-03
   1.0660486e+03   1.0453249e-03
   1.0696527e+03   1.0367822e-03
   1.0732567e+03   1.0282892e-03
   1.0768607e+03   1.0198472e-03
   1.0804647e+03   1.0114574e-03
   1.0840687e+03   1.0031211e-03
   1.0876727e+03   9.9483929e-04
   1.0912767e+03   9.8661278e-04
   1.0948807e+03   9.7844241e-04
   1.0984847e+03   9.7032883e-04
   1.1020887e+03   9.6227264e-04
   1.1056927e+03   9.5427432e-04
   1.1092967e+03   9.4633430e-04
   1.1129007e+03   9.3845289e-04
   1.1165047e+03   9.3063037e-04
   1.1201087e+03   9.2286693e-04
   1.1237127e+03   9.1516271e-04
   1.1273167e+03   9.0751778e-04
   1.1309207e+03   8.9993218e-04
   1.1345247e+03   8.9240589e-04
   1.1381287e+03   8.8493885e-04
   1.1417327e+03   8.7753096e-04
   1.1453367e+03   8.7018209e-04
   1.1489407e+03   8.6289207e-04
   1.1525447e+03   8.5566070e-04
   1.1561487e+03   8.4848776e-04
   1.1597528e+03   8.4137301e-04
   1.1633568e+03   8.3431617e-04
   1.1669608e+03   8.2731696e-04
   1.1705648e+03   8.2037507e-04
   1.1741688e+03   8.1349019e-04
   1.1777728e+03   8.0666198e-04
   1.1813768e+03   7.9989009e-04
   1.1849808e+03   7.9317417e-04
   1.1885848e+03   7.8651386e-04
   1.1921888e+03   7.7990878e-04
   1.1957928e+03   7.7335856e-04
   1.1993968e+03   7.6686280e-04
   1.2030008e+03   7.6042111e-04
   1.2066048e+03   7.5403311e-04
   1.2102088e+03   7.4769840e-04
   1.2138128e+03   7.4141656e-04
   1.2174168e+03   7.3518721e-04
   1.2210208e+03   7.2900994e-04
   1.2246248e+03   7.2288435e-04
   1.2282288e+03   7.1681002e-04
   1.2318328e+03   7.1078656e-04
   1.2354368e+03   7.0481356e-04
   1.2390408e+03   6.9889062e-04
   1.2426448e+03   6.9301733e-04
   1.2462488e+03   6.8719330e-04
   1.2498529e+03   6.8141812e-04
   1.2534569e+03   6.7569140e-04
   1.2570609e+03   6.7001273e-04
   1.2606649e+03   6.6438173e-04
   1.2642689e+03   6.5879800e-04
   1.2678729e+03   6.5326115e-04
   1.2714769e+03   6.4777080e-04
   1.2750809e+03   6.4232656e-04
   1.2786849e+03   6.3692804e-04
   1.2822889e+03   6.3157487e-04
   1.2858929e+03   6.2626667e-04
   1.2894969e+03   6.2100306e-04
   1.2931009e+03   6.1578368e-04
   1.2967049e+03   6.1060815e-04
   1.3003089e+03   6.0547611e-04
   1.3039129e+03   6.0038719e-04
   1.3075169e+03   5.9534103e-04
   1.3111209e+03   5.9033727e-04
   1.3147249e+03   5.8537557e-04
   1.3183289e+03   5.8045556e-04
   1.3219329e+03   5.7557690e-04
   1.3255369e+03   5.7073924e-04
   1.3291409e+03   5.6594223e-04
   1.3327449e+03   5.6118554e-04
   1.3363489e+03   5.5646883e-04
   1.3399530e+03   5.5179176e-04
   1.3435570e+03   5.4715400e-04
   1.3471610e+03   5.4255521e-04
   1.3507650e+03   5.3799508e-04
   1.3543690e+03   5.3347327e-04
   1.3579730e+03   5.2898947e-04
   1.3615770e+03   5.2454335e-04
   1.3651810e+03   5.2013460e-04
   1.3687850e+03   5.1576291e-04
   1.3723890e+03   5.1142796e-04
   1.3759930e+03   5.0712944e-04
   1.3795970e+03   5.0286705e-04
   1.3832010e+03   4.9864049e-04
   1.3868050e+03   4.9444945e-04
   1.3904090e+03   4.9029363e-04
   1.3940130e+03   4.8617275e-04
   1.3976170e+03   4.8208650e-04
   1.4012210e+03   4.7803459e-04
   1.4048250e+03   4.7401674e-04
   1.4084290e+03   4.7003266e-04
   1.4120330e+03   4.6608207e-04
   1.4156370e+03   4.6216468e-04
   1.4192410e+03   4.5828022e-04
   1.4228450e+03   4.5442840e-04
   1.4264490e+03   4.5060896e-04
   1.4300531e+03   4.4682162e-04
   1.4336571e+03   4.4306611e-04
   1.4372611e+03   4.3934217e-04
   1.4408651e+03   4.3564953e-04
   1.4444691e+03   4.3198792e-04
   1.4480731e+03   4.2835709e-04
   1.4516771e+03   4.2475678e-04
   1.4552811e+03   4.2118672e-04
   1.4588851e+03   4.1764668e-04
   1.4624891e+03   4.1413638e-04
   1.4660931e+03   4.1065559e-04
   1.4696971e+03   4.0720406e-04
   1.4733011e+03   4.0378154e-04
   1.4769051e+03   4.0038778e-04
   1.4805091e+03   3.9702254e-04
   1.4841131e+03   3.9368560e-04
   1.4877171e+03   3.9037669e-04
   1.4913211e+03   3.8709560e-04
   1.4949251e+03   3.8384209e-04
   1.4985291e+03   3.8061592e-04
   1.5021331e+03   3.7741687e-04
   1.5057371e+03   3.7424470e-04
   1.5093411e+03   3.7109920e-04
   1.5129451e+03   3.6798014e-04
   1.5165491e+03   3.6488729e-04
   1.5201532e+03   3.6182043e-04
   1.5237572e+03   3.5877936e-04
   1.5273612e+03   3.5576384e-04
   1.5309652e+03   3.5277367e-04
   1.5345692e+03   3.4980863e-04
   1.5381732e+03   3.4686851e-04
   1.5417772e+03   3.4395310e-04
   1.5453812e+03   3.4106220e-04
   1.5489852e+03   3.3819559e-04
   1.5525892e+03   3.3535308e-04
   1.5561932e+03   3.3253446e-04
   1.5597972e+03   3.2973953e-04
   1.5634012e+03   3.2696809e-04
   1.5670052e+03   3.2421994e-04
   1.5706092e+03   3.2149489e-04
   1.5742132e+03   3.1879275e-04
   1.5778172e+03   3.1611332e-04
   1.5814212e+03   3.1345641e-04
   1.5850252e+03   3.1082182e-04
   1.5886292e+03   3.0820939e-04
   1.5922332e+03   3.0561891e-04
   1.5958372e+03   3.0305020e-04
   1.5994412e+03   3.0050308e-04
   1.6030452e+03   2.9797737e-04
   1.6066492e+03   2.9547289e-04
   1.6102533e+03   2.9298946e-04
   1.6138573e+03   2.9052690e-04
   1.6174613e+03   2.8808504e-04
   1.6210653e+03   2.8566371e-04
   1.6246693e+03   2.8326272e-04
   1.6282733e+03   2.8088192e-04
   1.6318773e+03   2.7852112e-04
   1.6354813e+03   2.7618017e-04
   1.6390853e+03   2.7385889e-04
   1.6426893e+03   2.7155713e-04
   1.6462933e+03   2.6927471e-04
   1.6498973e+03   2.6701147e-04
   1.6535013e+03   2.6476726e-04
   1.6571053e+03   2.6254191e-04
   1.6607093e+03   2.6033526e-04
   1.6643133e+03   2.5814716e-04
   1.6679173e+03   2.5597745e-04
   1.6715213e+03   2.5382597e-04
   1.6751253e+03   2.5169258e-04
   1.6787293e+03   2.4957712e-04
   1.6823333e+03   2.4747944e-04
   1.6859373e+03   2.4539939e-04
   1.6895413e+03   2.4333683e-04
   1.6931453e+03   2.4129160e-04
   1.6967493e+03   2.3926356e-04
   1.7003534e+03   2.3725256e-04
   1.7039574e+03   2.3525847e-04
   1.7075614e+03   2.3328114e-04
   1.7111654e+03   2.3132042e-04
   1.7147694e+03   2.2937619e-04
   1.7183734e+03   2.2744830e-04
   1.7219774e+03   2.2553661e-04
   1.7255814e+03   2.2364099e-04
   1.7291854e+03   2.2176130e-04
   1.7327894e+03   2.1989741e-04
   1.7363934e+03   2.1804919e-04
   1.7399974e+03   2.1621650e-04
   1.7436014e+03   2.1439921e-04
   1.7472054e+03   2.1259720e-04
   1.7508094e+03   2.1081034e-04
   1.7544134e+03   2.0903849e-04
   1.7580174e+03   2.0728153e-04
   1.7616214e+03   2.0553935e-04
   1.7652254e+03   2.0381180e-04
   1.7688294e+03   2.0209878e-04
   1.7724334e+03   2.0040015e-04
   1.7760374e+03   1.9871580e-04
   1.7796414e+03   1.9704560e-04
   1.7832454e+03   1.9538945e-04
   1.7868494e+03   1.9374721e-04
   1.7904535e+03   1.9211878e-04
   1.7940575e+03   1.9050403e-04
   1.7976615e+03   1.8890286e-04
   1.8012655e+03   1.8731514e-04
   1.8048695e+03   1.8574077e-04
   1.8084735e+03   1.8417963e-04
   1.8120775e+03   1.8263161e-04
   1.8156815e+03   1.8109661e-04
   1.8192855e+03   1.7957450e-04
   1.8228895e+03   1.7806519e-04
   1.8264935e+03   1.7656856e-04
   1.8300975e+03   1.7508452e-04
   1.8337015e+03   1.7361294e-04
   1.8373055e+03   1.7215374e-04
   1.8409095e+03   1.7070680e-04
   1.8445135e+03   1.6927202e-04
   1.8481175e+03   1.6784930e-04
   1.8517215e+03   1.6643853e-04
   1.8553255e+03   1.6503963e-04
   1.8589295e+03   1.6365248e-04
   1.8625335e+03   1.6227699e-04
   1.8661375e+03   1.6091306e-04
   1.8697415e+03   1.5956060e-04
   1.8733455e+03   1.5821950e-04
   1.8769495e+03   1.5688968e-04
   1.8805536e+03   1.5557103e-04
   1.8841576e+03   1.5426347e-04
   1.8877616e+03   1.5296689e-04
   1.8913656e+03   1.5168122e-04
   1.8949696e+03   1.5040634e-04
   1.8985736e+03   1.4914219e-04
   1.9021776e+03   1.4788866e-04
   1.9057816e+03   1.4664566e-04
   1.9093856e+03   1.4541312e-04
   1.9129896e+03   1.4419093e-04
   1.9165936e+03   1.4297901e-04
   1.9201976e+03   1.4177728e-04
   1.9238016e+03   1.4058565e-04
   1.9274056e+03   1.3940404e-04
   1.9310096e+03   1.3823236e-04
   1.9346136e+03   1.3707053e-04
   1.9382176e+03   1.3591846e-04
   1.9418216e+03   1.3477607e-04
   1.9454256e+03   1.3364329e-04
   1.9490296e+03   1.3252002e-04
   1.9526336e+03   1.3140620e-04
   1.9562376e+03   1.3030174e-04
   1.9598416e+03   1.2920656e-04
   1.9634456e+03   1.2812059e-04
   1.9670496e+03   1.2704374e-04
   1.9706537e+03   1.2597595e-04
   1.9742577e+03   1.2491713e-04
   1.9778617e+03   1.2386721e-04
   1.9814657e+03   1.2282611e-04
   1.9850697e+03   1.2179377e-04
   1.9886737e+03   1.2077010e-04
   1.9922777e+03   1.1975503e-04
   1.9958817e+03   1.1874850e-04
   1.9994857e+03   1.1775043e-04
   2.0030897e+03   1.1676074e-04
   2.0066937e+03   1.1577938e-04
   2.0102977e+03   1.1480626e-04
   2.0139017e+03   1.1384132e-04
   2.0175057e+03   1.1288449e-04
   2.0211097e+03   1.1193570e-04
   2.0247137e+03   1.1099489e-04
   2.0283177e+03   1.1006199e-04
   2.0319217e+03   1.0913692e-04
   2.0355257e+03   1.0821963e-04
   2.0391297e+03   1.0731005e-04
   2.0427337e+03   1.0640812e-04
   2.0463377e+03   1.0551377e-04
   2.0499417e+03   1.0462693e-04
   2.0535457e+03   1.0374755e-04
   2.0571497e+03   1.0287556e-04
   2.0607538e+03   1.0201089e-04
   2.0643578e+03   1.0115350e-04
   2.0679618e+03   1.0030331e-04
   2.0715658e+03   9.9460267e-05
   2.0751698e+03   9.8624310e-05
   2.0787738e+03   9.7795379e-05
   2.0823778e+03   9.6973415e-05
   2.0859818e+03   9.6158360e-05
   2.0895858e+03   9.5350155e-05
   2.0931898e+03   9.4548743e-05
   2.0967938e+03   9.3754067e-05
   2.1003978e+03   9.2966070e-05
   2.1040018e+03   9.2184696e-05
   2.1076058e+03   9.1409890e-05
   2.1112098e+03   9.0641595e-05
   2.1148138e+03   8.9879759e-05
   2.1184178e+03   8.9124325e-05
   2.1220218e+03   8.8375241e-05
   2.1256258e+03   8.7632453e-05
   2.1292298e+03   8.6895907e-05
   2.1328338e+03   8.6165553e-05
   2.1364378e+03   8.5441337e-05
   2.1400418e+03   8.4723208e-05
   2.1436458e+03   8.4011115e-05
   2.1472498e+03   8.3305007e-05
   2.1508539e+03   8.2604834e-05
   2.1544579e+03   8.1910545e-05
   2.1580619e+03   8.1222093e-05
   2.1616659e+03   8.0539426e-05
   2.1652699e+03   7.9862497e-05
   2.1688739e+03   7.9191258e-05
   2.1724779e+03   7.8525661e-05
   2.1760819e+03   7.7865658e-05
   2.1796859e+03   7.7211202e-05
   2.1832899e+03   7.6562247e-05
   2.1868939e+03   7.5918746e-05
   2.1904979e+03   7.5280654e-05
   2.1941019e+03   7.4647925e-05
   2.1977059e+03   7.4020514e-05
   2.2013099e+03   7.3398376e-05
   2.2049139e+03   7.2781467e-05
   2.2085179e+03   7.2169744e-05
   2.2121219e+03   7.1563162e-05
   2.2157259e+03   7.0961678e-05
   2.2193299e+03   7.0365250e-05
   2.2229339e+03   6.9773834e-05
   2.2265379e+03   6.9187390e-05
   2.2301419e+03   6.8605874e-05
   2.2337459e+03   6.8029246e-05
   2.2373499e+03   6.7457465e-05
   2.2409540e+03   6.6890489e-05
   2.2445580e+03   6.6328279e-05
   2.2481620e+03   6.5770794e-05
   2.2517660e+03   6.5217995e-05
   2.2553700e+03   6.4669842e-05
   2.2589740e+03   6.4126296e-05
   2.2625780e+03   6.3587318e-05
   2.2661820e+03   6.3052871e-05
   2.2697860e+03   6.2522916e-05
   2.2733900e+03   6.1997415e-05
   2.2769940e+03   6.1476330e-05
   2.2805980e+03   6.0959626e-05
   2.2842020e+03   6.0447264e-05
   2.2878060e+03   5.9939209e-05
   2.2914100e+03   5.9435423e-05
   2.2950140e+03   5.8935873e-05
   2.2986180e+03   5.8440520e-05
   2.3022220e+03   5.7949331e-05
   2.3058260e+03   5.7462271e-05
   2.3094300e+03   5.6979304e-05
   2.3130340e+03   5.6500397e-05
   2.3166380e+03   5.6025515e-05
   2.3202420e+03   5.5554624e-05
   2.3238460e+03   5.5087691e-05
   2.3274501e+03   5.4624682e-05
   2.3310541e+03   5.4165565e-05
   2.3346581e+03   5.3710307e-05
   2.3382621e+03   5.3258876e-05
   2.3418661e+03   5.2811238e-05
   2.3454701e+03   5.2367363e-05
   2.3490741e+03   5.1927219e-05
   2.3526781e+03   5.1490774e-05
   2.3562821e+03   5.1057997e-05
   2.3598861e+03   5.0628858e-05
   2.3634901e+03   5.0203326e-05
   2.3670941e+03   4.9781370e-05
   2.3706981e+03   4.9362961e-05
   2.3743021e+03   4.8948068e-05
   2.3779061e+03   4.8536663e-05
   2.3815101e+03   4.8128716e-05
   2.3851141e+03   4.7724197e-05
   2.3887181e+03   4.7323078e-05
   2.3923221e+03   4.6925331e-05
   2.3959261e+03   4.6530926e-05
   2.3995301e+03   4.6139837e-05
   2.4031341e+03   4.5752034e-05
   2.4067381e+03   4.5367491e-05
   2.4103421e+03   4.4986181e-05
   2.4139461e+03   4.4608075e-05
   2.4175502e+03   4.4233147e-05
   2.4211542e+03   4.3861370e-05
   2.4247582e+03   4.3492718e-05
   2.4283622e+03   4.3127164e-05
   2.4319662e+03   4.2764683e-05
   2.4355702e+03   4.2405249e-05
   2.4391742e+03   4.2048836e-05
   2.4427782e+03   4.1695418e-05
   2.4463822e+03   4.1344971e-05
   2.4499862e+03   4.0997469e-05
   2.4535902e+03   4.0652888e-05
   2.4571942e+03   4.0311203e-05
   2.4607982e+03   3.9972390e-05
   2.4644022e+03   3.9636424e-05
   2.4680062e+03   3.9303283e-05
   2.4716102e+03   3.8972941e-05
   2.4752142e+03   3.8645376e-05
   2.4788182e+03   3.8320564e-05
   2.4824222e+03   3.7998482e-05
   2.4860262e+03   3.7679108e-05
   2.4896302e+03   3.7362417e-05
   2.4932342e+03   3.7048388e-05
   2.4968382e+03   3.6736999e-05
   2.5004422e+03   3.6428227e-05
   2.5040462e+03   3.6122050e-05
   2.5076503e+03   3.5818446e-05
   2.5112543e+03   3.5517395e-05
   2.5148583e+03   3.5218873e-05
   2.5184623e+03   3.4922861e-05
   2.5220663e+03   3.4629337e-05
   2.5256703e+03   3.4338279e-05
   2.5292743e+03   3.4049668e-05
   2.5328783e+03   3.3763483e-05
   2.5364823e+03   3.3479703e-05
   2.5400863e+03   3.3198308e-05
   2.5436903e+03   3.2919279e-05
   2.5472943e+03   3.2642594e-05
   2.5508983e+03   3.2368235e-05
   2.5545023e+03   3.2096182e-05
   2.5581063e+03   3.1826416e-05
   2.5617103e+03   3.1558917e-05
   2.5653143e+03   3.1293666e-05
   2.5689183e+03   3.1030645e-05
   2.5725223e+03   3.0769835e-05
   2.5761263e+03   3.0511216e-05
   2.5797303e+03   3.0254771e-05
   2.5833343e+03   3.0000482e-05
   2.5869383e+03   2.9748330e-05
   2.5905423e+03   2.9498297e-05
   2.5941463e+03   2.9250366e-05
   2.5977504e+03   2.9004518e-05
   2.6013544e+03   2.8760737e-05
   2.6049584e+03   2.8519005e-05
   2.6085624e+03   2.8279305e-05
   2.6121664e+03   2.8041619e-05
   2.6157704e+03   2.7805931e-05
   2.6193744e+03   2.7572224e-05
   2.6229784e+03   2.7340481e-05
   2.6265824e+03   2.7110686e-05
   2.6301864e+03   2.6882822e-05
   2.6337904e+03   2.6656874e-05
   2.6373944e+03   2.6432825e-05
   2.6409984e+03   2.6210659e-05
   2.6446024e+03   2.5990360e-05
   2.6482064e+03   2.5771912e-05
   2.6518104e+03   2.5555301e-05
   2.6554144e+03   2.5340510e-05
   2.6590184e+03   2.5127525e-05
   2.6626224e+03   2.4916330e-05
   2.6662264e+03   2.4706910e-05
   2.6698304e+03   2.4499250e-05
   2.6734344e+03   2.4293335e-05
   2.6770384e+03   2.4089151e-05
   2.6806424e+03   2.3886683e-05
   2.6842464e+03   2.3685917e-05
   2.6878505e+03   2.3486839e-05
   2.6914545e+03   2.3289433e-05
   2.6950585e+03   2.3093687e-05
   2.6986625e+03   2.2899586e-05
   2.7022665e+03   2.2707117e-05
   2.7058705e+03   2.2516265e-05
   2.7094745e+03   2.2327017e-05
   2.7130785e+03   2.2139360e-05
   2.7166825e+03   2.1953280e-05
   2.7202865e+03   2.1768764e-05
   2.7238905e+03   2.1585799e-05
   2.7274945e+03   2.1404372e-05
   2.7310985e+03   2.1224469e-05
   2.7347025e+03   2.1046079e-05
   2.7383065e+03   2.0869188e-05
   2.7419105e+03   2.0693784e-05
   2.7455145e+03   2.0519854e-05
   2.7491185e+03   2.0347386e-05
   2.7527225e+03   2.0176368e-05
   2.7563265e+03   2.0006787e-05
   2.7599305e+03   1.9838631e-05
   2.7635345e+03   1.9671888e-05
   2.7671385e+03   1.9506547e-05
   2.7707425e+03   1.9342596e-05
   2.7743465e+03   1.9180023e-05
   2.7779506e+03   1.9018816e-05
   2.7815546e+03   1.8858964e-05
   2.7851586e+03   1.8700456e-05
   2.7887626e+03   1.8543280e-05
   2.7923666e+03   1.8387424e-05
   2.7959706e+03   1.8232879e-05
   2.7995746e+03   1.8079633e-05
   2.8031786e+03   1.7927675e-05
   2.8067826e+03   1.7776994e-05
   2.8103866e+03   1.7627580e-05
   2.8139906e+03   1.7479421e-05
   2.8175946e+03   1.7332508e-05
   2.8211986e+03   1.7186829e-05
   2.8248026e+03   1.7042375e-05
   2.8284066e+03   1.6899135e-05
   2.8320106e+03   1.6757098e-05
   2.8356146e+03   1.6616256e-05
   2.8392186e+03   1.6476598e-05
   2.8428226e+03   1.6338113e-05
   2.8464266e+03   1.6200792e-05
   2.8500306e+03   1.6064625e-05
   2.8536346e+03   1.5929603e-05
   2.8572386e+03   1.5795716e-05
   2.8608426e+03   1.5662954e-05
   2.8644466e+03   1.5531308e-05
   2.8680507e+03   1.5400768e-05
   2.8716547e+03   1.5271326e-05
   2.8752587e+03   1.5142971e-05
   2.8788627e+03   1.5015696e-05
   2.8824667e+03   1.4889490e-05
   2.8860707e+03   1.4764344e-05
   2.8896747e+03   1.4640251e-05
   2.8932787e+03   1.4517201e-05
   2.8968827e+03   1.4395185e-05
   2.9004867e+03   1.4274194e-05
   2.9040907e+03   1.4154220e-05
   2.9076947e+03   1.4035255e-05
   2.9112987e+03   1.3917290e-05
   2.9149027e+03   1.3800316e-05
   2.9185067e+03   1.3684325e-05
   2.9221107e+03   1.3569309e-05
   2.9257147e+03   1.3455260e-05
   2.9293187e+03   1.3342169e-05
   2.9329227e+03   1.3230029e-05
   2.9365267e+03   1.3118832e-05
   2.9401307e+03   1.3008569e-05
   2.9437347e+03   1.2899233e-05
   2.9473387e+03   1.2790815e-05
   2.9509427e+03   1.2683309e-05
   2.9545467e+03   1.2576707e-05
   2.9581508e+03   1.2471001e-05
   2.9617548e+03   1.2366183e-05
   2.9653588e+03   1.2262246e-05
   2.9689628e+03   1.2159182e-05
   2.9725668e+03   1.2056985e-05
   2.9761708e+03   1.1955647e-05
   2.9797748e+03   1.1855160e-05
   2.9833788e+03   1.1755519e-05
   2.9869828e+03   1.1656714e-05
   2.9905868e+03   1.1558740e-05
   2.9941908e+03   1.1461590e-05
   2.9977948e+03   1.1365256e-05
   3.0013988e+03   1.1269732e-05
   3.0050028e+03   1.1175010e-05
   3.0086068e+03   1.1081085e-05
   3.0122108e+03   1.0987949e-05
   3.0158148e+03   1.0895596e-05
   3.0194188e+03   1.0804019e-05
   3.0230228e+03   1.0713212e-05
   3.0266268e+03   1.0623168e-05
   3.0302308e+03   1.0533881e-05
   3.0338348e+03   1.0445345e-05
   3.0374388e+03   1.0357552e-05
   3.0410428e+03   1.0270498e-05
   3.0446468e+03   1.0184175e-05
   3.0482509e+03   1.0098578e-05
   3.0518549e+03   1.0013700e-05
   3.0554589e+03   9.9295352e-06
   3.0590629e+03   9.8460781e-06
   3.0626669e+03   9.7633224e-06
   3.0662709e+03   9.6812623e-06
   3.0698749e+03   9.5998920e-06
   3.0734789e+03   9.5192055e-06
   3.0770829e+03   9.4391972e-06
   3.0806869e+03   9.3598613e-06
   3.0842909e+03   9.2811923e-06
   3.0878949e+03   9.2031845e-06
   3.0914989e+03   9.1258323e-06
   3.0951029e+03   9.0491303e-06
   3.0987069e+03   8.9730729e-06
   3.1023109e+03   8.8976548e-06
   3.1059149e+03   8.8228706e-06
   3.1095189e+03   8.7487149e-06
   3.1131229e+03   8.6751826e-06
   3.1167269e+03   8.6022682e-06
   3.1203309e+03   8.5299667e-06
   3.1239349e+03   8.4582729e-06
   3.1275389e+03   8.3871816e-06
   3.1311429e+03   8.3166879e-06
   3.1347469e+03   8.2467867e-06
   3.1383510e+03   8.1774730e-06
   3.1419550e+03   8.1087418e-06
   3.1455590e+03   8.0405884e-06
   3.1491630e+03   7.9730078e-06
   3.1527670e+03   7.9059951e-06
   3.1563710e+03   7.8395458e-06
   3.1599750e+03   7.7736549e-06
   3.1635790e+03   7.7083178e-06
   3.1671830e+03   7.6435299e-06
   3.1707870e+03   7.5792865e-06
   3.1743910e+03   7.5155831e-06
   3.1779950e+03   7.4524151e-06
   3.1815990e+03   7.3897780e-06
   3.1852030e+03   7.3276674e-06
   3.1888070e+03   7.2660789e-06
   3.1924110e+03   7.2050079e-06
   3.1960150e+03   7.1444503e-06
   3.1996190e+03   7.0844017e-06
   3.2032230e+03   7.0248577e-06
   3.2068270e+03   6.9658142e-06
   3.2104310e+03   6.9072670e-06
   3.2140350e+03   6.8492119e-06
   3.2176390e+03   6.7916447e-06
   3.2212430e+03   6.7345614e-06
   3.2248470e+03   6.6779578e-06
   3.2284511e+03   6.6218300e-06
   3.2320551e+03   6.5661740e-06
   3.2356591e+03   6.5109857e-06
   3.2392631e+03   6.4562613e-06
   3.2428671e+03   6.4019968e-06
   3.2464711e+03   6.3481884e-06
   3.2500751e+03   6.2948323e-06
   3.2536791e+03   6.2419247e-06
   3.2572831e+03   6.1894617e-06
   3.2608871e+03   6.1374397e-06
   3.2644911e+03   6.0858549e-06
   3.2680951e+03   6.0347037e-06
   3.2716991e+03   5.9839824e-06
   3.2753031e+03   5.9336874e-06
   3.2789071e+03   5.8838151e-06
   3.2825111e+03   5.8343620e-06
   3.2861151e+03   5.7853246e-06
   3.2897191e+03   5.7366993e-06
   3.2933231e+03   5.6884827e-06
   3.2969271e+03   5.6406714e-06
   3.3005311e+03   5.5932619e-06
   3.3041351e+03   5.5462509e-06
   3.3077391e+03   5.4996350e-06
   3.3113431e+03   5.4534109e-06
   3.3149471e+03   5.4075754e-06
   3.3185512e+03   5.3621250e-06
   3.3221552e+03   5.3170567e-06
   3.3257592e+03   5.2723672e-06
   3.3293632e+03   5.2280533e-06
   3.3329672e+03   5.1841119e-06
   3.3365712e+03   5.1405397e-06
   3.3401752e+03   5.0973338e-06
   3.3437792e+03   5.0544911e-06
   3.3473832e+03   5.0120084e-06
   3.3509872e+03   4.9698828e-06
   3.3545912e+03   4.9281112e-06
   3.3581952e+03   4.8866908e-06
   3.3617992e+03   4.8456185e-06
   3.3654032e+03   4.8048913e-06
   3.3690072e+03   4.7645065e-06
   3.3726112e+03   4.7244612e-06
   3.3762152e+03   4.6847524e-06
   3.3798192e+03   4.6453773e-06
   3.3834232e+03   4.6063332e-06
   3.3870272e+03   4.5676173e-06
   3.3906312e+03   4.5292268e-06
   3.3942352e+03   4.4911589e-06
   3.3978392e+03   4.4534110e-06
   3.4014432e+03   4.4159804e-06
   3.4050472e+03   4.3788643e-06
   3.4086513e+03   4.3420603e-06
   3.4122553e+03   4.3055655e-06
   3.4158593e+03   4.2693775e-06
   3.4194633e+03   4.2334937e-06
   3.4230673e+03   4.1979115e-06
   3.4266713e+03   4.1626283e-06
   3.4302753e+03   4.1276417e-06
   3.4338793e+03   4.0929491e-06
   3.4374833e+03   4.0585481e-06
   3.4410873e+03   4.0244363e-06
   3.4446913e+03   3.9906112e-06
   3.4482953e+03   3.9570703e-06
   3.4518993e+03   3.9238114e-06
   3.4555033e+03   3.8908320e-06
   3.4591073e+03   3.8581298e-06
   3.4627113e+03   3.8257025e-06
   3.4663153e+03   3.7935477e-06
   3.4699193e+03   3.7616632e-06
   3.4735233e+03   3.7300466e-06
   3.4771273e+03   3.6986958e-06
   3.4807313e+03   3.6676085e-06
   3.4843353e+03   3.6367825e-06
   3.4879393e+03   3.6062156e-06
   3.4915433e+03   3.5759056e-06
   3.4951473e+03   3.5458503e-06
   3.4987514e+03   3.5160477e-06
   3.5023554e+03   3.4864955e-06
   3.5059594e+03   3.4571918e-06
   3.5095634e+03   3.4281343e-06
   3.5131674e+03   3.3993211e-06
   3.5167714e+03   3.3707500e-06
   3.5203754e+03   3.3424190e-06
   3.5239794e+03   3.3143262e-06
   3.5275834e+03   3.2864695e-06
   3.5311874e+03   3.2588470e-06
   3.5347914e+03   3.2314566e-06
   3.5383954e+03   3.2042964e-06
   3.5419994e+03   3.1773645e-06
   3.5456034e+03   3.1506589e-06
   3.5492074e+03   3.1241778e-06
   3.5528114e+03   3.0979193e-06
   3.5564154e+03   3.0718815e-06
   3.5600194e+03   3.0460625e-06
   3.5636234e+03   3.0204606e-06
   3.5672274e+03   2.9950738e-06
   3.5708314e+03   2.9699004e-06
   3.5744354e+03   2.9449386e-06
   3.5780394e+03   2.9201866e-06
   3.5816434e+03   2.8956426e-06
   3.5852474e+03   2.8713049e-06
   3.5888515e+03   2.8471718e-06
   3.5924555e+03   2.8232415e-06
   3.5960595e+03   2.7995123e-06
   3.5996635e+03   2.7759826e-06
   3.6032675e+03   2.7526506e-06
   3.6068715e+03   2.7295148e-06
   3.6104755e+03   2.7065734e-06
   3.6140795e+03   2.6838248e-06
   3.6176835e+03   2.6612674e-06
   3.6212875e+03   2.6388997e-06
   3.6248915e+03   2.6167199e-06
   3.6284955e+03   2.5947265e-06
   3.6320995e+03   2.5729180e-06
   3.6357035e+03   2.5512928e-06
   3.6393075e+03   2.5298493e-06
   3.6429115e+03   2.5085861e-06
   3.6465155e+03   2.4875016e-06
   3.6501195e+03   2.4665943e-06
   3.6537235e+03   2.4458628e-06
   3.6573275e+03   2.4253054e-06
   3.6609315e+03   2.4049209e-06
   3.6645355e+03   2.3847077e-06
   3.6681395e+03   2.3646644e-06
   3.6717435e+03   2.3447895e-06
   3.6753475e+03   2.3250817e-06
   3.6789516e+03   2.3055396e-06
   3.6825556e+03   2.2861616e-06
   3.6861596e+03   2.2669466e-06
   3.6897636e+03   2.2478931e-06
   3.6933676e+03   2.2289997e-06
   3.6969716e+03   2.2102651e-06
   3.7005756e+03   2.1916879e-06
   3.7041796e+03   2.1732669e-06
   3.7077836e+03   2.1550008e-06
   3.7113876e+03   2.1368881e-06
   3.7149916e+03   2.1189277e-06
   3.7185956e+03   2.1011183e-06
   3.7221996e+03   2.0834585e-06
   3.7258036e+03   2.0659472e-06
   3.7294076e+03   2.0485830e-06
   3.7330116e+03   2.0313648e-06
   3.7366156e+03   2.0142913e-06
   3.7402196e+03   1.9973613e-06
   3.7438236e+03   1.9805736e-06
   3.7474276e+03   1.9639270e-06
   3.7510316e+03   1.9474204e-06
   3.7546356e+03   1.9310524e-06
   3.7582396e+03   1.9148220e-06
   3.7618436e+03   1.8987281e-06
   3.7654476e+03   1.8827694e-06
   3.7690517e+03   1.8669448e-06
   3.7726557e+03   1.8512533e-06
   3.7762597e+03   1.8356936e-06
   3.7798637e+03   1.8202647e-06
   3.7834677e+03   1.8049655e-06
   3.7870717e+03   1.7897949e-06
   3.7906757e+03   1.7747518e-06
   3.7942797e+03   1.7598351e-06
   3.7978837e+03   1.7450438e-06
   3.8014877e+03   1.7303769e-06
   3.8050917e+03   1.7158331e-06
   3.8086957e+03   1.7014117e-06
   3.8122997e+03   1.6871114e-06
   3.8159037e+03   1.6729314e-06
   3.8195077e+03   1.6588705e-06
   3.8231117e+03   1.6449278e-06
   3.8267157e+03   1.6311023e-06
   3.8303197e+03   1.6173930e-06
   3.8339237e+03   1.6037989e-06
   3.8375277e+03   1.5903190e-06
   3.8411317e+03   1.5769525e-06
   3.8447357e+03   1.5636983e-06
   3.8483397e+03   1.5505556e-06
   3.8519437e+03   1.5375232e-06
   3.8555477e+03   1.5246004e-06
   3.8591518e+03   1.5117863e-06
   3.8627558e+03   1.4990798e-06
   3.8663598e+03   1.4864801e-06
   3.8699638e+03   1.4739864e-06
   3.8735678e+03   1.4615976e-06
   3.8771718e+03   1.4493130e-06
   3.8807758e+03   1.4371316e-06
   3.8843798e+03   1.4250526e-06
   3.8879838e+03   1.4130751e-06
   3.8915878e+03   1.4011983e-06
   3.8951918e+03   1.3894213e-06
   3.8987958e+03   1.3777433e-06
   3.9023998e+03   1.3661635e-06
   3.9060038e+03   1.3546810e-06
   3.9096078e+03   1.3432950e-06
   3.9132118e+03   1.3320047e-06
   3.9168158e+03   1.3208092e-06
   3.9204198e+03   1.3097079e-06
   3.9240238e+03   1.2986999e-06
   3.9276278e+03   1.2877844e-06
   3.9312318e+03   1.2769607e-06
   3.9348358e+03   1.2662279e-06
   3.9384398e+03   1.2555854e-06
   3.9420438e+03   1.2450322e-06
   3.9456478e+03   1.2345678e-06
   3.9492519e+03   1.2241914e-06
   3.9528559e+03   1.2139021e-06
   3.9564599e+03   1.2036993e-06
   3.9600639e+03   1.1935823e-06
   3.9636679e+03   1.1835503e-06
   3.9672719e+03   1.1736027e-06
   3.9708759e+03   1.1637386e-06
   3.9744799e+03   1.1539575e-06
   3.9780839e+03   1.1442585e-06
   3.9816879e+03   1.1346411e-06
   3.9852919e+03   1.1251045e-06
   3.9888959e+03   1.1156481e-06
   3.9924999e+03   1.1062711e-06
   3.9961039e+03   1.0969730e-06
   3.9997079e+03   1.0877530e-06
   4.0033119e+03   1.0786105e-06
   4.0069159e+03   1.0695449e-06
   4.0105199e+03   1.0605554e-06
   4.0141239e+03   1.0516415e-06
   4.0177279e+03   1.0428025e-06
   4.0213319e+03   1.0340379e-06
   4.0249359e+03   1.0253468e-06
   4.0285399e+03   1.0167289e-06
   4.0321439e+03   1.0081833e-06
   4.0357479e+03   9.9970960e-07
   4.0393520e+03   9.9130711e-07
   4.0429560e+03   9.8297523e-07
   4.0465600e+03   9.7471339e-07
   4.0501640e+03   9.6652099e-07
   4.0537680e+03   9.5839744e-07
   4.0573720e+03   9.5034217e-07
   4.0609760e+03   9.4235461e-07
   4.0645800e+03   9.3443418e-07
   4.0681840e+03   9.2658032e-07
   4.0717880e+03   9.1879247e-07
   4.0753920e+03   9.1107008e-07
   4.0789960e+03   9.0341259e-07
   4.0826000e+03   8.9581947e-07
