   4.3210000e+02   7.4383092e-05
   4.3386466e+02   7.6174449e-05
   4.3562933e+02   7.8001508e-05
   4.3739399e+02   7.9864772e-05
   4.3915866e+02   8.1764752e-05
   4.4092332e+02   8.3701955e-05
   4.4268799e+02   8.5676895e-05
   4.4445265e+02   8.7690084e-05
   4.4621732e+02   8.9742036e-05
   4.4798198e+02   9.1833265e-05
   4.4974665e+02   9.3964289e-05
   4.5151131e+02   9.6135623e-05
   4.5327598e+02   9.8347786e-05
   4.5504064e+02   1.0060129e-04
   4.5680531e+02   1.0289667e-04
   4.5856997e+02   1.0523442e-04
   4.6033463e+02   1.0761508e-04
   4.6209930e+02   1.1003915e-04
   4.6386396e+02   1.1250716e-04
   4.6562863e+02   1.1501963e-04
   4.6739329e+02   1.1757706e-04
   4.6915796e+02   1.2017997e-04
   4.7092262e+02   1.2282887e-04
   4.7268729e+02   1.2552429e-04
   4.7445195e+02   1.2826672e-04
   4.7621662e+02   1.3105667e-04
   4.7798128e+02   1.3389466e-04
   4.7974595e+02   1.3678118e-04
   4.8151061e+02   1.3971673e-04
   4.8327528e+02   1.4270182e-04
   4.8503994e+02   1.4573693e-04
   4.8680460e+02   1.4882256e-04
   4.8856927e+02   1.5195920e-04
   4.9033393e+02   1.5514732e-04
   4.9209860e+02   1.5838742e-04
   4.9386326e+02   1.6167996e-04
   4.9562793e+02   1.6502542e-04
   4.9739259e+02   1.6842426e-04
   4.9915726e+02   1.7187694e-04
   5.0092192e+02   1.7538392e-04
   5.0268659e+02   1.7894564e-04
   5.0445125e+02   1.8256256e-04
   5.0621592e+02   1.8623511e-04
   5.0798058e+02   1.8996372e-04
   5.0974525e+02   1.9374881e-04
   5.1150991e+02   1.9759081e-04
   5.1327457e+02   2.0149012e-04
   5.1503924e+02   2.0544714e-04
   5.1680390e+02   2.0946228e-04
   5.1856857e+02   2.1353591e-04
   5.2033323e+02   2.1766842e-04
   5.2209790e+02   2.2186017e-04
   5.2386256e+02   2.2611153e-04
   5.2562723e+02   2.3042285e-04
   5.2739189e+02   2.3479446e-04
   5.2915656e+02   2.3922671e-04
   5.3092122e+02   2.4371991e-04
   5.3268589e+02   2.4827437e-04
   5.3445055e+02   2.5289040e-04
   5.3621522e+02   2.5756828e-04
   5.3797988e+02   2.6230830e-04
   5.3974454e+02   2.6711071e-04
   5.4150921e+02   2.7197578e-04
   5.4327387e+02   2.7690375e-04
   5.4503854e+02   2.8189485e-04
   5.4680320e+02   2.8694929e-04
   5.4856787e+02   2.9206728e-04
   5.5033253e+02   2.9724902e-04
   5.5209720e+02   3.0249467e-04
   5.5386186e+02   3.0780441e-04
   5.5562653e+02   3.1317838e-04
   5.5739119e+02   3.1861672e-04
   5.5915586e+02   3.2411955e-04
   5.6092052e+02   3.2968698e-04
   5.6268519e+02   3.3531909e-04
   5.6444985e+02   3.4101597e-04
   5.6621451e+02   3.4677767e-04
   5.6797918e+02   3.5260423e-04
   5.6974384e+02   3.5849568e-04
   5.7150851e+02   3.6445204e-04
   5.7327317e+02   3.7047329e-04
   5.7503784e+02   3.7655942e-04
   5.7680250e+02   3.8271038e-04
   5.7856717e+02   3.8892611e-04
   5.8033183e+02   3.9520655e-04
   5.8209650e+02   4.0155159e-04
   5.8386116e+02   4.0796112e-04
   5.8562583e+02   4.1443503e-04
   5.8739049e+02   4.2097315e-04
   5.8915516e+02   4.2757532e-04
   5.9091982e+02   4.3424135e-04
   5.9268448e+02   4.4097104e-04
   5.9444915e+02   4.4776416e-04
   5.9621381e+02   4.5462047e-04
   5.9797848e+02   4.6153971e-04
   5.9974314e+02   4.6852159e-04
   6.0150781e+02   4.7556580e-04
   6.0327247e+02   4.8267203e-04
   6.0503714e+02   4.8983993e-04
   6.0680180e+02   4.9706913e-04
   6.0856647e+02   5.0435925e-04
   6.1033113e+02   5.1170987e-04
   6.1209580e+02   5.1912059e-04
   6.1386046e+02   5.2659093e-04
   6.1562513e+02   5.3412045e-04
   6.1738979e+02   5.4170864e-04
   6.1915445e+02   5.4935499e-04
   6.2091912e+02   5.5705898e-04
   6.2268378e+02   5.6482004e-04
   6.2444845e+02   5.7263760e-04
   6.2621311e+02   5.8051106e-04
   6.2797778e+02   5.8843981e-04
   6.2974244e+02   5.9642320e-04
   6.3150711e+02   6.0446058e-04
   6.3327177e+02   6.1255125e-04
   6.3503644e+02   6.2069451e-04
   6.3680110e+02   6.2888963e-04
   6.3856577e+02   6.3713587e-04
   6.4033043e+02   6.4543246e-04
   6.4209510e+02   6.5377860e-04
   6.4385976e+02   6.6217348e-04
   6.4562442e+02   6.7061626e-04
   6.4738909e+02   6.7910610e-04
   6.4915375e+02   6.8764210e-04
   6.5091842e+02   6.9622338e-04
   6.5268308e+02   7.0484902e-04
   6.5444775e+02   7.1351806e-04
   6.5621241e+02   7.2222956e-04
   6.5797708e+02   7.3098252e-04
   6.5974174e+02   7.3977595e-04
   6.6150641e+02   7.4860882e-04
   6.6327107e+02   7.5748009e-04
   6.6503574e+02   7.6638869e-04
   6.6680040e+02   7.7533355e-04
   6.6856507e+02   7.8431354e-04
   6.7032973e+02   7.9332757e-04
   6.7209439e+02   8.0237447e-04
   6.7385906e+02   8.1145309e-04
   6.7562372e+02   8.2056225e-04
   6.7738839e+02   8.2970074e-04
   6.7915305e+02   8.3886736e-04
   6.8091772e+02   8.4806086e-04
   6.8268238e+02   8.5727999e-04
   6.8444705e+02   8.6652348e-04
   6.8621171e+02   8.7579004e-04
   6.8797638e+02   8.8507837e-04
   6.8974104e+02   8.9438714e-04
   6.9150571e+02   9.0371501e-04
   6.9327037e+02   9.1306064e-04
   6.9503504e+02   9.2242264e-04
   6.9679970e+02   9.3179964e-04
   6.9856436e+02   9.4119023e-04
   7.0032903e+02   9.5059300e-04
   7.0209369e+02   9.6000651e-04
   7.0385836e+02   9.6942934e-04
   7.0562302e+02   9.7886001e-04
   7.0738769e+02   9.8829707e-04
   7.0915235e+02   9.9773902e-04
   7.1091702e+02   1.0071844e-03
   7.1268168e+02   1.0166316e-03
   7.1444635e+02   1.0260793e-03
   7.1621101e+02   1.0355258e-03
   7.1797568e+02   1.0449696e-03
   7.1974034e+02   1.0544091e-03
   7.2150501e+02   1.0638429e-03
   7.2326967e+02   1.0732693e-03
   7.2503433e+02   1.0826868e-03
   7.2679900e+02   1.0920938e-03
   7.2856366e+02   1.1014887e-03
   7.3032833e+02   1.1108698e-03
   7.3209299e+02   1.1202357e-03
   7.3385766e+02   1.1295846e-03
   7.3562232e+02   1.1389150e-03
   7.3738699e+02   1.1482253e-03
   7.3915165e+02   1.1575138e-03
   7.4091632e+02   1.1667788e-03
   7.4268098e+02   1.1760189e-03
   7.4444565e+02   1.1852323e-03
   7.4621031e+02   1.1944173e-03
   7.4797497e+02   1.2035724e-03
   7.4973964e+02   1.2126960e-03
   7.5150430e+02   1.2217863e-03
   7.5326897e+02   1.2308417e-03
   7.5503363e+02   1.2398607e-03
   7.5679830e+02   1.2488415e-03
   7.5856296e+02   1.2577825e-03
   7.6032763e+02   1.2666821e-03
   7.6209229e+02   1.2755387e-03
   7.6385696e+02   1.2843506e-03
   7.6562162e+02   1.2931162e-03
   7.6738629e+02   1.3018339e-03
   7.6915095e+02   1.3105021e-03
   7.7091562e+02   1.3191191e-03
   7.7268028e+02   1.3276834e-03
   7.7444494e+02   1.3361934e-03
   7.7620961e+02   1.3446475e-03
   7.7797427e+02   1.3530441e-03
   7.7973894e+02   1.3613816e-03
   7.8150360e+02   1.3696584e-03
   7.8326827e+02   1.3778731e-03
   7.8503293e+02   1.3860241e-03
   7.8679760e+02   1.3941098e-03
   7.8856226e+02   1.4021287e-03
   7.9032693e+02   1.4100794e-03
   7.9209159e+02   1.4179603e-03
   7.9385626e+02   1.4257699e-03
   7.9562092e+02   1.4335068e-03
   7.9738559e+02   1.4411695e-03
   7.9915025e+02   1.4487566e-03
   8.0091491e+02   1.4562667e-03
   8.0267958e+02   1.4636983e-03
   8.0444424e+02   1.4710500e-03
   8.0620891e+02   1.4783205e-03
   8.0797357e+02   1.4855084e-03
   8.0973824e+02   1.4926124e-03
   8.1150290e+02   1.4996312e-03
   8.1326757e+02   1.5065634e-03
   8.1503223e+02   1.5134077e-03
   8.1679690e+02   1.5201629e-03
   8.1856156e+02   1.5268278e-03
   8.2032623e+02   1.5334011e-03
   8.2209089e+02   1.5398816e-03
   8.2385556e+02   1.5462681e-03
   8.2562022e+02   1.5525594e-03
   8.2738488e+02   1.5587545e-03
   8.2914955e+02   1.5648522e-03
   8.3091421e+02   1.5708514e-03
   8.3267888e+02   1.5767510e-03
   8.3444354e+02   1.5825500e-03
   8.3620821e+02   1.5882473e-03
   8.3797287e+02   1.5938420e-03
   8.3973754e+02   1.5993331e-03
   8.4150220e+02   1.6047196e-03
   8.4326687e+02   1.6100006e-03
   8.4503153e+02   1.6151752e-03
   8.4679620e+02   1.6202425e-03
   8.4856086e+02   1.6252017e-03
   8.5032553e+02   1.6300519e-03
   8.5209019e+02   1.6347924e-03
   8.5385485e+02   1.6394224e-03
   8.5561952e+02   1.6439411e-03
   8.5738418e+02   1.6483478e-03
   8.5914885e+02   1.6526419e-03
   8.6091351e+02   1.6568227e-03
   8.6267818e+02   1.6608895e-03
   8.6444284e+02   1.6648417e-03
   8.6620751e+02   1.6686788e-03
   8.6797217e+02   1.6724002e-03
   8.6973684e+02   1.6760054e-03
   8.7150150e+02   1.6794939e-03
   8.7326617e+02   1.6828653e-03
   8.7503083e+02   1.6861191e-03
   8.7679550e+02   1.6892548e-03
   8.7856016e+02   1.6922723e-03
   8.8032482e+02   1.6951710e-03
   8.8208949e+02   1.6979506e-03
   8.8385415e+02   1.7006110e-03
   8.8561882e+02   1.7031517e-03
   8.8738348e+02   1.7055727e-03
   8.8914815e+02   1.7078736e-03
   8.9091281e+02   1.7100544e-03
   8.9267748e+02   1.7121148e-03
   8.9444214e+02   1.7140548e-03
   8.9620681e+02   1.7158743e-03
   8.9797147e+02   1.7175732e-03
   8.9973614e+02   1.7191515e-03
   9.0150080e+02   1.7206091e-03
   9.0326547e+02   1.7219462e-03
   9.0503013e+02   1.7231628e-03
   9.0679479e+02   1.7242590e-03
   9.0855946e+02   1.7252348e-03
   9.1032412e+02   1.7260904e-03
   9.1208879e+02   1.7268261e-03
   9.1385345e+02   1.7274419e-03
   9.1561812e+02   1.7279382e-03
   9.1738278e+02   1.7283151e-03
   9.1914745e+02   1.7285730e-03
   9.2091211e+02   1.7287122e-03
   9.2267678e+02   1.7287330e-03
   9.2444144e+02   1.7286357e-03
   9.2620611e+02   1.7284208e-03
   9.2797077e+02   1.7280886e-03
   9.2973544e+02   1.7276396e-03
   9.3150010e+02   1.7270743e-03
   9.3326476e+02   1.7263932e-03
   9.3502943e+02   1.7255967e-03
   9.3679409e+02   1.7246854e-03
   9.3855876e+02   1.7236599e-03
   9.4032342e+02   1.7225207e-03
   9.4208809e+02   1.7212685e-03
   9.4385275e+02   1.7199039e-03
   9.4561742e+02   1.7184276e-03
   9.4738208e+02   1.7168402e-03
   9.4914675e+02   1.7151425e-03
   9.5091141e+02   1.7133351e-03
   9.5267608e+02   1.7114188e-03
   9.5444074e+02   1.7093944e-03
   9.5620541e+02   1.7072626e-03
   9.5797007e+02   1.7050243e-03
   9.5973473e+02   1.7026803e-03
   9.6149940e+02   1.7002315e-03
   9.6326406e+02   1.6976786e-03
   9.6502873e+02   1.6950227e-03
   9.6679339e+02   1.6922645e-03
   9.6855806e+02   1.6894051e-03
   9.7032272e+02   1.6864453e-03
   9.7208739e+02   1.6833861e-03
   9.7385205e+02   1.6802285e-03
   9.7561672e+02   1.6769735e-03
   9.7738138e+02   1.6736220e-03
   9.7914605e+02   1.6701752e-03
   9.8091071e+02   1.6666339e-03
   9.8267538e+02   1.6629994e-03
   9.8444004e+02   1.6592725e-03
   9.8620470e+02   1.6554545e-03
   9.8796937e+02   1.6515464e-03
   9.8973403e+02   1.6475493e-03
   9.9149870e+02   1.6434643e-03
   9.9326336e+02   1.6392925e-03
   9.9502803e+02   1.6350351e-03
   9.9679269e+02   1.6306932e-03
   9.9855736e+02   1.6262680e-03
   1.0003220e+03   1.6217607e-03
   1.0020867e+03   1.6171724e-03
   1.0038514e+03   1.6125043e-03
   1.0056160e+03   1.6077576e-03
   1.0073807e+03   1.6029335e-03
   1.0091453e+03   1.5980332e-03
   1.0109100e+03   1.5930579e-03
   1.0126747e+03   1.5880089e-03
   1.0144393e+03   1.5828874e-03
   1.0162040e+03   1.5776946e-03
   1.0179687e+03   1.5724318e-03
   1.0197333e+03   1.5671001e-03
   1.0214980e+03   1.5617009e-03
   1.0232627e+03   1.5562355e-03
   1.0250273e+03   1.5507049e-03
   1.0267920e+03   1.5451107e-03
   1.0285567e+03   1.5394539e-03
   1.0303213e+03   1.5337358e-03
   1.0320860e+03   1.5279578e-03
   1.0338507e+03   1.5221210e-03
   1.0356153e+03   1.5162269e-03
   1.0373800e+03   1.5102765e-03
   1.0391446e+03   1.5042712e-03
   1.0409093e+03   1.4982124e-03
   1.0426740e+03   1.4921011e-03
   1.0444386e+03   1.4859388e-03
   1.0462033e+03   1.4797266e-03
   1.0479680e+03   1.4734659e-03
   1.0497326e+03   1.4671578e-03
   1.0514973e+03   1.4608037e-03
   1.0532620e+03   1.4544049e-03
   1.0550266e+03   1.4479625e-03
   1.0567913e+03   1.4414778e-03
   1.0585560e+03   1.4349521e-03
   1.0603206e+03   1.4283867e-03
   1.0620853e+03   1.4217826e-03
   1.0638499e+03   1.4151413e-03
   1.0656146e+03   1.4084639e-03
   1.0673793e+03   1.4017516e-03
   1.0691439e+03   1.3950056e-03
   1.0709086e+03   1.3882272e-03
   1.0726733e+03   1.3814176e-03
   1.0744379e+03   1.3745779e-03
   1.0762026e+03   1.3677094e-03
   1.0779673e+03   1.3608132e-03
   1.0797319e+03   1.3538905e-03
   1.0814966e+03   1.3469425e-03
   1.0832613e+03   1.3399704e-03
   1.0850259e+03   1.3329752e-03
   1.0867906e+03   1.3259581e-03
   1.0885553e+03   1.3189203e-03
   1.0903199e+03   1.3118629e-03
   1.0920846e+03   1.3047869e-03
   1.0938492e+03   1.2976936e-03
   1.0956139e+03   1.2905839e-03
   1.0973786e+03   1.2834590e-03
   1.0991432e+03   1.2763200e-03
   1.1009079e+03   1.2691679e-03
   1.1026726e+03   1.2620038e-03
   1.1044372e+03   1.2548287e-03
   1.1062019e+03   1.2476436e-03
   1.1079666e+03   1.2404496e-03
   1.1097312e+03   1.2332477e-03
   1.1114959e+03   1.2260389e-03
   1.1132606e+03   1.2188241e-03
   1.1150252e+03   1.2116044e-03
   1.1167899e+03   1.2043806e-03
   1.1185546e+03   1.1971538e-03
   1.1203192e+03   1.1899250e-03
   1.1220839e+03   1.1826949e-03
   1.1238485e+03   1.1754646e-03
   1.1256132e+03   1.1682350e-03
   1.1273779e+03   1.1610068e-03
   1.1291425e+03   1.1537811e-03
   1.1309072e+03   1.1465587e-03
   1.1326719e+03   1.1393404e-03
   1.1344365e+03   1.1321271e-03
   1.1362012e+03   1.1249196e-03
   1.1379659e+03   1.1177187e-03
   1.1397305e+03   1.1105252e-03
   1.1414952e+03   1.1033400e-03
   1.1432599e+03   1.0961637e-03
   1.1450245e+03   1.0889973e-03
   1.1467892e+03   1.0818413e-03
   1.1485539e+03   1.0746965e-03
   1.1503185e+03   1.0675638e-03
   1.1520832e+03   1.0604437e-03
   1.1538478e+03   1.0533370e-03
   1.1556125e+03   1.0462444e-03
   1.1573772e+03   1.0391665e-03
   1.1591418e+03   1.0321040e-03
   1.1609065e+03   1.0250576e-03
   1.1626712e+03   1.0180279e-03
   1.1644358e+03   1.0110155e-03
   1.1662005e+03   1.0040210e-03
   1.1679652e+03   9.9704499e-04
   1.1697298e+03   9.9008812e-04
   1.1714945e+03   9.8315092e-04
   1.1732592e+03   9.7623395e-04
   1.1750238e+03   9.6933777e-04
   1.1767885e+03   9.6246289e-04
   1.1785532e+03   9.5560985e-04
   1.1803178e+03   9.4877915e-04
   1.1820825e+03   9.4197129e-04
   1.1838471e+03   9.3518675e-04
   1.1856118e+03   9.2842600e-04
   1.1873765e+03   9.2168951e-04
   1.1891411e+03   9.1497771e-04
   1.1909058e+03   9.0829106e-04
   1.1926705e+03   9.0162996e-04
   1.1944351e+03   8.9499484e-04
   1.1961998e+03   8.8838609e-04
   1.1979645e+03   8.8180410e-04
   1.1997291e+03   8.7524925e-04
   1.2014938e+03   8.6872191e-04
   1.2032585e+03   8.6222243e-04
   1.2050231e+03   8.5575115e-04
   1.2067878e+03   8.4930841e-04
   1.2085525e+03   8.4289452e-04
   1.2103171e+03   8.3650981e-04
   1.2120818e+03   8.3015456e-04
   1.2138464e+03   8.2382907e-04
   1.2156111e+03   8.1753362e-04
   1.2173758e+03   8.1126847e-04
   1.2191404e+03   8.0503389e-04
   1.2209051e+03   7.9883011e-04
   1.2226698e+03   7.9265739e-04
   1.2244344e+03   7.8651595e-04
   1.2261991e+03   7.8040601e-04
   1.2279638e+03   7.7432777e-04
   1.2297284e+03   7.6828143e-04
   1.2314931e+03   7.6226720e-04
   1.2332578e+03   7.5628523e-04
   1.2350224e+03   7.5033572e-04
   1.2367871e+03   7.4441882e-04
   1.2385518e+03   7.3853469e-04
   1.2403164e+03   7.3268346e-04
   1.2420811e+03   7.2686528e-04
   1.2438457e+03   7.2108028e-04
   1.2456104e+03   7.1532857e-04
   1.2473751e+03   7.0961027e-04
   1.2491397e+03   7.0392548e-04
   1.2509044e+03   6.9827430e-04
   1.2526691e+03   6.9265681e-04
   1.2544337e+03   6.8707310e-04
   1.2561984e+03   6.8152323e-04
   1.2579631e+03   6.7600728e-04
   1.2597277e+03   6.7052530e-04
   1.2614924e+03   6.6507734e-04
   1.2632571e+03   6.5966345e-04
   1.2650217e+03   6.5428367e-04
   1.2667864e+03   6.4893801e-04
   1.2685511e+03   6.4362652e-04
   1.2703157e+03   6.3834921e-04
   1.2720804e+03   6.3310608e-04
   1.2738450e+03   6.2789715e-04
   1.2756097e+03   6.2272241e-04
   1.2773744e+03   6.1758185e-04
   1.2791390e+03   6.1247547e-04
   1.2809037e+03   6.0740324e-04
   1.2826684e+03   6.0236514e-04
   1.2844330e+03   5.9736114e-04
   1.2861977e+03   5.9239121e-04
   1.2879624e+03   5.8745530e-04
   1.2897270e+03   5.8255338e-04
   1.2914917e+03   5.7768539e-04
   1.2932564e+03   5.7285127e-04
   1.2950210e+03   5.6805098e-04
   1.2967857e+03   5.6328443e-04
   1.2985504e+03   5.5855158e-04
   1.3003150e+03   5.5385233e-04
   1.3020797e+03   5.4918662e-04
   1.3038443e+03   5.4455437e-04
   1.3056090e+03   5.3995548e-04
   1.3073737e+03   5.3538987e-04
   1.3091383e+03   5.3085746e-04
   1.3109030e+03   5.2635813e-04
   1.3126677e+03   5.2189179e-04
   1.3144323e+03   5.1745834e-04
   1.3161970e+03   5.1305767e-04
   1.3179617e+03   5.0868968e-04
   1.3197263e+03   5.0435423e-04
   1.3214910e+03   5.0005123e-04
   1.3232557e+03   4.9578055e-04
   1.3250203e+03   4.9154207e-04
   1.3267850e+03   4.8733566e-04
   1.3285496e+03   4.8316119e-04
   1.3303143e+03   4.7901854e-04
   1.3320790e+03   4.7490757e-04
   1.3338436e+03   4.7082815e-04
   1.3356083e+03   4.6678014e-04
   1.3373730e+03   4.6276340e-04
   1.3391376e+03   4.5877778e-04
   1.3409023e+03   4.5482315e-04
   1.3426670e+03   4.5089936e-04
   1.3444316e+03   4.4700625e-04
   1.3461963e+03   4.4314369e-04
   1.3479610e+03   4.3931151e-04
   1.3497256e+03   4.3550957e-04
   1.3514903e+03   4.3173770e-04
   1.3532550e+03   4.2799576e-04
   1.3550196e+03   4.2428359e-04
   1.3567843e+03   4.2060102e-04
   1.3585489e+03   4.1694789e-04
   1.3603136e+03   4.1332406e-04
   1.3620783e+03   4.0972934e-04
   1.3638429e+03   4.0616358e-04
   1.3656076e+03   4.0262661e-04
   1.3673723e+03   3.9911827e-04
   1.3691369e+03   3.9563839e-04
   1.3709016e+03   3.9218680e-04
   1.3726663e+03   3.8876333e-04
   1.3744309e+03   3.8536781e-04
   1.3761956e+03   3.8200008e-04
   1.3779603e+03   3.7865997e-04
   1.3797249e+03   3.7534729e-04
   1.3814896e+03   3.7206189e-04
   1.3832543e+03   3.6880358e-04
   1.3850189e+03   3.6557219e-04
   1.3867836e+03   3.6236756e-04
   1.3885482e+03   3.5918951e-04
   1.3903129e+03   3.5603787e-04
   1.3920776e+03   3.5291245e-04
   1.3938422e+03   3.4981309e-04
   1.3956069e+03   3.4673962e-04
   1.3973716e+03   3.4369185e-04
   1.3991362e+03   3.4066962e-04
   1.4009009e+03   3.3767275e-04
   1.4026656e+03   3.3470107e-04
   1.4044302e+03   3.3175439e-04
   1.4061949e+03   3.2883256e-04
   1.4079596e+03   3.2593538e-04
   1.4097242e+03   3.2306270e-04
   1.4114889e+03   3.2021434e-04
   1.4132536e+03   3.1739011e-04
   1.4150182e+03   3.1458986e-04
   1.4167829e+03   3.1181340e-04
   1.4185475e+03   3.0906056e-04
   1.4203122e+03   3.0633118e-04
   1.4220769e+03   3.0362507e-04
   1.4238415e+03   3.0094208e-04
   1.4256062e+03   2.9828202e-04
   1.4273709e+03   2.9564473e-04
   1.4291355e+03   2.9303003e-04
   1.4309002e+03   2.9043776e-04
   1.4326649e+03   2.8786775e-04
   1.4344295e+03   2.8531983e-04
   1.4361942e+03   2.8279383e-04
   1.4379589e+03   2.8028958e-04
   1.4397235e+03   2.7780692e-04
   1.4414882e+03   2.7534568e-04
   1.4432529e+03   2.7290570e-04
   1.4450175e+03   2.7048681e-04
   1.4467822e+03   2.6808884e-04
   1.4485468e+03   2.6571164e-04
   1.4503115e+03   2.6335504e-04
   1.4520762e+03   2.6101888e-04
   1.4538408e+03   2.5870299e-04
   1.4556055e+03   2.5640722e-04
   1.4573702e+03   2.5413141e-04
   1.4591348e+03   2.5187540e-04
   1.4608995e+03   2.4963902e-04
   1.4626642e+03   2.4742213e-04
   1.4644288e+03   2.4522456e-04
   1.4661935e+03   2.4304617e-04
   1.4679582e+03   2.4088679e-04
   1.4697228e+03   2.3874627e-04
   1.4714875e+03   2.3662446e-04
   1.4732522e+03   2.3452120e-04
   1.4750168e+03   2.3243635e-04
   1.4767815e+03   2.3036976e-04
   1.4785461e+03   2.2832126e-04
   1.4803108e+03   2.2629073e-04
   1.4820755e+03   2.2427800e-04
   1.4838401e+03   2.2228293e-04
   1.4856048e+03   2.2030537e-04
   1.4873695e+03   2.1834518e-04
   1.4891341e+03   2.1640222e-04
   1.4908988e+03   2.1447634e-04
   1.4926635e+03   2.1256740e-04
   1.4944281e+03   2.1067526e-04
   1.4961928e+03   2.0879977e-04
   1.4979575e+03   2.0694080e-04
   1.4997221e+03   2.0509820e-04
   1.5014868e+03   2.0327185e-04
   1.5032515e+03   2.0146160e-04
   1.5050161e+03   1.9966732e-04
   1.5067808e+03   1.9788887e-04
   1.5085454e+03   1.9612612e-04
   1.5103101e+03   1.9437893e-04
   1.5120748e+03   1.9264718e-04
   1.5138394e+03   1.9093073e-04
   1.5156041e+03   1.8922945e-04
   1.5173688e+03   1.8754321e-04
   1.5191334e+03   1.8587188e-04
   1.5208981e+03   1.8421534e-04
   1.5226628e+03   1.8257346e-04
   1.5244274e+03   1.8094612e-04
   1.5261921e+03   1.7933318e-04
   1.5279568e+03   1.7773453e-04
   1.5297214e+03   1.7615004e-04
   1.5314861e+03   1.7457959e-04
   1.5332508e+03   1.7302305e-04
   1.5350154e+03   1.7148032e-04
   1.5367801e+03   1.6995127e-04
   1.5385447e+03   1.6843578e-04
   1.5403094e+03   1.6693373e-04
   1.5420741e+03   1.6544501e-04
   1.5438387e+03   1.6396950e-04
   1.5456034e+03   1.6250709e-04
   1.5473681e+03   1.6105767e-04
   1.5491327e+03   1.5962111e-04
   1.5508974e+03   1.5819732e-04
   1.5526621e+03   1.5678617e-04
   1.5544267e+03   1.5538755e-04
   1.5561914e+03   1.5400137e-04
   1.5579561e+03   1.5262751e-04
   1.5597207e+03   1.5126585e-04
   1.5614854e+03   1.4991631e-04
   1.5632501e+03   1.4857876e-04
   1.5650147e+03   1.4725311e-04
   1.5667794e+03   1.4593924e-04
   1.5685440e+03   1.4463707e-04
   1.5703087e+03   1.4334648e-04
   1.5720734e+03   1.4206737e-04
   1.5738380e+03   1.4079964e-04
   1.5756027e+03   1.3954320e-04
   1.5773674e+03   1.3829793e-04
   1.5791320e+03   1.3706376e-04
   1.5808967e+03   1.3584057e-04
   1.5826614e+03   1.3462827e-04
   1.5844260e+03   1.3342676e-04
   1.5861907e+03   1.3223596e-04
   1.5879554e+03   1.3105576e-04
   1.5897200e+03   1.2988607e-04
   1.5914847e+03   1.2872680e-04
   1.5932493e+03   1.2757786e-04
   1.5950140e+03   1.2643915e-04
   1.5967787e+03   1.2531059e-04
   1.5985433e+03   1.2419209e-04
   1.6003080e+03   1.2308355e-04
   1.6020727e+03   1.2198489e-04
   1.6038373e+03   1.2089603e-04
   1.6056020e+03   1.1981686e-04
   1.6073667e+03   1.1874732e-04
   1.6091313e+03   1.1768731e-04
   1.6108960e+03   1.1663676e-04
   1.6126607e+03   1.1559556e-04
   1.6144253e+03   1.1456365e-04
   1.6161900e+03   1.1354094e-04
   1.6179547e+03   1.1252735e-04
   1.6197193e+03   1.1152280e-04
   1.6214840e+03   1.1052721e-04
   1.6232486e+03   1.0954050e-04
   1.6250133e+03   1.0856258e-04
   1.6267780e+03   1.0759339e-04
   1.6285426e+03   1.0663284e-04
   1.6303073e+03   1.0568086e-04
   1.6320720e+03   1.0473737e-04
   1.6338366e+03   1.0380230e-04
   1.6356013e+03   1.0287557e-04
   1.6373660e+03   1.0195710e-04
   1.6391306e+03   1.0104683e-04
   1.6408953e+03   1.0014469e-04
   1.6426600e+03   9.9250585e-05
   1.6444246e+03   9.8364463e-05
   1.6461893e+03   9.7486247e-05
   1.6479540e+03   9.6615867e-05
   1.6497186e+03   9.5753253e-05
   1.6514833e+03   9.4898337e-05
   1.6532479e+03   9.4051050e-05
   1.6550126e+03   9.3211323e-05
   1.6567773e+03   9.2379090e-05
   1.6585419e+03   9.1554284e-05
   1.6603066e+03   9.0736839e-05
   1.6620713e+03   8.9926690e-05
   1.6638359e+03   8.9123770e-05
   1.6656006e+03   8.8328017e-05
   1.6673653e+03   8.7539366e-05
   1.6691299e+03   8.6757753e-05
   1.6708946e+03   8.5983117e-05
   1.6726593e+03   8.5215395e-05
   1.6744239e+03   8.4454526e-05
   1.6761886e+03   8.3700448e-05
   1.6779533e+03   8.2953100e-05
   1.6797179e+03   8.2212424e-05
   1.6814826e+03   8.1478359e-05
   1.6832472e+03   8.0750847e-05
   1.6850119e+03   8.0029829e-05
   1.6867766e+03   7.9315247e-05
   1.6885412e+03   7.8607044e-05
   1.6903059e+03   7.7905163e-05
   1.6920706e+03   7.7209548e-05
   1.6938352e+03   7.6520143e-05
   1.6955999e+03   7.5836892e-05
   1.6973646e+03   7.5159740e-05
   1.6991292e+03   7.4488634e-05
   1.7008939e+03   7.3823519e-05
   1.7026586e+03   7.3164342e-05
   1.7044232e+03   7.2511049e-05
   1.7061879e+03   7.1863589e-05
   1.7079526e+03   7.1221910e-05
   1.7097172e+03   7.0585959e-05
   1.7114819e+03   6.9955686e-05
   1.7132465e+03   6.9331040e-05
   1.7150112e+03   6.8711970e-05
   1.7167759e+03   6.8098428e-05
   1.7185405e+03   6.7490364e-05
   1.7203052e+03   6.6887728e-05
   1.7220699e+03   6.6290473e-05
   1.7238345e+03   6.5698550e-05
   1.7255992e+03   6.5111913e-05
   1.7273639e+03   6.4530513e-05
   1.7291285e+03   6.3954304e-05
   1.7308932e+03   6.3383239e-05
   1.7326579e+03   6.2817274e-05
   1.7344225e+03   6.2256361e-05
   1.7361872e+03   6.1700457e-05
   1.7379519e+03   6.1149516e-05
   1.7397165e+03   6.0603494e-05
   1.7414812e+03   6.0062348e-05
   1.7432458e+03   5.9526033e-05
   1.7450105e+03   5.8994507e-05
   1.7467752e+03   5.8467727e-05
   1.7485398e+03   5.7945650e-05
   1.7503045e+03   5.7428235e-05
   1.7520692e+03   5.6915440e-05
   1.7538338e+03   5.6407224e-05
   1.7555985e+03   5.5903545e-05
   1.7573632e+03   5.5404363e-05
   1.7591278e+03   5.4909639e-05
   1.7608925e+03   5.4419332e-05
   1.7626572e+03   5.3933403e-05
   1.7644218e+03   5.3451813e-05
   1.7661865e+03   5.2974523e-05
   1.7679512e+03   5.2501495e-05
   1.7697158e+03   5.2032691e-05
   1.7714805e+03   5.1568072e-05
   1.7732451e+03   5.1107602e-05
   1.7750098e+03   5.0651244e-05
   1.7767745e+03   5.0198960e-05
   1.7785391e+03   4.9750715e-05
   1.7803038e+03   4.9306473e-05
   1.7820685e+03   4.8866197e-05
   1.7838331e+03   4.8429853e-05
   1.7855978e+03   4.7997404e-05
   1.7873625e+03   4.7568817e-05
   1.7891271e+03   4.7144057e-05
   1.7908918e+03   4.6723090e-05
   1.7926565e+03   4.6305882e-05
   1.7944211e+03   4.5892399e-05
   1.7961858e+03   4.5482608e-05
   1.7979505e+03   4.5076476e-05
   1.7997151e+03   4.4673971e-05
   1.8014798e+03   4.4275060e-05
   1.8032444e+03   4.3879711e-05
   1.8050091e+03   4.3487892e-05
   1.8067738e+03   4.3099571e-05
   1.8085384e+03   4.2714718e-05
   1.8103031e+03   4.2333302e-05
   1.8120678e+03   4.1955291e-05
   1.8138324e+03   4.1580656e-05
   1.8155971e+03   4.1209366e-05
   1.8173618e+03   4.0841391e-05
   1.8191264e+03   4.0476702e-05
   1.8208911e+03   4.0115269e-05
   1.8226558e+03   3.9757064e-05
   1.8244204e+03   3.9402058e-05
   1.8261851e+03   3.9050221e-05
   1.8279497e+03   3.8701526e-05
   1.8297144e+03   3.8355944e-05
   1.8314791e+03   3.8013449e-05
   1.8332437e+03   3.7674012e-05
   1.8350084e+03   3.7337605e-05
   1.8367731e+03   3.7004203e-05
   1.8385377e+03   3.6673777e-05
   1.8403024e+03   3.6346302e-05
   1.8420671e+03   3.6021751e-05
   1.8438317e+03   3.5700099e-05
   1.8455964e+03   3.5381318e-05
   1.8473611e+03   3.5065384e-05
   1.8491257e+03   3.4752271e-05
   1.8508904e+03   3.4441954e-05
   1.8526551e+03   3.4134408e-05
   1.8544197e+03   3.3829608e-05
   1.8561844e+03   3.3527530e-05
   1.8579490e+03   3.3228149e-05
   1.8597137e+03   3.2931441e-05
   1.8614784e+03   3.2637383e-05
   1.8632430e+03   3.2345950e-05
   1.8650077e+03   3.2057120e-05
   1.8667724e+03   3.1770869e-05
   1.8685370e+03   3.1487174e-05
   1.8703017e+03   3.1206012e-05
   1.8720664e+03   3.0927361e-05
   1.8738310e+03   3.0651198e-05
   1.8755957e+03   3.0377501e-05
   1.8773604e+03   3.0106248e-05
   1.8791250e+03   2.9837417e-05
   1.8808897e+03   2.9570986e-05
   1.8826544e+03   2.9306935e-05
   1.8844190e+03   2.9045241e-05
   1.8861837e+03   2.8785885e-05
   1.8879483e+03   2.8528844e-05
   1.8897130e+03   2.8274098e-05
   1.8914777e+03   2.8021627e-05
   1.8932423e+03   2.7771410e-05
   1.8950070e+03   2.7523428e-05
   1.8967717e+03   2.7277660e-05
   1.8985363e+03   2.7034087e-05
   1.9003010e+03   2.6792688e-05
   1.9020657e+03   2.6553446e-05
   1.9038303e+03   2.6316339e-05
   1.9055950e+03   2.6081350e-05
   1.9073597e+03   2.5848459e-05
   1.9091243e+03   2.5617647e-05
   1.9108890e+03   2.5388897e-05
   1.9126537e+03   2.5162189e-05
   1.9144183e+03   2.4937505e-05
   1.9161830e+03   2.4714828e-05
   1.9179476e+03   2.4494139e-05
   1.9197123e+03   2.4275421e-05
   1.9214770e+03   2.4058656e-05
   1.9232416e+03   2.3843826e-05
   1.9250063e+03   2.3630915e-05
   1.9267710e+03   2.3419905e-05
   1.9285356e+03   2.3210779e-05
   1.9303003e+03   2.3003520e-05
   1.9320650e+03   2.2798112e-05
   1.9338296e+03   2.2594539e-05
   1.9355943e+03   2.2392783e-05
   1.9373590e+03   2.2192829e-05
   1.9391236e+03   2.1994660e-05
   1.9408883e+03   2.1798260e-05
   1.9426530e+03   2.1603615e-05
   1.9444176e+03   2.1410707e-05
   1.9461823e+03   2.1219522e-05
   1.9479469e+03   2.1030044e-05
   1.9497116e+03   2.0842259e-05
   1.9514763e+03   2.0656149e-05
   1.9532409e+03   2.0471702e-05
   1.9550056e+03   2.0288902e-05
   1.9567703e+03   2.0107734e-05
   1.9585349e+03   1.9928184e-05
   1.9602996e+03   1.9750237e-05
   1.9620643e+03   1.9573879e-05
   1.9638289e+03   1.9399096e-05
   1.9655936e+03   1.9225873e-05
   1.9673583e+03   1.9054198e-05
   1.9691229e+03   1.8884055e-05
   1.9708876e+03   1.8715431e-05
   1.9726523e+03   1.8548314e-05
   1.9744169e+03   1.8382688e-05
   1.9761816e+03   1.8218542e-05
   1.9779462e+03   1.8055861e-05
   1.9797109e+03   1.7894633e-05
   1.9814756e+03   1.7734844e-05
   1.9832402e+03   1.7576482e-05
   1.9850049e+03   1.7419535e-05
   1.9867696e+03   1.7263989e-05
   1.9885342e+03   1.7109831e-05
   1.9902989e+03   1.6957051e-05
   1.9920636e+03   1.6805634e-05
   1.9938282e+03   1.6655570e-05
   1.9955929e+03   1.6506845e-05
   1.9973576e+03   1.6359449e-05
   1.9991222e+03   1.6213369e-05
   2.0008869e+03   1.6068593e-05
   2.0026516e+03   1.5925110e-05
   2.0044162e+03   1.5782908e-05
   2.0061809e+03   1.5641976e-05
   2.0079455e+03   1.5502302e-05
   2.0097102e+03   1.5363876e-05
   2.0114749e+03   1.5226686e-05
   2.0132395e+03   1.5090720e-05
   2.0150042e+03   1.4955969e-05
   2.0167689e+03   1.4822421e-05
   2.0185335e+03   1.4690065e-05
   2.0202982e+03   1.4558892e-05
   2.0220629e+03   1.4428890e-05
   2.0238275e+03   1.4300048e-05
   2.0255922e+03   1.4172357e-05
   2.0273569e+03   1.4045806e-05
   2.0291215e+03   1.3920386e-05
   2.0308862e+03   1.3796085e-05
   2.0326509e+03   1.3672894e-05
   2.0344155e+03   1.3550803e-05
   2.0361802e+03   1.3429802e-05
   2.0379448e+03   1.3309882e-05
   2.0397095e+03   1.3191033e-05
   2.0414742e+03   1.3073244e-05
   2.0432388e+03   1.2956508e-05
   2.0450035e+03   1.2840814e-05
   2.0467682e+03   1.2726153e-05
   2.0485328e+03   1.2612516e-05
   2.0502975e+03   1.2499894e-05
   2.0520622e+03   1.2388277e-05
   2.0538268e+03   1.2277657e-05
   2.0555915e+03   1.2168025e-05
   2.0573562e+03   1.2059372e-05
   2.0591208e+03   1.1951689e-05
   2.0608855e+03   1.1844967e-05
   2.0626502e+03   1.1739198e-05
   2.0644148e+03   1.1634374e-05
   2.0661795e+03   1.1530486e-05
   2.0679441e+03   1.1427526e-05
   2.0697088e+03   1.1325485e-05
   2.0714735e+03   1.1224355e-05
   2.0732381e+03   1.1124128e-05
   2.0750028e+03   1.1024796e-05
   2.0767675e+03   1.0926351e-05
   2.0785321e+03   1.0828785e-05
   2.0802968e+03   1.0732091e-05
   2.0820615e+03   1.0636259e-05
   2.0838261e+03   1.0541284e-05
   2.0855908e+03   1.0447156e-05
   2.0873555e+03   1.0353869e-05
   2.0891201e+03   1.0261415e-05
   2.0908848e+03   1.0169787e-05
   2.0926494e+03   1.0078977e-05
   2.0944141e+03   9.9889776e-06
   2.0961788e+03   9.8997819e-06
   2.0979434e+03   9.8113827e-06
   2.0997081e+03   9.7237728e-06
   2.1014728e+03   9.6369453e-06
   2.1032374e+03   9.5508930e-06
   2.1050021e+03   9.4656092e-06
   2.1067668e+03   9.3810869e-06
   2.1085314e+03   9.2973193e-06
   2.1102961e+03   9.2142997e-06
   2.1120608e+03   9.1320215e-06
   2.1138254e+03   9.0504779e-06
   2.1155901e+03   8.9696625e-06
   2.1173548e+03   8.8895687e-06
   2.1191194e+03   8.8101901e-06
   2.1208841e+03   8.7315203e-06
   2.1226487e+03   8.6535529e-06
   2.1244134e+03   8.5762818e-06
   2.1261781e+03   8.4997007e-06
   2.1279427e+03   8.4238033e-06
   2.1297074e+03   8.3485838e-06
   2.1314721e+03   8.2740358e-06
   2.1332367e+03   8.2001536e-06
   2.1350014e+03   8.1269310e-06
   2.1367661e+03   8.0543623e-06
   2.1385307e+03   7.9824416e-06
   2.1402954e+03   7.9111631e-06
   2.1420601e+03   7.8405211e-06
   2.1438247e+03   7.7705099e-06
   2.1455894e+03   7.7011238e-06
   2.1473541e+03   7.6323573e-06
   2.1491187e+03   7.5642049e-06
   2.1508834e+03   7.4966610e-06
   2.1526480e+03   7.4297202e-06
   2.1544127e+03   7.3633772e-06
   2.1561774e+03   7.2976266e-06
   2.1579420e+03   7.2324631e-06
   2.1597067e+03   7.1678814e-06
   2.1614714e+03   7.1038765e-06
   2.1632360e+03   7.0404431e-06
   2.1650007e+03   6.9775760e-06
   2.1667654e+03   6.9152704e-06
   2.1685300e+03   6.8535211e-06
   2.1702947e+03   6.7923232e-06
   2.1720594e+03   6.7316718e-06
   2.1738240e+03   6.6715619e-06
   2.1755887e+03   6.6119888e-06
   2.1773534e+03   6.5529476e-06
   2.1791180e+03   6.4944337e-06
   2.1808827e+03   6.4364422e-06
   2.1826473e+03   6.3789686e-06
   2.1844120e+03   6.3220082e-06
   2.1861767e+03   6.2655564e-06
   2.1879413e+03   6.2096086e-06
   2.1897060e+03   6.1541605e-06
   2.1914707e+03   6.0992075e-06
   2.1932353e+03   6.0447451e-06
   2.1950000e+03   5.9907691e-06
