   3.5910000e+02   1.4995086e-05
   3.6304845e+02   1.7164350e-05
   3.6699690e+02   1.9606733e-05
   3.7094535e+02   2.2350346e-05
   3.7489379e+02   2.5425303e-05
   3.7884224e+02   2.8863743e-05
   3.8279069e+02   3.2699838e-05
   3.8673914e+02   3.6969779e-05
   3.9068759e+02   4.1711745e-05
   3.9463604e+02   4.6965840e-05
   3.9858448e+02   5.2774010e-05
   4.0253293e+02   5.9179937e-05
   4.0648138e+02   6.6228887e-05
   4.1042983e+02   7.3967550e-05
   4.1437828e+02   8.2443825e-05
   4.1832673e+02   9.1706590e-05
   4.2227518e+02   1.0180543e-04
   4.2622362e+02   1.1279032e-04
   4.3017207e+02   1.2471132e-04
   4.3412052e+02   1.3761816e-04
   4.3806897e+02   1.5155988e-04
   4.4201742e+02   1.6658438e-04
   4.4596587e+02   1.8273797e-04
   4.4991431e+02   2.0006488e-04
   4.5386276e+02   2.1860679e-04
   4.5781121e+02   2.3840229e-04
   4.6175966e+02   2.5948639e-04
   4.6570811e+02   2.8188995e-04
   4.6965656e+02   3.0563922e-04
   4.7360501e+02   3.3075525e-04
   4.7755345e+02   3.5725346e-04
   4.8150190e+02   3.8514312e-04
   4.8545035e+02   4.1442690e-04
   4.8939880e+02   4.4510048e-04
   4.9334725e+02   4.7715216e-04
   4.9729570e+02   5.1056254e-04
   5.0124414e+02   5.4530427e-04
   5.0519259e+02   5.8134180e-04
   5.0914104e+02   6.1863131e-04
   5.1308949e+02   6.5712058e-04
   5.1703794e+02   6.9674904e-04
   5.2098639e+02   7.3744785e-04
   5.2493483e+02   7.7914005e-04
   5.2888328e+02   8.2174084e-04
   5.3283173e+02   8.6515789e-04
   5.3678018e+02   9.0929177e-04
   5.4072863e+02   9.5403643e-04
   5.4467708e+02   9.9927977e-04
   5.4862553e+02   1.0449043e-03
   5.5257397e+02   1.0907878e-03
   5.5652242e+02   1.1368040e-03
   5.6047087e+02   1.1828238e-03
   5.6441932e+02   1.2287153e-03
   5.6836777e+02   1.2743458e-03
   5.7231622e+02   1.3195816e-03
   5.7626466e+02   1.3642897e-03
   5.8021311e+02   1.4083382e-03
   5.8416156e+02   1.4515978e-03
   5.8811001e+02   1.4939421e-03
   5.9205846e+02   1.5352488e-03
   5.9600691e+02   1.5754004e-03
   5.9995536e+02   1.6142852e-03
   6.0390380e+02   1.6517976e-03
   6.0785225e+02   1.6878393e-03
   6.1180070e+02   1.7223194e-03
   6.1574915e+02   1.7551554e-03
   6.1969760e+02   1.7862732e-03
   6.2364605e+02   1.8156076e-03
   6.2759449e+02   1.8431027e-03
   6.3154294e+02   1.8687121e-03
   6.3549139e+02   1.8923987e-03
   6.3943984e+02   1.9141349e-03
   6.4338829e+02   1.9339026e-03
   6.4733674e+02   1.9516929e-03
   6.5128519e+02   1.9675060e-03
   6.5523363e+02   1.9813506e-03
   6.5918208e+02   1.9932441e-03
   6.6313053e+02   2.0032115e-03
   6.6707898e+02   2.0112855e-03
   6.7102743e+02   2.0175054e-03
   6.7497588e+02   2.0219172e-03
   6.7892432e+02   2.0245726e-03
   6.8287277e+02   2.0255282e-03
   6.8682122e+02   2.0248455e-03
   6.9076967e+02   2.0225897e-03
   6.9471812e+02   2.0188293e-03
   6.9866657e+02   2.0136356e-03
   7.0261502e+02   2.0070818e-03
   7.0656346e+02   1.9992428e-03
   7.1051191e+02   1.9901941e-03
   7.1446036e+02   1.9800120e-03
   7.1840881e+02   1.9687724e-03
   7.2235726e+02   1.9565507e-03
   7.2630571e+02   1.9434213e-03
   7.3025415e+02   1.9294573e-03
   7.3420260e+02   1.9147300e-03
   7.3815105e+02   1.8993087e-03
   7.4209950e+02   1.8832604e-03
   7.4604795e+02   1.8666498e-03
   7.4999640e+02   1.8495385e-03
   7.5394484e+02   1.8319856e-03
   7.5789329e+02   1.8140471e-03
   7.6184174e+02   1.7957761e-03
   7.6579019e+02   1.7772227e-03
   7.6973864e+02   1.7584336e-03
   7.7368709e+02   1.7394528e-03
   7.7763554e+02   1.7203210e-03
   7.8158398e+02   1.7010762e-03
   7.8553243e+02   1.6817533e-03
   7.8948088e+02   1.6623845e-03
   7.9342933e+02   1.6429992e-03
   7.9737778e+02   1.6236244e-03
   8.0132623e+02   1.6042844e-03
   8.0527467e+02   1.5850013e-03
   8.0922312e+02   1.5657949e-03
   8.1317157e+02   1.5466831e-03
   8.1712002e+02   1.5276818e-03
   8.2106847e+02   1.5088049e-03
   8.2501692e+02   1.4900648e-03
   8.2896537e+02   1.4714724e-03
   8.3291381e+02   1.4530371e-03
   8.3686226e+02   1.4347669e-03
   8.4081071e+02   1.4166688e-03
   8.4475916e+02   1.3987486e-03
   8.4870761e+02   1.3810112e-03
   8.5265606e+02   1.3634605e-03
   8.5660450e+02   1.3460997e-03
   8.6055295e+02   1.3289312e-03
   8.6450140e+02   1.3119570e-03
   8.6844985e+02   1.2951783e-03
   8.7239830e+02   1.2785959e-03
   8.7634675e+02   1.2622100e-03
   8.8029520e+02   1.2460208e-03
   8.8424364e+02   1.2300277e-03
   8.8819209e+02   1.2142302e-03
   8.9214054e+02   1.1986274e-03
   8.9608899e+02   1.1832180e-03
   9.0003744e+02   1.1680008e-03
   9.0398589e+02   1.1529743e-03
   9.0793433e+02   1.1381370e-03
   9.1188278e+02   1.1234871e-03
   9.1583123e+02   1.1090229e-03
   9.1977968e+02   1.0947424e-03
   9.2372813e+02   1.0806438e-03
   9.2767658e+02   1.0667250e-03
   9.3162503e+02   1.0529841e-03
   9.3557347e+02   1.0394191e-03
   9.3952192e+02   1.0260278e-03
   9.4347037e+02   1.0128083e-03
   9.4741882e+02   9.9975846e-04
   9.5136727e+02   9.8687624e-04
   9.5531572e+02   9.7415958e-04
   9.5926416e+02   9.6160643e-04
   9.6321261e+02   9.4921476e-04
   9.6716106e+02   9.3698254e-04
   9.7110951e+02   9.2490777e-04
   9.7505796e+02   9.1298845e-04
   9.7900641e+02   9.0122261e-04
   9.8295485e+02   8.8960831e-04
   9.8690330e+02   8.7814360e-04
   9.9085175e+02   8.6682658e-04
   9.9480020e+02   8.5565536e-04
   9.9874865e+02   8.4462806e-04
   1.0026971e+03   8.3374285e-04
   1.0066455e+03   8.2299790e-04
   1.0105940e+03   8.1239141e-04
   1.0145424e+03   8.0192159e-04
   1.0184909e+03   7.9158669e-04
   1.0224393e+03   7.8138497e-04
   1.0263878e+03   7.7131473e-04
   1.0303362e+03   7.6137426e-04
   1.0342847e+03   7.5156189e-04
   1.0382331e+03   7.4187598e-04
   1.0421816e+03   7.3231490e-04
   1.0461300e+03   7.2287703e-04
   1.0500785e+03   7.1356080e-04
   1.0540269e+03   7.0436463e-04
   1.0579754e+03   6.9528697e-04
   1.0619238e+03   6.8632631e-04
   1.0658723e+03   6.7748113e-04
   1.0698207e+03   6.6874994e-04
   1.0737692e+03   6.6013127e-04
   1.0777176e+03   6.5162368e-04
   1.0816661e+03   6.4322574e-04
   1.0856145e+03   6.3493602e-04
   1.0895630e+03   6.2675314e-04
   1.0935114e+03   6.1867572e-04
   1.0974599e+03   6.1070240e-04
   1.1014083e+03   6.0283183e-04
   1.1053568e+03   5.9506270e-04
   1.1093052e+03   5.8739370e-04
   1.1132537e+03   5.7982353e-04
   1.1172021e+03   5.7235093e-04
   1.1211506e+03   5.6497463e-04
   1.1250990e+03   5.5769339e-04
   1.1290474e+03   5.5050599e-04
   1.1329959e+03   5.4341122e-04
   1.1369443e+03   5.3640789e-04
   1.1408928e+03   5.2949481e-04
   1.1448412e+03   5.2267082e-04
   1.1487897e+03   5.1593479e-04
   1.1527381e+03   5.0928556e-04
   1.1566866e+03   5.0272203e-04
   1.1606350e+03   4.9624309e-04
   1.1645835e+03   4.8984764e-04
   1.1685319e+03   4.8353462e-04
   1.1724804e+03   4.7730296e-04
   1.1764288e+03   4.7115161e-04
   1.1803773e+03   4.6507954e-04
   1.1843257e+03   4.5908572e-04
   1.1882742e+03   4.5316915e-04
   1.1922226e+03   4.4732883e-04
   1.1961711e+03   4.4156378e-04
   1.2001195e+03   4.3587303e-04
   1.2040680e+03   4.3025562e-04
   1.2080164e+03   4.2471060e-04
   1.2119649e+03   4.1923705e-04
   1.2159133e+03   4.1383404e-04
   1.2198618e+03   4.0850066e-04
   1.2238102e+03   4.0323601e-04
   1.2277587e+03   3.9803922e-04
   1.2317071e+03   3.9290940e-04
   1.2356556e+03   3.8784569e-04
   1.2396040e+03   3.8284724e-04
   1.2435525e+03   3.7791321e-04
   1.2475009e+03   3.7304277e-04
   1.2514493e+03   3.6823510e-04
   1.2553978e+03   3.6348939e-04
   1.2593462e+03   3.5880484e-04
   1.2632947e+03   3.5418066e-04
   1.2672431e+03   3.4961607e-04
   1.2711916e+03   3.4511032e-04
   1.2751400e+03   3.4066263e-04
   1.2790885e+03   3.3627227e-04
   1.2830369e+03   3.3193848e-04
   1.2869854e+03   3.2766055e-04
   1.2909338e+03   3.2343775e-04
   1.2948823e+03   3.1926937e-04
   1.2988307e+03   3.1515472e-04
   1.3027792e+03   3.1109309e-04
   1.3067276e+03   3.0708381e-04
   1.3106761e+03   3.0312620e-04
   1.3146245e+03   2.9921959e-04
   1.3185730e+03   2.9536333e-04
   1.3225214e+03   2.9155677e-04
   1.3264699e+03   2.8779927e-04
   1.3304183e+03   2.8409019e-04
   1.3343668e+03   2.8042891e-04
   1.3383152e+03   2.7681482e-04
   1.3422637e+03   2.7324731e-04
   1.3462121e+03   2.6972577e-04
   1.3501606e+03   2.6624962e-04
   1.3541090e+03   2.6281827e-04
   1.3580575e+03   2.5943114e-04
   1.3620059e+03   2.5608766e-04
   1.3659544e+03   2.5278728e-04
   1.3699028e+03   2.4952942e-04
   1.3738513e+03   2.4631356e-04
   1.3777997e+03   2.4313914e-04
   1.3817481e+03   2.4000562e-04
   1.3856966e+03   2.3691250e-04
   1.3896450e+03   2.3385924e-04
   1.3935935e+03   2.3084532e-04
   1.3975419e+03   2.2787025e-04
   1.4014904e+03   2.2493352e-04
   1.4054388e+03   2.2203464e-04
   1.4093873e+03   2.1917312e-04
   1.4133357e+03   2.1634848e-04
   1.4172842e+03   2.1356024e-04
   1.4212326e+03   2.1080793e-04
   1.4251811e+03   2.0809110e-04
   1.4291295e+03   2.0540928e-04
   1.4330780e+03   2.0276202e-04
   1.4370264e+03   2.0014888e-04
   1.4409749e+03   1.9756941e-04
   1.4449233e+03   1.9502319e-04
   1.4488718e+03   1.9250979e-04
   1.4528202e+03   1.9002877e-04
   1.4567687e+03   1.8757974e-04
   1.4607171e+03   1.8516226e-04
   1.4646656e+03   1.8277594e-04
   1.4686140e+03   1.8042037e-04
   1.4725625e+03   1.7809517e-04
   1.4765109e+03   1.7579992e-04
   1.4804594e+03   1.7353426e-04
   1.4844078e+03   1.7129780e-04
   1.4883563e+03   1.6909016e-04
   1.4923047e+03   1.6691098e-04
   1.4962532e+03   1.6475987e-04
   1.5002016e+03   1.6263649e-04
   1.5041501e+03   1.6054048e-04
   1.5080985e+03   1.5847148e-04
   1.5120469e+03   1.5642914e-04
   1.5159954e+03   1.5441312e-04
   1.5199438e+03   1.5242309e-04
   1.5238923e+03   1.5045870e-04
   1.5278407e+03   1.4851963e-04
   1.5317892e+03   1.4660555e-04
   1.5357376e+03   1.4471614e-04
   1.5396861e+03   1.4285108e-04
   1.5436345e+03   1.4101005e-04
   1.5475830e+03   1.3919276e-04
   1.5515314e+03   1.3739888e-04
   1.5554799e+03   1.3562812e-04
   1.5594283e+03   1.3388018e-04
   1.5633768e+03   1.3215477e-04
   1.5673252e+03   1.3045160e-04
   1.5712737e+03   1.2877037e-04
   1.5752221e+03   1.2711081e-04
   1.5791706e+03   1.2547265e-04
   1.5831190e+03   1.2385559e-04
   1.5870675e+03   1.2225937e-04
   1.5910159e+03   1.2068373e-04
   1.5949644e+03   1.1912839e-04
   1.5989128e+03   1.1759309e-04
   1.6028613e+03   1.1607759e-04
   1.6068097e+03   1.1458161e-04
   1.6107582e+03   1.1310491e-04
   1.6147066e+03   1.1164725e-04
   1.6186551e+03   1.1020837e-04
   1.6226035e+03   1.0878804e-04
   1.6265520e+03   1.0738601e-04
   1.6305004e+03   1.0600204e-04
   1.6344488e+03   1.0463592e-04
   1.6383973e+03   1.0328740e-04
   1.6423457e+03   1.0195626e-04
   1.6462942e+03   1.0064228e-04
   1.6502426e+03   9.9345226e-05
   1.6541911e+03   9.8064892e-05
   1.6581395e+03   9.6801059e-05
   1.6620880e+03   9.5553514e-05
   1.6660364e+03   9.4322046e-05
   1.6699849e+03   9.3106450e-05
   1.6739333e+03   9.1906519e-05
   1.6778818e+03   9.0722054e-05
   1.6818302e+03   8.9552853e-05
   1.6857787e+03   8.8398720e-05
   1.6897271e+03   8.7259462e-05
   1.6936756e+03   8.6134886e-05
   1.6976240e+03   8.5024803e-05
   1.7015725e+03   8.3929027e-05
   1.7055209e+03   8.2847373e-05
   1.7094694e+03   8.1779659e-05
   1.7134178e+03   8.0725705e-05
   1.7173663e+03   7.9685334e-05
   1.7213147e+03   7.8658372e-05
   1.7252632e+03   7.7644644e-05
   1.7292116e+03   7.6643981e-05
   1.7331601e+03   7.5656215e-05
   1.7371085e+03   7.4681178e-05
   1.7410570e+03   7.3718708e-05
   1.7450054e+03   7.2768642e-05
   1.7489539e+03   7.1830819e-05
   1.7529023e+03   7.0905084e-05
   1.7568508e+03   6.9991278e-05
   1.7607992e+03   6.9089250e-05
   1.7647476e+03   6.8198847e-05
   1.7686961e+03   6.7319919e-05
   1.7726445e+03   6.6452318e-05
   1.7765930e+03   6.5595899e-05
   1.7805414e+03   6.4750517e-05
   1.7844899e+03   6.3916030e-05
   1.7884383e+03   6.3092298e-05
   1.7923868e+03   6.2279182e-05
   1.7963352e+03   6.1476545e-05
   1.8002837e+03   6.0684252e-05
   1.8042321e+03   5.9902170e-05
   1.8081806e+03   5.9130168e-05
   1.8121290e+03   5.8368114e-05
   1.8160775e+03   5.7615882e-05
   1.8200259e+03   5.6873345e-05
   1.8239744e+03   5.6140377e-05
   1.8279228e+03   5.5416855e-05
   1.8318713e+03   5.4702658e-05
   1.8358197e+03   5.3997665e-05
   1.8397682e+03   5.3301758e-05
   1.8437166e+03   5.2614820e-05
   1.8476651e+03   5.1936734e-05
   1.8516135e+03   5.1267388e-05
   1.8555620e+03   5.0606668e-05
   1.8595104e+03   4.9954463e-05
   1.8634589e+03   4.9310664e-05
   1.8674073e+03   4.8675161e-05
   1.8713558e+03   4.8047849e-05
   1.8753042e+03   4.7428622e-05
   1.8792527e+03   4.6817375e-05
   1.8832011e+03   4.6214006e-05
   1.8871495e+03   4.5618412e-05
   1.8910980e+03   4.5030495e-05
   1.8950464e+03   4.4450154e-05
   1.8989949e+03   4.3877293e-05
   1.9029433e+03   4.3311814e-05
   1.9068918e+03   4.2753623e-05
   1.9108402e+03   4.2202627e-05
   1.9147887e+03   4.1658731e-05
   1.9187371e+03   4.1121844e-05
   1.9226856e+03   4.0591877e-05
   1.9266340e+03   4.0068741e-05
   1.9305825e+03   3.9552346e-05
   1.9345309e+03   3.9042606e-05
   1.9384794e+03   3.8539436e-05
   1.9424278e+03   3.8042750e-05
   1.9463763e+03   3.7552465e-05
   1.9503247e+03   3.7068500e-05
   1.9542732e+03   3.6590771e-05
   1.9582216e+03   3.6119199e-05
   1.9621701e+03   3.5653705e-05
   1.9661185e+03   3.5194210e-05
   1.9700670e+03   3.4740636e-05
   1.9740154e+03   3.4292909e-05
   1.9779639e+03   3.3850951e-05
   1.9819123e+03   3.3414689e-05
   1.9858608e+03   3.2984050e-05
   1.9898092e+03   3.2558961e-05
   1.9937577e+03   3.2139350e-05
   1.9977061e+03   3.1725147e-05
   2.0016546e+03   3.1316282e-05
   2.0056030e+03   3.0912686e-05
   2.0095515e+03   3.0514292e-05
   2.0134999e+03   3.0121032e-05
   2.0174483e+03   2.9732841e-05
   2.0213968e+03   2.9349652e-05
   2.0253452e+03   2.8971402e-05
   2.0292937e+03   2.8598026e-05
   2.0332421e+03   2.8229463e-05
   2.0371906e+03   2.7865649e-05
   2.0411390e+03   2.7506524e-05
   2.0450875e+03   2.7152028e-05
   2.0490359e+03   2.6802100e-05
   2.0529844e+03   2.6456682e-05
   2.0569328e+03   2.6115716e-05
   2.0608813e+03   2.5779143e-05
   2.0648297e+03   2.5446909e-05
   2.0687782e+03   2.5118956e-05
   2.0727266e+03   2.4795230e-05
   2.0766751e+03   2.4475676e-05
   2.0806235e+03   2.4160240e-05
   2.0845720e+03   2.3848870e-05
   2.0885204e+03   2.3541512e-05
   2.0924689e+03   2.3238115e-05
   2.0964173e+03   2.2938629e-05
   2.1003658e+03   2.2643002e-05
   2.1043142e+03   2.2351185e-05
   2.1082627e+03   2.2063130e-05
   2.1122111e+03   2.1778786e-05
   2.1161596e+03   2.1498107e-05
   2.1201080e+03   2.1221045e-05
   2.1240565e+03   2.0947554e-05
   2.1280049e+03   2.0677588e-05
   2.1319534e+03   2.0411101e-05
   2.1359018e+03   2.0148048e-05
   2.1398503e+03   1.9888386e-05
   2.1437987e+03   1.9632070e-05
   2.1477471e+03   1.9379057e-05
   2.1516956e+03   1.9129305e-05
   2.1556440e+03   1.8882772e-05
   2.1595925e+03   1.8639416e-05
   2.1635409e+03   1.8399196e-05
   2.1674894e+03   1.8162073e-05
   2.1714378e+03   1.7928005e-05
   2.1753863e+03   1.7696954e-05
   2.1793347e+03   1.7468880e-05
   2.1832832e+03   1.7243746e-05
   2.1872316e+03   1.7021513e-05
   2.1911801e+03   1.6802145e-05
   2.1951285e+03   1.6585603e-05
   2.1990770e+03   1.6371853e-05
   2.2030254e+03   1.6160857e-05
   2.2069739e+03   1.5952580e-05
   2.2109223e+03   1.5746988e-05
   2.2148708e+03   1.5544045e-05
   2.2188192e+03   1.5343717e-05
   2.2227677e+03   1.5145972e-05
   2.2267161e+03   1.4950775e-05
   2.2306646e+03   1.4758093e-05
   2.2346130e+03   1.4567895e-05
   2.2385615e+03   1.4380148e-05
   2.2425099e+03   1.4194821e-05
   2.2464584e+03   1.4011882e-05
   2.2504068e+03   1.3831300e-05
   2.2543553e+03   1.3653046e-05
   2.2583037e+03   1.3477090e-05
   2.2622522e+03   1.3303401e-05
   2.2662006e+03   1.3131950e-05
   2.2701490e+03   1.2962709e-05
   2.2740975e+03   1.2795649e-05
   2.2780459e+03   1.2630742e-05
   2.2819944e+03   1.2467961e-05
   2.2859428e+03   1.2307277e-05
   2.2898913e+03   1.2148665e-05
   2.2938397e+03   1.1992096e-05
   2.2977882e+03   1.1837545e-05
   2.3017366e+03   1.1684986e-05
   2.3056851e+03   1.1534393e-05
   2.3096335e+03   1.1385741e-05
   2.3135820e+03   1.1239005e-05
   2.3175304e+03   1.1094160e-05
   2.3214789e+03   1.0951181e-05
   2.3254273e+03   1.0810045e-05
   2.3293758e+03   1.0670728e-05
   2.3333242e+03   1.0533207e-05
   2.3372727e+03   1.0397458e-05
   2.3412211e+03   1.0263458e-05
   2.3451696e+03   1.0131186e-05
   2.3491180e+03   1.0000618e-05
   2.3530665e+03   9.8717326e-06
   2.3570149e+03   9.7445084e-06
   2.3609634e+03   9.6189239e-06
   2.3649118e+03   9.4949578e-06
   2.3688603e+03   9.3725894e-06
   2.3728087e+03   9.2517981e-06
   2.3767572e+03   9.1325634e-06
   2.3807056e+03   9.0148655e-06
   2.3846541e+03   8.8986844e-06
   2.3886025e+03   8.7840006e-06
   2.3925510e+03   8.6707948e-06
   2.3964994e+03   8.5590480e-06
   2.4004478e+03   8.4487413e-06
   2.4043963e+03   8.3398563e-06
   2.4083447e+03   8.2323745e-06
   2.4122932e+03   8.1262779e-06
   2.4162416e+03   8.0215487e-06
   2.4201901e+03   7.9181692e-06
   2.4241385e+03   7.8161220e-06
   2.4280870e+03   7.7153900e-06
   2.4320354e+03   7.6159562e-06
   2.4359839e+03   7.5178038e-06
   2.4399323e+03   7.4209164e-06
   2.4438808e+03   7.3252777e-06
   2.4478292e+03   7.2308715e-06
   2.4517777e+03   7.1376821e-06
   2.4557261e+03   7.0456936e-06
   2.4596746e+03   6.9548906e-06
   2.4636230e+03   6.8652579e-06
   2.4675715e+03   6.7767804e-06
   2.4715199e+03   6.6894431e-06
   2.4754684e+03   6.6032314e-06
   2.4794168e+03   6.5181308e-06
   2.4833653e+03   6.4341269e-06
   2.4873137e+03   6.3512056e-06
   2.4912622e+03   6.2693530e-06
   2.4952106e+03   6.1885553e-06
   2.4991591e+03   6.1087989e-06
   2.5031075e+03   6.0300704e-06
   2.5070560e+03   5.9523565e-06
   2.5110044e+03   5.8756442e-06
   2.5149529e+03   5.7999205e-06
   2.5189013e+03   5.7251727e-06
   2.5228497e+03   5.6513883e-06
   2.5267982e+03   5.5785548e-06
   2.5307466e+03   5.5066599e-06
   2.5346951e+03   5.4356916e-06
   2.5386435e+03   5.3656379e-06
   2.5425920e+03   5.2964870e-06
   2.5465404e+03   5.2282273e-06
   2.5504889e+03   5.1608474e-06
   2.5544373e+03   5.0943358e-06
   2.5583858e+03   5.0286814e-06
   2.5623342e+03   4.9638731e-06
   2.5662827e+03   4.8999001e-06
   2.5702311e+03   4.8367516e-06
   2.5741796e+03   4.7744168e-06
   2.5781280e+03   4.7128855e-06
   2.5820765e+03   4.6521471e-06
   2.5860249e+03   4.5921915e-06
   2.5899734e+03   4.5330086e-06
   2.5939218e+03   4.4745884e-06
   2.5978703e+03   4.4169212e-06
   2.6018187e+03   4.3599971e-06
   2.6057672e+03   4.3038067e-06
   2.6097156e+03   4.2483404e-06
   2.6136641e+03   4.1935890e-06
   2.6176125e+03   4.1395431e-06
   2.6215610e+03   4.0861938e-06
   2.6255094e+03   4.0335321e-06
   2.6294579e+03   3.9815490e-06
   2.6334063e+03   3.9302359e-06
   2.6373548e+03   3.8795841e-06
   2.6413032e+03   3.8295851e-06
   2.6452517e+03   3.7802305e-06
   2.6492001e+03   3.7315119e-06
   2.6531485e+03   3.6834212e-06
   2.6570970e+03   3.6359503e-06
   2.6610454e+03   3.5890912e-06
   2.6649939e+03   3.5428360e-06
   2.6689423e+03   3.4971769e-06
   2.6728908e+03   3.4521062e-06
   2.6768392e+03   3.4076164e-06
   2.6807877e+03   3.3637000e-06
   2.6847361e+03   3.3203496e-06
   2.6886846e+03   3.2775578e-06
   2.6926330e+03   3.2353175e-06
   2.6965815e+03   3.1936217e-06
   2.7005299e+03   3.1524632e-06
   2.7044784e+03   3.1118351e-06
   2.7084268e+03   3.0717306e-06
   2.7123753e+03   3.0321430e-06
   2.7163237e+03   2.9930656e-06
   2.7202722e+03   2.9544918e-06
   2.7242206e+03   2.9164151e-06
   2.7281691e+03   2.8788291e-06
   2.7321175e+03   2.8417276e-06
   2.7360660e+03   2.8051042e-06
   2.7400144e+03   2.7689528e-06
   2.7439629e+03   2.7332673e-06
   2.7479113e+03   2.6980417e-06
   2.7518598e+03   2.6632700e-06
   2.7558082e+03   2.6289465e-06
   2.7597567e+03   2.5950654e-06
   2.7637051e+03   2.5616209e-06
   2.7676536e+03   2.5286075e-06
   2.7716020e+03   2.4960195e-06
   2.7755505e+03   2.4638514e-06
   2.7794989e+03   2.4320980e-06
   2.7834473e+03   2.4007538e-06
   2.7873958e+03   2.3698135e-06
   2.7913442e+03   2.3392720e-06
   2.7952927e+03   2.3091241e-06
   2.7992411e+03   2.2793648e-06
   2.8031896e+03   2.2499890e-06
   2.8071380e+03   2.2209917e-06
   2.8110865e+03   2.1923682e-06
   2.8150349e+03   2.1641136e-06
   2.8189834e+03   2.1362231e-06
   2.8229318e+03   2.1086920e-06
   2.8268803e+03   2.0815158e-06
   2.8308287e+03   2.0546898e-06
   2.8347772e+03   2.0282095e-06
   2.8387256e+03   2.0020705e-06
   2.8426741e+03   1.9762684e-06
   2.8466225e+03   1.9507987e-06
   2.8505710e+03   1.9256574e-06
   2.8545194e+03   1.9008400e-06
   2.8584679e+03   1.8763425e-06
   2.8624163e+03   1.8521608e-06
   2.8663648e+03   1.8282906e-06
   2.8703132e+03   1.8047281e-06
   2.8742617e+03   1.7814693e-06
   2.8782101e+03   1.7585102e-06
   2.8821586e+03   1.7358470e-06
   2.8861070e+03   1.7134759e-06
   2.8900555e+03   1.6913931e-06
   2.8940039e+03   1.6695949e-06
   2.8979524e+03   1.6480776e-06
   2.9019008e+03   1.6268376e-06
   2.9058492e+03   1.6058714e-06
   2.9097977e+03   1.5851754e-06
   2.9137461e+03   1.5647461e-06
   2.9176946e+03   1.5445800e-06
   2.9216430e+03   1.5246739e-06
   2.9255915e+03   1.5050243e-06
   2.9295399e+03   1.4856280e-06
   2.9334884e+03   1.4664816e-06
   2.9374368e+03   1.4475820e-06
   2.9413853e+03   1.4289260e-06
   2.9453337e+03   1.4105104e-06
   2.9492822e+03   1.3923321e-06
   2.9532306e+03   1.3743881e-06
   2.9571791e+03   1.3566754e-06
   2.9611275e+03   1.3391909e-06
   2.9650760e+03   1.3219318e-06
   2.9690244e+03   1.3048951e-06
   2.9729729e+03   1.2880780e-06
   2.9769213e+03   1.2714776e-06
   2.9808698e+03   1.2550911e-06
   2.9848182e+03   1.2389159e-06
   2.9887667e+03   1.2229491e-06
   2.9927151e+03   1.2071880e-06
   2.9966636e+03   1.1916301e-06
   3.0006120e+03   1.1762727e-06
   3.0045605e+03   1.1611132e-06
   3.0085089e+03   1.1461491e-06
   3.0124574e+03   1.1313779e-06
   3.0164058e+03   1.1167970e-06
   3.0203543e+03   1.1024040e-06
   3.0243027e+03   1.0881965e-06
   3.0282512e+03   1.0741722e-06
   3.0321996e+03   1.0603285e-06
   3.0361480e+03   1.0466633e-06
   3.0400965e+03   1.0331742e-06
   3.0440449e+03   1.0198589e-06
   3.0479934e+03   1.0067153e-06
   3.0519418e+03   9.9374100e-07
   3.0558903e+03   9.8093394e-07
   3.0598387e+03   9.6829193e-07
   3.0637872e+03   9.5581285e-07
   3.0677356e+03   9.4349460e-07
   3.0716841e+03   9.3133510e-07
   3.0756325e+03   9.1933231e-07
   3.0795810e+03   9.0748421e-07
   3.0835294e+03   8.9578880e-07
   3.0874779e+03   8.8424412e-07
   3.0914263e+03   8.7284823e-07
   3.0953748e+03   8.6159920e-07
   3.0993232e+03   8.5049515e-07
   3.1032717e+03   8.3953420e-07
   3.1072201e+03   8.2871452e-07
   3.1111686e+03   8.1803427e-07
   3.1151170e+03   8.0749167e-07
   3.1190655e+03   7.9708494e-07
   3.1230139e+03   7.8681233e-07
   3.1269624e+03   7.7667211e-07
   3.1309108e+03   7.6666257e-07
   3.1348593e+03   7.5678204e-07
   3.1388077e+03   7.4702884e-07
   3.1427562e+03   7.3740134e-07
   3.1467046e+03   7.2789791e-07
   3.1506531e+03   7.1851696e-07
   3.1546015e+03   7.0925691e-07
   3.1585499e+03   7.0011621e-07
   3.1624984e+03   6.9109330e-07
   3.1664468e+03   6.8218668e-07
   3.1703953e+03   6.7339485e-07
   3.1743437e+03   6.6471632e-07
   3.1782922e+03   6.5614964e-07
   3.1822406e+03   6.4769336e-07
   3.1861891e+03   6.3934607e-07
   3.1901375e+03   6.3110635e-07
   3.1940860e+03   6.2297283e-07
   3.1980344e+03   6.1494413e-07
   3.2019829e+03   6.0701890e-07
   3.2059313e+03   5.9919580e-07
   3.2098798e+03   5.9147353e-07
   3.2138282e+03   5.8385078e-07
   3.2177767e+03   5.7632628e-07
   3.2217251e+03   5.6889874e-07
   3.2256736e+03   5.6156693e-07
   3.2296220e+03   5.5432961e-07
   3.2335705e+03   5.4718556e-07
   3.2375189e+03   5.4013359e-07
   3.2414674e+03   5.3317250e-07
   3.2454158e+03   5.2630111e-07
   3.2493643e+03   5.1951829e-07
   3.2533127e+03   5.1282288e-07
   3.2572612e+03   5.0621376e-07
   3.2612096e+03   4.9968982e-07
   3.2651581e+03   4.9324995e-07
   3.2691065e+03   4.8689308e-07
   3.2730550e+03   4.8061814e-07
   3.2770034e+03   4.7442407e-07
   3.2809519e+03   4.6830982e-07
   3.2849003e+03   4.6227437e-07
   3.2888487e+03   4.5631671e-07
   3.2927972e+03   4.5043582e-07
   3.2967456e+03   4.4463073e-07
   3.3006941e+03   4.3890045e-07
   3.3046425e+03   4.3324402e-07
   3.3085910e+03   4.2766049e-07
   3.3125394e+03   4.2214892e-07
   3.3164879e+03   4.1670838e-07
   3.3204363e+03   4.1133796e-07
   3.3243848e+03   4.0603675e-07
   3.3283332e+03   4.0080386e-07
   3.3322817e+03   3.9563841e-07
   3.3362301e+03   3.9053953e-07
   3.3401786e+03   3.8550637e-07
   3.3441270e+03   3.8053807e-07
   3.3480755e+03   3.7563380e-07
   3.3520239e+03   3.7079273e-07
   3.3559724e+03   3.6601406e-07
   3.3599208e+03   3.6129697e-07
   3.3638693e+03   3.5664067e-07
   3.3678177e+03   3.5204439e-07
   3.3717662e+03   3.4750734e-07
   3.3757146e+03   3.4302876e-07
   3.3796631e+03   3.3860790e-07
   3.3836115e+03   3.3424401e-07
   3.3875600e+03   3.2993637e-07
   3.3915084e+03   3.2568424e-07
   3.3954569e+03   3.2148691e-07
   3.3994053e+03   3.1734367e-07
   3.4033538e+03   3.1325384e-07
   3.4073022e+03   3.0921671e-07
   3.4112507e+03   3.0523161e-07
   3.4151991e+03   3.0129787e-07
   3.4191475e+03   2.9741482e-07
   3.4230960e+03   2.9358182e-07
   3.4270444e+03   2.8979822e-07
   3.4309929e+03   2.8606338e-07
   3.4349413e+03   2.8237667e-07
   3.4388898e+03   2.7873748e-07
   3.4428382e+03   2.7514519e-07
   3.4467867e+03   2.7159919e-07
   3.4507351e+03   2.6809890e-07
   3.4546836e+03   2.6464371e-07
   3.4586320e+03   2.6123306e-07
   3.4625805e+03   2.5786636e-07
   3.4665289e+03   2.5454305e-07
   3.4704774e+03   2.5126257e-07
   3.4744258e+03   2.4802436e-07
   3.4783743e+03   2.4482790e-07
   3.4823227e+03   2.4167262e-07
   3.4862712e+03   2.3855801e-07
   3.4902196e+03   2.3548354e-07
   3.4941681e+03   2.3244869e-07
   3.4981165e+03   2.2945296e-07
   3.5020650e+03   2.2649583e-07
   3.5060134e+03   2.2357682e-07
   3.5099619e+03   2.2069542e-07
   3.5139103e+03   2.1785116e-07
   3.5178588e+03   2.1504355e-07
   3.5218072e+03   2.1227213e-07
   3.5257557e+03   2.0953643e-07
   3.5297041e+03   2.0683598e-07
   3.5336526e+03   2.0417033e-07
   3.5376010e+03   2.0153904e-07
   3.5415494e+03   1.9894166e-07
   3.5454979e+03   1.9637776e-07
   3.5494463e+03   1.9384689e-07
   3.5533948e+03   1.9134865e-07
   3.5573432e+03   1.8888260e-07
   3.5612917e+03   1.8644833e-07
   3.5652401e+03   1.8404544e-07
   3.5691886e+03   1.8167351e-07
   3.5731370e+03   1.7933215e-07
   3.5770855e+03   1.7702097e-07
   3.5810339e+03   1.7473957e-07
   3.5849824e+03   1.7248758e-07
   3.5889308e+03   1.7026460e-07
   3.5928793e+03   1.6807028e-07
   3.5968277e+03   1.6590424e-07
   3.6007762e+03   1.6376611e-07
   3.6047246e+03   1.6165554e-07
   3.6086731e+03   1.5957217e-07
   3.6126215e+03   1.5751564e-07
   3.6165700e+03   1.5548562e-07
   3.6205184e+03   1.5348177e-07
   3.6244669e+03   1.5150374e-07
   3.6284153e+03   1.4955120e-07
   3.6323638e+03   1.4762382e-07
   3.6363122e+03   1.4572129e-07
   3.6402607e+03   1.4384327e-07
   3.6442091e+03   1.4198946e-07
   3.6481576e+03   1.4015954e-07
   3.6521060e+03   1.3835320e-07
   3.6560545e+03   1.3657014e-07
   3.6600029e+03   1.3481007e-07
   3.6639514e+03   1.3307267e-07
   3.6678998e+03   1.3135767e-07
   3.6718482e+03   1.2966477e-07
   3.6757967e+03   1.2799368e-07
   3.6797451e+03   1.2634413e-07
   3.6836936e+03   1.2471585e-07
   3.6876420e+03   1.2310854e-07
   3.6915905e+03   1.2152195e-07
   3.6955389e+03   1.1995581e-07
   3.6994874e+03   1.1840986e-07
   3.7034358e+03   1.1688382e-07
   3.7073843e+03   1.1537745e-07
   3.7113327e+03   1.1389050e-07
   3.7152812e+03   1.1242271e-07
   3.7192296e+03   1.1097384e-07
   3.7231781e+03   1.0954364e-07
   3.7271265e+03   1.0813187e-07
   3.7310750e+03   1.0673830e-07
   3.7350234e+03   1.0536268e-07
   3.7389719e+03   1.0400480e-07
   3.7429203e+03   1.0266441e-07
   3.7468688e+03   1.0134130e-07
   3.7508172e+03   1.0003524e-07
   3.7547657e+03   9.8746017e-08
   3.7587141e+03   9.7473406e-08
   3.7626626e+03   9.6217195e-08
   3.7666110e+03   9.4977174e-08
   3.7705595e+03   9.3753135e-08
   3.7745079e+03   9.2544870e-08
   3.7784564e+03   9.1352177e-08
   3.7824048e+03   9.0174856e-08
   3.7863533e+03   8.9012707e-08
   3.7903017e+03   8.7865536e-08
   3.7942502e+03   8.6733149e-08
   3.7981986e+03   8.5615356e-08
   3.8021470e+03   8.4511969e-08
   3.8060955e+03   8.3422802e-08
   3.8100439e+03   8.2347672e-08
   3.8139924e+03   8.1286398e-08
   3.8179408e+03   8.0238801e-08
   3.8218893e+03   7.9204705e-08
   3.8258377e+03   7.8183937e-08
   3.8297862e+03   7.7176324e-08
   3.8337346e+03   7.6181697e-08
   3.8376831e+03   7.5199888e-08
   3.8416315e+03   7.4230733e-08
   3.8455800e+03   7.3274067e-08
   3.8495284e+03   7.2329731e-08
   3.8534769e+03   7.1397566e-08
   3.8574253e+03   7.0477413e-08
   3.8613738e+03   6.9569120e-08
   3.8653222e+03   6.8672532e-08
   3.8692707e+03   6.7787500e-08
   3.8732191e+03   6.6913873e-08
   3.8771676e+03   6.6051505e-08
   3.8811160e+03   6.5200252e-08
   3.8850645e+03   6.4359969e-08
   3.8890129e+03   6.3530515e-08
   3.8929614e+03   6.2711752e-08
   3.8969098e+03   6.1903540e-08
   3.9008583e+03   6.1105744e-08
   3.9048067e+03   6.0318230e-08
   3.9087552e+03   5.9540865e-08
   3.9127036e+03   5.8773519e-08
   3.9166521e+03   5.8016062e-08
   3.9206005e+03   5.7268367e-08
   3.9245489e+03   5.6530308e-08
   3.9284974e+03   5.5801761e-08
   3.9324458e+03   5.5082603e-08
   3.9363943e+03   5.4372714e-08
   3.9403427e+03   5.3671973e-08
   3.9442912e+03   5.2980264e-08
   3.9482396e+03   5.2297469e-08
   3.9521881e+03   5.1623473e-08
   3.9561365e+03   5.0958164e-08
   3.9600850e+03   5.0301429e-08
   3.9640334e+03   4.9653158e-08
   3.9679819e+03   4.9013242e-08
   3.9719303e+03   4.8381573e-08
   3.9758788e+03   4.7758045e-08
   3.9798272e+03   4.7142552e-08
   3.9837757e+03   4.6534992e-08
   3.9877241e+03   4.5935262e-08
   3.9916726e+03   4.5343261e-08
   3.9956210e+03   4.4758889e-08
   3.9995695e+03   4.4182049e-08
   4.0035179e+03   4.3612643e-08
   4.0074664e+03   4.3050575e-08
   4.0114148e+03   4.2495751e-08
   4.0153633e+03   4.1948078e-08
   4.0193117e+03   4.1407462e-08
   4.0232602e+03   4.0873815e-08
   4.0272086e+03   4.0347044e-08
   4.0311571e+03   3.9827062e-08
   4.0351055e+03   3.9313782e-08
   4.0390540e+03   3.8807117e-08
   4.0430024e+03   3.8306982e-08
   4.0469509e+03   3.7813292e-08
   4.0508993e+03   3.7325965e-08
   4.0548477e+03   3.6844918e-08
   4.0587962e+03   3.6370071e-08
   4.0627446e+03   3.5901343e-08
   4.0666931e+03   3.5438657e-08
   4.0706415e+03   3.4981933e-08
   4.0745900e+03   3.4531095e-08
   4.0785384e+03   3.4086068e-08
   4.0824869e+03   3.3646776e-08
   4.0864353e+03   3.3213146e-08
   4.0903838e+03   3.2785104e-08
   4.0943322e+03   3.2362579e-08
   4.0982807e+03   3.1945499e-08
   4.1022291e+03   3.1533794e-08
   4.1061776e+03   3.1127395e-08
   4.1101260e+03   3.0726234e-08
   4.1140745e+03   3.0330242e-08
   4.1180229e+03   2.9939355e-08
   4.1219714e+03   2.9553504e-08
   4.1259198e+03   2.9172627e-08
   4.1298683e+03   2.8796658e-08
   4.1338167e+03   2.8425535e-08
   4.1377652e+03   2.8059194e-08
   4.1417136e+03   2.7697575e-08
   4.1456621e+03   2.7340617e-08
   4.1496105e+03   2.6988258e-08
   4.1535590e+03   2.6640441e-08
   4.1575074e+03   2.6297106e-08
   4.1614559e+03   2.5958196e-08
   4.1654043e+03   2.5623654e-08
   4.1693528e+03   2.5293424e-08
   4.1733012e+03   2.4967449e-08
   4.1772496e+03   2.4645675e-08
   4.1811981e+03   2.4328049e-08
   4.1851465e+03   2.4014516e-08
   4.1890950e+03   2.3705023e-08
   4.1930434e+03   2.3399519e-08
   4.1969919e+03   2.3097953e-08
   4.2009403e+03   2.2800273e-08
   4.2048888e+03   2.2506429e-08
   4.2088372e+03   2.2216372e-08
   4.2127857e+03   2.1930054e-08
   4.2167341e+03   2.1647425e-08
   4.2206826e+03   2.1368439e-08
   4.2246310e+03   2.1093049e-08
   4.2285795e+03   2.0821207e-08
   4.2325279e+03   2.0552869e-08
   4.2364764e+03   2.0287990e-08
   4.2404248e+03   2.0026524e-08
   4.2443733e+03   1.9768427e-08
   4.2483217e+03   1.9513657e-08
   4.2522702e+03   1.9262171e-08
   4.2562186e+03   1.9013925e-08
   4.2601671e+03   1.8768879e-08
   4.2641155e+03   1.8526991e-08
   4.2680640e+03   1.8288220e-08
   4.2720124e+03   1.8052526e-08
   4.2759609e+03   1.7819870e-08
   4.2799093e+03   1.7590213e-08
   4.2838578e+03   1.7363515e-08
   4.2878062e+03   1.7139739e-08
   4.2917547e+03   1.6918847e-08
   4.2957031e+03   1.6700801e-08
   4.2996516e+03   1.6485566e-08
   4.3036000e+03   1.6273104e-08
