   6.2610000e+02   1.5988489e-05
   6.2843674e+02   1.7169945e-05
   6.3077347e+02   1.8428394e-05
   6.3311021e+02   1.9768028e-05
   6.3544695e+02   2.1193207e-05
   6.3778368e+02   2.2708462e-05
   6.4012042e+02   2.4318492e-05
   6.4245716e+02   2.6028173e-05
   6.4479389e+02   2.7842553e-05
   6.4713063e+02   2.9766856e-05
   6.4946737e+02   3.1806481e-05
   6.5180410e+02   3.3967007e-05
   6.5414084e+02   3.6254186e-05
   6.5647758e+02   3.8673945e-05
   6.5881431e+02   4.1232387e-05
   6.6115105e+02   4.3935787e-05
   6.6348779e+02   4.6790587e-05
   6.6582452e+02   4.9803399e-05
   6.6816126e+02   5.2980998e-05
   6.7049800e+02   5.6330318e-05
   6.7283473e+02   5.9858446e-05
   6.7517147e+02   6.3572619e-05
   6.7750821e+02   6.7480216e-05
   6.7984494e+02   7.1588752e-05
   6.8218168e+02   7.5905870e-05
   6.8451842e+02   8.0439331e-05
   6.8685516e+02   8.5197007e-05
   6.8919189e+02   9.0186870e-05
   6.9152863e+02   9.5416981e-05
   6.9386537e+02   1.0089548e-04
   6.9620210e+02   1.0663057e-04
   6.9853884e+02   1.1263050e-04
   7.0087558e+02   1.1890357e-04
   7.0321231e+02   1.2545810e-04
   7.0554905e+02   1.3230240e-04
   7.0788579e+02   1.3944480e-04
   7.1022252e+02   1.4689357e-04
   7.1255926e+02   1.5465697e-04
   7.1489600e+02   1.6274316e-04
   7.1723273e+02   1.7116025e-04
   7.1956947e+02   1.7991624e-04
   7.2190621e+02   1.8901899e-04
   7.2424294e+02   1.9847623e-04
   7.2657968e+02   2.0829551e-04
   7.2891642e+02   2.1848422e-04
   7.3125315e+02   2.2904950e-04
   7.3358989e+02   2.3999829e-04
   7.3592663e+02   2.5133724e-04
   7.3826336e+02   2.6307274e-04
   7.4060010e+02   2.7521086e-04
   7.4293684e+02   2.8775734e-04
   7.4527357e+02   3.0071759e-04
   7.4761031e+02   3.1409659e-04
   7.4994705e+02   3.2789896e-04
   7.5228378e+02   3.4212887e-04
   7.5462052e+02   3.5679004e-04
   7.5695726e+02   3.7188571e-04
   7.5929399e+02   3.8741864e-04
   7.6163073e+02   4.0339104e-04
   7.6396747e+02   4.1980459e-04
   7.6630420e+02   4.3666040e-04
   7.6864094e+02   4.5395899e-04
   7.7097768e+02   4.7170027e-04
   7.7331441e+02   4.8988354e-04
   7.7565115e+02   5.0850743e-04
   7.7798789e+02   5.2756993e-04
   7.8032462e+02   5.4706833e-04
   7.8266136e+02   5.6699923e-04
   7.8499810e+02   5.8735855e-04
   7.8733483e+02   6.0814146e-04
   7.8967157e+02   6.2934241e-04
   7.9200831e+02   6.5095513e-04
   7.9434505e+02   6.7297257e-04
   7.9668178e+02   6.9538697e-04
   7.9901852e+02   7.1818979e-04
   8.0135526e+02   7.4137173e-04
   8.0369199e+02   7.6492276e-04
   8.0602873e+02   7.8883207e-04
   8.0836547e+02   8.1308811e-04
   8.1070220e+02   8.3767859e-04
   8.1303894e+02   8.6259047e-04
   8.1537568e+02   8.8780999e-04
   8.1771241e+02   9.1332268e-04
   8.2004915e+02   9.3911337e-04
   8.2238589e+02   9.6516618e-04
   8.2472262e+02   9.9146459e-04
   8.2705936e+02   1.0179914e-03
   8.2939610e+02   1.0447289e-03
   8.3173283e+02   1.0716585e-03
   8.3406957e+02   1.0987614e-03
   8.3640631e+02   1.1260180e-03
   8.3874304e+02   1.1534082e-03
   8.4107978e+02   1.1809115e-03
   8.4341652e+02   1.2085069e-03
   8.4575325e+02   1.2361730e-03
   8.4808999e+02   1.2638879e-03
   8.5042673e+02   1.2916296e-03
   8.5276346e+02   1.3193755e-03
   8.5510020e+02   1.3471028e-03
   8.5743694e+02   1.3747887e-03
   8.5977367e+02   1.4024100e-03
   8.6211041e+02   1.4299432e-03
   8.6444715e+02   1.4573651e-03
   8.6678388e+02   1.4846521e-03
   8.6912062e+02   1.5117807e-03
   8.7145736e+02   1.5387275e-03
   8.7379409e+02   1.5654691e-03
   8.7613083e+02   1.5919821e-03
   8.7846757e+02   1.6182434e-03
   8.8080430e+02   1.6442302e-03
   8.8314104e+02   1.6699197e-03
   8.8547778e+02   1.6952895e-03
   8.8781451e+02   1.7203176e-03
   8.9015125e+02   1.7449824e-03
   8.9248799e+02   1.7692625e-03
   8.9482472e+02   1.7931372e-03
   8.9716146e+02   1.8165861e-03
   8.9949820e+02   1.8395895e-03
   9.0183493e+02   1.8621282e-03
   9.0417167e+02   1.8841836e-03
   9.0650841e+02   1.9057377e-03
   9.0884515e+02   1.9267733e-03
   9.1118188e+02   1.9472737e-03
   9.1351862e+02   1.9672231e-03
   9.1585536e+02   1.9866064e-03
   9.1819209e+02   2.0054093e-03
   9.2052883e+02   2.0236182e-03
   9.2286557e+02   2.0412204e-03
   9.2520230e+02   2.0582041e-03
   9.2753904e+02   2.0745582e-03
   9.2987578e+02   2.0902727e-03
   9.3221251e+02   2.1053382e-03
   9.3454925e+02   2.1197463e-03
   9.3688599e+02   2.1334896e-03
   9.3922272e+02   2.1465616e-03
   9.4155946e+02   2.1589564e-03
   9.4389620e+02   2.1706695e-03
   9.4623293e+02   2.1816968e-03
   9.4856967e+02   2.1920354e-03
   9.5090641e+02   2.2016832e-03
   9.5324314e+02   2.2106390e-03
   9.5557988e+02   2.2189026e-03
   9.5791662e+02   2.2264743e-03
   9.6025335e+02   2.2333557e-03
   9.6259009e+02   2.2395488e-03
   9.6492683e+02   2.2450568e-03
   9.6726356e+02   2.2498835e-03
   9.6960030e+02   2.2540334e-03
   9.7193704e+02   2.2575119e-03
   9.7427377e+02   2.2603250e-03
   9.7661051e+02   2.2624796e-03
   9.7894725e+02   2.2639830e-03
   9.8128398e+02   2.2648435e-03
   9.8362072e+02   2.2650697e-03
   9.8595746e+02   2.2646710e-03
   9.8829419e+02   2.2636572e-03
   9.9063093e+02   2.2620388e-03
   9.9296767e+02   2.2598267e-03
   9.9530440e+02   2.2570323e-03
   9.9764114e+02   2.2536675e-03
   9.9997788e+02   2.2497445e-03
   1.0023146e+03   2.2452760e-03
   1.0046514e+03   2.2402750e-03
   1.0069881e+03   2.2347547e-03
   1.0093248e+03   2.2287288e-03
   1.0116616e+03   2.2222111e-03
   1.0139983e+03   2.2152157e-03
   1.0163350e+03   2.2077568e-03
   1.0186718e+03   2.1998488e-03
   1.0210085e+03   2.1915064e-03
   1.0233452e+03   2.1827441e-03
   1.0256820e+03   2.1735767e-03
   1.0280187e+03   2.1640190e-03
   1.0303555e+03   2.1540858e-03
   1.0326922e+03   2.1437918e-03
   1.0350289e+03   2.1331519e-03
   1.0373657e+03   2.1221808e-03
   1.0397024e+03   2.1108930e-03
   1.0420391e+03   2.0993032e-03
   1.0443759e+03   2.0874257e-03
   1.0467126e+03   2.0752748e-03
   1.0490493e+03   2.0628647e-03
   1.0513861e+03   2.0502093e-03
   1.0537228e+03   2.0373224e-03
   1.0560596e+03   2.0242174e-03
   1.0583963e+03   2.0109077e-03
   1.0607330e+03   1.9974065e-03
   1.0630698e+03   1.9837264e-03
   1.0654065e+03   1.9698802e-03
   1.0677432e+03   1.9558800e-03
   1.0700800e+03   1.9417380e-03
   1.0724167e+03   1.9274658e-03
   1.0747535e+03   1.9130749e-03
   1.0770902e+03   1.8985764e-03
   1.0794269e+03   1.8839811e-03
   1.0817637e+03   1.8692997e-03
   1.0841004e+03   1.8545422e-03
   1.0864371e+03   1.8397186e-03
   1.0887739e+03   1.8248384e-03
   1.0911106e+03   1.8099108e-03
   1.0934473e+03   1.7949449e-03
   1.0957841e+03   1.7799491e-03
   1.0981208e+03   1.7649319e-03
   1.1004576e+03   1.7499011e-03
   1.1027943e+03   1.7348644e-03
   1.1051310e+03   1.7198292e-03
   1.1074678e+03   1.7048024e-03
   1.1098045e+03   1.6897909e-03
   1.1121412e+03   1.6748011e-03
   1.1144780e+03   1.6598390e-03
   1.1168147e+03   1.6449106e-03
   1.1191515e+03   1.6300213e-03
   1.1214882e+03   1.6151766e-03
   1.1238249e+03   1.6003814e-03
   1.1261617e+03   1.5856404e-03
   1.1284984e+03   1.5709581e-03
   1.1308351e+03   1.5563389e-03
   1.1331719e+03   1.5417866e-03
   1.1355086e+03   1.5273050e-03
   1.1378453e+03   1.5128976e-03
   1.1401821e+03   1.4985678e-03
   1.1425188e+03   1.4843187e-03
   1.1448556e+03   1.4701530e-03
   1.1471923e+03   1.4560735e-03
   1.1495290e+03   1.4420827e-03
   1.1518658e+03   1.4281828e-03
   1.1542025e+03   1.4143760e-03
   1.1565392e+03   1.4006641e-03
   1.1588760e+03   1.3870491e-03
   1.1612127e+03   1.3735324e-03
   1.1635494e+03   1.3601155e-03
   1.1658862e+03   1.3467999e-03
   1.1682229e+03   1.3335865e-03
   1.1705597e+03   1.3204766e-03
   1.1728964e+03   1.3074710e-03
   1.1752331e+03   1.2945705e-03
   1.1775699e+03   1.2817758e-03
   1.1799066e+03   1.2690876e-03
   1.1822433e+03   1.2565062e-03
   1.1845801e+03   1.2440320e-03
   1.1869168e+03   1.2316654e-03
   1.1892536e+03   1.2194066e-03
   1.1915903e+03   1.2072556e-03
   1.1939270e+03   1.1952126e-03
   1.1962638e+03   1.1832775e-03
   1.1986005e+03   1.1714502e-03
   1.2009372e+03   1.1597306e-03
   1.2032740e+03   1.1481185e-03
   1.2056107e+03   1.1366135e-03
   1.2079474e+03   1.1252154e-03
   1.2102842e+03   1.1139239e-03
   1.2126209e+03   1.1027384e-03
   1.2149577e+03   1.0916586e-03
   1.2172944e+03   1.0806839e-03
   1.2196311e+03   1.0698139e-03
   1.2219679e+03   1.0590480e-03
   1.2243046e+03   1.0483855e-03
   1.2266413e+03   1.0378260e-03
   1.2289781e+03   1.0273686e-03
   1.2313148e+03   1.0170129e-03
   1.2336516e+03   1.0067580e-03
   1.2359883e+03   9.9660334e-04
   1.2383250e+03   9.8654815e-04
   1.2406618e+03   9.7659171e-04
   1.2429985e+03   9.6673326e-04
   1.2453352e+03   9.5697205e-04
   1.2476720e+03   9.4730732e-04
   1.2500087e+03   9.3773828e-04
   1.2523454e+03   9.2826414e-04
   1.2546822e+03   9.1888413e-04
   1.2570189e+03   9.0959743e-04
   1.2593557e+03   9.0040325e-04
   1.2616924e+03   8.9130079e-04
   1.2640291e+03   8.8228923e-04
   1.2663659e+03   8.7336777e-04
   1.2687026e+03   8.6453559e-04
   1.2710393e+03   8.5579189e-04
   1.2733761e+03   8.4713585e-04
   1.2757128e+03   8.3856666e-04
   1.2780495e+03   8.3008353e-04
   1.2803863e+03   8.2168564e-04
   1.2827230e+03   8.1337218e-04
   1.2850598e+03   8.0514236e-04
   1.2873965e+03   7.9699538e-04
   1.2897332e+03   7.8893045e-04
   1.2920700e+03   7.8094678e-04
   1.2944067e+03   7.7304358e-04
   1.2967434e+03   7.6522007e-04
   1.2990802e+03   7.5747548e-04
   1.3014169e+03   7.4980904e-04
   1.3037537e+03   7.4221997e-04
   1.3060904e+03   7.3470752e-04
   1.3084271e+03   7.2727094e-04
   1.3107639e+03   7.1990948e-04
   1.3131006e+03   7.1262239e-04
   1.3154373e+03   7.0540893e-04
   1.3177741e+03   6.9826838e-04
   1.3201108e+03   6.9120001e-04
   1.3224475e+03   6.8420309e-04
   1.3247843e+03   6.7727693e-04
   1.3271210e+03   6.7042080e-04
   1.3294578e+03   6.6363402e-04
   1.3317945e+03   6.5691587e-04
   1.3341312e+03   6.5026569e-04
   1.3364680e+03   6.4368278e-04
   1.3388047e+03   6.3716647e-04
   1.3411414e+03   6.3071609e-04
   1.3434782e+03   6.2433097e-04
   1.3458149e+03   6.1801047e-04
   1.3481517e+03   6.1175392e-04
   1.3504884e+03   6.0556069e-04
   1.3528251e+03   5.9943014e-04
   1.3551619e+03   5.9336164e-04
   1.3574986e+03   5.8735455e-04
   1.3598353e+03   5.8140826e-04
   1.3621721e+03   5.7552216e-04
   1.3645088e+03   5.6969564e-04
   1.3668455e+03   5.6392809e-04
   1.3691823e+03   5.5821893e-04
   1.3715190e+03   5.5256755e-04
   1.3738558e+03   5.4697339e-04
   1.3761925e+03   5.4143585e-04
   1.3785292e+03   5.3595437e-04
   1.3808660e+03   5.3052837e-04
   1.3832027e+03   5.2515731e-04
   1.3855394e+03   5.1984061e-04
   1.3878762e+03   5.1457774e-04
   1.3902129e+03   5.0936815e-04
   1.3925496e+03   5.0421130e-04
   1.3948864e+03   4.9910665e-04
   1.3972231e+03   4.9405369e-04
   1.3995599e+03   4.8905187e-04
   1.4018966e+03   4.8410069e-04
   1.4042333e+03   4.7919964e-04
   1.4065701e+03   4.7434821e-04
   1.4089068e+03   4.6954588e-04
   1.4112435e+03   4.6479218e-04
   1.4135803e+03   4.6008660e-04
   1.4159170e+03   4.5542867e-04
   1.4182538e+03   4.5081788e-04
   1.4205905e+03   4.4625378e-04
   1.4229272e+03   4.4173589e-04
   1.4252640e+03   4.3726373e-04
   1.4276007e+03   4.3283685e-04
   1.4299374e+03   4.2845479e-04
   1.4322742e+03   4.2411709e-04
   1.4346109e+03   4.1982330e-04
   1.4369476e+03   4.1557299e-04
   1.4392844e+03   4.1136570e-04
   1.4416211e+03   4.0720101e-04
   1.4439579e+03   4.0307849e-04
   1.4462946e+03   3.9899770e-04
   1.4486313e+03   3.9495822e-04
   1.4509681e+03   3.9095964e-04
   1.4533048e+03   3.8700155e-04
   1.4556415e+03   3.8308352e-04
   1.4579783e+03   3.7920516e-04
   1.4603150e+03   3.7536607e-04
   1.4626518e+03   3.7156584e-04
   1.4649885e+03   3.6780409e-04
   1.4673252e+03   3.6408042e-04
   1.4696620e+03   3.6039444e-04
   1.4719987e+03   3.5674579e-04
   1.4743354e+03   3.5313408e-04
   1.4766722e+03   3.4955893e-04
   1.4790089e+03   3.4601997e-04
   1.4813456e+03   3.4251684e-04
   1.4836824e+03   3.3904918e-04
   1.4860191e+03   3.3561663e-04
   1.4883559e+03   3.3221883e-04
   1.4906926e+03   3.2885543e-04
   1.4930293e+03   3.2552607e-04
   1.4953661e+03   3.2223043e-04
   1.4977028e+03   3.1896815e-04
   1.5000395e+03   3.1573890e-04
   1.5023763e+03   3.1254234e-04
   1.5047130e+03   3.0937814e-04
   1.5070497e+03   3.0624598e-04
   1.5093865e+03   3.0314553e-04
   1.5117232e+03   3.0007646e-04
   1.5140600e+03   2.9703847e-04
   1.5163967e+03   2.9403124e-04
   1.5187334e+03   2.9105445e-04
   1.5210702e+03   2.8810780e-04
   1.5234069e+03   2.8519098e-04
   1.5257436e+03   2.8230369e-04
   1.5280804e+03   2.7944563e-04
   1.5304171e+03   2.7661650e-04
   1.5327539e+03   2.7381602e-04
   1.5350906e+03   2.7104389e-04
   1.5374273e+03   2.6829983e-04
   1.5397641e+03   2.6558354e-04
   1.5421008e+03   2.6289476e-04
   1.5444375e+03   2.6023320e-04
   1.5467743e+03   2.5759858e-04
   1.5491110e+03   2.5499064e-04
   1.5514477e+03   2.5240910e-04
   1.5537845e+03   2.4985370e-04
   1.5561212e+03   2.4732416e-04
   1.5584580e+03   2.4482024e-04
   1.5607947e+03   2.4234166e-04
   1.5631314e+03   2.3988818e-04
   1.5654682e+03   2.3745954e-04
   1.5678049e+03   2.3505549e-04
   1.5701416e+03   2.3267577e-04
   1.5724784e+03   2.3032015e-04
   1.5748151e+03   2.2798837e-04
   1.5771519e+03   2.2568021e-04
   1.5794886e+03   2.2339541e-04
   1.5818253e+03   2.2113374e-04
   1.5841621e+03   2.1889497e-04
   1.5864988e+03   2.1667886e-04
   1.5888355e+03   2.1448519e-04
   1.5911723e+03   2.1231373e-04
   1.5935090e+03   2.1016425e-04
   1.5958457e+03   2.0803654e-04
   1.5981825e+03   2.0593037e-04
   1.6005192e+03   2.0384551e-04
   1.6028560e+03   2.0178177e-04
   1.6051927e+03   1.9973892e-04
   1.6075294e+03   1.9771675e-04
   1.6098662e+03   1.9571506e-04
   1.6122029e+03   1.9373363e-04
   1.6145396e+03   1.9177225e-04
   1.6168764e+03   1.8983074e-04
   1.6192131e+03   1.8790888e-04
   1.6215498e+03   1.8600648e-04
   1.6238866e+03   1.8412334e-04
   1.6262233e+03   1.8225927e-04
   1.6285601e+03   1.8041406e-04
   1.6308968e+03   1.7858754e-04
   1.6332335e+03   1.7677951e-04
   1.6355703e+03   1.7498978e-04
   1.6379070e+03   1.7321818e-04
   1.6402437e+03   1.7146451e-04
   1.6425805e+03   1.6972859e-04
   1.6449172e+03   1.6801025e-04
   1.6472540e+03   1.6630930e-04
   1.6495907e+03   1.6462558e-04
   1.6519274e+03   1.6295890e-04
   1.6542642e+03   1.6130909e-04
   1.6566009e+03   1.5967599e-04
   1.6589376e+03   1.5805942e-04
   1.6612744e+03   1.5645922e-04
   1.6636111e+03   1.5487522e-04
   1.6659478e+03   1.5330725e-04
   1.6682846e+03   1.5175516e-04
   1.6706213e+03   1.5021878e-04
   1.6729581e+03   1.4869796e-04
   1.6752948e+03   1.4719253e-04
   1.6776315e+03   1.4570234e-04
   1.6799683e+03   1.4422725e-04
   1.6823050e+03   1.4276708e-04
   1.6846417e+03   1.4132170e-04
   1.6869785e+03   1.3989095e-04
   1.6893152e+03   1.3847469e-04
   1.6916520e+03   1.3707276e-04
   1.6939887e+03   1.3568503e-04
   1.6963254e+03   1.3431134e-04
   1.6986622e+03   1.3295157e-04
   1.7009989e+03   1.3160556e-04
   1.7033356e+03   1.3027318e-04
   1.7056724e+03   1.2895428e-04
   1.7080091e+03   1.2764874e-04
   1.7103458e+03   1.2635642e-04
   1.7126826e+03   1.2507718e-04
   1.7150193e+03   1.2381089e-04
   1.7173561e+03   1.2255742e-04
   1.7196928e+03   1.2131664e-04
   1.7220295e+03   1.2008843e-04
   1.7243663e+03   1.1887264e-04
   1.7267030e+03   1.1766917e-04
   1.7290397e+03   1.1647788e-04
   1.7313765e+03   1.1529865e-04
   1.7337132e+03   1.1413136e-04
   1.7360499e+03   1.1297589e-04
   1.7383867e+03   1.1183211e-04
   1.7407234e+03   1.1069992e-04
   1.7430602e+03   1.0957919e-04
   1.7453969e+03   1.0846980e-04
   1.7477336e+03   1.0737165e-04
   1.7500704e+03   1.0628461e-04
   1.7524071e+03   1.0520858e-04
   1.7547438e+03   1.0414344e-04
   1.7570806e+03   1.0308909e-04
   1.7594173e+03   1.0204541e-04
   1.7617541e+03   1.0101229e-04
   1.7640908e+03   9.9989638e-05
   1.7664275e+03   9.8977338e-05
   1.7687643e+03   9.7975285e-05
   1.7711010e+03   9.6983378e-05
   1.7734377e+03   9.6001512e-05
   1.7757745e+03   9.5029587e-05
   1.7781112e+03   9.4067502e-05
   1.7804479e+03   9.3115157e-05
   1.7827847e+03   9.2172454e-05
   1.7851214e+03   9.1239295e-05
   1.7874582e+03   9.0315583e-05
   1.7897949e+03   8.9401223e-05
   1.7921316e+03   8.8496119e-05
   1.7944684e+03   8.7600180e-05
   1.7968051e+03   8.6713310e-05
   1.7991418e+03   8.5835420e-05
   1.8014786e+03   8.4966417e-05
   1.8038153e+03   8.4106212e-05
   1.8061521e+03   8.3254716e-05
   1.8084888e+03   8.2411840e-05
   1.8108255e+03   8.1577498e-05
   1.8131623e+03   8.0751602e-05
   1.8154990e+03   7.9934069e-05
   1.8178357e+03   7.9124811e-05
   1.8201725e+03   7.8323747e-05
   1.8225092e+03   7.7530793e-05
   1.8248459e+03   7.6745867e-05
   1.8271827e+03   7.5968887e-05
   1.8295194e+03   7.5199774e-05
   1.8318562e+03   7.4438447e-05
   1.8341929e+03   7.3684828e-05
   1.8365296e+03   7.2938838e-05
   1.8388664e+03   7.2200401e-05
   1.8412031e+03   7.1469440e-05
   1.8435398e+03   7.0745879e-05
   1.8458766e+03   7.0029644e-05
   1.8482133e+03   6.9320660e-05
   1.8505501e+03   6.8618853e-05
   1.8528868e+03   6.7924152e-05
   1.8552235e+03   6.7236484e-05
   1.8575603e+03   6.6555778e-05
   1.8598970e+03   6.5881963e-05
   1.8622337e+03   6.5214970e-05
   1.8645705e+03   6.4554730e-05
   1.8669072e+03   6.3901174e-05
   1.8692439e+03   6.3254235e-05
   1.8715807e+03   6.2613846e-05
   1.8739174e+03   6.1979939e-05
   1.8762542e+03   6.1352451e-05
   1.8785909e+03   6.0731315e-05
   1.8809276e+03   6.0116468e-05
   1.8832644e+03   5.9507845e-05
   1.8856011e+03   5.8905384e-05
   1.8879378e+03   5.8309023e-05
   1.8902746e+03   5.7718699e-05
   1.8926113e+03   5.7134351e-05
   1.8949480e+03   5.6555920e-05
   1.8972848e+03   5.5983344e-05
   1.8996215e+03   5.5416566e-05
   1.9019583e+03   5.4855525e-05
   1.9042950e+03   5.4300164e-05
   1.9066317e+03   5.3750426e-05
   1.9089685e+03   5.3206254e-05
   1.9113052e+03   5.2667591e-05
   1.9136419e+03   5.2134381e-05
   1.9159787e+03   5.1606569e-05
   1.9183154e+03   5.1084102e-05
   1.9206522e+03   5.0566923e-05
   1.9229889e+03   5.0054981e-05
   1.9253256e+03   4.9548221e-05
   1.9276624e+03   4.9046592e-05
   1.9299991e+03   4.8550041e-05
   1.9323358e+03   4.8058518e-05
   1.9346726e+03   4.7571971e-05
   1.9370093e+03   4.7090349e-05
   1.9393460e+03   4.6613604e-05
   1.9416828e+03   4.6141685e-05
   1.9440195e+03   4.5674544e-05
   1.9463563e+03   4.5212132e-05
   1.9486930e+03   4.4754402e-05
   1.9510297e+03   4.4301306e-05
   1.9533665e+03   4.3852797e-05
   1.9557032e+03   4.3408829e-05
   1.9580399e+03   4.2969355e-05
   1.9603767e+03   4.2534331e-05
   1.9627134e+03   4.2103711e-05
   1.9650502e+03   4.1677450e-05
   1.9673869e+03   4.1255505e-05
   1.9697236e+03   4.0837832e-05
   1.9720604e+03   4.0424388e-05
   1.9743971e+03   4.0015129e-05
   1.9767338e+03   3.9610013e-05
   1.9790706e+03   3.9208999e-05
   1.9814073e+03   3.8812045e-05
   1.9837440e+03   3.8419110e-05
   1.9860808e+03   3.8030152e-05
   1.9884175e+03   3.7645133e-05
   1.9907543e+03   3.7264011e-05
   1.9930910e+03   3.6886748e-05
   1.9954277e+03   3.6513305e-05
   1.9977645e+03   3.6143642e-05
   2.0001012e+03   3.5777721e-05
   2.0024379e+03   3.5415506e-05
   2.0047747e+03   3.5056957e-05
   2.0071114e+03   3.4702038e-05
   2.0094481e+03   3.4350713e-05
   2.0117849e+03   3.4002944e-05
   2.0141216e+03   3.3658697e-05
   2.0164584e+03   3.3317934e-05
   2.0187951e+03   3.2980621e-05
   2.0211318e+03   3.2646723e-05
   2.0234686e+03   3.2316206e-05
   2.0258053e+03   3.1989035e-05
   2.0281420e+03   3.1665176e-05
   2.0304788e+03   3.1344596e-05
   2.0328155e+03   3.1027262e-05
   2.0351523e+03   3.0713140e-05
   2.0374890e+03   3.0402198e-05
   2.0398257e+03   3.0094404e-05
   2.0421625e+03   2.9789727e-05
   2.0444992e+03   2.9488134e-05
   2.0468359e+03   2.9189594e-05
   2.0491727e+03   2.8894077e-05
   2.0515094e+03   2.8601552e-05
   2.0538461e+03   2.8311988e-05
   2.0561829e+03   2.8025356e-05
   2.0585196e+03   2.7741626e-05
   2.0608564e+03   2.7460768e-05
   2.0631931e+03   2.7182753e-05
   2.0655298e+03   2.6907554e-05
   2.0678666e+03   2.6635140e-05
   2.0702033e+03   2.6365484e-05
   2.0725400e+03   2.6098559e-05
   2.0748768e+03   2.5834335e-05
   2.0772135e+03   2.5572787e-05
   2.0795503e+03   2.5313887e-05
   2.0818870e+03   2.5057607e-05
   2.0842237e+03   2.4803923e-05
   2.0865605e+03   2.4552806e-05
   2.0888972e+03   2.4304232e-05
   2.0912339e+03   2.4058175e-05
   2.0935707e+03   2.3814608e-05
   2.0959074e+03   2.3573508e-05
   2.0982441e+03   2.3334848e-05
   2.1005809e+03   2.3098605e-05
   2.1029176e+03   2.2864753e-05
   2.1052544e+03   2.2633269e-05
   2.1075911e+03   2.2404129e-05
   2.1099278e+03   2.2177308e-05
   2.1122646e+03   2.1952784e-05
   2.1146013e+03   2.1730532e-05
   2.1169380e+03   2.1510531e-05
   2.1192748e+03   2.1292757e-05
   2.1216115e+03   2.1077188e-05
   2.1239482e+03   2.0863801e-05
   2.1262850e+03   2.0652575e-05
   2.1286217e+03   2.0443487e-05
   2.1309585e+03   2.0236516e-05
   2.1332952e+03   2.0031641e-05
   2.1356319e+03   1.9828839e-05
   2.1379687e+03   1.9628091e-05
   2.1403054e+03   1.9429375e-05
   2.1426421e+03   1.9232671e-05
   2.1449789e+03   1.9037958e-05
   2.1473156e+03   1.8845217e-05
   2.1496524e+03   1.8654427e-05
   2.1519891e+03   1.8465568e-05
   2.1543258e+03   1.8278622e-05
   2.1566626e+03   1.8093568e-05
   2.1589993e+03   1.7910387e-05
   2.1613360e+03   1.7729062e-05
   2.1636728e+03   1.7549572e-05
   2.1660095e+03   1.7371899e-05
   2.1683462e+03   1.7196024e-05
   2.1706830e+03   1.7021931e-05
   2.1730197e+03   1.6849600e-05
   2.1753565e+03   1.6679014e-05
   2.1776932e+03   1.6510154e-05
   2.1800299e+03   1.6343005e-05
   2.1823667e+03   1.6177547e-05
   2.1847034e+03   1.6013765e-05
   2.1870401e+03   1.5851640e-05
   2.1893769e+03   1.5691157e-05
   2.1917136e+03   1.5532299e-05
   2.1940504e+03   1.5375049e-05
   2.1963871e+03   1.5219391e-05
   2.1987238e+03   1.5065309e-05
   2.2010606e+03   1.4912787e-05
   2.2033973e+03   1.4761809e-05
   2.2057340e+03   1.4612360e-05
   2.2080708e+03   1.4464424e-05
   2.2104075e+03   1.4317985e-05
   2.2127442e+03   1.4173029e-05
   2.2150810e+03   1.4029540e-05
   2.2174177e+03   1.3887504e-05
   2.2197545e+03   1.3746906e-05
   2.2220912e+03   1.3607732e-05
   2.2244279e+03   1.3469966e-05
   2.2267647e+03   1.3333596e-05
   2.2291014e+03   1.3198606e-05
   2.2314381e+03   1.3064982e-05
   2.2337749e+03   1.2932712e-05
   2.2361116e+03   1.2801780e-05
   2.2384483e+03   1.2672174e-05
   2.2407851e+03   1.2543880e-05
   2.2431218e+03   1.2416885e-05
   2.2454586e+03   1.2291176e-05
   2.2477953e+03   1.2166739e-05
   2.2501320e+03   1.2043563e-05
   2.2524688e+03   1.1921633e-05
   2.2548055e+03   1.1800938e-05
   2.2571422e+03   1.1681464e-05
   2.2594790e+03   1.1563200e-05
   2.2618157e+03   1.1446134e-05
   2.2641525e+03   1.1330253e-05
   2.2664892e+03   1.1215544e-05
   2.2688259e+03   1.1101998e-05
   2.2711627e+03   1.0989600e-05
   2.2734994e+03   1.0878341e-05
   2.2758361e+03   1.0768208e-05
   2.2781729e+03   1.0659190e-05
   2.2805096e+03   1.0551276e-05
   2.2828463e+03   1.0444454e-05
   2.2851831e+03   1.0338714e-05
   2.2875198e+03   1.0234044e-05
   2.2898566e+03   1.0130434e-05
   2.2921933e+03   1.0027873e-05
   2.2945300e+03   9.9263501e-06
   2.2968668e+03   9.8258551e-06
   2.2992035e+03   9.7263776e-06
   2.3015402e+03   9.6279072e-06
   2.3038770e+03   9.5304337e-06
   2.3062137e+03   9.4339470e-06
   2.3085505e+03   9.3384372e-06
   2.3108872e+03   9.2438943e-06
   2.3132239e+03   9.1503086e-06
   2.3155607e+03   9.0576703e-06
   2.3178974e+03   8.9659699e-06
   2.3202341e+03   8.8751979e-06
   2.3225709e+03   8.7853449e-06
   2.3249076e+03   8.6964016e-06
   2.3272443e+03   8.6083587e-06
   2.3295811e+03   8.5212072e-06
   2.3319178e+03   8.4349380e-06
   2.3342546e+03   8.3495422e-06
   2.3365913e+03   8.2650109e-06
   2.3389280e+03   8.1813355e-06
   2.3412648e+03   8.0985071e-06
   2.3436015e+03   8.0165174e-06
   2.3459382e+03   7.9353577e-06
   2.3482750e+03   7.8550197e-06
   2.3506117e+03   7.7754950e-06
   2.3529484e+03   7.6967754e-06
   2.3552852e+03   7.6188528e-06
   2.3576219e+03   7.5417191e-06
   2.3599587e+03   7.4653663e-06
   2.3622954e+03   7.3897865e-06
   2.3646321e+03   7.3149719e-06
   2.3669689e+03   7.2409147e-06
   2.3693056e+03   7.1676072e-06
   2.3716423e+03   7.0950420e-06
   2.3739791e+03   7.0232113e-06
   2.3763158e+03   6.9521079e-06
   2.3786526e+03   6.8817244e-06
   2.3809893e+03   6.8120534e-06
   2.3833260e+03   6.7430878e-06
   2.3856628e+03   6.6748204e-06
   2.3879995e+03   6.6072441e-06
   2.3903362e+03   6.5403520e-06
   2.3926730e+03   6.4741371e-06
   2.3950097e+03   6.4085925e-06
   2.3973464e+03   6.3437116e-06
   2.3996832e+03   6.2794875e-06
   2.4020199e+03   6.2159136e-06
   2.4043567e+03   6.1529833e-06
   2.4066934e+03   6.0906901e-06
   2.4090301e+03   6.0290276e-06
   2.4113669e+03   5.9679894e-06
   2.4137036e+03   5.9075691e-06
   2.4160403e+03   5.8477606e-06
   2.4183771e+03   5.7885575e-06
   2.4207138e+03   5.7299538e-06
   2.4230506e+03   5.6719434e-06
   2.4253873e+03   5.6145203e-06
   2.4277240e+03   5.5576786e-06
   2.4300608e+03   5.5014123e-06
   2.4323975e+03   5.4457157e-06
   2.4347342e+03   5.3905830e-06
   2.4370710e+03   5.3360084e-06
   2.4394077e+03   5.2819863e-06
   2.4417444e+03   5.2285112e-06
   2.4440812e+03   5.1755774e-06
   2.4464179e+03   5.1231796e-06
   2.4487547e+03   5.0713122e-06
   2.4510914e+03   5.0199700e-06
   2.4534281e+03   4.9691475e-06
   2.4557649e+03   4.9188396e-06
   2.4581016e+03   4.8690409e-06
   2.4604383e+03   4.8197465e-06
   2.4627751e+03   4.7709511e-06
   2.4651118e+03   4.7226497e-06
   2.4674485e+03   4.6748373e-06
   2.4697853e+03   4.6275090e-06
   2.4721220e+03   4.5806598e-06
   2.4744588e+03   4.5342850e-06
   2.4767955e+03   4.4883796e-06
   2.4791322e+03   4.4429390e-06
   2.4814690e+03   4.3979584e-06
   2.4838057e+03   4.3534332e-06
   2.4861424e+03   4.3093588e-06
   2.4884792e+03   4.2657306e-06
   2.4908159e+03   4.2225441e-06
   2.4931527e+03   4.1797948e-06
   2.4954894e+03   4.1374783e-06
   2.4978261e+03   4.0955903e-06
   2.5001629e+03   4.0541263e-06
   2.5024996e+03   4.0130820e-06
   2.5048363e+03   3.9724534e-06
   2.5071731e+03   3.9322360e-06
   2.5095098e+03   3.8924258e-06
   2.5118465e+03   3.8530187e-06
   2.5141833e+03   3.8140105e-06
   2.5165200e+03   3.7753972e-06
   2.5188568e+03   3.7371749e-06
   2.5211935e+03   3.6993395e-06
   2.5235302e+03   3.6618872e-06
   2.5258670e+03   3.6248140e-06
   2.5282037e+03   3.5881162e-06
   2.5305404e+03   3.5517899e-06
   2.5328772e+03   3.5158314e-06
   2.5352139e+03   3.4802369e-06
   2.5375507e+03   3.4450028e-06
   2.5398874e+03   3.4101254e-06
   2.5422241e+03   3.3756011e-06
   2.5445609e+03   3.3414263e-06
   2.5468976e+03   3.3075975e-06
   2.5492343e+03   3.2741112e-06
   2.5515711e+03   3.2409639e-06
   2.5539078e+03   3.2081522e-06
   2.5562445e+03   3.1756726e-06
   2.5585813e+03   3.1435220e-06
   2.5609180e+03   3.1116968e-06
   2.5632548e+03   3.0801938e-06
   2.5655915e+03   3.0490097e-06
   2.5679282e+03   3.0181413e-06
   2.5702650e+03   2.9875855e-06
   2.5726017e+03   2.9573390e-06
   2.5749384e+03   2.9273987e-06
   2.5772752e+03   2.8977616e-06
   2.5796119e+03   2.8684245e-06
   2.5819486e+03   2.8393844e-06
   2.5842854e+03   2.8106383e-06
   2.5866221e+03   2.7821832e-06
   2.5889589e+03   2.7540162e-06
   2.5912956e+03   2.7261344e-06
   2.5936323e+03   2.6985349e-06
   2.5959691e+03   2.6712147e-06
   2.5983058e+03   2.6441712e-06
   2.6006425e+03   2.6174015e-06
   2.6029793e+03   2.5909027e-06
   2.6053160e+03   2.5646723e-06
   2.6076528e+03   2.5387074e-06
   2.6099895e+03   2.5130054e-06
   2.6123262e+03   2.4875636e-06
   2.6146630e+03   2.4623793e-06
   2.6169997e+03   2.4374501e-06
   2.6193364e+03   2.4127732e-06
   2.6216732e+03   2.3883461e-06
   2.6240099e+03   2.3641664e-06
   2.6263466e+03   2.3402314e-06
   2.6286834e+03   2.3165388e-06
   2.6310201e+03   2.2930860e-06
   2.6333569e+03   2.2698707e-06
   2.6356936e+03   2.2468903e-06
   2.6380303e+03   2.2241427e-06
   2.6403671e+03   2.2016253e-06
   2.6427038e+03   2.1793360e-06
   2.6450405e+03   2.1572722e-06
   2.6473773e+03   2.1354319e-06
   2.6497140e+03   2.1138127e-06
   2.6520508e+03   2.0924123e-06
   2.6543875e+03   2.0712286e-06
   2.6567242e+03   2.0502593e-06
   2.6590610e+03   2.0295024e-06
   2.6613977e+03   2.0089556e-06
   2.6637344e+03   1.9886168e-06
   2.6660712e+03   1.9684839e-06
   2.6684079e+03   1.9485549e-06
   2.6707446e+03   1.9288276e-06
   2.6730814e+03   1.9093001e-06
   2.6754181e+03   1.8899702e-06
   2.6777549e+03   1.8708360e-06
   2.6800916e+03   1.8518956e-06
   2.6824283e+03   1.8331469e-06
   2.6847651e+03   1.8145880e-06
   2.6871018e+03   1.7962170e-06
   2.6894385e+03   1.7780320e-06
   2.6917753e+03   1.7600311e-06
   2.6941120e+03   1.7422124e-06
   2.6964487e+03   1.7245742e-06
   2.6987855e+03   1.7071145e-06
   2.7011222e+03   1.6898315e-06
   2.7034590e+03   1.6727236e-06
   2.7057957e+03   1.6557888e-06
   2.7081324e+03   1.6390255e-06
   2.7104692e+03   1.6224320e-06
   2.7128059e+03   1.6060064e-06
   2.7151426e+03   1.5897471e-06
   2.7174794e+03   1.5736524e-06
   2.7198161e+03   1.5577206e-06
   2.7221529e+03   1.5419502e-06
   2.7244896e+03   1.5263394e-06
   2.7268263e+03   1.5108866e-06
   2.7291631e+03   1.4955903e-06
   2.7314998e+03   1.4804489e-06
   2.7338365e+03   1.4654607e-06
   2.7361733e+03   1.4506243e-06
   2.7385100e+03   1.4359381e-06
   2.7408467e+03   1.4214006e-06
   2.7431835e+03   1.4070102e-06
   2.7455202e+03   1.3927656e-06
   2.7478570e+03   1.3786651e-06
   2.7501937e+03   1.3647075e-06
   2.7525304e+03   1.3508911e-06
   2.7548672e+03   1.3372146e-06
   2.7572039e+03   1.3236765e-06
   2.7595406e+03   1.3102756e-06
   2.7618774e+03   1.2970103e-06
   2.7642141e+03   1.2838793e-06
   2.7665509e+03   1.2708812e-06
   2.7688876e+03   1.2580147e-06
   2.7712243e+03   1.2452785e-06
   2.7735611e+03   1.2326712e-06
   2.7758978e+03   1.2201916e-06
   2.7782345e+03   1.2078383e-06
   2.7805713e+03   1.1956101e-06
   2.7829080e+03   1.1835056e-06
   2.7852447e+03   1.1715238e-06
   2.7875815e+03   1.1596632e-06
   2.7899182e+03   1.1479227e-06
   2.7922550e+03   1.1363011e-06
   2.7945917e+03   1.1247971e-06
   2.7969284e+03   1.1134096e-06
   2.7992652e+03   1.1021373e-06
   2.8016019e+03   1.0909792e-06
   2.8039386e+03   1.0799341e-06
   2.8062754e+03   1.0690008e-06
   2.8086121e+03   1.0581782e-06
   2.8109488e+03   1.0474651e-06
   2.8132856e+03   1.0368605e-06
   2.8156223e+03   1.0263633e-06
   2.8179591e+03   1.0159723e-06
   2.8202958e+03   1.0056865e-06
   2.8226325e+03   9.9550491e-07
   2.8249693e+03   9.8542636e-07
   2.8273060e+03   9.7544985e-07
   2.8296427e+03   9.6557434e-07
   2.8319795e+03   9.5579881e-07
   2.8343162e+03   9.4612224e-07
   2.8366530e+03   9.3654365e-07
   2.8389897e+03   9.2706203e-07
   2.8413264e+03   9.1767640e-07
   2.8436632e+03   9.0838579e-07
   2.8459999e+03   8.9918924e-07
   2.8483366e+03   8.9008579e-07
   2.8506734e+03   8.8107451e-07
   2.8530101e+03   8.7215446e-07
   2.8553468e+03   8.6332472e-07
   2.8576836e+03   8.5458437e-07
   2.8600203e+03   8.4593251e-07
   2.8623571e+03   8.3736824e-07
   2.8646938e+03   8.2889067e-07
   2.8670305e+03   8.2049893e-07
   2.8693673e+03   8.1219216e-07
   2.8717040e+03   8.0396947e-07
   2.8740407e+03   7.9583004e-07
   2.8763775e+03   7.8777301e-07
   2.8787142e+03   7.7979755e-07
   2.8810510e+03   7.7190283e-07
   2.8833877e+03   7.6408805e-07
   2.8857244e+03   7.5635237e-07
   2.8880612e+03   7.4869502e-07
   2.8903979e+03   7.4111519e-07
   2.8927346e+03   7.3361209e-07
   2.8950714e+03   7.2618496e-07
   2.8974081e+03   7.1883302e-07
   2.8997448e+03   7.1155551e-07
   2.9020816e+03   7.0435169e-07
   2.9044183e+03   6.9722079e-07
   2.9067551e+03   6.9016208e-07
   2.9090918e+03   6.8317484e-07
   2.9114285e+03   6.7625834e-07
   2.9137653e+03   6.6941186e-07
   2.9161020e+03   6.6263470e-07
   2.9184387e+03   6.5592614e-07
   2.9207755e+03   6.4928551e-07
   2.9231122e+03   6.4271211e-07
   2.9254489e+03   6.3620525e-07
   2.9277857e+03   6.2976427e-07
   2.9301224e+03   6.2338850e-07
   2.9324592e+03   6.1707728e-07
   2.9347959e+03   6.1082995e-07
   2.9371326e+03   6.0464588e-07
   2.9394694e+03   5.9852441e-07
   2.9418061e+03   5.9246491e-07
   2.9441428e+03   5.8646676e-07
   2.9464796e+03   5.8052934e-07
   2.9488163e+03   5.7465202e-07
   2.9511531e+03   5.6883421e-07
   2.9534898e+03   5.6307530e-07
   2.9558265e+03   5.5737469e-07
   2.9581633e+03   5.5173180e-07
   2.9605000e+03   5.4614604e-07
