   4.1870000e+02   6.4979785e-05
   4.2037680e+02   6.7645671e-05
   4.2205359e+02   7.0403284e-05
   4.2373039e+02   7.3254970e-05
   4.2540719e+02   7.6203095e-05
   4.2708398e+02   7.9250052e-05
   4.2876078e+02   8.2398256e-05
   4.3043758e+02   8.5650140e-05
   4.3211437e+02   8.9008160e-05
   4.3379117e+02   9.2474787e-05
   4.3546797e+02   9.6052511e-05
   4.3714476e+02   9.9743835e-05
   4.3882156e+02   1.0355127e-04
   4.4049836e+02   1.0747735e-04
   4.4217516e+02   1.1152461e-04
   4.4385195e+02   1.1569558e-04
   4.4552875e+02   1.1999282e-04
   4.4720555e+02   1.2441887e-04
   4.4888234e+02   1.2897628e-04
   4.5055914e+02   1.3366760e-04
   4.5223594e+02   1.3849538e-04
   4.5391273e+02   1.4346214e-04
   4.5558953e+02   1.4857041e-04
   4.5726633e+02   1.5382271e-04
   4.5894312e+02   1.5922154e-04
   4.6061992e+02   1.6476937e-04
   4.6229672e+02   1.7046867e-04
   4.6397351e+02   1.7632188e-04
   4.6565031e+02   1.8233139e-04
   4.6732711e+02   1.8849961e-04
   4.6900390e+02   1.9482887e-04
   4.7068070e+02   2.0132149e-04
   4.7235750e+02   2.0797975e-04
   4.7403429e+02   2.1480587e-04
   4.7571109e+02   2.2180205e-04
   4.7738789e+02   2.2897042e-04
   4.7906468e+02   2.3631308e-04
   4.8074148e+02   2.4383206e-04
   4.8241828e+02   2.5152933e-04
   4.8409508e+02   2.5940680e-04
   4.8577187e+02   2.6746632e-04
   4.8744867e+02   2.7570968e-04
   4.8912547e+02   2.8413858e-04
   4.9080226e+02   2.9275464e-04
   4.9247906e+02   3.0155943e-04
   4.9415586e+02   3.1055440e-04
   4.9583265e+02   3.1974096e-04
   4.9750945e+02   3.2912038e-04
   4.9918625e+02   3.3869388e-04
   5.0086304e+02   3.4846256e-04
   5.0253984e+02   3.5842742e-04
   5.0421664e+02   3.6858936e-04
   5.0589343e+02   3.7894920e-04
   5.0757023e+02   3.8950761e-04
   5.0924703e+02   4.0026517e-04
   5.1092382e+02   4.1122234e-04
   5.1260062e+02   4.2237946e-04
   5.1427742e+02   4.3373675e-04
   5.1595421e+02   4.4529432e-04
   5.1763101e+02   4.5705212e-04
   5.1930781e+02   4.6900999e-04
   5.2098460e+02   4.8116765e-04
   5.2266140e+02   4.9352466e-04
   5.2433820e+02   5.0608046e-04
   5.2601499e+02   5.1883434e-04
   5.2769179e+02   5.3178544e-04
   5.2936859e+02   5.4493279e-04
   5.3104539e+02   5.5827523e-04
   5.3272218e+02   5.7181148e-04
   5.3439898e+02   5.8554011e-04
   5.3607578e+02   5.9945952e-04
   5.3775257e+02   6.1356798e-04
   5.3942937e+02   6.2786359e-04
   5.4110617e+02   6.4234430e-04
   5.4278296e+02   6.5700790e-04
   5.4445976e+02   6.7185204e-04
   5.4613656e+02   6.8687419e-04
   5.4781335e+02   7.0207168e-04
   5.4949015e+02   7.1744167e-04
   5.5116695e+02   7.3298117e-04
   5.5284374e+02   7.4868703e-04
   5.5452054e+02   7.6455593e-04
   5.5619734e+02   7.8058442e-04
   5.5787413e+02   7.9676887e-04
   5.5955093e+02   8.1310549e-04
   5.6122773e+02   8.2959037e-04
   5.6290452e+02   8.4621942e-04
   5.6458132e+02   8.6298838e-04
   5.6625812e+02   8.7989289e-04
   5.6793491e+02   8.9692839e-04
   5.6961171e+02   9.1409022e-04
   5.7128851e+02   9.3137353e-04
   5.7296531e+02   9.4877336e-04
   5.7464210e+02   9.6628459e-04
   5.7631890e+02   9.8390200e-04
   5.7799570e+02   1.0016202e-03
   5.7967249e+02   1.0194337e-03
   5.8134929e+02   1.0373368e-03
   5.8302609e+02   1.0553237e-03
   5.8470288e+02   1.0733887e-03
   5.8637968e+02   1.0915257e-03
   5.8805648e+02   1.1097286e-03
   5.8973327e+02   1.1279912e-03
   5.9141007e+02   1.1463071e-03
   5.9308687e+02   1.1646699e-03
   5.9476366e+02   1.1830732e-03
   5.9644046e+02   1.2015104e-03
   5.9811726e+02   1.2199746e-03
   5.9979405e+02   1.2384593e-03
   6.0147085e+02   1.2569575e-03
   6.0314765e+02   1.2754623e-03
   6.0482444e+02   1.2939668e-03
   6.0650124e+02   1.3124639e-03
   6.0817804e+02   1.3309466e-03
   6.0985483e+02   1.3494077e-03
   6.1153163e+02   1.3678401e-03
   6.1320843e+02   1.3862366e-03
   6.1488523e+02   1.4045899e-03
   6.1656202e+02   1.4228928e-03
   6.1823882e+02   1.4411380e-03
   6.1991562e+02   1.4593182e-03
   6.2159241e+02   1.4774263e-03
   6.2326921e+02   1.4954548e-03
   6.2494601e+02   1.5133966e-03
   6.2662280e+02   1.5312443e-03
   6.2829960e+02   1.5489908e-03
   6.2997640e+02   1.5666289e-03
   6.3165319e+02   1.5841513e-03
   6.3332999e+02   1.6015510e-03
   6.3500679e+02   1.6188209e-03
   6.3668358e+02   1.6359540e-03
   6.3836038e+02   1.6529432e-03
   6.4003718e+02   1.6697818e-03
   6.4171397e+02   1.6864628e-03
   6.4339077e+02   1.7029796e-03
   6.4506757e+02   1.7193254e-03
   6.4674436e+02   1.7354937e-03
   6.4842116e+02   1.7514780e-03
   6.5009796e+02   1.7672719e-03
   6.5177475e+02   1.7828692e-03
   6.5345155e+02   1.7982637e-03
   6.5512835e+02   1.8134493e-03
   6.5680515e+02   1.8284201e-03
   6.5848194e+02   1.8431703e-03
   6.6015874e+02   1.8576943e-03
   6.6183554e+02   1.8719865e-03
   6.6351233e+02   1.8860416e-03
   6.6518913e+02   1.8998542e-03
   6.6686593e+02   1.9134194e-03
   6.6854272e+02   1.9267321e-03
   6.7021952e+02   1.9397876e-03
   6.7189632e+02   1.9525812e-03
   6.7357311e+02   1.9651085e-03
   6.7524991e+02   1.9773653e-03
   6.7692671e+02   1.9893473e-03
   6.7860350e+02   2.0010507e-03
   6.8028030e+02   2.0124717e-03
   6.8195710e+02   2.0236066e-03
   6.8363389e+02   2.0344521e-03
   6.8531069e+02   2.0450050e-03
   6.8698749e+02   2.0552621e-03
   6.8866428e+02   2.0652207e-03
   6.9034108e+02   2.0748781e-03
   6.9201788e+02   2.0842317e-03
   6.9369467e+02   2.0932793e-03
   6.9537147e+02   2.1020188e-03
   6.9704827e+02   2.1104482e-03
   6.9872507e+02   2.1185659e-03
   7.0040186e+02   2.1263703e-03
   7.0207866e+02   2.1338601e-03
   7.0375546e+02   2.1410341e-03
   7.0543225e+02   2.1478914e-03
   7.0710905e+02   2.1544311e-03
   7.0878585e+02   2.1606527e-03
   7.1046264e+02   2.1665558e-03
   7.1213944e+02   2.1721402e-03
   7.1381624e+02   2.1774059e-03
   7.1549303e+02   2.1823530e-03
   7.1716983e+02   2.1869818e-03
   7.1884663e+02   2.1912929e-03
   7.2052342e+02   2.1952869e-03
   7.2220022e+02   2.1989647e-03
   7.2387702e+02   2.2023273e-03
   7.2555381e+02   2.2053760e-03
   7.2723061e+02   2.2081120e-03
   7.2890741e+02   2.2105370e-03
   7.3058420e+02   2.2126526e-03
   7.3226100e+02   2.2144607e-03
   7.3393780e+02   2.2159632e-03
   7.3561459e+02   2.2171623e-03
   7.3729139e+02   2.2180603e-03
   7.3896819e+02   2.2186596e-03
   7.4064498e+02   2.2189627e-03
   7.4232178e+02   2.2189725e-03
   7.4399858e+02   2.2186917e-03
   7.4567538e+02   2.2181232e-03
   7.4735217e+02   2.2172701e-03
   7.4902897e+02   2.2161357e-03
   7.5070577e+02   2.2147233e-03
   7.5238256e+02   2.2130362e-03
   7.5405936e+02   2.2110779e-03
   7.5573616e+02   2.2088522e-03
   7.5741295e+02   2.2063626e-03
   7.5908975e+02   2.2036131e-03
   7.6076655e+02   2.2006075e-03
   7.6244334e+02   2.1973497e-03
   7.6412014e+02   2.1938438e-03
   7.6579694e+02   2.1900940e-03
   7.6747373e+02   2.1861044e-03
   7.6915053e+02   2.1818792e-03
   7.7082733e+02   2.1774228e-03
   7.7250412e+02   2.1727396e-03
   7.7418092e+02   2.1678339e-03
   7.7585772e+02   2.1627102e-03
   7.7753451e+02   2.1573730e-03
   7.7921131e+02   2.1518268e-03
   7.8088811e+02   2.1460762e-03
   7.8256490e+02   2.1401258e-03
   7.8424170e+02   2.1339802e-03
   7.8591850e+02   2.1276441e-03
   7.8759530e+02   2.1211220e-03
   7.8927209e+02   2.1144188e-03
   7.9094889e+02   2.1075389e-03
   7.9262569e+02   2.1004872e-03
   7.9430248e+02   2.0932682e-03
   7.9597928e+02   2.0858867e-03
   7.9765608e+02   2.0783473e-03
   7.9933287e+02   2.0706547e-03
   8.0100967e+02   2.0628135e-03
   8.0268647e+02   2.0548283e-03
   8.0436326e+02   2.0467038e-03
   8.0604006e+02   2.0384445e-03
   8.0771686e+02   2.0300550e-03
   8.0939365e+02   2.0215397e-03
   8.1107045e+02   2.0129033e-03
   8.1274725e+02   2.0041500e-03
   8.1442404e+02   1.9952845e-03
   8.1610084e+02   1.9863110e-03
   8.1777764e+02   1.9772338e-03
   8.1945443e+02   1.9680573e-03
   8.2113123e+02   1.9587858e-03
   8.2280803e+02   1.9494233e-03
   8.2448482e+02   1.9399741e-03
   8.2616162e+02   1.9304422e-03
   8.2783842e+02   1.9208317e-03
   8.2951522e+02   1.9111465e-03
   8.3119201e+02   1.9013907e-03
   8.3286881e+02   1.8915680e-03
   8.3454561e+02   1.8816822e-03
   8.3622240e+02   1.8717372e-03
   8.3789920e+02   1.8617365e-03
   8.3957600e+02   1.8516838e-03
   8.4125279e+02   1.8415827e-03
   8.4292959e+02   1.8314366e-03
   8.4460639e+02   1.8212490e-03
   8.4628318e+02   1.8110232e-03
   8.4795998e+02   1.8007625e-03
   8.4963678e+02   1.7904702e-03
   8.5131357e+02   1.7801493e-03
   8.5299037e+02   1.7698029e-03
   8.5466717e+02   1.7594342e-03
   8.5634396e+02   1.7490459e-03
   8.5802076e+02   1.7386411e-03
   8.5969756e+02   1.7282225e-03
   8.6137435e+02   1.7177928e-03
   8.6305115e+02   1.7073547e-03
   8.6472795e+02   1.6969108e-03
   8.6640474e+02   1.6864637e-03
   8.6808154e+02   1.6760157e-03
   8.6975834e+02   1.6655694e-03
   8.7143514e+02   1.6551270e-03
   8.7311193e+02   1.6446908e-03
   8.7478873e+02   1.6342630e-03
   8.7646553e+02   1.6238458e-03
   8.7814232e+02   1.6134411e-03
   8.7981912e+02   1.6030510e-03
   8.8149592e+02   1.5926774e-03
   8.8317271e+02   1.5823223e-03
   8.8484951e+02   1.5719873e-03
   8.8652631e+02   1.5616743e-03
   8.8820310e+02   1.5513850e-03
   8.8987990e+02   1.5411210e-03
   8.9155670e+02   1.5308839e-03
   8.9323349e+02   1.5206751e-03
   8.9491029e+02   1.5104961e-03
   8.9658709e+02   1.5003484e-03
   8.9826388e+02   1.4902333e-03
   8.9994068e+02   1.4801521e-03
   9.0161748e+02   1.4701060e-03
   9.0329427e+02   1.4600962e-03
   9.0497107e+02   1.4501238e-03
   9.0664787e+02   1.4401900e-03
   9.0832466e+02   1.4302958e-03
   9.1000146e+02   1.4204421e-03
   9.1167826e+02   1.4106299e-03
   9.1335506e+02   1.4008602e-03
   9.1503185e+02   1.3911337e-03
   9.1670865e+02   1.3814514e-03
   9.1838545e+02   1.3718138e-03
   9.2006224e+02   1.3622219e-03
   9.2173904e+02   1.3526762e-03
   9.2341584e+02   1.3431775e-03
   9.2509263e+02   1.3337263e-03
   9.2676943e+02   1.3243232e-03
   9.2844623e+02   1.3149688e-03
   9.3012302e+02   1.3056635e-03
   9.3179982e+02   1.2964079e-03
   9.3347662e+02   1.2872023e-03
   9.3515341e+02   1.2780473e-03
   9.3683021e+02   1.2689430e-03
   9.3850701e+02   1.2598900e-03
   9.4018380e+02   1.2508884e-03
   9.4186060e+02   1.2419387e-03
   9.4353740e+02   1.2330410e-03
   9.4521419e+02   1.2241956e-03
   9.4689099e+02   1.2154028e-03
   9.4856779e+02   1.2066626e-03
   9.5024458e+02   1.1979753e-03
   9.5192138e+02   1.1893410e-03
   9.5359818e+02   1.1807598e-03
   9.5527497e+02   1.1722318e-03
   9.5695177e+02   1.1637570e-03
   9.5862857e+02   1.1553357e-03
   9.6030537e+02   1.1469677e-03
   9.6198216e+02   1.1386531e-03
   9.6365896e+02   1.1303919e-03
   9.6533576e+02   1.1221841e-03
   9.6701255e+02   1.1140297e-03
   9.6868935e+02   1.1059285e-03
   9.7036615e+02   1.0978807e-03
   9.7204294e+02   1.0898860e-03
   9.7371974e+02   1.0819444e-03
   9.7539654e+02   1.0740558e-03
   9.7707333e+02   1.0662201e-03
   9.7875013e+02   1.0584371e-03
   9.8042693e+02   1.0507068e-03
   9.8210372e+02   1.0430290e-03
   9.8378052e+02   1.0354035e-03
   9.8545732e+02   1.0278301e-03
   9.8713411e+02   1.0203088e-03
   9.8881091e+02   1.0128392e-03
   9.9048771e+02   1.0054213e-03
   9.9216450e+02   9.9805479e-04
   9.9384130e+02   9.9073950e-04
   9.9551810e+02   9.8347523e-04
   9.9719489e+02   9.7626174e-04
   9.9887169e+02   9.6909882e-04
   1.0005485e+03   9.6198623e-04
   1.0022253e+03   9.5492375e-04
   1.0039021e+03   9.4791113e-04
   1.0055789e+03   9.4094813e-04
   1.0072557e+03   9.3403449e-04
   1.0089325e+03   9.2716998e-04
   1.0106093e+03   9.2035432e-04
   1.0122861e+03   9.1358727e-04
   1.0139629e+03   9.0686855e-04
   1.0156397e+03   9.0019790e-04
   1.0173165e+03   8.9357506e-04
   1.0189933e+03   8.8699974e-04
   1.0206701e+03   8.8047169e-04
   1.0223468e+03   8.7399061e-04
   1.0240236e+03   8.6755624e-04
   1.0257004e+03   8.6116830e-04
   1.0273772e+03   8.5482650e-04
   1.0290540e+03   8.4853057e-04
   1.0307308e+03   8.4228022e-04
   1.0324076e+03   8.3607516e-04
   1.0340844e+03   8.2991511e-04
   1.0357612e+03   8.2379980e-04
   1.0374380e+03   8.1772892e-04
   1.0391148e+03   8.1170220e-04
   1.0407916e+03   8.0571935e-04
   1.0424684e+03   7.9978009e-04
   1.0441452e+03   7.9388412e-04
   1.0458220e+03   7.8803116e-04
   1.0474988e+03   7.8222092e-04
   1.0491756e+03   7.7645312e-04
   1.0508524e+03   7.7072748e-04
   1.0525292e+03   7.6504370e-04
   1.0542060e+03   7.5940151e-04
   1.0558828e+03   7.5380062e-04
   1.0575596e+03   7.4824075e-04
   1.0592364e+03   7.4272162e-04
   1.0609132e+03   7.3724293e-04
   1.0625900e+03   7.3180443e-04
   1.0642668e+03   7.2640581e-04
   1.0659436e+03   7.2104682e-04
   1.0676204e+03   7.1572716e-04
   1.0692972e+03   7.1044657e-04
   1.0709740e+03   7.0520476e-04
   1.0726508e+03   7.0000147e-04
   1.0743275e+03   6.9483642e-04
   1.0760043e+03   6.8970934e-04
   1.0776811e+03   6.8461996e-04
   1.0793579e+03   6.7956802e-04
   1.0810347e+03   6.7455324e-04
   1.0827115e+03   6.6957536e-04
   1.0843883e+03   6.6463411e-04
   1.0860651e+03   6.5972924e-04
   1.0877419e+03   6.5486047e-04
   1.0894187e+03   6.5002756e-04
   1.0910955e+03   6.4523024e-04
   1.0927723e+03   6.4046826e-04
   1.0944491e+03   6.3574135e-04
   1.0961259e+03   6.3104927e-04
   1.0978027e+03   6.2639176e-04
   1.0994795e+03   6.2176858e-04
   1.1011563e+03   6.1717947e-04
   1.1028331e+03   6.1262418e-04
   1.1045099e+03   6.0810247e-04
   1.1061867e+03   6.0361410e-04
   1.1078635e+03   5.9915882e-04
   1.1095403e+03   5.9473639e-04
   1.1112171e+03   5.9034658e-04
   1.1128939e+03   5.8598913e-04
   1.1145707e+03   5.8166382e-04
   1.1162475e+03   5.7737041e-04
   1.1179243e+03   5.7310867e-04
   1.1196011e+03   5.6887836e-04
   1.1212779e+03   5.6467926e-04
   1.1229547e+03   5.6051114e-04
   1.1246315e+03   5.5637376e-04
   1.1263082e+03   5.5226691e-04
   1.1279850e+03   5.4819036e-04
   1.1296618e+03   5.4414388e-04
   1.1313386e+03   5.4012726e-04
   1.1330154e+03   5.3614028e-04
   1.1346922e+03   5.3218272e-04
   1.1363690e+03   5.2825436e-04
   1.1380458e+03   5.2435499e-04
   1.1397226e+03   5.2048440e-04
   1.1413994e+03   5.1664236e-04
   1.1430762e+03   5.1282869e-04
   1.1447530e+03   5.0904315e-04
   1.1464298e+03   5.0528555e-04
   1.1481066e+03   5.0155569e-04
   1.1497834e+03   4.9785335e-04
   1.1514602e+03   4.9417834e-04
   1.1531370e+03   4.9053045e-04
   1.1548138e+03   4.8690948e-04
   1.1564906e+03   4.8331524e-04
   1.1581674e+03   4.7974753e-04
   1.1598442e+03   4.7620615e-04
   1.1615210e+03   4.7269091e-04
   1.1631978e+03   4.6920161e-04
   1.1648746e+03   4.6573807e-04
   1.1665514e+03   4.6230009e-04
   1.1682282e+03   4.5888749e-04
   1.1699050e+03   4.5550008e-04
   1.1715818e+03   4.5213767e-04
   1.1732586e+03   4.4880009e-04
   1.1749354e+03   4.4548713e-04
   1.1766122e+03   4.4219863e-04
   1.1782889e+03   4.3893441e-04
   1.1799657e+03   4.3569428e-04
   1.1816425e+03   4.3247807e-04
   1.1833193e+03   4.2928559e-04
   1.1849961e+03   4.2611668e-04
   1.1866729e+03   4.2297117e-04
   1.1883497e+03   4.1984887e-04
   1.1900265e+03   4.1674962e-04
   1.1917033e+03   4.1367325e-04
   1.1933801e+03   4.1061959e-04
   1.1950569e+03   4.0758846e-04
   1.1967337e+03   4.0457972e-04
   1.1984105e+03   4.0159318e-04
   1.2000873e+03   3.9862869e-04
   1.2017641e+03   3.9568608e-04
   1.2034409e+03   3.9276519e-04
   1.2051177e+03   3.8986586e-04
   1.2067945e+03   3.8698794e-04
   1.2084713e+03   3.8413126e-04
   1.2101481e+03   3.8129566e-04
   1.2118249e+03   3.7848100e-04
   1.2135017e+03   3.7568712e-04
   1.2151785e+03   3.7291386e-04
   1.2168553e+03   3.7016107e-04
   1.2185321e+03   3.6742860e-04
   1.2202089e+03   3.6471630e-04
   1.2218857e+03   3.6202402e-04
   1.2235625e+03   3.5935162e-04
   1.2252393e+03   3.5669895e-04
   1.2269161e+03   3.5406585e-04
   1.2285929e+03   3.5145219e-04
   1.2302696e+03   3.4885783e-04
   1.2319464e+03   3.4628262e-04
   1.2336232e+03   3.4372642e-04
   1.2353000e+03   3.4118908e-04
   1.2369768e+03   3.3867048e-04
   1.2386536e+03   3.3617047e-04
   1.2403304e+03   3.3368891e-04
   1.2420072e+03   3.3122567e-04
   1.2436840e+03   3.2878062e-04
   1.2453608e+03   3.2635361e-04
   1.2470376e+03   3.2394452e-04
   1.2487144e+03   3.2155322e-04
   1.2503912e+03   3.1917956e-04
   1.2520680e+03   3.1682343e-04
   1.2537448e+03   3.1448469e-04
   1.2554216e+03   3.1216321e-04
   1.2570984e+03   3.0985887e-04
   1.2587752e+03   3.0757155e-04
   1.2604520e+03   3.0530110e-04
   1.2621288e+03   3.0304742e-04
   1.2638056e+03   3.0081037e-04
   1.2654824e+03   2.9858983e-04
   1.2671592e+03   2.9638569e-04
   1.2688360e+03   2.9419782e-04
   1.2705128e+03   2.9202610e-04
   1.2721896e+03   2.8987041e-04
   1.2738664e+03   2.8773063e-04
   1.2755432e+03   2.8560665e-04
   1.2772200e+03   2.8349835e-04
   1.2788968e+03   2.8140561e-04
   1.2805736e+03   2.7932831e-04
   1.2822504e+03   2.7726636e-04
   1.2839271e+03   2.7521962e-04
   1.2856039e+03   2.7318799e-04
   1.2872807e+03   2.7117136e-04
   1.2889575e+03   2.6916962e-04
   1.2906343e+03   2.6718265e-04
   1.2923111e+03   2.6521035e-04
   1.2939879e+03   2.6325261e-04
   1.2956647e+03   2.6130932e-04
   1.2973415e+03   2.5938038e-04
   1.2990183e+03   2.5746567e-04
   1.3006951e+03   2.5556510e-04
   1.3023719e+03   2.5367856e-04
   1.3040487e+03   2.5180595e-04
   1.3057255e+03   2.4994716e-04
   1.3074023e+03   2.4810209e-04
   1.3090791e+03   2.4627064e-04
   1.3107559e+03   2.4445270e-04
   1.3124327e+03   2.4264819e-04
   1.3141095e+03   2.4085700e-04
   1.3157863e+03   2.3907903e-04
   1.3174631e+03   2.3731419e-04
   1.3191399e+03   2.3556238e-04
   1.3208167e+03   2.3382349e-04
   1.3224935e+03   2.3209744e-04
   1.3241703e+03   2.3038414e-04
   1.3258471e+03   2.2868348e-04
   1.3275239e+03   2.2699537e-04
   1.3292007e+03   2.2531973e-04
   1.3308775e+03   2.2365645e-04
   1.3325543e+03   2.2200546e-04
   1.3342311e+03   2.2036665e-04
   1.3359078e+03   2.1873994e-04
   1.3375846e+03   2.1712523e-04
   1.3392614e+03   2.1552245e-04
   1.3409382e+03   2.1393150e-04
   1.3426150e+03   2.1235229e-04
   1.3442918e+03   2.1078474e-04
   1.3459686e+03   2.0922876e-04
   1.3476454e+03   2.0768427e-04
   1.3493222e+03   2.0615117e-04
   1.3509990e+03   2.0462940e-04
   1.3526758e+03   2.0311886e-04
   1.3543526e+03   2.0161946e-04
   1.3560294e+03   2.0013114e-04
   1.3577062e+03   1.9865381e-04
   1.3593830e+03   1.9718737e-04
   1.3610598e+03   1.9573177e-04
   1.3627366e+03   1.9428691e-04
   1.3644134e+03   1.9285271e-04
   1.3660902e+03   1.9142910e-04
   1.3677670e+03   1.9001601e-04
   1.3694438e+03   1.8861334e-04
   1.3711206e+03   1.8722102e-04
   1.3727974e+03   1.8583899e-04
   1.3744742e+03   1.8446715e-04
   1.3761510e+03   1.8310545e-04
   1.3778278e+03   1.8175379e-04
   1.3795046e+03   1.8041211e-04
   1.3811814e+03   1.7908034e-04
   1.3828582e+03   1.7775840e-04
   1.3845350e+03   1.7644621e-04
   1.3862118e+03   1.7514372e-04
   1.3878885e+03   1.7385083e-04
   1.3895653e+03   1.7256749e-04
   1.3912421e+03   1.7129363e-04
   1.3929189e+03   1.7002916e-04
   1.3945957e+03   1.6877404e-04
   1.3962725e+03   1.6752817e-04
   1.3979493e+03   1.6629151e-04
   1.3996261e+03   1.6506397e-04
   1.4013029e+03   1.6384549e-04
   1.4029797e+03   1.6263601e-04
   1.4046565e+03   1.6143546e-04
   1.4063333e+03   1.6024377e-04
   1.4080101e+03   1.5906087e-04
   1.4096869e+03   1.5788671e-04
   1.4113637e+03   1.5672122e-04
   1.4130405e+03   1.5556433e-04
   1.4147173e+03   1.5441597e-04
   1.4163941e+03   1.5327610e-04
   1.4180709e+03   1.5214464e-04
   1.4197477e+03   1.5102153e-04
   1.4214245e+03   1.4990672e-04
   1.4231013e+03   1.4880013e-04
   1.4247781e+03   1.4770171e-04
   1.4264549e+03   1.4661140e-04
   1.4281317e+03   1.4552914e-04
   1.4298085e+03   1.4445486e-04
   1.4314853e+03   1.4338852e-04
   1.4331621e+03   1.4233005e-04
   1.4348389e+03   1.4127939e-04
   1.4365157e+03   1.4023649e-04
   1.4381925e+03   1.3920129e-04
   1.4398692e+03   1.3817372e-04
   1.4415460e+03   1.3715375e-04
   1.4432228e+03   1.3614130e-04
   1.4448996e+03   1.3513633e-04
   1.4465764e+03   1.3413877e-04
   1.4482532e+03   1.3314858e-04
   1.4499300e+03   1.3216570e-04
   1.4516068e+03   1.3119007e-04
   1.4532836e+03   1.3022165e-04
   1.4549604e+03   1.2926037e-04
   1.4566372e+03   1.2830619e-04
   1.4583140e+03   1.2735906e-04
   1.4599908e+03   1.2641891e-04
   1.4616676e+03   1.2548571e-04
   1.4633444e+03   1.2455939e-04
   1.4650212e+03   1.2363992e-04
   1.4666980e+03   1.2272723e-04
   1.4683748e+03   1.2182127e-04
   1.4700516e+03   1.2092201e-04
   1.4717284e+03   1.2002938e-04
   1.4734052e+03   1.1914334e-04
   1.4750820e+03   1.1826385e-04
   1.4767588e+03   1.1739084e-04
   1.4784356e+03   1.1652428e-04
   1.4801124e+03   1.1566412e-04
   1.4817892e+03   1.1481030e-04
   1.4834660e+03   1.1396279e-04
   1.4851428e+03   1.1312154e-04
   1.4868196e+03   1.1228649e-04
   1.4884964e+03   1.1145761e-04
   1.4901732e+03   1.1063485e-04
   1.4918499e+03   1.0981816e-04
   1.4935267e+03   1.0900750e-04
   1.4952035e+03   1.0820282e-04
   1.4968803e+03   1.0740409e-04
   1.4985571e+03   1.0661125e-04
   1.5002339e+03   1.0582426e-04
   1.5019107e+03   1.0504308e-04
   1.5035875e+03   1.0426767e-04
   1.5052643e+03   1.0349798e-04
   1.5069411e+03   1.0273398e-04
   1.5086179e+03   1.0197561e-04
   1.5102947e+03   1.0122284e-04
   1.5119715e+03   1.0047563e-04
   1.5136483e+03   9.9733936e-05
   1.5153251e+03   9.8997716e-05
   1.5170019e+03   9.8266931e-05
   1.5186787e+03   9.7541540e-05
   1.5203555e+03   9.6821504e-05
   1.5220323e+03   9.6106783e-05
   1.5237091e+03   9.5397338e-05
   1.5253859e+03   9.4693130e-05
   1.5270627e+03   9.3994120e-05
   1.5287395e+03   9.3300270e-05
   1.5304163e+03   9.2611543e-05
   1.5320931e+03   9.1927899e-05
   1.5337699e+03   9.1249302e-05
   1.5354467e+03   9.0575714e-05
   1.5371235e+03   8.9907098e-05
   1.5388003e+03   8.9243418e-05
   1.5404771e+03   8.8584638e-05
   1.5421539e+03   8.7930720e-05
   1.5438307e+03   8.7281629e-05
   1.5455074e+03   8.6637330e-05
   1.5471842e+03   8.5997787e-05
   1.5488610e+03   8.5362965e-05
   1.5505378e+03   8.4732829e-05
   1.5522146e+03   8.4107345e-05
   1.5538914e+03   8.3486478e-05
   1.5555682e+03   8.2870194e-05
   1.5572450e+03   8.2258459e-05
   1.5589218e+03   8.1651240e-05
   1.5605986e+03   8.1048504e-05
   1.5622754e+03   8.0450217e-05
   1.5639522e+03   7.9856346e-05
   1.5656290e+03   7.9266859e-05
   1.5673058e+03   7.8681724e-05
   1.5689826e+03   7.8100908e-05
   1.5706594e+03   7.7524379e-05
   1.5723362e+03   7.6952107e-05
   1.5740130e+03   7.6384058e-05
   1.5756898e+03   7.5820203e-05
   1.5773666e+03   7.5260511e-05
   1.5790434e+03   7.4704950e-05
   1.5807202e+03   7.4153489e-05
   1.5823970e+03   7.3606100e-05
   1.5840738e+03   7.3062752e-05
   1.5857506e+03   7.2523414e-05
   1.5874274e+03   7.1988058e-05
   1.5891042e+03   7.1456653e-05
   1.5907810e+03   7.0929172e-05
   1.5924578e+03   7.0405584e-05
   1.5941346e+03   6.9885861e-05
   1.5958114e+03   6.9369975e-05
   1.5974881e+03   6.8857896e-05
   1.5991649e+03   6.8349598e-05
   1.6008417e+03   6.7845052e-05
   1.6025185e+03   6.7344231e-05
   1.6041953e+03   6.6847107e-05
   1.6058721e+03   6.6353652e-05
   1.6075489e+03   6.5863840e-05
   1.6092257e+03   6.5377643e-05
   1.6109025e+03   6.4895036e-05
   1.6125793e+03   6.4415991e-05
   1.6142561e+03   6.3940482e-05
   1.6159329e+03   6.3468484e-05
   1.6176097e+03   6.2999970e-05
   1.6192865e+03   6.2534914e-05
   1.6209633e+03   6.2073291e-05
   1.6226401e+03   6.1615076e-05
   1.6243169e+03   6.1160243e-05
   1.6259937e+03   6.0708768e-05
   1.6276705e+03   6.0260626e-05
   1.6293473e+03   5.9815791e-05
   1.6310241e+03   5.9374240e-05
   1.6327009e+03   5.8935949e-05
   1.6343777e+03   5.8500893e-05
   1.6360545e+03   5.8069049e-05
   1.6377313e+03   5.7640393e-05
   1.6394081e+03   5.7214900e-05
   1.6410849e+03   5.6792549e-05
   1.6427617e+03   5.6373316e-05
   1.6444385e+03   5.5957177e-05
   1.6461153e+03   5.5544110e-05
   1.6477921e+03   5.5134092e-05
   1.6494688e+03   5.4727101e-05
   1.6511456e+03   5.4323114e-05
   1.6528224e+03   5.3922109e-05
   1.6544992e+03   5.3524065e-05
   1.6561760e+03   5.3128959e-05
   1.6578528e+03   5.2736769e-05
   1.6595296e+03   5.2347475e-05
   1.6612064e+03   5.1961054e-05
   1.6628832e+03   5.1577486e-05
   1.6645600e+03   5.1196749e-05
   1.6662368e+03   5.0818823e-05
   1.6679136e+03   5.0443686e-05
   1.6695904e+03   5.0071319e-05
   1.6712672e+03   4.9701700e-05
   1.6729440e+03   4.9334810e-05
   1.6746208e+03   4.8970629e-05
   1.6762976e+03   4.8609135e-05
   1.6779744e+03   4.8250310e-05
   1.6796512e+03   4.7894134e-05
   1.6813280e+03   4.7540587e-05
   1.6830048e+03   4.7189650e-05
   1.6846816e+03   4.6841304e-05
   1.6863584e+03   4.6495529e-05
   1.6880352e+03   4.6152306e-05
   1.6897120e+03   4.5811617e-05
   1.6913888e+03   4.5473443e-05
   1.6930656e+03   4.5137765e-05
   1.6947424e+03   4.4804565e-05
   1.6964192e+03   4.4473825e-05
   1.6980960e+03   4.4145526e-05
   1.6997728e+03   4.3819651e-05
   1.7014495e+03   4.3496181e-05
   1.7031263e+03   4.3175100e-05
   1.7048031e+03   4.2856388e-05
   1.7064799e+03   4.2540029e-05
   1.7081567e+03   4.2226005e-05
   1.7098335e+03   4.1914299e-05
   1.7115103e+03   4.1604895e-05
   1.7131871e+03   4.1297774e-05
   1.7148639e+03   4.0992920e-05
   1.7165407e+03   4.0690317e-05
   1.7182175e+03   4.0389948e-05
   1.7198943e+03   4.0091795e-05
   1.7215711e+03   3.9795844e-05
   1.7232479e+03   3.9502078e-05
   1.7249247e+03   3.9210479e-05
   1.7266015e+03   3.8921034e-05
   1.7282783e+03   3.8633725e-05
   1.7299551e+03   3.8348537e-05
   1.7316319e+03   3.8065454e-05
   1.7333087e+03   3.7784461e-05
   1.7349855e+03   3.7505542e-05
   1.7366623e+03   3.7228682e-05
   1.7383391e+03   3.6953866e-05
   1.7400159e+03   3.6681078e-05
   1.7416927e+03   3.6410305e-05
   1.7433695e+03   3.6141529e-05
   1.7450463e+03   3.5874738e-05
   1.7467231e+03   3.5609917e-05
   1.7483999e+03   3.5347050e-05
   1.7500767e+03   3.5086124e-05
   1.7517535e+03   3.4827123e-05
   1.7534303e+03   3.4570035e-05
   1.7551070e+03   3.4314845e-05
   1.7567838e+03   3.4061538e-05
   1.7584606e+03   3.3810101e-05
   1.7601374e+03   3.3560520e-05
   1.7618142e+03   3.3312782e-05
   1.7634910e+03   3.3066872e-05
   1.7651678e+03   3.2822778e-05
   1.7668446e+03   3.2580485e-05
   1.7685214e+03   3.2339981e-05
   1.7701982e+03   3.2101253e-05
   1.7718750e+03   3.1864286e-05
   1.7735518e+03   3.1629069e-05
   1.7752286e+03   3.1395588e-05
   1.7769054e+03   3.1163831e-05
   1.7785822e+03   3.0933785e-05
   1.7802590e+03   3.0705436e-05
   1.7819358e+03   3.0478774e-05
   1.7836126e+03   3.0253784e-05
   1.7852894e+03   3.0030456e-05
   1.7869662e+03   2.9808776e-05
   1.7886430e+03   2.9588732e-05
   1.7903198e+03   2.9370313e-05
   1.7919966e+03   2.9153506e-05
   1.7936734e+03   2.8938299e-05
   1.7953502e+03   2.8724681e-05
   1.7970270e+03   2.8512640e-05
   1.7987038e+03   2.8302164e-05
   1.8003806e+03   2.8093242e-05
   1.8020574e+03   2.7885862e-05
   1.8037342e+03   2.7680013e-05
   1.8054110e+03   2.7475684e-05
   1.8070877e+03   2.7272863e-05
   1.8087645e+03   2.7071539e-05
   1.8104413e+03   2.6871701e-05
   1.8121181e+03   2.6673338e-05
   1.8137949e+03   2.6476440e-05
   1.8154717e+03   2.6280995e-05
   1.8171485e+03   2.6086993e-05
   1.8188253e+03   2.5894423e-05
   1.8205021e+03   2.5703274e-05
   1.8221789e+03   2.5513537e-05
   1.8238557e+03   2.5325200e-05
   1.8255325e+03   2.5138254e-05
   1.8272093e+03   2.4952687e-05
   1.8288861e+03   2.4768490e-05
   1.8305629e+03   2.4585653e-05
   1.8322397e+03   2.4404166e-05
   1.8339165e+03   2.4224018e-05
   1.8355933e+03   2.4045200e-05
   1.8372701e+03   2.3867702e-05
   1.8389469e+03   2.3691515e-05
   1.8406237e+03   2.3516628e-05
   1.8423005e+03   2.3343032e-05
   1.8439773e+03   2.3170717e-05
   1.8456541e+03   2.2999675e-05
   1.8473309e+03   2.2829895e-05
   1.8490077e+03   2.2661368e-05
   1.8506845e+03   2.2494085e-05
   1.8523613e+03   2.2328038e-05
   1.8540381e+03   2.2163216e-05
   1.8557149e+03   2.1999610e-05
   1.8573917e+03   2.1837213e-05
   1.8590684e+03   2.1676014e-05
   1.8607452e+03   2.1516005e-05
   1.8624220e+03   2.1357177e-05
   1.8640988e+03   2.1199522e-05
   1.8657756e+03   2.1043030e-05
   1.8674524e+03   2.0887694e-05
   1.8691292e+03   2.0733504e-05
   1.8708060e+03   2.0580453e-05
   1.8724828e+03   2.0428531e-05
   1.8741596e+03   2.0277731e-05
   1.8758364e+03   2.0128044e-05
   1.8775132e+03   1.9979462e-05
   1.8791900e+03   1.9831977e-05
   1.8808668e+03   1.9685580e-05
   1.8825436e+03   1.9540265e-05
   1.8842204e+03   1.9396021e-05
   1.8858972e+03   1.9252843e-05
   1.8875740e+03   1.9110722e-05
   1.8892508e+03   1.8969649e-05
   1.8909276e+03   1.8829618e-05
   1.8926044e+03   1.8690621e-05
   1.8942812e+03   1.8552650e-05
   1.8959580e+03   1.8415697e-05
   1.8976348e+03   1.8279755e-05
   1.8993116e+03   1.8144817e-05
   1.9009884e+03   1.8010875e-05
   1.9026652e+03   1.7877922e-05
   1.9043420e+03   1.7745950e-05
   1.9060188e+03   1.7614952e-05
   1.9076956e+03   1.7484921e-05
   1.9093724e+03   1.7355850e-05
   1.9110491e+03   1.7227732e-05
   1.9127259e+03   1.7100560e-05
   1.9144027e+03   1.6974326e-05
   1.9160795e+03   1.6849024e-05
   1.9177563e+03   1.6724647e-05
   1.9194331e+03   1.6601189e-05
   1.9211099e+03   1.6478641e-05
   1.9227867e+03   1.6356999e-05
   1.9244635e+03   1.6236254e-05
   1.9261403e+03   1.6116400e-05
   1.9278171e+03   1.5997432e-05
   1.9294939e+03   1.5879341e-05
   1.9311707e+03   1.5762122e-05
   1.9328475e+03   1.5645769e-05
   1.9345243e+03   1.5530274e-05
   1.9362011e+03   1.5415632e-05
   1.9378779e+03   1.5301837e-05
   1.9395547e+03   1.5188881e-05
   1.9412315e+03   1.5076759e-05
   1.9429083e+03   1.4965465e-05
   1.9445851e+03   1.4854992e-05
   1.9462619e+03   1.4745335e-05
   1.9479387e+03   1.4636487e-05
   1.9496155e+03   1.4528443e-05
   1.9512923e+03   1.4421196e-05
   1.9529691e+03   1.4314741e-05
   1.9546459e+03   1.4209072e-05
   1.9563227e+03   1.4104183e-05
   1.9579995e+03   1.4000068e-05
   1.9596763e+03   1.3896722e-05
   1.9613531e+03   1.3794139e-05
   1.9630298e+03   1.3692312e-05
   1.9647066e+03   1.3591238e-05
   1.9663834e+03   1.3490910e-05
   1.9680602e+03   1.3391322e-05
   1.9697370e+03   1.3292469e-05
   1.9714138e+03   1.3194346e-05
   1.9730906e+03   1.3096948e-05
   1.9747674e+03   1.3000268e-05
   1.9764442e+03   1.2904302e-05
   1.9781210e+03   1.2809045e-05
   1.9797978e+03   1.2714490e-05
   1.9814746e+03   1.2620634e-05
   1.9831514e+03   1.2527470e-05
   1.9848282e+03   1.2434995e-05
   1.9865050e+03   1.2343202e-05
   1.9881818e+03   1.2252086e-05
   1.9898586e+03   1.2161643e-05
   1.9915354e+03   1.2071868e-05
   1.9932122e+03   1.1982755e-05
   1.9948890e+03   1.1894300e-05
   1.9965658e+03   1.1806498e-05
   1.9982426e+03   1.1719345e-05
   1.9999194e+03   1.1632834e-05
   2.0015962e+03   1.1546963e-05
   2.0032730e+03   1.1461725e-05
   2.0049498e+03   1.1377116e-05
   2.0066266e+03   1.1293132e-05
   2.0083034e+03   1.1209768e-05
   2.0099802e+03   1.1127019e-05
   2.0116570e+03   1.1044881e-05
   2.0133338e+03   1.0963350e-05
   2.0150106e+03   1.0882420e-05
   2.0166873e+03   1.0802088e-05
   2.0183641e+03   1.0722349e-05
   2.0200409e+03   1.0643198e-05
   2.0217177e+03   1.0564631e-05
   2.0233945e+03   1.0486645e-05
   2.0250713e+03   1.0409234e-05
   2.0267481e+03   1.0332395e-05
   2.0284249e+03   1.0256123e-05
   2.0301017e+03   1.0180414e-05
   2.0317785e+03   1.0105264e-05
   2.0334553e+03   1.0030668e-05
   2.0351321e+03   9.9566234e-06
   2.0368089e+03   9.8831251e-06
   2.0384857e+03   9.8101695e-06
   2.0401625e+03   9.7377524e-06
   2.0418393e+03   9.6658698e-06
   2.0435161e+03   9.5945179e-06
   2.0451929e+03   9.5236927e-06
   2.0468697e+03   9.4533903e-06
   2.0485465e+03   9.3836069e-06
   2.0502233e+03   9.3143386e-06
   2.0519001e+03   9.2455816e-06
   2.0535769e+03   9.1773322e-06
   2.0552537e+03   9.1095866e-06
   2.0569305e+03   9.0423411e-06
   2.0586073e+03   8.9755919e-06
   2.0602841e+03   8.9093355e-06
   2.0619609e+03   8.8435682e-06
   2.0636377e+03   8.7782864e-06
   2.0653145e+03   8.7134865e-06
   2.0669913e+03   8.6491649e-06
   2.0686680e+03   8.5853182e-06
   2.0703448e+03   8.5219427e-06
   2.0720216e+03   8.4590351e-06
   2.0736984e+03   8.3965918e-06
   2.0753752e+03   8.3346095e-06
   2.0770520e+03   8.2730848e-06
   2.0787288e+03   8.2120142e-06
   2.0804056e+03   8.1513944e-06
   2.0820824e+03   8.0912221e-06
   2.0837592e+03   8.0314940e-06
   2.0854360e+03   7.9722067e-06
   2.0871128e+03   7.9133572e-06
   2.0887896e+03   7.8549420e-06
   2.0904664e+03   7.7969581e-06
   2.0921432e+03   7.7394022e-06
   2.0938200e+03   7.6822712e-06
