   5.6760000e+02   9.2485232e-05
   5.7281582e+02   1.0470388e-04
   5.7803163e+02   1.1819765e-04
   5.8324745e+02   1.3305003e-04
   5.8846326e+02   1.4934335e-04
   5.9367908e+02   1.6715769e-04
   5.9889489e+02   1.8656982e-04
   6.0411071e+02   2.0765203e-04
   6.0932653e+02   2.3047091e-04
   6.1454234e+02   2.5508612e-04
   6.1975816e+02   2.8154909e-04
   6.2497397e+02   3.0990177e-04
   6.3018979e+02   3.4017542e-04
   6.3540561e+02   3.7238937e-04
   6.4062142e+02   4.0654992e-04
   6.4583724e+02   4.4264934e-04
   6.5105305e+02   4.8066494e-04
   6.5626887e+02   5.2055830e-04
   6.6148468e+02   5.6227471e-04
   6.6670050e+02   6.0574275e-04
   6.7191632e+02   6.5087407e-04
   6.7713213e+02   6.9756341e-04
   6.8234795e+02   7.4568885e-04
   6.8756376e+02   7.9511229e-04
   6.9277958e+02   8.4568015e-04
   6.9799540e+02   8.9722433e-04
   7.0321121e+02   9.4956340e-04
   7.0842703e+02   1.0025040e-03
   7.1364284e+02   1.0558423e-03
   7.1885866e+02   1.1093660e-03
   7.2407447e+02   1.1628563e-03
   7.2929029e+02   1.2160897e-03
   7.3450611e+02   1.2688401e-03
   7.3972192e+02   1.3208814e-03
   7.4493774e+02   1.3719897e-03
   7.5015355e+02   1.4219450e-03
   7.5536937e+02   1.4705340e-03
   7.6058519e+02   1.5175521e-03
   7.6580100e+02   1.5628050e-03
   7.7101682e+02   1.6061110e-03
   7.7623263e+02   1.6473025e-03
   7.8144845e+02   1.6862273e-03
   7.8666426e+02   1.7227502e-03
   7.9188008e+02   1.7567538e-03
   7.9709590e+02   1.7881394e-03
   8.0231171e+02   1.8168272e-03
   8.0752753e+02   1.8427569e-03
   8.1274334e+02   1.8658877e-03
   8.1795916e+02   1.8861977e-03
   8.2317497e+02   1.9036840e-03
   8.2839079e+02   1.9183615e-03
   8.3360661e+02   1.9302623e-03
   8.3882242e+02   1.9394345e-03
   8.4403824e+02   1.9459411e-03
   8.4925405e+02   1.9498586e-03
   8.5446987e+02   1.9512759e-03
   8.5968569e+02   1.9502922e-03
   8.6490150e+02   1.9470159e-03
   8.7011732e+02   1.9415632e-03
   8.7533313e+02   1.9340561e-03
   8.8054895e+02   1.9246211e-03
   8.8576476e+02   1.9133881e-03
   8.9098058e+02   1.9004884e-03
   8.9619640e+02   1.8860539e-03
   9.0141221e+02   1.8702157e-03
   9.0662803e+02   1.8531030e-03
   9.1184384e+02   1.8348422e-03
   9.1705966e+02   1.8155560e-03
   9.2227548e+02   1.7953629e-03
   9.2749129e+02   1.7743760e-03
   9.3270711e+02   1.7527033e-03
   9.3792292e+02   1.7304467e-03
   9.4313874e+02   1.7077021e-03
   9.4835455e+02   1.6845589e-03
   9.5357037e+02   1.6611002e-03
   9.5878619e+02   1.6374027e-03
   9.6400200e+02   1.6135369e-03
   9.6921782e+02   1.5895670e-03
   9.7443363e+02   1.5655511e-03
   9.7964945e+02   1.5415417e-03
   9.8486527e+02   1.5175859e-03
   9.9008108e+02   1.4937254e-03
   9.9529690e+02   1.4699973e-03
   1.0005127e+03   1.4464339e-03
   1.0057285e+03   1.4230634e-03
   1.0109443e+03   1.3999101e-03
   1.0161602e+03   1.3769950e-03
   1.0213760e+03   1.3543354e-03
   1.0265918e+03   1.3319463e-03
   1.0318076e+03   1.3098395e-03
   1.0370234e+03   1.2880248e-03
   1.0422392e+03   1.2665099e-03
   1.0474551e+03   1.2453006e-03
   1.0526709e+03   1.2244011e-03
   1.0578867e+03   1.2038142e-03
   1.0631025e+03   1.1835415e-03
   1.0683183e+03   1.1635836e-03
   1.0735341e+03   1.1439400e-03
   1.0787499e+03   1.1246096e-03
   1.0839658e+03   1.1055907e-03
   1.0891816e+03   1.0868810e-03
   1.0943974e+03   1.0684776e-03
   1.0996132e+03   1.0503774e-03
   1.1048290e+03   1.0325770e-03
   1.1100448e+03   1.0150727e-03
   1.1152607e+03   9.9786067e-04
   1.1204765e+03   9.8093687e-04
   1.1256923e+03   9.6429719e-04
   1.1309081e+03   9.4793744e-04
   1.1361239e+03   9.3185338e-04
   1.1413397e+03   9.1604075e-04
   1.1465556e+03   9.0049528e-04
   1.1517714e+03   8.8521269e-04
   1.1569872e+03   8.7018873e-04
   1.1622030e+03   8.5541919e-04
   1.1674188e+03   8.4089989e-04
   1.1726346e+03   8.2662668e-04
   1.1778505e+03   8.1259547e-04
   1.1830663e+03   7.9880221e-04
   1.1882821e+03   7.8524292e-04
   1.1934979e+03   7.7191368e-04
   1.1987137e+03   7.5881059e-04
   1.2039295e+03   7.4592986e-04
   1.2091453e+03   7.3326772e-04
   1.2143612e+03   7.2082048e-04
   1.2195770e+03   7.0858450e-04
   1.2247928e+03   6.9655620e-04
   1.2300086e+03   6.8473206e-04
   1.2352244e+03   6.7310863e-04
   1.2404402e+03   6.6168250e-04
   1.2456561e+03   6.5045032e-04
   1.2508719e+03   6.3940880e-04
   1.2560877e+03   6.2855471e-04
   1.2613035e+03   6.1788487e-04
   1.2665193e+03   6.0739615e-04
   1.2717351e+03   5.9708547e-04
   1.2769510e+03   5.8694982e-04
   1.2821668e+03   5.7698623e-04
   1.2873826e+03   5.6719176e-04
   1.2925984e+03   5.5756356e-04
   1.2978142e+03   5.4809880e-04
   1.3030300e+03   5.3879471e-04
   1.3082458e+03   5.2964855e-04
   1.3134617e+03   5.2065766e-04
   1.3186775e+03   5.1181938e-04
   1.3238933e+03   5.0313114e-04
   1.3291091e+03   4.9459038e-04
   1.3343249e+03   4.8619460e-04
   1.3395407e+03   4.7794135e-04
   1.3447566e+03   4.6982819e-04
   1.3499724e+03   4.6185276e-04
   1.3551882e+03   4.5401271e-04
   1.3604040e+03   4.4630574e-04
   1.3656198e+03   4.3872961e-04
   1.3708356e+03   4.3128208e-04
   1.3760515e+03   4.2396097e-04
   1.3812673e+03   4.1676415e-04
   1.3864831e+03   4.0968949e-04
   1.3916989e+03   4.0273492e-04
   1.3969147e+03   3.9589841e-04
   1.4021305e+03   3.8917795e-04
   1.4073463e+03   3.8257157e-04
   1.4125622e+03   3.7607733e-04
   1.4177780e+03   3.6969334e-04
   1.4229938e+03   3.6341772e-04
   1.4282096e+03   3.5724862e-04
   1.4334254e+03   3.5118425e-04
   1.4386412e+03   3.4522283e-04
   1.4438571e+03   3.3936259e-04
   1.4490729e+03   3.3360184e-04
   1.4542887e+03   3.2793888e-04
   1.4595045e+03   3.2237205e-04
   1.4647203e+03   3.1689971e-04
   1.4699361e+03   3.1152027e-04
   1.4751520e+03   3.0623215e-04
   1.4803678e+03   3.0103379e-04
   1.4855836e+03   2.9592368e-04
   1.4907994e+03   2.9090031e-04
   1.4960152e+03   2.8596222e-04
   1.5012310e+03   2.8110795e-04
   1.5064468e+03   2.7633608e-04
   1.5116627e+03   2.7164522e-04
   1.5168785e+03   2.6703398e-04
   1.5220943e+03   2.6250102e-04
   1.5273101e+03   2.5804501e-04
   1.5325259e+03   2.5366464e-04
   1.5377417e+03   2.4935863e-04
   1.5429576e+03   2.4512571e-04
   1.5481734e+03   2.4096465e-04
   1.5533892e+03   2.3687423e-04
   1.5586050e+03   2.3285324e-04
   1.5638208e+03   2.2890050e-04
   1.5690366e+03   2.2501487e-04
   1.5742525e+03   2.2119519e-04
   1.5794683e+03   2.1744036e-04
   1.5846841e+03   2.1374926e-04
   1.5898999e+03   2.1012082e-04
   1.5951157e+03   2.0655397e-04
   1.6003315e+03   2.0304768e-04
   1.6055473e+03   1.9960090e-04
   1.6107632e+03   1.9621263e-04
   1.6159790e+03   1.9288188e-04
   1.6211948e+03   1.8960767e-04
   1.6264106e+03   1.8638904e-04
   1.6316264e+03   1.8322504e-04
   1.6368422e+03   1.8011476e-04
   1.6420581e+03   1.7705727e-04
   1.6472739e+03   1.7405169e-04
   1.6524897e+03   1.7109712e-04
   1.6577055e+03   1.6819271e-04
   1.6629213e+03   1.6533761e-04
   1.6681371e+03   1.6253096e-04
   1.6733530e+03   1.5977197e-04
   1.6785688e+03   1.5705980e-04
   1.6837846e+03   1.5439368e-04
   1.6890004e+03   1.5177281e-04
   1.6942162e+03   1.4919644e-04
   1.6994320e+03   1.4666380e-04
   1.7046478e+03   1.4417415e-04
   1.7098637e+03   1.4172676e-04
   1.7150795e+03   1.3932092e-04
   1.7202953e+03   1.3695592e-04
   1.7255111e+03   1.3463106e-04
   1.7307269e+03   1.3234567e-04
   1.7359427e+03   1.3009907e-04
   1.7411586e+03   1.2789061e-04
   1.7463744e+03   1.2571964e-04
   1.7515902e+03   1.2358553e-04
   1.7568060e+03   1.2148763e-04
   1.7620218e+03   1.1942536e-04
   1.7672376e+03   1.1739808e-04
   1.7724535e+03   1.1540523e-04
   1.7776693e+03   1.1344620e-04
   1.7828851e+03   1.1152043e-04
   1.7881009e+03   1.0962734e-04
   1.7933167e+03   1.0776639e-04
   1.7985325e+03   1.0593704e-04
   1.8037483e+03   1.0413873e-04
   1.8089642e+03   1.0237096e-04
   1.8141800e+03   1.0063319e-04
   1.8193958e+03   9.8924917e-05
   1.8246116e+03   9.7245646e-05
   1.8298274e+03   9.5594880e-05
   1.8350432e+03   9.3972137e-05
   1.8402591e+03   9.2376940e-05
   1.8454749e+03   9.0808821e-05
   1.8506907e+03   8.9267322e-05
   1.8559065e+03   8.7751990e-05
   1.8611223e+03   8.6262382e-05
   1.8663381e+03   8.4798059e-05
   1.8715540e+03   8.3358594e-05
   1.8767698e+03   8.1943564e-05
   1.8819856e+03   8.0552555e-05
   1.8872014e+03   7.9185158e-05
   1.8924172e+03   7.7840973e-05
   1.8976330e+03   7.6519606e-05
   1.9028488e+03   7.5220669e-05
   1.9080647e+03   7.3943782e-05
   1.9132805e+03   7.2688570e-05
   1.9184963e+03   7.1454666e-05
   1.9237121e+03   7.0241708e-05
   1.9289279e+03   6.9049340e-05
   1.9341437e+03   6.7877213e-05
   1.9393596e+03   6.6724983e-05
   1.9445754e+03   6.5592312e-05
   1.9497912e+03   6.4478868e-05
   1.9550070e+03   6.3384326e-05
   1.9602228e+03   6.2308363e-05
   1.9654386e+03   6.1250666e-05
   1.9706545e+03   6.0210922e-05
   1.9758703e+03   5.9188829e-05
   1.9810861e+03   5.8184086e-05
   1.9863019e+03   5.7196399e-05
   1.9915177e+03   5.6225478e-05
   1.9967335e+03   5.5271038e-05
   2.0019493e+03   5.4332801e-05
   2.0071652e+03   5.3410490e-05
   2.0123810e+03   5.2503835e-05
   2.0175968e+03   5.1612571e-05
   2.0228126e+03   5.0736437e-05
   2.0280284e+03   4.9875175e-05
   2.0332442e+03   4.9028533e-05
   2.0384601e+03   4.8196263e-05
   2.0436759e+03   4.7378122e-05
   2.0488917e+03   4.6573868e-05
   2.0541075e+03   4.5783266e-05
   2.0593233e+03   4.5006086e-05
   2.0645391e+03   4.4242098e-05
   2.0697550e+03   4.3491079e-05
   2.0749708e+03   4.2752808e-05
   2.0801866e+03   4.2027070e-05
   2.0854024e+03   4.1313652e-05
   2.0906182e+03   4.0612344e-05
   2.0958340e+03   3.9922941e-05
   2.1010498e+03   3.9245240e-05
   2.1062657e+03   3.8579044e-05
   2.1114815e+03   3.7924156e-05
   2.1166973e+03   3.7280386e-05
   2.1219131e+03   3.6647543e-05
   2.1271289e+03   3.6025443e-05
   2.1323447e+03   3.5413904e-05
   2.1375606e+03   3.4812745e-05
   2.1427764e+03   3.4221791e-05
   2.1479922e+03   3.3640869e-05
   2.1532080e+03   3.3069808e-05
   2.1584238e+03   3.2508441e-05
   2.1636396e+03   3.1956603e-05
   2.1688555e+03   3.1414133e-05
   2.1740713e+03   3.0880872e-05
   2.1792871e+03   3.0356662e-05
   2.1845029e+03   2.9841351e-05
   2.1897187e+03   2.9334788e-05
   2.1949345e+03   2.8836824e-05
   2.2001504e+03   2.8347312e-05
   2.2053662e+03   2.7866111e-05
   2.2105820e+03   2.7393078e-05
   2.2157978e+03   2.6928074e-05
   2.2210136e+03   2.6470964e-05
   2.2262294e+03   2.6021614e-05
   2.2314452e+03   2.5579892e-05
   2.2366611e+03   2.5145668e-05
   2.2418769e+03   2.4718814e-05
   2.2470927e+03   2.4299207e-05
   2.2523085e+03   2.3886723e-05
   2.2575243e+03   2.3481241e-05
   2.2627401e+03   2.3082642e-05
   2.2679560e+03   2.2690809e-05
   2.2731718e+03   2.2305628e-05
   2.2783876e+03   2.1926985e-05
   2.2836034e+03   2.1554770e-05
   2.2888192e+03   2.1188873e-05
   2.2940350e+03   2.0829187e-05
   2.2992509e+03   2.0475607e-05
   2.3044667e+03   2.0128029e-05
   2.3096825e+03   1.9786352e-05
   2.3148983e+03   1.9450474e-05
   2.3201141e+03   1.9120298e-05
   2.3253299e+03   1.8795727e-05
   2.3305457e+03   1.8476666e-05
   2.3357616e+03   1.8163020e-05
   2.3409774e+03   1.7854699e-05
   2.3461932e+03   1.7551612e-05
   2.3514090e+03   1.7253669e-05
   2.3566248e+03   1.6960785e-05
   2.3618406e+03   1.6672872e-05
   2.3670565e+03   1.6389846e-05
   2.3722723e+03   1.6111625e-05
   2.3774881e+03   1.5838127e-05
   2.3827039e+03   1.5569271e-05
   2.3879197e+03   1.5304980e-05
   2.3931355e+03   1.5045174e-05
   2.3983514e+03   1.4789779e-05
   2.4035672e+03   1.4538720e-05
   2.4087830e+03   1.4291922e-05
   2.4139988e+03   1.4049313e-05
   2.4192146e+03   1.3810823e-05
   2.4244304e+03   1.3576381e-05
   2.4296462e+03   1.3345919e-05
   2.4348621e+03   1.3119370e-05
   2.4400779e+03   1.2896666e-05
   2.4452937e+03   1.2677742e-05
   2.4505095e+03   1.2462535e-05
   2.4557253e+03   1.2250980e-05
   2.4609411e+03   1.2043017e-05
   2.4661570e+03   1.1838585e-05
   2.4713728e+03   1.1637622e-05
   2.4765886e+03   1.1440071e-05
   2.4818044e+03   1.1245873e-05
   2.4870202e+03   1.1054972e-05
   2.4922360e+03   1.0867312e-05
   2.4974519e+03   1.0682837e-05
   2.5026677e+03   1.0501493e-05
   2.5078835e+03   1.0323228e-05
   2.5130993e+03   1.0147989e-05
   2.5183151e+03   9.9757249e-06
   2.5235309e+03   9.8063848e-06
   2.5287467e+03   9.6399193e-06
   2.5339626e+03   9.4762797e-06
   2.5391784e+03   9.3154178e-06
   2.5443942e+03   9.1572866e-06
   2.5496100e+03   9.0018397e-06
   2.5548258e+03   8.8490315e-06
   2.5600416e+03   8.6988173e-06
   2.5652575e+03   8.5511530e-06
   2.5704733e+03   8.4059954e-06
   2.5756891e+03   8.2633018e-06
   2.5809049e+03   8.1230305e-06
   2.5861207e+03   7.9851403e-06
   2.5913365e+03   7.8495909e-06
   2.5965524e+03   7.7163424e-06
   2.6017682e+03   7.5853558e-06
   2.6069840e+03   7.4565928e-06
   2.6121998e+03   7.3300155e-06
   2.6174156e+03   7.2055870e-06
   2.6226314e+03   7.0832706e-06
   2.6278472e+03   6.9630305e-06
   2.6330631e+03   6.8448316e-06
   2.6382789e+03   6.7286391e-06
   2.6434947e+03   6.6144190e-06
   2.6487105e+03   6.5021379e-06
   2.6539263e+03   6.3917627e-06
   2.6591421e+03   6.2832612e-06
   2.6643580e+03   6.1766015e-06
   2.6695738e+03   6.0717523e-06
   2.6747896e+03   5.9686830e-06
   2.6800054e+03   5.8673634e-06
   2.6852212e+03   5.7677636e-06
   2.6904370e+03   5.6698546e-06
   2.6956529e+03   5.5736076e-06
   2.7008687e+03   5.4789944e-06
   2.7060845e+03   5.3859873e-06
   2.7113003e+03   5.2945590e-06
   2.7165161e+03   5.2046828e-06
   2.7217319e+03   5.1163322e-06
   2.7269477e+03   5.0294813e-06
   2.7321636e+03   4.9441048e-06
   2.7373794e+03   4.8601776e-06
   2.7425952e+03   4.7776750e-06
   2.7478110e+03   4.6965730e-06
   2.7530268e+03   4.6168476e-06
   2.7582426e+03   4.5384757e-06
   2.7634585e+03   4.4614341e-06
   2.7686743e+03   4.3857003e-06
   2.7738901e+03   4.3112521e-06
   2.7791059e+03   4.2380676e-06
   2.7843217e+03   4.1661255e-06
   2.7895375e+03   4.0954047e-06
   2.7947534e+03   4.0258843e-06
   2.7999692e+03   3.9575441e-06
   2.8051850e+03   3.8903639e-06
   2.8104008e+03   3.8243241e-06
   2.8156166e+03   3.7594054e-06
   2.8208324e+03   3.6955887e-06
   2.8260482e+03   3.6328553e-06
   2.8312641e+03   3.5711868e-06
   2.8364799e+03   3.5105651e-06
   2.8416957e+03   3.4509726e-06
   2.8469115e+03   3.3923916e-06
   2.8521273e+03   3.3348050e-06
   2.8573431e+03   3.2781960e-06
   2.8625590e+03   3.2225479e-06
   2.8677748e+03   3.1678444e-06
   2.8729906e+03   3.1140696e-06
   2.8782064e+03   3.0612076e-06
   2.8834222e+03   3.0092430e-06
   2.8886380e+03   2.9581604e-06
   2.8938539e+03   2.9079450e-06
   2.8990697e+03   2.8585820e-06
   2.9042855e+03   2.8100570e-06
   2.9095013e+03   2.7623557e-06
   2.9147171e+03   2.7154641e-06
   2.9199329e+03   2.6693685e-06
   2.9251487e+03   2.6240554e-06
   2.9303646e+03   2.5795115e-06
   2.9355804e+03   2.5357237e-06
   2.9407962e+03   2.4926793e-06
   2.9460120e+03   2.4503655e-06
   2.9512278e+03   2.4087700e-06
   2.9564436e+03   2.3678807e-06
   2.9616595e+03   2.3276854e-06
   2.9668753e+03   2.2881724e-06
   2.9720911e+03   2.2493302e-06
   2.9773069e+03   2.2111473e-06
   2.9825227e+03   2.1736126e-06
   2.9877385e+03   2.1367151e-06
   2.9929544e+03   2.1004439e-06
   2.9981702e+03   2.0647884e-06
   3.0033860e+03   2.0297382e-06
   3.0086018e+03   1.9952830e-06
   3.0138176e+03   1.9614126e-06
   3.0190334e+03   1.9281172e-06
   3.0242492e+03   1.8953870e-06
   3.0294651e+03   1.8632124e-06
   3.0346809e+03   1.8315840e-06
   3.0398967e+03   1.8004925e-06
   3.0451125e+03   1.7699287e-06
   3.0503283e+03   1.7398838e-06
   3.0555441e+03   1.7103489e-06
   3.0607600e+03   1.6813154e-06
   3.0659758e+03   1.6527747e-06
   3.0711916e+03   1.6247185e-06
   3.0764074e+03   1.5971385e-06
   3.0816232e+03   1.5700268e-06
   3.0868390e+03   1.5433752e-06
   3.0920549e+03   1.5171761e-06
   3.0972707e+03   1.4914217e-06
   3.1024865e+03   1.4661045e-06
   3.1077023e+03   1.4412171e-06
   3.1129181e+03   1.4167521e-06
   3.1181339e+03   1.3927024e-06
   3.1233497e+03   1.3690610e-06
   3.1285656e+03   1.3458209e-06
   3.1337814e+03   1.3229753e-06
   3.1389972e+03   1.3005175e-06
   3.1442130e+03   1.2784409e-06
   3.1494288e+03   1.2567391e-06
   3.1546446e+03   1.2354057e-06
   3.1598605e+03   1.2144344e-06
   3.1650763e+03   1.1938192e-06
   3.1702921e+03   1.1735538e-06
   3.1755079e+03   1.1536325e-06
   3.1807237e+03   1.1340493e-06
   3.1859395e+03   1.1147986e-06
   3.1911554e+03   1.0958747e-06
   3.1963712e+03   1.0772720e-06
   3.2015870e+03   1.0589850e-06
   3.2068028e+03   1.0410085e-06
   3.2120186e+03   1.0233372e-06
   3.2172344e+03   1.0059658e-06
   3.2224503e+03   9.8888935e-07
   3.2276661e+03   9.7210274e-07
   3.2328819e+03   9.5560109e-07
   3.2380977e+03   9.3937956e-07
   3.2433135e+03   9.2343339e-07
   3.2485293e+03   9.0775791e-07
   3.2537451e+03   8.9234852e-07
   3.2589610e+03   8.7720072e-07
   3.2641768e+03   8.6231005e-07
   3.2693926e+03   8.4767215e-07
   3.2746084e+03   8.3328273e-07
   3.2798242e+03   8.1913758e-07
   3.2850400e+03   8.0523255e-07
   3.2902559e+03   7.9156355e-07
   3.2954717e+03   7.7812659e-07
   3.3006875e+03   7.6491773e-07
   3.3059033e+03   7.5193308e-07
   3.3111191e+03   7.3916886e-07
   3.3163349e+03   7.2662131e-07
   3.3215508e+03   7.1428676e-07
   3.3267666e+03   7.0216159e-07
   3.3319824e+03   6.9024224e-07
   3.3371982e+03   6.7852523e-07
   3.3424140e+03   6.6700712e-07
   3.3476298e+03   6.5568454e-07
   3.3528456e+03   6.4455415e-07
   3.3580615e+03   6.3361271e-07
   3.3632773e+03   6.2285699e-07
   3.3684931e+03   6.1228386e-07
   3.3737089e+03   6.0189021e-07
   3.3789247e+03   5.9167300e-07
   3.3841405e+03   5.8162922e-07
   3.3893564e+03   5.7175594e-07
   3.3945722e+03   5.6205026e-07
   3.3997880e+03   5.5250934e-07
   3.4050038e+03   5.4313038e-07
   3.4102196e+03   5.3391062e-07
   3.4154354e+03   5.2484738e-07
   3.4206513e+03   5.1593798e-07
   3.4258671e+03   5.0717982e-07
   3.4310829e+03   4.9857034e-07
   3.4362987e+03   4.9010700e-07
   3.4415145e+03   4.8178733e-07
   3.4467303e+03   4.7360888e-07
   3.4519461e+03   4.6556927e-07
   3.4571620e+03   4.5766613e-07
   3.4623778e+03   4.4989715e-07
   3.4675936e+03   4.4226005e-07
   3.4728094e+03   4.3475259e-07
   3.4780252e+03   4.2737258e-07
   3.4832410e+03   4.2011784e-07
   3.4884569e+03   4.1298625e-07
   3.4936727e+03   4.0597572e-07
   3.4988885e+03   3.9908419e-07
   3.5041043e+03   3.9230965e-07
   3.5093201e+03   3.8565011e-07
   3.5145359e+03   3.7910362e-07
   3.5197518e+03   3.7266825e-07
   3.5249676e+03   3.6634213e-07
   3.5301834e+03   3.6012339e-07
   3.5353992e+03   3.5401022e-07
   3.5406150e+03   3.4800082e-07
   3.5458308e+03   3.4209344e-07
   3.5510466e+03   3.3628633e-07
   3.5562625e+03   3.3057779e-07
   3.5614783e+03   3.2496617e-07
   3.5666941e+03   3.1944980e-07
   3.5719099e+03   3.1402707e-07
   3.5771257e+03   3.0869639e-07
   3.5823415e+03   3.0345620e-07
   3.5875574e+03   2.9830497e-07
   3.5927732e+03   2.9324118e-07
   3.5979890e+03   2.8826335e-07
   3.6032048e+03   2.8337001e-07
   3.6084206e+03   2.7855975e-07
   3.6136364e+03   2.7383114e-07
   3.6188523e+03   2.6918280e-07
   3.6240681e+03   2.6461336e-07
   3.6292839e+03   2.6012149e-07
   3.6344997e+03   2.5570587e-07
   3.6397155e+03   2.5136521e-07
   3.6449313e+03   2.4709823e-07
   3.6501471e+03   2.4290369e-07
   3.6553630e+03   2.3878035e-07
   3.6605788e+03   2.3472700e-07
   3.6657946e+03   2.3074246e-07
   3.6710104e+03   2.2682556e-07
   3.6762262e+03   2.2297514e-07
   3.6814420e+03   2.1919009e-07
   3.6866579e+03   2.1546929e-07
   3.6918737e+03   2.1181166e-07
   3.6970895e+03   2.0821611e-07
   3.7023053e+03   2.0468160e-07
   3.7075211e+03   2.0120708e-07
   3.7127369e+03   1.9779155e-07
   3.7179528e+03   1.9443399e-07
   3.7231686e+03   1.9113344e-07
   3.7283844e+03   1.8788890e-07
   3.7336002e+03   1.8469945e-07
   3.7388160e+03   1.8156414e-07
   3.7440318e+03   1.7848205e-07
   3.7492476e+03   1.7545228e-07
   3.7544635e+03   1.7247394e-07
   3.7596793e+03   1.6954616e-07
   3.7648951e+03   1.6666807e-07
   3.7701109e+03   1.6383885e-07
   3.7753267e+03   1.6105765e-07
   3.7805425e+03   1.5832366e-07
   3.7857584e+03   1.5563608e-07
   3.7909742e+03   1.5299413e-07
   3.7961900e+03   1.5039702e-07
   3.8014058e+03   1.4784400e-07
   3.8066216e+03   1.4533431e-07
   3.8118374e+03   1.4286723e-07
   3.8170533e+03   1.4044203e-07
   3.8222691e+03   1.3805800e-07
   3.8274849e+03   1.3571443e-07
   3.8327007e+03   1.3341065e-07
   3.8379165e+03   1.3114598e-07
   3.8431323e+03   1.2891975e-07
   3.8483481e+03   1.2673131e-07
   3.8535640e+03   1.2458001e-07
   3.8587798e+03   1.2246524e-07
   3.8639956e+03   1.2038637e-07
   3.8692114e+03   1.1834278e-07
   3.8744272e+03   1.1633389e-07
   3.8796430e+03   1.1435910e-07
   3.8848589e+03   1.1241783e-07
   3.8900747e+03   1.1050951e-07
   3.8952905e+03   1.0863359e-07
   3.9005063e+03   1.0678951e-07
   3.9057221e+03   1.0497673e-07
   3.9109379e+03   1.0319473e-07
   3.9161538e+03   1.0144298e-07
   3.9213696e+03   9.9720964e-08
   3.9265854e+03   9.8028179e-08
   3.9318012e+03   9.6364130e-08
   3.9370170e+03   9.4728328e-08
   3.9422328e+03   9.3120294e-08
   3.9474486e+03   9.1539557e-08
   3.9526645e+03   8.9985654e-08
   3.9578803e+03   8.8458128e-08
   3.9630961e+03   8.6956532e-08
   3.9683119e+03   8.5480427e-08
   3.9735277e+03   8.4029378e-08
   3.9787435e+03   8.2602962e-08
   3.9839594e+03   8.1200759e-08
   3.9891752e+03   7.9822358e-08
   3.9943910e+03   7.8467357e-08
   3.9996068e+03   7.7135357e-08
   4.0048226e+03   7.5825968e-08
   4.0100384e+03   7.4538806e-08
   4.0152543e+03   7.3273493e-08
   4.0204701e+03   7.2029660e-08
   4.0256859e+03   7.0806941e-08
   4.0309017e+03   6.9604978e-08
   4.0361175e+03   6.8423419e-08
   4.0413333e+03   6.7261917e-08
   4.0465491e+03   6.6120131e-08
   4.0517650e+03   6.4997728e-08
   4.0569808e+03   6.3894378e-08
   4.0621966e+03   6.2809757e-08
   4.0674124e+03   6.1743548e-08
   4.0726282e+03   6.0695438e-08
   4.0778440e+03   5.9665120e-08
   4.0830599e+03   5.8652292e-08
   4.0882757e+03   5.7656657e-08
   4.0934915e+03   5.6677923e-08
   4.0987073e+03   5.5715803e-08
   4.1039231e+03   5.4770015e-08
   4.1091389e+03   5.3840282e-08
   4.1143548e+03   5.2926332e-08
   4.1195706e+03   5.2027896e-08
   4.1247864e+03   5.1144712e-08
   4.1300022e+03   5.0276519e-08
   4.1352180e+03   4.9423065e-08
   4.1404338e+03   4.8584097e-08
   4.1456496e+03   4.7759372e-08
   4.1508655e+03   4.6948646e-08
   4.1560813e+03   4.6151683e-08
   4.1612971e+03   4.5368248e-08
   4.1665129e+03   4.4598113e-08
   4.1717287e+03   4.3841050e-08
   4.1769445e+03   4.3096839e-08
   4.1821604e+03   4.2365261e-08
   4.1873762e+03   4.1646102e-08
   4.1925920e+03   4.0939150e-08
   4.1978078e+03   4.0244199e-08
   4.2030236e+03   3.9561045e-08
   4.2082394e+03   3.8889488e-08
   4.2134553e+03   3.8229331e-08
   4.2186711e+03   3.7580380e-08
   4.2238869e+03   3.6942445e-08
   4.2291027e+03   3.6315339e-08
   4.2343185e+03   3.5698878e-08
   4.2395343e+03   3.5092882e-08
   4.2447502e+03   3.4497173e-08
   4.2499660e+03   3.3911576e-08
   4.2551818e+03   3.3335920e-08
   4.2603976e+03   3.2770036e-08
   4.2656134e+03   3.2213757e-08
   4.2708292e+03   3.1666922e-08
   4.2760450e+03   3.1129369e-08
   4.2812609e+03   3.0600941e-08
   4.2864767e+03   3.0081484e-08
   4.2916925e+03   2.9570844e-08
   4.2969083e+03   2.9068873e-08
   4.3021241e+03   2.8575422e-08
   4.3073399e+03   2.8090349e-08
   4.3125558e+03   2.7613509e-08
   4.3177716e+03   2.7144764e-08
   4.3229874e+03   2.6683976e-08
   4.3282032e+03   2.6231009e-08
   4.3334190e+03   2.5785732e-08
   4.3386348e+03   2.5348014e-08
   4.3438507e+03   2.4917726e-08
   4.3490665e+03   2.4494742e-08
   4.3542823e+03   2.4078939e-08
   4.3594981e+03   2.3670194e-08
   4.3647139e+03   2.3268387e-08
   4.3699297e+03   2.2873401e-08
   4.3751455e+03   2.2485120e-08
   4.3803614e+03   2.2103431e-08
   4.3855772e+03   2.1728220e-08
   4.3907930e+03   2.1359379e-08
   4.3960088e+03   2.0996799e-08
   4.4012246e+03   2.0640374e-08
   4.4064404e+03   2.0289999e-08
   4.4116563e+03   1.9945572e-08
   4.4168721e+03   1.9606992e-08
   4.4220879e+03   1.9274159e-08
   4.4273037e+03   1.8946976e-08
   4.4325195e+03   1.8625347e-08
   4.4377353e+03   1.8309178e-08
   4.4429512e+03   1.7998375e-08
   4.4481670e+03   1.7692849e-08
   4.4533828e+03   1.7392509e-08
   4.4585986e+03   1.7097268e-08
   4.4638144e+03   1.6807038e-08
   4.4690302e+03   1.6521735e-08
   4.4742460e+03   1.6241275e-08
   4.4794619e+03   1.5965576e-08
   4.4846777e+03   1.5694557e-08
   4.4898935e+03   1.5428138e-08
   4.4951093e+03   1.5166242e-08
   4.5003251e+03   1.4908792e-08
   4.5055409e+03   1.4655712e-08
   4.5107568e+03   1.4406928e-08
   4.5159726e+03   1.4162368e-08
   4.5211884e+03   1.3921958e-08
   4.5264042e+03   1.3685630e-08
   4.5316200e+03   1.3453314e-08
   4.5368358e+03   1.3224941e-08
   4.5420517e+03   1.3000445e-08
   4.5472675e+03   1.2779759e-08
   4.5524833e+03   1.2562820e-08
   4.5576991e+03   1.2349564e-08
   4.5629149e+03   1.2139927e-08
   4.5681307e+03   1.1933849e-08
   4.5733465e+03   1.1731270e-08
   4.5785624e+03   1.1532129e-08
   4.5837782e+03   1.1336368e-08
   4.5889940e+03   1.1143931e-08
   4.5942098e+03   1.0954761e-08
   4.5994256e+03   1.0768801e-08
   4.6046414e+03   1.0585998e-08
   4.6098573e+03   1.0406299e-08
   4.6150731e+03   1.0229650e-08
   4.6202889e+03   1.0055999e-08
   4.6255047e+03   9.8852965e-09
   4.6307205e+03   9.7174915e-09
   4.6359363e+03   9.5525350e-09
   4.6411522e+03   9.3903787e-09
   4.6463680e+03   9.2309750e-09
   4.6515838e+03   9.0742772e-09
   4.6567996e+03   8.9202394e-09
   4.6620154e+03   8.7688165e-09
   4.6672312e+03   8.6199639e-09
   4.6724470e+03   8.4736382e-09
   4.6776629e+03   8.3297964e-09
   4.6828787e+03   8.1883963e-09
   4.6880945e+03   8.0493965e-09
   4.6933103e+03   7.9127563e-09
   4.6985261e+03   7.7784356e-09
   4.7037419e+03   7.6463950e-09
   4.7089578e+03   7.5165958e-09
   4.7141736e+03   7.3890000e-09
   4.7193894e+03   7.2635701e-09
   4.7246052e+03   7.1402695e-09
   4.7298210e+03   7.0190619e-09
   4.7350368e+03   6.8999118e-09
   4.7402527e+03   6.7827843e-09
   4.7454685e+03   6.6676451e-09
   4.7506843e+03   6.5544604e-09
   4.7559001e+03   6.4431970e-09
   4.7611159e+03   6.3338224e-09
   4.7663317e+03   6.2263044e-09
   4.7715475e+03   6.1206115e-09
   4.7767634e+03   6.0167129e-09
   4.7819792e+03   5.9145779e-09
   4.7871950e+03   5.8141766e-09
   4.7924108e+03   5.7154798e-09
   4.7976266e+03   5.6184583e-09
   4.8028424e+03   5.5230837e-09
   4.8080583e+03   5.4293282e-09
   4.8132741e+03   5.3371642e-09
   4.8184899e+03   5.2465647e-09
   4.8237057e+03   5.1575031e-09
   4.8289215e+03   5.0699534e-09
   4.8341373e+03   4.9838899e-09
   4.8393532e+03   4.8992873e-09
   4.8445690e+03   4.8161208e-09
   4.8497848e+03   4.7343662e-09
   4.8550006e+03   4.6539993e-09
   4.8602164e+03   4.5749966e-09
   4.8654322e+03   4.4973351e-09
   4.8706480e+03   4.4209919e-09
   4.8758639e+03   4.3459446e-09
   4.8810797e+03   4.2721713e-09
   4.8862955e+03   4.1996502e-09
   4.8915113e+03   4.1283603e-09
   4.8967271e+03   4.0582805e-09
   4.9019429e+03   3.9893903e-09
   4.9071588e+03   3.9216695e-09
   4.9123746e+03   3.8550984e-09
   4.9175904e+03   3.7896572e-09
   4.9228062e+03   3.7253270e-09
   4.9280220e+03   3.6620888e-09
   4.9332378e+03   3.5999240e-09
   4.9384537e+03   3.5388146e-09
   4.9436695e+03   3.4787424e-09
   4.9488853e+03   3.4196900e-09
   4.9541011e+03   3.3616401e-09
   4.9593169e+03   3.3045755e-09
   4.9645327e+03   3.2484796e-09
   4.9697485e+03   3.1933360e-09
   4.9749644e+03   3.1391284e-09
   4.9801802e+03   3.0858411e-09
   4.9853960e+03   3.0334582e-09
   4.9906118e+03   2.9819646e-09
   4.9958276e+03   2.9313452e-09
   5.0010434e+03   2.8815849e-09
   5.0062593e+03   2.8326694e-09
   5.0114751e+03   2.7845843e-09
   5.0166909e+03   2.7373153e-09
   5.0219067e+03   2.6908488e-09
   5.0271225e+03   2.6451711e-09
   5.0323383e+03   2.6002688e-09
   5.0375542e+03   2.5561286e-09
   5.0427700e+03   2.5127378e-09
   5.0479858e+03   2.4700835e-09
   5.0532016e+03   2.4281534e-09
   5.0584174e+03   2.3869349e-09
   5.0636332e+03   2.3464162e-09
   5.0688490e+03   2.3065853e-09
   5.0740649e+03   2.2674305e-09
   5.0792807e+03   2.2289404e-09
   5.0844965e+03   2.1911036e-09
   5.0897123e+03   2.1539092e-09
   5.0949281e+03   2.1173461e-09
   5.1001439e+03   2.0814037e-09
   5.1053598e+03   2.0460714e-09
   5.1105756e+03   2.0113389e-09
   5.1157914e+03   1.9771960e-09
   5.1210072e+03   1.9436327e-09
   5.1262230e+03   1.9106391e-09
   5.1314388e+03   1.8782056e-09
   5.1366547e+03   1.8463227e-09
   5.1418705e+03   1.8149810e-09
   5.1470863e+03   1.7841713e-09
   5.1523021e+03   1.7538846e-09
   5.1575179e+03   1.7241120e-09
   5.1627337e+03   1.6948448e-09
   5.1679495e+03   1.6660745e-09
   5.1731654e+03   1.6377925e-09
   5.1783812e+03   1.6099906e-09
   5.1835970e+03   1.5826607e-09
   5.1888128e+03   1.5557947e-09
   5.1940286e+03   1.5293848e-09
   5.1992444e+03   1.5034231e-09
   5.2044603e+03   1.4779022e-09
   5.2096761e+03   1.4528145e-09
   5.2148919e+03   1.4281527e-09
   5.2201077e+03   1.4039095e-09
   5.2253235e+03   1.3800778e-09
   5.2305393e+03   1.3566507e-09
   5.2357552e+03   1.3336212e-09
   5.2409710e+03   1.3109827e-09
   5.2461868e+03   1.2887285e-09
   5.2514026e+03   1.2668521e-09
   5.2566184e+03   1.2453470e-09
   5.2618342e+03   1.2242070e-09
   5.2670501e+03   1.2034258e-09
   5.2722659e+03   1.1829974e-09
   5.2774817e+03   1.1629158e-09
   5.2826975e+03   1.1431750e-09
   5.2879133e+03   1.1237694e-09
   5.2931291e+03   1.1046931e-09
   5.2983449e+03   1.0859407e-09
   5.3035608e+03   1.0675067e-09
   5.3087766e+03   1.0493855e-09
   5.3139924e+03   1.0315720e-09
   5.3192082e+03   1.0140608e-09
   5.3244240e+03   9.9684691e-10
   5.3296398e+03   9.7992522e-10
   5.3348557e+03   9.6329078e-10
   5.3400715e+03   9.4693872e-10
   5.3452873e+03   9.3086423e-10
   5.3505031e+03   9.1506261e-10
   5.3557189e+03   8.9952923e-10
   5.3609347e+03   8.8425953e-10
   5.3661506e+03   8.6924903e-10
   5.3713664e+03   8.5449334e-10
   5.3765822e+03   8.3998814e-10
   5.3817980e+03   8.2572916e-10
   5.3870138e+03   8.1171223e-10
   5.3922296e+03   7.9793324e-10
   5.3974454e+03   7.8438815e-10
   5.4026613e+03   7.7107300e-10
   5.4078771e+03   7.5798387e-10
   5.4130929e+03   7.4511693e-10
   5.4183087e+03   7.3246841e-10
   5.4235245e+03   7.2003460e-10
   5.4287403e+03   7.0781186e-10
   5.4339562e+03   6.9579660e-10
   5.4391720e+03   6.8398531e-10
   5.4443878e+03   6.7237451e-10
   5.4496036e+03   6.6096081e-10
   5.4548194e+03   6.4974086e-10
   5.4600352e+03   6.3871137e-10
   5.4652511e+03   6.2786911e-10
   5.4704669e+03   6.1721090e-10
   5.4756827e+03   6.0673361e-10
   5.4808985e+03   5.9643418e-10
   5.4861143e+03   5.8630958e-10
   5.4913301e+03   5.7635685e-10
   5.4965459e+03   5.6657307e-10
   5.5017618e+03   5.5695537e-10
   5.5069776e+03   5.4750093e-10
   5.5121934e+03   5.3820699e-10
   5.5174092e+03   5.2907081e-10
   5.5226250e+03   5.2008972e-10
   5.5278408e+03   5.1126108e-10
   5.5330567e+03   5.0258232e-10
   5.5382725e+03   4.9405088e-10
   5.5434883e+03   4.8566426e-10
   5.5487041e+03   4.7742000e-10
   5.5539199e+03   4.6931570e-10
   5.5591357e+03   4.6134896e-10
   5.5643516e+03   4.5351746e-10
   5.5695674e+03   4.4581891e-10
   5.5747832e+03   4.3825104e-10
   5.5799990e+03   4.3081163e-10
   5.5852148e+03   4.2349851e-10
   5.5904306e+03   4.1630953e-10
   5.5956464e+03   4.0924259e-10
   5.6008623e+03   4.0229561e-10
   5.6060781e+03   3.9546656e-10
   5.6112939e+03   3.8875343e-10
   5.6165097e+03   3.8215426e-10
   5.6217255e+03   3.7566710e-10
   5.6269413e+03   3.6929008e-10
   5.6321572e+03   3.6302130e-10
   5.6373730e+03   3.5685893e-10
   5.6425888e+03   3.5080118e-10
   5.6478046e+03   3.4484625e-10
   5.6530204e+03   3.3899241e-10
   5.6582362e+03   3.3323794e-10
   5.6634521e+03   3.2758116e-10
   5.6686679e+03   3.2202040e-10
   5.6738837e+03   3.1655403e-10
   5.6790995e+03   3.1118046e-10
   5.6843153e+03   3.0589811e-10
   5.6895311e+03   3.0070542e-10
   5.6947469e+03   2.9560088e-10
   5.6999628e+03   2.9058299e-10
   5.7051786e+03   2.8565029e-10
   5.7103944e+03   2.8080131e-10
   5.7156102e+03   2.7603465e-10
   5.7208260e+03   2.7134890e-10
   5.7260418e+03   2.6674270e-10
   5.7312577e+03   2.6221468e-10
   5.7364735e+03   2.5776353e-10
   5.7416893e+03   2.5338794e-10
   5.7469051e+03   2.4908663e-10
   5.7521209e+03   2.4485833e-10
   5.7573367e+03   2.4070180e-10
   5.7625526e+03   2.3661584e-10
   5.7677684e+03   2.3259924e-10
   5.7729842e+03   2.2865081e-10
   5.7782000e+03   2.2476942e-10
