   3.8960000e+02   9.3264913e-05
   3.9185255e+02   9.6860637e-05
   3.9410511e+02   1.0056722e-04
   3.9635766e+02   1.0438686e-04
   3.9861021e+02   1.0832173e-04
   4.0086276e+02   1.1237399e-04
   4.0311532e+02   1.1654580e-04
   4.0536787e+02   1.2083930e-04
   4.0762042e+02   1.2525661e-04
   4.0987297e+02   1.2979982e-04
   4.1212553e+02   1.3447101e-04
   4.1437808e+02   1.3927223e-04
   4.1663063e+02   1.4420549e-04
   4.1888318e+02   1.4927277e-04
   4.2113574e+02   1.5447603e-04
   4.2338829e+02   1.5981717e-04
   4.2564084e+02   1.6529805e-04
   4.2789339e+02   1.7092050e-04
   4.3014595e+02   1.7668629e-04
   4.3239850e+02   1.8259713e-04
   4.3465105e+02   1.8865469e-04
   4.3690360e+02   1.9486058e-04
   4.3915616e+02   2.0121633e-04
   4.4140871e+02   2.0772344e-04
   4.4366126e+02   2.1438330e-04
   4.4591381e+02   2.2119727e-04
   4.4816637e+02   2.2816659e-04
   4.5041892e+02   2.3529246e-04
   4.5267147e+02   2.4257599e-04
   4.5492402e+02   2.5001819e-04
   4.5717658e+02   2.5762000e-04
   4.5942913e+02   2.6538225e-04
   4.6168168e+02   2.7330570e-04
   4.6393423e+02   2.8139099e-04
   4.6618679e+02   2.8963867e-04
   4.6843934e+02   2.9804919e-04
   4.7069189e+02   3.0662289e-04
   4.7294444e+02   3.1536001e-04
   4.7519700e+02   3.2426065e-04
   4.7744955e+02   3.3332483e-04
   4.7970210e+02   3.4255243e-04
   4.8195465e+02   3.5194323e-04
   4.8420721e+02   3.6149686e-04
   4.8645976e+02   3.7121286e-04
   4.8871231e+02   3.8109061e-04
   4.9096486e+02   3.9112938e-04
   4.9321742e+02   4.0132831e-04
   4.9546997e+02   4.1168641e-04
   4.9772252e+02   4.2220254e-04
   4.9997508e+02   4.3287545e-04
   5.0222763e+02   4.4370372e-04
   5.0448018e+02   4.5468583e-04
   5.0673273e+02   4.6582008e-04
   5.0898529e+02   4.7710466e-04
   5.1123784e+02   4.8853762e-04
   5.1349039e+02   5.0011685e-04
   5.1574294e+02   5.1184010e-04
   5.1799550e+02   5.2370500e-04
   5.2024805e+02   5.3570902e-04
   5.2250060e+02   5.4784947e-04
   5.2475315e+02   5.6012357e-04
   5.2700571e+02   5.7252834e-04
   5.2925826e+02   5.8506071e-04
   5.3151081e+02   5.9771743e-04
   5.3376336e+02   6.1049514e-04
   5.3601592e+02   6.2339032e-04
   5.3826847e+02   6.3639934e-04
   5.4052102e+02   6.4951841e-04
   5.4277357e+02   6.6274362e-04
   5.4502613e+02   6.7607094e-04
   5.4727868e+02   6.8949618e-04
   5.4953123e+02   7.0301506e-04
   5.5178378e+02   7.1662315e-04
   5.5403634e+02   7.3031592e-04
   5.5628889e+02   7.4408871e-04
   5.5854144e+02   7.5793675e-04
   5.6079399e+02   7.7185516e-04
   5.6304655e+02   7.8583895e-04
   5.6529910e+02   7.9988302e-04
   5.6755165e+02   8.1398219e-04
   5.6980420e+02   8.2813116e-04
   5.7205676e+02   8.4232455e-04
   5.7430931e+02   8.5655691e-04
   5.7656186e+02   8.7082267e-04
   5.7881441e+02   8.8511622e-04
   5.8106697e+02   8.9943185e-04
   5.8331952e+02   9.1376379e-04
   5.8557207e+02   9.2810621e-04
   5.8782462e+02   9.4245322e-04
   5.9007718e+02   9.5679888e-04
   5.9232973e+02   9.7113719e-04
   5.9458228e+02   9.8546213e-04
   5.9683483e+02   9.9976762e-04
   5.9908739e+02   1.0140476e-03
   6.0133994e+02   1.0282959e-03
   6.0359249e+02   1.0425063e-03
   6.0584505e+02   1.0566728e-03
   6.0809760e+02   1.0707892e-03
   6.1035015e+02   1.0848493e-03
   6.1260270e+02   1.0988469e-03
   6.1485526e+02   1.1127759e-03
   6.1710781e+02   1.1266301e-03
   6.1936036e+02   1.1404035e-03
   6.2161291e+02   1.1540900e-03
   6.2386547e+02   1.1676834e-03
   6.2611802e+02   1.1811779e-03
   6.2837057e+02   1.1945673e-03
   6.3062312e+02   1.2078459e-03
   6.3287568e+02   1.2210078e-03
   6.3512823e+02   1.2340471e-03
   6.3738078e+02   1.2469581e-03
   6.3963333e+02   1.2597353e-03
   6.4188589e+02   1.2723730e-03
   6.4413844e+02   1.2848657e-03
   6.4639099e+02   1.2972081e-03
   6.4864354e+02   1.3093948e-03
   6.5089610e+02   1.3214207e-03
   6.5314865e+02   1.3332806e-03
   6.5540120e+02   1.3449696e-03
   6.5765375e+02   1.3564828e-03
   6.5990631e+02   1.3678155e-03
   6.6215886e+02   1.3789631e-03
   6.6441141e+02   1.3899209e-03
   6.6666396e+02   1.4006848e-03
   6.6891652e+02   1.4112504e-03
   6.7116907e+02   1.4216136e-03
   6.7342162e+02   1.4317706e-03
   6.7567417e+02   1.4417175e-03
   6.7792673e+02   1.4514506e-03
   6.8017928e+02   1.4609664e-03
   6.8243183e+02   1.4702617e-03
   6.8468438e+02   1.4793331e-03
   6.8693694e+02   1.4881777e-03
   6.8918949e+02   1.4967926e-03
   6.9144204e+02   1.5051751e-03
   6.9369459e+02   1.5133226e-03
   6.9594715e+02   1.5212327e-03
   6.9819970e+02   1.5289033e-03
   7.0045225e+02   1.5363322e-03
   7.0270480e+02   1.5435177e-03
   7.0495736e+02   1.5504579e-03
   7.0720991e+02   1.5571514e-03
   7.0946246e+02   1.5635967e-03
   7.1171502e+02   1.5697926e-03
   7.1396757e+02   1.5757382e-03
   7.1622012e+02   1.5814325e-03
   7.1847267e+02   1.5868749e-03
   7.2072523e+02   1.5920647e-03
   7.2297778e+02   1.5970017e-03
   7.2523033e+02   1.6016856e-03
   7.2748288e+02   1.6061163e-03
   7.2973544e+02   1.6102940e-03
   7.3198799e+02   1.6142190e-03
   7.3424054e+02   1.6178916e-03
   7.3649309e+02   1.6213125e-03
   7.3874565e+02   1.6244824e-03
   7.4099820e+02   1.6274022e-03
   7.4325075e+02   1.6300729e-03
   7.4550330e+02   1.6324956e-03
   7.4775586e+02   1.6346718e-03
   7.5000841e+02   1.6366028e-03
   7.5226096e+02   1.6382902e-03
   7.5451351e+02   1.6397358e-03
   7.5676607e+02   1.6409414e-03
   7.5901862e+02   1.6419089e-03
   7.6127117e+02   1.6426406e-03
   7.6352372e+02   1.6431385e-03
   7.6577628e+02   1.6434050e-03
   7.6802883e+02   1.6434425e-03
   7.7028138e+02   1.6432536e-03
   7.7253393e+02   1.6428410e-03
   7.7478649e+02   1.6422073e-03
   7.7703904e+02   1.6413553e-03
   7.7929159e+02   1.6402881e-03
   7.8154414e+02   1.6390086e-03
   7.8379670e+02   1.6375198e-03
   7.8604925e+02   1.6358251e-03
   7.8830180e+02   1.6339275e-03
   7.9055435e+02   1.6318304e-03
   7.9280691e+02   1.6295372e-03
   7.9505946e+02   1.6270513e-03
   7.9731201e+02   1.6243761e-03
   7.9956456e+02   1.6215153e-03
   8.0181712e+02   1.6184723e-03
   8.0406967e+02   1.6152509e-03
   8.0632222e+02   1.6118547e-03
   8.0857477e+02   1.6082873e-03
   8.1082733e+02   1.6045526e-03
   8.1307988e+02   1.6006542e-03
   8.1533243e+02   1.5965960e-03
   8.1758498e+02   1.5923818e-03
   8.1983754e+02   1.5880153e-03
   8.2209009e+02   1.5835004e-03
   8.2434264e+02   1.5788409e-03
   8.2659520e+02   1.5740408e-03
   8.2884775e+02   1.5691037e-03
   8.3110030e+02   1.5640336e-03
   8.3335285e+02   1.5588342e-03
   8.3560541e+02   1.5535095e-03
   8.3785796e+02   1.5480633e-03
   8.4011051e+02   1.5424992e-03
   8.4236306e+02   1.5368212e-03
   8.4461562e+02   1.5310329e-03
   8.4686817e+02   1.5251381e-03
   8.4912072e+02   1.5191406e-03
   8.5137327e+02   1.5130439e-03
   8.5362583e+02   1.5068518e-03
   8.5587838e+02   1.5005679e-03
   8.5813093e+02   1.4941958e-03
   8.6038348e+02   1.4877389e-03
   8.6263604e+02   1.4812009e-03
   8.6488859e+02   1.4745851e-03
   8.6714114e+02   1.4678951e-03
   8.6939369e+02   1.4611341e-03
   8.7164625e+02   1.4543055e-03
   8.7389880e+02   1.4474126e-03
   8.7615135e+02   1.4404587e-03
   8.7840390e+02   1.4334468e-03
   8.8065646e+02   1.4263802e-03
   8.8290901e+02   1.4192619e-03
   8.8516156e+02   1.4120950e-03
   8.8741411e+02   1.4048823e-03
   8.8966667e+02   1.3976269e-03
   8.9191922e+02   1.3903316e-03
   8.9417177e+02   1.3829992e-03
   8.9642432e+02   1.3756323e-03
   8.9867688e+02   1.3682338e-03
   9.0092943e+02   1.3608063e-03
   9.0318198e+02   1.3533522e-03
   9.0543453e+02   1.3458741e-03
   9.0768709e+02   1.3383745e-03
   9.0993964e+02   1.3308558e-03
   9.1219219e+02   1.3233202e-03
   9.1444474e+02   1.3157701e-03
   9.1669730e+02   1.3082076e-03
   9.1894985e+02   1.3006350e-03
   9.2120240e+02   1.2930543e-03
   9.2345495e+02   1.2854675e-03
   9.2570751e+02   1.2778767e-03
   9.2796006e+02   1.2702837e-03
   9.3021261e+02   1.2626904e-03
   9.3246517e+02   1.2550987e-03
   9.3471772e+02   1.2475102e-03
   9.3697027e+02   1.2399267e-03
   9.3922282e+02   1.2323498e-03
   9.4147538e+02   1.2247811e-03
   9.4372793e+02   1.2172221e-03
   9.4598048e+02   1.2096744e-03
   9.4823303e+02   1.2021393e-03
   9.5048559e+02   1.1946182e-03
   9.5273814e+02   1.1871124e-03
   9.5499069e+02   1.1796233e-03
   9.5724324e+02   1.1721520e-03
   9.5949580e+02   1.1646998e-03
   9.6174835e+02   1.1572677e-03
   9.6400090e+02   1.1498569e-03
   9.6625345e+02   1.1424684e-03
   9.6850601e+02   1.1351032e-03
   9.7075856e+02   1.1277623e-03
   9.7301111e+02   1.1204465e-03
   9.7526366e+02   1.1131568e-03
   9.7751622e+02   1.1058940e-03
   9.7976877e+02   1.0986588e-03
   9.8202132e+02   1.0914521e-03
   9.8427387e+02   1.0842745e-03
   9.8652643e+02   1.0771268e-03
   9.8877898e+02   1.0700095e-03
   9.9103153e+02   1.0629234e-03
   9.9328408e+02   1.0558689e-03
   9.9553664e+02   1.0488466e-03
   9.9778919e+02   1.0418570e-03
   1.0000417e+03   1.0349007e-03
   1.0022943e+03   1.0279780e-03
   1.0045468e+03   1.0210895e-03
   1.0067994e+03   1.0142354e-03
   1.0090520e+03   1.0074162e-03
   1.0113045e+03   1.0006322e-03
   1.0135571e+03   9.9388376e-04
   1.0158096e+03   9.8717112e-04
   1.0180622e+03   9.8049457e-04
   1.0203147e+03   9.7385437e-04
   1.0225673e+03   9.6725073e-04
   1.0248198e+03   9.6068387e-04
   1.0270724e+03   9.5415397e-04
   1.0293249e+03   9.4766120e-04
   1.0315775e+03   9.4120569e-04
   1.0338300e+03   9.3478759e-04
   1.0360826e+03   9.2840699e-04
   1.0383351e+03   9.2206400e-04
   1.0405877e+03   9.1575869e-04
   1.0428402e+03   9.0949113e-04
   1.0450928e+03   9.0326136e-04
   1.0473453e+03   8.9706941e-04
   1.0495979e+03   8.9091531e-04
   1.0518505e+03   8.8479905e-04
   1.0541030e+03   8.7872065e-04
   1.0563556e+03   8.7268007e-04
   1.0586081e+03   8.6667730e-04
   1.0608607e+03   8.6071228e-04
   1.0631132e+03   8.5478498e-04
   1.0653658e+03   8.4889532e-04
   1.0676183e+03   8.4304325e-04
   1.0698709e+03   8.3722869e-04
   1.0721234e+03   8.3145154e-04
   1.0743760e+03   8.2571172e-04
   1.0766285e+03   8.2000912e-04
   1.0788811e+03   8.1434364e-04
   1.0811336e+03   8.0871515e-04
   1.0833862e+03   8.0312354e-04
   1.0856387e+03   7.9756868e-04
   1.0878913e+03   7.9205044e-04
   1.0901438e+03   7.8656867e-04
   1.0923964e+03   7.8112324e-04
   1.0946489e+03   7.7571399e-04
   1.0969015e+03   7.7034077e-04
   1.0991541e+03   7.6500342e-04
   1.1014066e+03   7.5970179e-04
   1.1036592e+03   7.5443571e-04
   1.1059117e+03   7.4920500e-04
   1.1081643e+03   7.4400950e-04
   1.1104168e+03   7.3884904e-04
   1.1126694e+03   7.3372344e-04
   1.1149219e+03   7.2863251e-04
   1.1171745e+03   7.2357608e-04
   1.1194270e+03   7.1855396e-04
   1.1216796e+03   7.1356597e-04
   1.1239321e+03   7.0861193e-04
   1.1261847e+03   7.0369163e-04
   1.1284372e+03   6.9880489e-04
   1.1306898e+03   6.9395153e-04
   1.1329423e+03   6.8913134e-04
   1.1351949e+03   6.8434414e-04
   1.1374474e+03   6.7958972e-04
   1.1397000e+03   6.7486790e-04
   1.1419526e+03   6.7017848e-04
   1.1442051e+03   6.6552127e-04
   1.1464577e+03   6.6089605e-04
   1.1487102e+03   6.5630265e-04
   1.1509628e+03   6.5174086e-04
   1.1532153e+03   6.4721049e-04
   1.1554679e+03   6.4271133e-04
   1.1577204e+03   6.3824320e-04
   1.1599730e+03   6.3380588e-04
   1.1622255e+03   6.2939920e-04
   1.1644781e+03   6.2502295e-04
   1.1667306e+03   6.2067693e-04
   1.1689832e+03   6.1636095e-04
   1.1712357e+03   6.1207481e-04
   1.1734883e+03   6.0781832e-04
   1.1757408e+03   6.0359128e-04
   1.1779934e+03   5.9939351e-04
   1.1802459e+03   5.9522480e-04
   1.1824985e+03   5.9108497e-04
   1.1847511e+03   5.8697382e-04
   1.1870036e+03   5.8289116e-04
   1.1892562e+03   5.7883680e-04
   1.1915087e+03   5.7481056e-04
   1.1937613e+03   5.7081223e-04
   1.1960138e+03   5.6684165e-04
   1.1982664e+03   5.6289861e-04
   1.2005189e+03   5.5898293e-04
   1.2027715e+03   5.5509444e-04
   1.2050240e+03   5.5123293e-04
   1.2072766e+03   5.4739824e-04
   1.2095291e+03   5.4359017e-04
   1.2117817e+03   5.3980855e-04
   1.2140342e+03   5.3605319e-04
   1.2162868e+03   5.3232392e-04
   1.2185393e+03   5.2862056e-04
   1.2207919e+03   5.2494293e-04
   1.2230444e+03   5.2129086e-04
   1.2252970e+03   5.1766416e-04
   1.2275495e+03   5.1406267e-04
   1.2298021e+03   5.1048621e-04
   1.2320547e+03   5.0693461e-04
   1.2343072e+03   5.0340770e-04
   1.2365598e+03   4.9990531e-04
   1.2388123e+03   4.9642727e-04
   1.2410649e+03   4.9297341e-04
   1.2433174e+03   4.8954356e-04
   1.2455700e+03   4.8613757e-04
   1.2478225e+03   4.8275526e-04
   1.2500751e+03   4.7939646e-04
   1.2523276e+03   4.7606103e-04
   1.2545802e+03   4.7274879e-04
   1.2568327e+03   4.6945959e-04
   1.2590853e+03   4.6619327e-04
   1.2613378e+03   4.6294966e-04
   1.2635904e+03   4.5972862e-04
   1.2658429e+03   4.5652998e-04
   1.2680955e+03   4.5335358e-04
   1.2703480e+03   4.5019929e-04
   1.2726006e+03   4.4706693e-04
   1.2748532e+03   4.4395636e-04
   1.2771057e+03   4.4086743e-04
   1.2793583e+03   4.3779999e-04
   1.2816108e+03   4.3475389e-04
   1.2838634e+03   4.3172898e-04
   1.2861159e+03   4.2872511e-04
   1.2883685e+03   4.2574214e-04
   1.2906210e+03   4.2277992e-04
   1.2928736e+03   4.1983831e-04
   1.2951261e+03   4.1691717e-04
   1.2973787e+03   4.1401634e-04
   1.2996312e+03   4.1113570e-04
   1.3018838e+03   4.0827510e-04
   1.3041363e+03   4.0543441e-04
   1.3063889e+03   4.0261347e-04
   1.3086414e+03   3.9981216e-04
   1.3108940e+03   3.9703035e-04
   1.3131465e+03   3.9426788e-04
   1.3153991e+03   3.9152464e-04
   1.3176517e+03   3.8880048e-04
   1.3199042e+03   3.8609527e-04
   1.3221568e+03   3.8340889e-04
   1.3244093e+03   3.8074120e-04
   1.3266619e+03   3.7809207e-04
   1.3289144e+03   3.7546137e-04
   1.3311670e+03   3.7284897e-04
   1.3334195e+03   3.7025475e-04
   1.3356721e+03   3.6767858e-04
   1.3379246e+03   3.6512033e-04
   1.3401772e+03   3.6257989e-04
   1.3424297e+03   3.6005711e-04
   1.3446823e+03   3.5755190e-04
   1.3469348e+03   3.5506411e-04
   1.3491874e+03   3.5259363e-04
   1.3514399e+03   3.5014034e-04
   1.3536925e+03   3.4770412e-04
   1.3559450e+03   3.4528485e-04
   1.3581976e+03   3.4288241e-04
   1.3604502e+03   3.4049669e-04
   1.3627027e+03   3.3812757e-04
   1.3649553e+03   3.3577493e-04
   1.3672078e+03   3.3343866e-04
   1.3694604e+03   3.3111865e-04
   1.3717129e+03   3.2881478e-04
   1.3739655e+03   3.2652694e-04
   1.3762180e+03   3.2425501e-04
   1.3784706e+03   3.2199890e-04
   1.3807231e+03   3.1975848e-04
   1.3829757e+03   3.1753365e-04
   1.3852282e+03   3.1532430e-04
   1.3874808e+03   3.1313033e-04
   1.3897333e+03   3.1095161e-04
   1.3919859e+03   3.0878806e-04
   1.3942384e+03   3.0663956e-04
   1.3964910e+03   3.0450601e-04
   1.3987435e+03   3.0238731e-04
   1.4009961e+03   3.0028334e-04
   1.4032486e+03   2.9819402e-04
   1.4055012e+03   2.9611923e-04
   1.4077538e+03   2.9405888e-04
   1.4100063e+03   2.9201286e-04
   1.4122589e+03   2.8998108e-04
   1.4145114e+03   2.8796344e-04
   1.4167640e+03   2.8595983e-04
   1.4190165e+03   2.8397017e-04
   1.4212691e+03   2.8199435e-04
   1.4235216e+03   2.8003228e-04
   1.4257742e+03   2.7808386e-04
   1.4280267e+03   2.7614899e-04
   1.4302793e+03   2.7422759e-04
   1.4325318e+03   2.7231956e-04
   1.4347844e+03   2.7042480e-04
   1.4370369e+03   2.6854323e-04
   1.4392895e+03   2.6667474e-04
   1.4415420e+03   2.6481926e-04
   1.4437946e+03   2.6297669e-04
   1.4460471e+03   2.6114694e-04
   1.4482997e+03   2.5932992e-04
   1.4505523e+03   2.5752554e-04
   1.4528048e+03   2.5573372e-04
   1.4550574e+03   2.5395436e-04
   1.4573099e+03   2.5218739e-04
   1.4595625e+03   2.5043271e-04
   1.4618150e+03   2.4869024e-04
   1.4640676e+03   2.4695989e-04
   1.4663201e+03   2.4524158e-04
   1.4685727e+03   2.4353523e-04
   1.4708252e+03   2.4184075e-04
   1.4730778e+03   2.4015806e-04
   1.4753303e+03   2.3848707e-04
   1.4775829e+03   2.3682772e-04
   1.4798354e+03   2.3517991e-04
   1.4820880e+03   2.3354356e-04
   1.4843405e+03   2.3191860e-04
   1.4865931e+03   2.3030495e-04
   1.4888456e+03   2.2870252e-04
   1.4910982e+03   2.2711125e-04
   1.4933508e+03   2.2553104e-04
   1.4956033e+03   2.2396183e-04
   1.4978559e+03   2.2240354e-04
   1.5001084e+03   2.2085609e-04
   1.5023610e+03   2.1931941e-04
   1.5046135e+03   2.1779342e-04
   1.5068661e+03   2.1627804e-04
   1.5091186e+03   2.1477321e-04
   1.5113712e+03   2.1327886e-04
   1.5136237e+03   2.1179489e-04
   1.5158763e+03   2.1032126e-04
   1.5181288e+03   2.0885788e-04
   1.5203814e+03   2.0740468e-04
   1.5226339e+03   2.0596159e-04
   1.5248865e+03   2.0452854e-04
   1.5271390e+03   2.0310546e-04
   1.5293916e+03   2.0169228e-04
   1.5316441e+03   2.0028894e-04
   1.5338967e+03   1.9889536e-04
   1.5361492e+03   1.9751148e-04
   1.5384018e+03   1.9613722e-04
   1.5406544e+03   1.9477253e-04
   1.5429069e+03   1.9341733e-04
   1.5451595e+03   1.9207157e-04
   1.5474120e+03   1.9073516e-04
   1.5496646e+03   1.8940806e-04
   1.5519171e+03   1.8809018e-04
   1.5541697e+03   1.8678148e-04
   1.5564222e+03   1.8548188e-04
   1.5586748e+03   1.8419133e-04
   1.5609273e+03   1.8290976e-04
   1.5631799e+03   1.8163710e-04
   1.5654324e+03   1.8037330e-04
   1.5676850e+03   1.7911829e-04
   1.5699375e+03   1.7787201e-04
   1.5721901e+03   1.7663440e-04
   1.5744426e+03   1.7540541e-04
   1.5766952e+03   1.7418496e-04
   1.5789477e+03   1.7297301e-04
   1.5812003e+03   1.7176949e-04
   1.5834529e+03   1.7057435e-04
   1.5857054e+03   1.6938752e-04
   1.5879580e+03   1.6820895e-04
   1.5902105e+03   1.6703857e-04
   1.5924631e+03   1.6587635e-04
   1.5947156e+03   1.6472220e-04
   1.5969682e+03   1.6357609e-04
   1.5992207e+03   1.6243795e-04
   1.6014733e+03   1.6130774e-04
   1.6037258e+03   1.6018538e-04
   1.6059784e+03   1.5907084e-04
   1.6082309e+03   1.5796405e-04
   1.6104835e+03   1.5686496e-04
   1.6127360e+03   1.5577352e-04
   1.6149886e+03   1.5468967e-04
   1.6172411e+03   1.5361336e-04
   1.6194937e+03   1.5254454e-04
   1.6217462e+03   1.5148316e-04
   1.6239988e+03   1.5042917e-04
   1.6262514e+03   1.4938250e-04
   1.6285039e+03   1.4834312e-04
   1.6307565e+03   1.4731097e-04
   1.6330090e+03   1.4628601e-04
   1.6352616e+03   1.4526817e-04
   1.6375141e+03   1.4425742e-04
   1.6397667e+03   1.4325370e-04
   1.6420192e+03   1.4225696e-04
   1.6442718e+03   1.4126716e-04
   1.6465243e+03   1.4028424e-04
   1.6487769e+03   1.3930817e-04
   1.6510294e+03   1.3833888e-04
   1.6532820e+03   1.3737634e-04
   1.6555345e+03   1.3642050e-04
   1.6577871e+03   1.3547131e-04
   1.6600396e+03   1.3452872e-04
   1.6622922e+03   1.3359269e-04
   1.6645447e+03   1.3266317e-04
   1.6667973e+03   1.3174012e-04
   1.6690498e+03   1.3082349e-04
   1.6713024e+03   1.2991324e-04
   1.6735550e+03   1.2900933e-04
   1.6758075e+03   1.2811170e-04
   1.6780601e+03   1.2722032e-04
   1.6803126e+03   1.2633514e-04
   1.6825652e+03   1.2545612e-04
   1.6848177e+03   1.2458322e-04
   1.6870703e+03   1.2371639e-04
   1.6893228e+03   1.2285559e-04
   1.6915754e+03   1.2200078e-04
   1.6938279e+03   1.2115191e-04
   1.6960805e+03   1.2030896e-04
   1.6983330e+03   1.1947187e-04
   1.7005856e+03   1.1864060e-04
   1.7028381e+03   1.1781512e-04
   1.7050907e+03   1.1699538e-04
   1.7073432e+03   1.1618134e-04
   1.7095958e+03   1.1537297e-04
   1.7118483e+03   1.1457022e-04
   1.7141009e+03   1.1377306e-04
   1.7163535e+03   1.1298145e-04
   1.7186060e+03   1.1219534e-04
   1.7208586e+03   1.1141470e-04
   1.7231111e+03   1.1063949e-04
   1.7253637e+03   1.0986968e-04
   1.7276162e+03   1.0910523e-04
   1.7298688e+03   1.0834609e-04
   1.7321213e+03   1.0759223e-04
   1.7343739e+03   1.0684362e-04
   1.7366264e+03   1.0610022e-04
   1.7388790e+03   1.0536199e-04
   1.7411315e+03   1.0462890e-04
   1.7433841e+03   1.0390091e-04
   1.7456366e+03   1.0317798e-04
   1.7478892e+03   1.0246009e-04
   1.7501417e+03   1.0174718e-04
   1.7523943e+03   1.0103924e-04
   1.7546468e+03   1.0033623e-04
   1.7568994e+03   9.9638104e-05
   1.7591520e+03   9.8944837e-05
   1.7614045e+03   9.8256394e-05
   1.7636571e+03   9.7572741e-05
   1.7659096e+03   9.6893845e-05
   1.7681622e+03   9.6219673e-05
   1.7704147e+03   9.5550192e-05
   1.7726673e+03   9.4885368e-05
   1.7749198e+03   9.4225170e-05
   1.7771724e+03   9.3569566e-05
   1.7794249e+03   9.2918524e-05
   1.7816775e+03   9.2272011e-05
   1.7839300e+03   9.1629997e-05
   1.7861826e+03   9.0992449e-05
   1.7884351e+03   9.0359338e-05
   1.7906877e+03   8.9730632e-05
   1.7929402e+03   8.9106300e-05
   1.7951928e+03   8.8486312e-05
   1.7974453e+03   8.7870638e-05
   1.7996979e+03   8.7259248e-05
   1.8019505e+03   8.6652112e-05
   1.8042030e+03   8.6049200e-05
   1.8064556e+03   8.5450483e-05
   1.8087081e+03   8.4855931e-05
   1.8109607e+03   8.4265517e-05
   1.8132132e+03   8.3679211e-05
   1.8154658e+03   8.3096984e-05
   1.8177183e+03   8.2518808e-05
   1.8199709e+03   8.1944655e-05
   1.8222234e+03   8.1374496e-05
   1.8244760e+03   8.0808305e-05
   1.8267285e+03   8.0246054e-05
   1.8289811e+03   7.9687714e-05
   1.8312336e+03   7.9133259e-05
   1.8334862e+03   7.8582662e-05
   1.8357387e+03   7.8035896e-05
   1.8379913e+03   7.7492935e-05
   1.8402438e+03   7.6953751e-05
   1.8424964e+03   7.6418319e-05
   1.8447489e+03   7.5886612e-05
   1.8470015e+03   7.5358604e-05
   1.8492541e+03   7.4834271e-05
   1.8515066e+03   7.4313586e-05
   1.8537592e+03   7.3796523e-05
   1.8560117e+03   7.3283059e-05
   1.8582643e+03   7.2773166e-05
   1.8605168e+03   7.2266822e-05
   1.8627694e+03   7.1764001e-05
   1.8650219e+03   7.1264678e-05
   1.8672745e+03   7.0768829e-05
   1.8695270e+03   7.0276431e-05
   1.8717796e+03   6.9787458e-05
   1.8740321e+03   6.9301888e-05
   1.8762847e+03   6.8819696e-05
   1.8785372e+03   6.8340859e-05
   1.8807898e+03   6.7865354e-05
   1.8830423e+03   6.7393158e-05
   1.8852949e+03   6.6924246e-05
   1.8875474e+03   6.6458598e-05
   1.8898000e+03   6.5996189e-05
   1.8920526e+03   6.5536998e-05
   1.8943051e+03   6.5081002e-05
   1.8965577e+03   6.4628178e-05
   1.8988102e+03   6.4178505e-05
   1.9010628e+03   6.3731961e-05
   1.9033153e+03   6.3288524e-05
   1.9055679e+03   6.2848173e-05
   1.9078204e+03   6.2410885e-05
   1.9100730e+03   6.1976639e-05
   1.9123255e+03   6.1545416e-05
   1.9145781e+03   6.1117192e-05
   1.9168306e+03   6.0691948e-05
   1.9190832e+03   6.0269663e-05
   1.9213357e+03   5.9850316e-05
   1.9235883e+03   5.9433887e-05
   1.9258408e+03   5.9020355e-05
   1.9280934e+03   5.8609701e-05
   1.9303459e+03   5.8201903e-05
   1.9325985e+03   5.7796944e-05
   1.9348511e+03   5.7394801e-05
   1.9371036e+03   5.6995457e-05
   1.9393562e+03   5.6598892e-05
   1.9416087e+03   5.6205085e-05
   1.9438613e+03   5.5814019e-05
   1.9461138e+03   5.5425674e-05
   1.9483664e+03   5.5040031e-05
   1.9506189e+03   5.4657071e-05
   1.9528715e+03   5.4276775e-05
   1.9551240e+03   5.3899126e-05
   1.9573766e+03   5.3524104e-05
   1.9596291e+03   5.3151692e-05
   1.9618817e+03   5.2781870e-05
   1.9641342e+03   5.2414622e-05
   1.9663868e+03   5.2049929e-05
   1.9686393e+03   5.1687774e-05
   1.9708919e+03   5.1328139e-05
   1.9731444e+03   5.0971005e-05
   1.9753970e+03   5.0616357e-05
   1.9776495e+03   5.0264176e-05
   1.9799021e+03   4.9914446e-05
   1.9821547e+03   4.9567149e-05
   1.9844072e+03   4.9222268e-05
   1.9866598e+03   4.8879787e-05
   1.9889123e+03   4.8539689e-05
   1.9911649e+03   4.8201958e-05
   1.9934174e+03   4.7866576e-05
   1.9956700e+03   4.7533528e-05
   1.9979225e+03   4.7202797e-05
   2.0001751e+03   4.6874367e-05
   2.0024276e+03   4.6548223e-05
   2.0046802e+03   4.6224347e-05
   2.0069327e+03   4.5902725e-05
   2.0091853e+03   4.5583341e-05
   2.0114378e+03   4.5266180e-05
   2.0136904e+03   4.4951225e-05
   2.0159429e+03   4.4638461e-05
   2.0181955e+03   4.4327873e-05
   2.0204480e+03   4.4019447e-05
   2.0227006e+03   4.3713166e-05
   2.0249532e+03   4.3409017e-05
   2.0272057e+03   4.3106984e-05
   2.0294583e+03   4.2807052e-05
   2.0317108e+03   4.2509207e-05
   2.0339634e+03   4.2213435e-05
   2.0362159e+03   4.1919720e-05
   2.0384685e+03   4.1628049e-05
   2.0407210e+03   4.1338408e-05
   2.0429736e+03   4.1050782e-05
   2.0452261e+03   4.0765157e-05
   2.0474787e+03   4.0481519e-05
   2.0497312e+03   4.0199855e-05
   2.0519838e+03   3.9920151e-05
   2.0542363e+03   3.9642392e-05
   2.0564889e+03   3.9366567e-05
   2.0587414e+03   3.9092660e-05
   2.0609940e+03   3.8820660e-05
   2.0632465e+03   3.8550551e-05
   2.0654991e+03   3.8282323e-05
   2.0677517e+03   3.8015960e-05
   2.0700042e+03   3.7751451e-05
   2.0722568e+03   3.7488782e-05
   2.0745093e+03   3.7227941e-05
   2.0767619e+03   3.6968915e-05
   2.0790144e+03   3.6711691e-05
   2.0812670e+03   3.6456257e-05
   2.0835195e+03   3.6202600e-05
   2.0857721e+03   3.5950708e-05
   2.0880246e+03   3.5700568e-05
   2.0902772e+03   3.5452169e-05
   2.0925297e+03   3.5205498e-05
   2.0947823e+03   3.4960544e-05
   2.0970348e+03   3.4717294e-05
   2.0992874e+03   3.4475736e-05
   2.1015399e+03   3.4235860e-05
   2.1037925e+03   3.3997652e-05
   2.1060450e+03   3.3761101e-05
   2.1082976e+03   3.3526197e-05
   2.1105502e+03   3.3292927e-05
   2.1128027e+03   3.3061280e-05
   2.1150553e+03   3.2831245e-05
   2.1173078e+03   3.2602810e-05
   2.1195604e+03   3.2375965e-05
   2.1218129e+03   3.2150698e-05
   2.1240655e+03   3.1926998e-05
   2.1263180e+03   3.1704855e-05
   2.1285706e+03   3.1484257e-05
   2.1308231e+03   3.1265195e-05
   2.1330757e+03   3.1047657e-05
   2.1353282e+03   3.0831632e-05
   2.1375808e+03   3.0617110e-05
   2.1398333e+03   3.0404081e-05
   2.1420859e+03   3.0192534e-05
   2.1443384e+03   2.9982459e-05
   2.1465910e+03   2.9773846e-05
   2.1488435e+03   2.9566684e-05
   2.1510961e+03   2.9360964e-05
   2.1533486e+03   2.9156675e-05
   2.1556012e+03   2.8953807e-05
   2.1578538e+03   2.8752351e-05
   2.1601063e+03   2.8552296e-05
   2.1623589e+03   2.8353634e-05
   2.1646114e+03   2.8156354e-05
   2.1668640e+03   2.7960446e-05
   2.1691165e+03   2.7765902e-05
   2.1713691e+03   2.7572711e-05
   2.1736216e+03   2.7380864e-05
   2.1758742e+03   2.7190352e-05
   2.1781267e+03   2.7001166e-05
   2.1803793e+03   2.6813296e-05
   2.1826318e+03   2.6626734e-05
   2.1848844e+03   2.6441469e-05
   2.1871369e+03   2.6257493e-05
   2.1893895e+03   2.6074798e-05
   2.1916420e+03   2.5893373e-05
   2.1938946e+03   2.5713211e-05
   2.1961471e+03   2.5534303e-05
   2.1983997e+03   2.5356639e-05
   2.2006523e+03   2.5180211e-05
   2.2029048e+03   2.5005011e-05
   2.2051574e+03   2.4831030e-05
   2.2074099e+03   2.4658260e-05
   2.2096625e+03   2.4486692e-05
   2.2119150e+03   2.4316317e-05
   2.2141676e+03   2.4147128e-05
   2.2164201e+03   2.3979116e-05
   2.2186727e+03   2.3812273e-05
   2.2209252e+03   2.3646591e-05
   2.2231778e+03   2.3482061e-05
   2.2254303e+03   2.3318677e-05
   2.2276829e+03   2.3156429e-05
   2.2299354e+03   2.2995310e-05
   2.2321880e+03   2.2835312e-05
   2.2344405e+03   2.2676428e-05
   2.2366931e+03   2.2518649e-05
   2.2389456e+03   2.2361968e-05
   2.2411982e+03   2.2206376e-05
   2.2434508e+03   2.2051868e-05
   2.2457033e+03   2.1898434e-05
   2.2479559e+03   2.1746069e-05
   2.2502084e+03   2.1594763e-05
   2.2524610e+03   2.1444510e-05
   2.2547135e+03   2.1295302e-05
   2.2569661e+03   2.1147133e-05
   2.2592186e+03   2.0999994e-05
   2.2614712e+03   2.0853880e-05
   2.2637237e+03   2.0708782e-05
   2.2659763e+03   2.0564693e-05
   2.2682288e+03   2.0421607e-05
   2.2704814e+03   2.0279517e-05
   2.2727339e+03   2.0138415e-05
   2.2749865e+03   1.9998295e-05
   2.2772390e+03   1.9859150e-05
   2.2794916e+03   1.9720973e-05
   2.2817441e+03   1.9583758e-05
   2.2839967e+03   1.9447497e-05
   2.2862492e+03   1.9312184e-05
   2.2885018e+03   1.9177813e-05
   2.2907544e+03   1.9044377e-05
   2.2930069e+03   1.8911869e-05
   2.2952595e+03   1.8780283e-05
   2.2975120e+03   1.8649613e-05
   2.2997646e+03   1.8519852e-05
   2.3020171e+03   1.8390993e-05
   2.3042697e+03   1.8263032e-05
   2.3065222e+03   1.8135960e-05
   2.3087748e+03   1.8009773e-05
   2.3110273e+03   1.7884464e-05
   2.3132799e+03   1.7760027e-05
   2.3155324e+03   1.7636455e-05
   2.3177850e+03   1.7513743e-05
   2.3200375e+03   1.7391886e-05
   2.3222901e+03   1.7270876e-05
   2.3245426e+03   1.7150707e-05
   2.3267952e+03   1.7031375e-05
   2.3290477e+03   1.6912874e-05
   2.3313003e+03   1.6795197e-05
   2.3335529e+03   1.6678338e-05
   2.3358054e+03   1.6562293e-05
   2.3380580e+03   1.6447055e-05
   2.3403105e+03   1.6332619e-05
   2.3425631e+03   1.6218979e-05
   2.3448156e+03   1.6106130e-05
   2.3470682e+03   1.5994066e-05
   2.3493207e+03   1.5882782e-05
   2.3515733e+03   1.5772272e-05
   2.3538258e+03   1.5662531e-05
   2.3560784e+03   1.5553553e-05
   2.3583309e+03   1.5445334e-05
   2.3605835e+03   1.5337868e-05
   2.3628360e+03   1.5231150e-05
   2.3650886e+03   1.5125174e-05
   2.3673411e+03   1.5019935e-05
   2.3695937e+03   1.4915429e-05
   2.3718462e+03   1.4811649e-05
   2.3740988e+03   1.4708592e-05
   2.3763514e+03   1.4606252e-05
   2.3786039e+03   1.4504624e-05
   2.3808565e+03   1.4403703e-05
   2.3831090e+03   1.4303484e-05
   2.3853616e+03   1.4203963e-05
   2.3876141e+03   1.4105134e-05
   2.3898667e+03   1.4006993e-05
   2.3921192e+03   1.3909534e-05
   2.3943718e+03   1.3812754e-05
   2.3966243e+03   1.3716647e-05
   2.3988769e+03   1.3621208e-05
   2.4011294e+03   1.3526434e-05
   2.4033820e+03   1.3432319e-05
   2.4056345e+03   1.3338859e-05
   2.4078871e+03   1.3246050e-05
   2.4101396e+03   1.3153886e-05
   2.4123922e+03   1.3062363e-05
   2.4146447e+03   1.2971477e-05
   2.4168973e+03   1.2881224e-05
   2.4191498e+03   1.2791598e-05
   2.4214024e+03   1.2702596e-05
   2.4236550e+03   1.2614213e-05
   2.4259075e+03   1.2526446e-05
   2.4281601e+03   1.2439289e-05
   2.4304126e+03   1.2352738e-05
   2.4326652e+03   1.2266789e-05
   2.4349177e+03   1.2181439e-05
   2.4371703e+03   1.2096682e-05
   2.4394228e+03   1.2012516e-05
   2.4416754e+03   1.1928934e-05
   2.4439279e+03   1.1845935e-05
   2.4461805e+03   1.1763513e-05
   2.4484330e+03   1.1681664e-05
   2.4506856e+03   1.1600385e-05
   2.4529381e+03   1.1519671e-05
   2.4551907e+03   1.1439519e-05
   2.4574432e+03   1.1359925e-05
   2.4596958e+03   1.1280884e-05
   2.4619483e+03   1.1202393e-05
   2.4642009e+03   1.1124449e-05
   2.4664535e+03   1.1047047e-05
   2.4687060e+03   1.0970183e-05
   2.4709586e+03   1.0893854e-05
   2.4732111e+03   1.0818056e-05
   2.4754637e+03   1.0742786e-05
   2.4777162e+03   1.0668039e-05
   2.4799688e+03   1.0593813e-05
   2.4822213e+03   1.0520103e-05
   2.4844739e+03   1.0446905e-05
   2.4867264e+03   1.0374217e-05
   2.4889790e+03   1.0302035e-05
   2.4912315e+03   1.0230355e-05
   2.4934841e+03   1.0159174e-05
   2.4957366e+03   1.0088488e-05
   2.4979892e+03   1.0018294e-05
   2.5002417e+03   9.9485883e-06
   2.5024943e+03   9.8793675e-06
   2.5047468e+03   9.8106284e-06
   2.5069994e+03   9.7423676e-06
   2.5092520e+03   9.6745817e-06
   2.5115045e+03   9.6072675e-06
   2.5137571e+03   9.5404216e-06
   2.5160096e+03   9.4740408e-06
   2.5182622e+03   9.4081219e-06
   2.5205147e+03   9.3426617e-06
   2.5227673e+03   9.2776569e-06
   2.5250198e+03   9.2131044e-06
   2.5272724e+03   9.1490010e-06
   2.5295249e+03   9.0853437e-06
   2.5317775e+03   9.0221293e-06
   2.5340300e+03   8.9593547e-06
   2.5362826e+03   8.8970169e-06
   2.5385351e+03   8.8351128e-06
   2.5407877e+03   8.7736395e-06
   2.5430402e+03   8.7125939e-06
   2.5452928e+03   8.6519730e-06
   2.5475453e+03   8.5917739e-06
   2.5497979e+03   8.5319937e-06
   2.5520505e+03   8.4726294e-06
   2.5543030e+03   8.4136781e-06
   2.5565556e+03   8.3551371e-06
   2.5588081e+03   8.2970033e-06
   2.5610607e+03   8.2392741e-06
   2.5633132e+03   8.1819465e-06
   2.5655658e+03   8.1250178e-06
   2.5678183e+03   8.0684851e-06
   2.5700709e+03   8.0123459e-06
   2.5723234e+03   7.9565972e-06
   2.5745760e+03   7.9012364e-06
   2.5768285e+03   7.8462609e-06
   2.5790811e+03   7.7916678e-06
   2.5813336e+03   7.7374546e-06
   2.5835862e+03   7.6836186e-06
   2.5858387e+03   7.6301571e-06
   2.5880913e+03   7.5770677e-06
   2.5903438e+03   7.5243476e-06
   2.5925964e+03   7.4719944e-06
   2.5948489e+03   7.4200054e-06
   2.5971015e+03   7.3683782e-06
   2.5993541e+03   7.3171101e-06
   2.6016066e+03   7.2661988e-06
   2.6038592e+03   7.2156417e-06
   2.6061117e+03   7.1654364e-06
   2.6083643e+03   7.1155804e-06
   2.6106168e+03   7.0660713e-06
   2.6128694e+03   7.0169067e-06
   2.6151219e+03   6.9680841e-06
   2.6173745e+03   6.9196013e-06
   2.6196270e+03   6.8714558e-06
   2.6218796e+03   6.8236452e-06
   2.6241321e+03   6.7761674e-06
   2.6263847e+03   6.7290199e-06
   2.6286372e+03   6.6822004e-06
   2.6308898e+03   6.6357067e-06
   2.6331423e+03   6.5895365e-06
   2.6353949e+03   6.5436875e-06
   2.6376474e+03   6.4981575e-06
   2.6399000e+03   6.4529443e-06
