   3.5400000e+02   3.1008407e-05
   3.5583584e+02   3.2982273e-05
   3.5767167e+02   3.5065666e-05
   3.5950751e+02   3.7263541e-05
   3.6134334e+02   3.9581007e-05
   3.6317918e+02   4.2023325e-05
   3.6501502e+02   4.4595907e-05
   3.6685085e+02   4.7304316e-05
   3.6868669e+02   5.0154266e-05
   3.7052252e+02   5.3151621e-05
   3.7235836e+02   5.6302390e-05
   3.7419419e+02   5.9612730e-05
   3.7603003e+02   6.3088941e-05
   3.7786587e+02   6.6737462e-05
   3.7970170e+02   7.0564868e-05
   3.8153754e+02   7.4577868e-05
   3.8337337e+02   7.8783301e-05
   3.8520921e+02   8.3188128e-05
   3.8704505e+02   8.7799427e-05
   3.8888088e+02   9.2624390e-05
   3.9071672e+02   9.7670317e-05
   3.9255255e+02   1.0294460e-04
   3.9438839e+02   1.0845474e-04
   3.9622422e+02   1.1420829e-04
   3.9806006e+02   1.2021290e-04
   3.9989590e+02   1.2647630e-04
   4.0173173e+02   1.3300623e-04
   4.0356757e+02   1.3981052e-04
   4.0540340e+02   1.4689701e-04
   4.0723924e+02   1.5427357e-04
   4.0907508e+02   1.6194808e-04
   4.1091091e+02   1.6992841e-04
   4.1274675e+02   1.7822242e-04
   4.1458258e+02   1.8683794e-04
   4.1641842e+02   1.9578277e-04
   4.1825425e+02   2.0506462e-04
   4.2009009e+02   2.1469114e-04
   4.2192593e+02   2.2466991e-04
   4.2376176e+02   2.3500837e-04
   4.2559760e+02   2.4571387e-04
   4.2743343e+02   2.5679358e-04
   4.2926927e+02   2.6825455e-04
   4.3110511e+02   2.8010362e-04
   4.3294094e+02   2.9234747e-04
   4.3477678e+02   3.0499254e-04
   4.3661261e+02   3.1804504e-04
   4.3844845e+02   3.3151096e-04
   4.4028428e+02   3.4539597e-04
   4.4212012e+02   3.5970549e-04
   4.4395596e+02   3.7444462e-04
   4.4579179e+02   3.8961813e-04
   4.4762763e+02   4.0523043e-04
   4.4946346e+02   4.2128559e-04
   4.5129930e+02   4.3778727e-04
   4.5313514e+02   4.5473875e-04
   4.5497097e+02   4.7214285e-04
   4.5680681e+02   4.9000199e-04
   4.5864264e+02   5.0831810e-04
   4.6047848e+02   5.2709264e-04
   4.6231431e+02   5.4632658e-04
   4.6415015e+02   5.6602038e-04
   4.6598599e+02   5.8617395e-04
   4.6782182e+02   6.0678669e-04
   4.6965766e+02   6.2785742e-04
   4.7149349e+02   6.4938439e-04
   4.7332933e+02   6.7136528e-04
   4.7516517e+02   6.9379715e-04
   4.7700100e+02   7.1667647e-04
   4.7883684e+02   7.3999909e-04
   4.8067267e+02   7.6376020e-04
   4.8250851e+02   7.8795441e-04
   4.8434434e+02   8.1257563e-04
   4.8618018e+02   8.3761716e-04
   4.8801602e+02   8.6307162e-04
   4.8985185e+02   8.8893099e-04
   4.9168769e+02   9.1518658e-04
   4.9352352e+02   9.4182905e-04
   4.9535936e+02   9.6884837e-04
   4.9719520e+02   9.9623390e-04
   4.9903103e+02   1.0239743e-03
   5.0086687e+02   1.0520576e-03
   5.0270270e+02   1.0804712e-03
   5.0453854e+02   1.1092018e-03
   5.0637437e+02   1.1382356e-03
   5.0821021e+02   1.1675580e-03
   5.1004605e+02   1.1971540e-03
   5.1188188e+02   1.2270078e-03
   5.1371772e+02   1.2571033e-03
   5.1555355e+02   1.2874235e-03
   5.1738939e+02   1.3179511e-03
   5.1922523e+02   1.3486682e-03
   5.2106106e+02   1.3795565e-03
   5.2289690e+02   1.4105970e-03
   5.2473273e+02   1.4417704e-03
   5.2656857e+02   1.4730570e-03
   5.2840440e+02   1.5044366e-03
   5.3024024e+02   1.5358886e-03
   5.3207608e+02   1.5673922e-03
   5.3391191e+02   1.5989261e-03
   5.3574775e+02   1.6304689e-03
   5.3758358e+02   1.6619987e-03
   5.3941942e+02   1.6934935e-03
   5.4125526e+02   1.7249312e-03
   5.4309109e+02   1.7562895e-03
   5.4492693e+02   1.7875457e-03
   5.4676276e+02   1.8186773e-03
   5.4859860e+02   1.8496617e-03
   5.5043443e+02   1.8804762e-03
   5.5227027e+02   1.9110981e-03
   5.5410611e+02   1.9415049e-03
   5.5594194e+02   1.9716739e-03
   5.5777778e+02   2.0015827e-03
   5.5961361e+02   2.0312092e-03
   5.6144945e+02   2.0605311e-03
   5.6328529e+02   2.0895267e-03
   5.6512112e+02   2.1181743e-03
   5.6695696e+02   2.1464527e-03
   5.6879279e+02   2.1743408e-03
   5.7062863e+02   2.2018181e-03
   5.7246446e+02   2.2288642e-03
   5.7430030e+02   2.2554595e-03
   5.7613614e+02   2.2815845e-03
   5.7797197e+02   2.3072204e-03
   5.7980781e+02   2.3323489e-03
   5.8164364e+02   2.3569520e-03
   5.8347948e+02   2.3810127e-03
   5.8531532e+02   2.4045142e-03
   5.8715115e+02   2.4274405e-03
   5.8898699e+02   2.4497762e-03
   5.9082282e+02   2.4715067e-03
   5.9265866e+02   2.4926178e-03
   5.9449449e+02   2.5130963e-03
   5.9633033e+02   2.5329295e-03
   5.9816617e+02   2.5521056e-03
   6.0000200e+02   2.5706133e-03
   6.0183784e+02   2.5884424e-03
   6.0367367e+02   2.6055832e-03
   6.0550951e+02   2.6220270e-03
   6.0734535e+02   2.6377657e-03
   6.0918118e+02   2.6527921e-03
   6.1101702e+02   2.6670997e-03
   6.1285285e+02   2.6806830e-03
   6.1468869e+02   2.6935370e-03
   6.1652452e+02   2.7056578e-03
   6.1836036e+02   2.7170423e-03
   6.2019620e+02   2.7276878e-03
   6.2203203e+02   2.7375929e-03
   6.2386787e+02   2.7467567e-03
   6.2570370e+02   2.7551791e-03
   6.2753954e+02   2.7628608e-03
   6.2937538e+02   2.7698034e-03
   6.3121121e+02   2.7760089e-03
   6.3304705e+02   2.7814804e-03
   6.3488288e+02   2.7862215e-03
   6.3671872e+02   2.7902365e-03
   6.3855455e+02   2.7935305e-03
   6.4039039e+02   2.7961092e-03
   6.4222623e+02   2.7979790e-03
   6.4406206e+02   2.7991468e-03
   6.4589790e+02   2.7996202e-03
   6.4773373e+02   2.7994074e-03
   6.4956957e+02   2.7985171e-03
   6.5140541e+02   2.7969586e-03
   6.5324124e+02   2.7947416e-03
   6.5507708e+02   2.7918764e-03
   6.5691291e+02   2.7883738e-03
   6.5874875e+02   2.7842449e-03
   6.6058458e+02   2.7795013e-03
   6.6242042e+02   2.7741551e-03
   6.6425626e+02   2.7682184e-03
   6.6609209e+02   2.7617041e-03
   6.6792793e+02   2.7546251e-03
   6.6976376e+02   2.7469947e-03
   6.7159960e+02   2.7388264e-03
   6.7343544e+02   2.7301340e-03
   6.7527127e+02   2.7209315e-03
   6.7710711e+02   2.7112330e-03
   6.7894294e+02   2.7010529e-03
   6.8077878e+02   2.6904056e-03
   6.8261461e+02   2.6793058e-03
   6.8445045e+02   2.6677679e-03
   6.8628629e+02   2.6558069e-03
   6.8812212e+02   2.6434374e-03
   6.8995796e+02   2.6306742e-03
   6.9179379e+02   2.6175320e-03
   6.9362963e+02   2.6040258e-03
   6.9546547e+02   2.5901700e-03
   6.9730130e+02   2.5759795e-03
   6.9913714e+02   2.5614687e-03
   7.0097297e+02   2.5466522e-03
   7.0280881e+02   2.5315443e-03
   7.0464464e+02   2.5161591e-03
   7.0648048e+02   2.5005108e-03
   7.0831632e+02   2.4846133e-03
   7.1015215e+02   2.4684804e-03
   7.1198799e+02   2.4521254e-03
   7.1382382e+02   2.4355619e-03
   7.1565966e+02   2.4188029e-03
   7.1749550e+02   2.4018613e-03
   7.1933133e+02   2.3847497e-03
   7.2116717e+02   2.3674807e-03
   7.2300300e+02   2.3500663e-03
   7.2483884e+02   2.3325186e-03
   7.2667467e+02   2.3148490e-03
   7.2851051e+02   2.2970691e-03
   7.3034635e+02   2.2791898e-03
   7.3218218e+02   2.2612221e-03
   7.3401802e+02   2.2431764e-03
   7.3585385e+02   2.2250630e-03
   7.3768969e+02   2.2068918e-03
   7.3952553e+02   2.1886725e-03
   7.4136136e+02   2.1704144e-03
   7.4319720e+02   2.1521267e-03
   7.4503303e+02   2.1338180e-03
   7.4686887e+02   2.1154969e-03
   7.4870470e+02   2.0971715e-03
   7.5054054e+02   2.0788497e-03
   7.5237638e+02   2.0605392e-03
   7.5421221e+02   2.0422472e-03
   7.5604805e+02   2.0239807e-03
   7.5788388e+02   2.0057466e-03
   7.5971972e+02   1.9875512e-03
   7.6155556e+02   1.9694008e-03
   7.6339139e+02   1.9513012e-03
   7.6522723e+02   1.9332582e-03
   7.6706306e+02   1.9152771e-03
   7.6889890e+02   1.8973631e-03
   7.7073473e+02   1.8795210e-03
   7.7257057e+02   1.8617555e-03
   7.7440641e+02   1.8440710e-03
   7.7624224e+02   1.8264715e-03
   7.7807808e+02   1.8089612e-03
   7.7991391e+02   1.7915436e-03
   7.8174975e+02   1.7742223e-03
   7.8358559e+02   1.7570006e-03
   7.8542142e+02   1.7398815e-03
   7.8725726e+02   1.7228679e-03
   7.8909309e+02   1.7059624e-03
   7.9092893e+02   1.6891677e-03
   7.9276476e+02   1.6724860e-03
   7.9460060e+02   1.6559194e-03
   7.9643644e+02   1.6394699e-03
   7.9827227e+02   1.6231394e-03
   8.0010811e+02   1.6069295e-03
   8.0194394e+02   1.5908417e-03
   8.0377978e+02   1.5748773e-03
   8.0561562e+02   1.5590377e-03
   8.0745145e+02   1.5433238e-03
   8.0928729e+02   1.5277367e-03
   8.1112312e+02   1.5122772e-03
   8.1295896e+02   1.4969460e-03
   8.1479479e+02   1.4817438e-03
   8.1663063e+02   1.4666711e-03
   8.1846647e+02   1.4517282e-03
   8.2030230e+02   1.4369154e-03
   8.2213814e+02   1.4222331e-03
   8.2397397e+02   1.4076814e-03
   8.2580981e+02   1.3932602e-03
   8.2764565e+02   1.3789697e-03
   8.2948148e+02   1.3648096e-03
   8.3131732e+02   1.3507798e-03
   8.3315315e+02   1.3368801e-03
   8.3498899e+02   1.3231102e-03
   8.3682482e+02   1.3094698e-03
   8.3866066e+02   1.2959584e-03
   8.4049650e+02   1.2825756e-03
   8.4233233e+02   1.2693209e-03
   8.4416817e+02   1.2561937e-03
   8.4600400e+02   1.2431935e-03
   8.4783984e+02   1.2303195e-03
   8.4967568e+02   1.2175713e-03
   8.5151151e+02   1.2049479e-03
   8.5334735e+02   1.1924488e-03
   8.5518318e+02   1.1800732e-03
   8.5701902e+02   1.1678203e-03
   8.5885485e+02   1.1556892e-03
   8.6069069e+02   1.1436791e-03
   8.6252653e+02   1.1317893e-03
   8.6436236e+02   1.1200187e-03
   8.6619820e+02   1.1083666e-03
   8.6803403e+02   1.0968321e-03
   8.6986987e+02   1.0854141e-03
   8.7170571e+02   1.0741119e-03
   8.7354154e+02   1.0629244e-03
   8.7537738e+02   1.0518507e-03
   8.7721321e+02   1.0408899e-03
   8.7904905e+02   1.0300409e-03
   8.8088488e+02   1.0193029e-03
   8.8272072e+02   1.0086749e-03
   8.8455656e+02   9.9815586e-04
   8.8639239e+02   9.8774484e-04
   8.8822823e+02   9.7744085e-04
   8.9006406e+02   9.6724293e-04
   8.9189990e+02   9.5715008e-04
   8.9373574e+02   9.4716135e-04
   8.9557157e+02   9.3727574e-04
   8.9740741e+02   9.2749228e-04
   8.9924324e+02   9.1781000e-04
   9.0107908e+02   9.0822793e-04
   9.0291491e+02   8.9874511e-04
   9.0475075e+02   8.8936057e-04
   9.0658659e+02   8.8007336e-04
   9.0842242e+02   8.7088252e-04
   9.1025826e+02   8.6178710e-04
   9.1209409e+02   8.5278616e-04
   9.1392993e+02   8.4387876e-04
   9.1576577e+02   8.3506397e-04
   9.1760160e+02   8.2634086e-04
   9.1943744e+02   8.1770852e-04
   9.2127327e+02   8.0916603e-04
   9.2310911e+02   8.0071248e-04
   9.2494494e+02   7.9234697e-04
   9.2678078e+02   7.8406862e-04
   9.2861662e+02   7.7587653e-04
   9.3045245e+02   7.6776983e-04
   9.3228829e+02   7.5974765e-04
   9.3412412e+02   7.5180911e-04
   9.3595996e+02   7.4395337e-04
   9.3779580e+02   7.3617958e-04
   9.3963163e+02   7.2848688e-04
   9.4146747e+02   7.2087446e-04
   9.4330330e+02   7.1334148e-04
   9.4513914e+02   7.0588712e-04
   9.4697497e+02   6.9851057e-04
   9.4881081e+02   6.9121103e-04
   9.5064665e+02   6.8398770e-04
   9.5248248e+02   6.7683979e-04
   9.5431832e+02   6.6976652e-04
   9.5615415e+02   6.6276711e-04
   9.5798999e+02   6.5584081e-04
   9.5982583e+02   6.4898685e-04
   9.6166166e+02   6.4220447e-04
   9.6349750e+02   6.3549295e-04
   9.6533333e+02   6.2885153e-04
   9.6716917e+02   6.2227949e-04
   9.6900501e+02   6.1577611e-04
   9.7084084e+02   6.0934067e-04
   9.7267668e+02   6.0297247e-04
   9.7451251e+02   5.9667081e-04
   9.7634835e+02   5.9043498e-04
   9.7818418e+02   5.8426431e-04
   9.8002002e+02   5.7815812e-04
   9.8185586e+02   5.7211573e-04
   9.8369169e+02   5.6613649e-04
   9.8552753e+02   5.6021972e-04
   9.8736336e+02   5.5436478e-04
   9.8919920e+02   5.4857102e-04
   9.9103504e+02   5.4283781e-04
   9.9287087e+02   5.3716451e-04
   9.9470671e+02   5.3155049e-04
   9.9654254e+02   5.2599515e-04
   9.9837838e+02   5.2049786e-04
   1.0002142e+03   5.1505802e-04
   1.0020501e+03   5.0967503e-04
   1.0038859e+03   5.0434829e-04
   1.0057217e+03   4.9907723e-04
   1.0075576e+03   4.9386125e-04
   1.0093934e+03   4.8869978e-04
   1.0112292e+03   4.8359225e-04
   1.0130651e+03   4.7853810e-04
   1.0149009e+03   4.7353678e-04
   1.0167367e+03   4.6858772e-04
   1.0185726e+03   4.6369038e-04
   1.0204084e+03   4.5884423e-04
   1.0222442e+03   4.5404872e-04
   1.0240801e+03   4.4930333e-04
   1.0259159e+03   4.4460754e-04
   1.0277518e+03   4.3996082e-04
   1.0295876e+03   4.3536267e-04
   1.0314234e+03   4.3081257e-04
   1.0332593e+03   4.2631002e-04
   1.0350951e+03   4.2185454e-04
   1.0369309e+03   4.1744562e-04
   1.0387668e+03   4.1308277e-04
   1.0406026e+03   4.0876553e-04
   1.0424384e+03   4.0449340e-04
   1.0442743e+03   4.0026592e-04
   1.0461101e+03   3.9608263e-04
   1.0479459e+03   3.9194306e-04
   1.0497818e+03   3.8784675e-04
   1.0516176e+03   3.8379325e-04
   1.0534535e+03   3.7978211e-04
   1.0552893e+03   3.7581290e-04
   1.0571251e+03   3.7188517e-04
   1.0589610e+03   3.6799849e-04
   1.0607968e+03   3.6415243e-04
   1.0626326e+03   3.6034657e-04
   1.0644685e+03   3.5658048e-04
   1.0663043e+03   3.5285376e-04
   1.0681401e+03   3.4916598e-04
   1.0699760e+03   3.4551675e-04
   1.0718118e+03   3.4190565e-04
   1.0736476e+03   3.3833229e-04
   1.0754835e+03   3.3479628e-04
   1.0773193e+03   3.3129723e-04
   1.0791552e+03   3.2783475e-04
   1.0809910e+03   3.2440845e-04
   1.0828268e+03   3.2101796e-04
   1.0846627e+03   3.1766291e-04
   1.0864985e+03   3.1434292e-04
   1.0883343e+03   3.1105763e-04
   1.0901702e+03   3.0780668e-04
   1.0920060e+03   3.0458970e-04
   1.0938418e+03   3.0140635e-04
   1.0956777e+03   2.9825626e-04
   1.0975135e+03   2.9513910e-04
   1.0993493e+03   2.9205451e-04
   1.1011852e+03   2.8900217e-04
   1.1030210e+03   2.8598172e-04
   1.1048569e+03   2.8299284e-04
   1.1066927e+03   2.8003520e-04
   1.1085285e+03   2.7710847e-04
   1.1103644e+03   2.7421233e-04
   1.1122002e+03   2.7134646e-04
   1.1140360e+03   2.6851054e-04
   1.1158719e+03   2.6570426e-04
   1.1177077e+03   2.6292730e-04
   1.1195435e+03   2.6017937e-04
   1.1213794e+03   2.5746016e-04
   1.1232152e+03   2.5476937e-04
   1.1250511e+03   2.5210670e-04
   1.1268869e+03   2.4947186e-04
   1.1287227e+03   2.4686456e-04
   1.1305586e+03   2.4428451e-04
   1.1323944e+03   2.4173142e-04
   1.1342302e+03   2.3920501e-04
   1.1360661e+03   2.3670501e-04
   1.1379019e+03   2.3423114e-04
   1.1397377e+03   2.3178312e-04
   1.1415736e+03   2.2936069e-04
   1.1434094e+03   2.2696357e-04
   1.1452452e+03   2.2459151e-04
   1.1470811e+03   2.2224424e-04
   1.1489169e+03   2.1992150e-04
   1.1507528e+03   2.1762303e-04
   1.1525886e+03   2.1534859e-04
   1.1544244e+03   2.1309792e-04
   1.1562603e+03   2.1087077e-04
   1.1580961e+03   2.0866690e-04
   1.1599319e+03   2.0648606e-04
   1.1617678e+03   2.0432802e-04
   1.1636036e+03   2.0219253e-04
   1.1654394e+03   2.0007935e-04
   1.1672753e+03   1.9798826e-04
   1.1691111e+03   1.9591903e-04
   1.1709469e+03   1.9387142e-04
   1.1727828e+03   1.9184522e-04
   1.1746186e+03   1.8984019e-04
   1.1764545e+03   1.8785611e-04
   1.1782903e+03   1.8589277e-04
   1.1801261e+03   1.8394995e-04
   1.1819620e+03   1.8202744e-04
   1.1837978e+03   1.8012502e-04
   1.1856336e+03   1.7824248e-04
   1.1874695e+03   1.7637961e-04
   1.1893053e+03   1.7453622e-04
   1.1911411e+03   1.7271209e-04
   1.1929770e+03   1.7090703e-04
   1.1948128e+03   1.6912083e-04
   1.1966486e+03   1.6735330e-04
   1.1984845e+03   1.6560424e-04
   1.2003203e+03   1.6387346e-04
   1.2021562e+03   1.6216077e-04
   1.2039920e+03   1.6046598e-04
   1.2058278e+03   1.5878890e-04
   1.2076637e+03   1.5712936e-04
   1.2094995e+03   1.5548715e-04
   1.2113353e+03   1.5386211e-04
   1.2131712e+03   1.5225405e-04
   1.2150070e+03   1.5066280e-04
   1.2168428e+03   1.4908818e-04
   1.2186787e+03   1.4753002e-04
   1.2205145e+03   1.4598814e-04
   1.2223504e+03   1.4446237e-04
   1.2241862e+03   1.4295255e-04
   1.2260220e+03   1.4145851e-04
   1.2278579e+03   1.3998009e-04
   1.2296937e+03   1.3851712e-04
   1.2315295e+03   1.3706943e-04
   1.2333654e+03   1.3563688e-04
   1.2352012e+03   1.3421930e-04
   1.2370370e+03   1.3281654e-04
   1.2388729e+03   1.3142843e-04
   1.2407087e+03   1.3005484e-04
   1.2425445e+03   1.2869559e-04
   1.2443804e+03   1.2735056e-04
   1.2462162e+03   1.2601958e-04
   1.2480521e+03   1.2470251e-04
   1.2498879e+03   1.2339921e-04
   1.2517237e+03   1.2210953e-04
   1.2535596e+03   1.2083333e-04
   1.2553954e+03   1.1957046e-04
   1.2572312e+03   1.1832080e-04
   1.2590671e+03   1.1708419e-04
   1.2609029e+03   1.1586051e-04
   1.2627387e+03   1.1464962e-04
   1.2645746e+03   1.1345138e-04
   1.2664104e+03   1.1226567e-04
   1.2682462e+03   1.1109235e-04
   1.2700821e+03   1.0993129e-04
   1.2719179e+03   1.0878237e-04
   1.2737538e+03   1.0764545e-04
   1.2755896e+03   1.0652042e-04
   1.2774254e+03   1.0540714e-04
   1.2792613e+03   1.0430550e-04
   1.2810971e+03   1.0321537e-04
   1.2829329e+03   1.0213664e-04
   1.2847688e+03   1.0106918e-04
   1.2866046e+03   1.0001287e-04
   1.2884404e+03   9.8967611e-05
   1.2902763e+03   9.7933272e-05
   1.2921121e+03   9.6909743e-05
   1.2939479e+03   9.5896911e-05
   1.2957838e+03   9.4894664e-05
   1.2976196e+03   9.3902892e-05
   1.2994555e+03   9.2921486e-05
   1.3012913e+03   9.1950336e-05
   1.3031271e+03   9.0989337e-05
   1.3049630e+03   9.0038381e-05
   1.3067988e+03   8.9097363e-05
   1.3086346e+03   8.8166181e-05
   1.3104705e+03   8.7244730e-05
   1.3123063e+03   8.6332910e-05
   1.3141421e+03   8.5430620e-05
   1.3159780e+03   8.4537759e-05
   1.3178138e+03   8.3654231e-05
   1.3196496e+03   8.2779936e-05
   1.3214855e+03   8.1914779e-05
   1.3233213e+03   8.1058663e-05
   1.3251572e+03   8.0211496e-05
   1.3269930e+03   7.9373182e-05
   1.3288288e+03   7.8543630e-05
   1.3306647e+03   7.7722747e-05
   1.3325005e+03   7.6910444e-05
   1.3343363e+03   7.6106631e-05
   1.3361722e+03   7.5311218e-05
   1.3380080e+03   7.4524119e-05
   1.3398438e+03   7.3745245e-05
   1.3416797e+03   7.2974512e-05
   1.3435155e+03   7.2211835e-05
   1.3453514e+03   7.1457128e-05
   1.3471872e+03   7.0710308e-05
   1.3490230e+03   6.9971294e-05
   1.3508589e+03   6.9240004e-05
   1.3526947e+03   6.8516356e-05
   1.3545305e+03   6.7800272e-05
   1.3563664e+03   6.7091672e-05
   1.3582022e+03   6.6390477e-05
   1.3600380e+03   6.5696611e-05
   1.3618739e+03   6.5009996e-05
   1.3637097e+03   6.4330558e-05
   1.3655455e+03   6.3658221e-05
   1.3673814e+03   6.2992910e-05
   1.3692172e+03   6.2334553e-05
   1.3710531e+03   6.1683076e-05
   1.3728889e+03   6.1038408e-05
   1.3747247e+03   6.0400478e-05
   1.3765606e+03   5.9769215e-05
   1.3783964e+03   5.9144550e-05
   1.3802322e+03   5.8526413e-05
   1.3820681e+03   5.7914736e-05
   1.3839039e+03   5.7309452e-05
   1.3857397e+03   5.6710494e-05
   1.3875756e+03   5.6117797e-05
   1.3894114e+03   5.5531293e-05
   1.3912472e+03   5.4950919e-05
   1.3930831e+03   5.4376611e-05
   1.3949189e+03   5.3808306e-05
   1.3967548e+03   5.3245939e-05
   1.3985906e+03   5.2689450e-05
   1.4004264e+03   5.2138778e-05
   1.4022623e+03   5.1593860e-05
   1.4040981e+03   5.1054638e-05
   1.4059339e+03   5.0521051e-05
   1.4077698e+03   4.9993040e-05
   1.4096056e+03   4.9470549e-05
   1.4114414e+03   4.8953517e-05
   1.4132773e+03   4.8441890e-05
   1.4151131e+03   4.7935610e-05
   1.4169489e+03   4.7434621e-05
   1.4187848e+03   4.6938868e-05
   1.4206206e+03   4.6448296e-05
   1.4224565e+03   4.5962851e-05
   1.4242923e+03   4.5482480e-05
   1.4261281e+03   4.5007129e-05
   1.4279640e+03   4.4536747e-05
   1.4297998e+03   4.4071280e-05
   1.4316356e+03   4.3610678e-05
   1.4334715e+03   4.3154891e-05
   1.4353073e+03   4.2703866e-05
   1.4371431e+03   4.2257556e-05
   1.4389790e+03   4.1815910e-05
   1.4408148e+03   4.1378879e-05
   1.4426507e+03   4.0946417e-05
   1.4444865e+03   4.0518474e-05
   1.4463223e+03   4.0095003e-05
   1.4481582e+03   3.9675959e-05
   1.4499940e+03   3.9261294e-05
   1.4518298e+03   3.8850963e-05
   1.4536657e+03   3.8444920e-05
   1.4555015e+03   3.8043121e-05
   1.4573373e+03   3.7645521e-05
   1.4591732e+03   3.7252077e-05
   1.4610090e+03   3.6862744e-05
   1.4628448e+03   3.6477481e-05
   1.4646807e+03   3.6096244e-05
   1.4665165e+03   3.5718992e-05
   1.4683524e+03   3.5345682e-05
   1.4701882e+03   3.4976274e-05
   1.4720240e+03   3.4610727e-05
   1.4738599e+03   3.4249000e-05
   1.4756957e+03   3.3891054e-05
   1.4775315e+03   3.3536849e-05
   1.4793674e+03   3.3186345e-05
   1.4812032e+03   3.2839505e-05
   1.4830390e+03   3.2496290e-05
   1.4848749e+03   3.2156662e-05
   1.4867107e+03   3.1820583e-05
   1.4885465e+03   3.1488017e-05
   1.4903824e+03   3.1158926e-05
   1.4922182e+03   3.0833275e-05
   1.4940541e+03   3.0511028e-05
   1.4958899e+03   3.0192148e-05
   1.4977257e+03   2.9876601e-05
   1.4995616e+03   2.9564352e-05
   1.5013974e+03   2.9255367e-05
   1.5032332e+03   2.8949610e-05
   1.5050691e+03   2.8647049e-05
   1.5069049e+03   2.8347651e-05
   1.5087407e+03   2.8051381e-05
   1.5105766e+03   2.7758208e-05
   1.5124124e+03   2.7468099e-05
   1.5142482e+03   2.7181022e-05
   1.5160841e+03   2.6896945e-05
   1.5179199e+03   2.6615837e-05
   1.5197558e+03   2.6337667e-05
   1.5215916e+03   2.6062405e-05
   1.5234274e+03   2.5790019e-05
   1.5252633e+03   2.5520480e-05
   1.5270991e+03   2.5253758e-05
   1.5289349e+03   2.4989824e-05
   1.5307708e+03   2.4728648e-05
   1.5326066e+03   2.4470201e-05
   1.5344424e+03   2.4214456e-05
   1.5362783e+03   2.3961384e-05
   1.5381141e+03   2.3710956e-05
   1.5399499e+03   2.3463146e-05
   1.5417858e+03   2.3217926e-05
   1.5436216e+03   2.2975269e-05
   1.5454575e+03   2.2735148e-05
   1.5472933e+03   2.2497536e-05
   1.5491291e+03   2.2262408e-05
   1.5509650e+03   2.2029737e-05
   1.5528008e+03   2.1799497e-05
   1.5546366e+03   2.1571665e-05
   1.5564725e+03   2.1346213e-05
   1.5583083e+03   2.1123117e-05
   1.5601441e+03   2.0902353e-05
   1.5619800e+03   2.0683897e-05
   1.5638158e+03   2.0467723e-05
   1.5656517e+03   2.0253809e-05
   1.5674875e+03   2.0042131e-05
   1.5693233e+03   1.9832665e-05
   1.5711592e+03   1.9625388e-05
   1.5729950e+03   1.9420277e-05
   1.5748308e+03   1.9217310e-05
   1.5766667e+03   1.9016464e-05
   1.5785025e+03   1.8817718e-05
   1.5803383e+03   1.8621048e-05
   1.5821742e+03   1.8426434e-05
   1.5840100e+03   1.8233854e-05
   1.5858458e+03   1.8043287e-05
   1.5876817e+03   1.7854711e-05
   1.5895175e+03   1.7668107e-05
   1.5913534e+03   1.7483452e-05
   1.5931892e+03   1.7300727e-05
   1.5950250e+03   1.7119912e-05
   1.5968609e+03   1.6940987e-05
   1.5986967e+03   1.6763932e-05
   1.6005325e+03   1.6588727e-05
   1.6023684e+03   1.6415354e-05
   1.6042042e+03   1.6243792e-05
   1.6060400e+03   1.6074023e-05
   1.6078759e+03   1.5906029e-05
   1.6097117e+03   1.5739791e-05
   1.6115475e+03   1.5575289e-05
   1.6133834e+03   1.5412508e-05
   1.6152192e+03   1.5251427e-05
   1.6170551e+03   1.5092030e-05
   1.6188909e+03   1.4934299e-05
   1.6207267e+03   1.4778216e-05
   1.6225626e+03   1.4623764e-05
   1.6243984e+03   1.4470927e-05
   1.6262342e+03   1.4319687e-05
   1.6280701e+03   1.4170028e-05
   1.6299059e+03   1.4021933e-05
   1.6317417e+03   1.3875386e-05
   1.6335776e+03   1.3730370e-05
   1.6354134e+03   1.3586870e-05
   1.6372492e+03   1.3444870e-05
   1.6390851e+03   1.3304353e-05
   1.6409209e+03   1.3165306e-05
   1.6427568e+03   1.3027711e-05
   1.6445926e+03   1.2891555e-05
   1.6464284e+03   1.2756821e-05
   1.6482643e+03   1.2623496e-05
   1.6501001e+03   1.2491564e-05
   1.6519359e+03   1.2361011e-05
   1.6537718e+03   1.2231823e-05
   1.6556076e+03   1.2103984e-05
   1.6574434e+03   1.1977482e-05
   1.6592793e+03   1.1852302e-05
   1.6611151e+03   1.1728430e-05
   1.6629510e+03   1.1605853e-05
   1.6647868e+03   1.1484557e-05
   1.6666226e+03   1.1364528e-05
   1.6684585e+03   1.1245754e-05
   1.6702943e+03   1.1128222e-05
   1.6721301e+03   1.1011917e-05
   1.6739660e+03   1.0896829e-05
   1.6758018e+03   1.0782943e-05
   1.6776376e+03   1.0670247e-05
   1.6794735e+03   1.0558729e-05
   1.6813093e+03   1.0448377e-05
   1.6831451e+03   1.0339178e-05
   1.6849810e+03   1.0231120e-05
   1.6868168e+03   1.0124192e-05
   1.6886527e+03   1.0018381e-05
   1.6904885e+03   9.9136757e-06
   1.6923243e+03   9.8100650e-06
   1.6941602e+03   9.7075371e-06
   1.6959960e+03   9.6060808e-06
   1.6978318e+03   9.5056849e-06
   1.6996677e+03   9.4063382e-06
   1.7015035e+03   9.3080298e-06
   1.7033393e+03   9.2107489e-06
   1.7051752e+03   9.1144847e-06
   1.7070110e+03   9.0192265e-06
   1.7088468e+03   8.9249640e-06
   1.7106827e+03   8.8316866e-06
   1.7125185e+03   8.7393840e-06
   1.7143544e+03   8.6480462e-06
   1.7161902e+03   8.5576629e-06
   1.7180260e+03   8.4682243e-06
   1.7198619e+03   8.3797204e-06
   1.7216977e+03   8.2921415e-06
   1.7235335e+03   8.2054779e-06
   1.7253694e+03   8.1197201e-06
   1.7272052e+03   8.0348585e-06
   1.7290410e+03   7.9508839e-06
   1.7308769e+03   7.8677869e-06
   1.7327127e+03   7.7855583e-06
   1.7345485e+03   7.7041892e-06
   1.7363844e+03   7.6236705e-06
   1.7382202e+03   7.5439933e-06
   1.7400561e+03   7.4651488e-06
   1.7418919e+03   7.3871284e-06
   1.7437277e+03   7.3099233e-06
   1.7455636e+03   7.2335252e-06
   1.7473994e+03   7.1579255e-06
   1.7492352e+03   7.0831159e-06
   1.7510711e+03   7.0090882e-06
   1.7529069e+03   6.9358342e-06
   1.7547427e+03   6.8633458e-06
   1.7565786e+03   6.7916150e-06
   1.7584144e+03   6.7206338e-06
   1.7602503e+03   6.6503945e-06
   1.7620861e+03   6.5808893e-06
   1.7639219e+03   6.5121105e-06
   1.7657578e+03   6.4440505e-06
   1.7675936e+03   6.3767019e-06
   1.7694294e+03   6.3100571e-06
   1.7712653e+03   6.2441089e-06
   1.7731011e+03   6.1788499e-06
   1.7749369e+03   6.1142729e-06
   1.7767728e+03   6.0503709e-06
   1.7786086e+03   5.9871367e-06
   1.7804444e+03   5.9245634e-06
   1.7822803e+03   5.8626440e-06
   1.7841161e+03   5.8013718e-06
   1.7859520e+03   5.7407400e-06
   1.7877878e+03   5.6807418e-06
   1.7896236e+03   5.6213708e-06
   1.7914595e+03   5.5626202e-06
   1.7932953e+03   5.5044836e-06
   1.7951311e+03   5.4469546e-06
   1.7969670e+03   5.3900269e-06
   1.7988028e+03   5.3336942e-06
   1.8006386e+03   5.2779502e-06
   1.8024745e+03   5.2227888e-06
   1.8043103e+03   5.1682039e-06
   1.8061461e+03   5.1141895e-06
   1.8079820e+03   5.0607396e-06
   1.8098178e+03   5.0078484e-06
   1.8116537e+03   4.9555099e-06
   1.8134895e+03   4.9037184e-06
   1.8153253e+03   4.8524682e-06
   1.8171612e+03   4.8017537e-06
   1.8189970e+03   4.7515691e-06
   1.8208328e+03   4.7019091e-06
   1.8226687e+03   4.6527681e-06
   1.8245045e+03   4.6041406e-06
   1.8263403e+03   4.5560214e-06
   1.8281762e+03   4.5084051e-06
   1.8300120e+03   4.4612865e-06
   1.8318478e+03   4.4146603e-06
   1.8336837e+03   4.3685213e-06
   1.8355195e+03   4.3228647e-06
   1.8373554e+03   4.2776851e-06
   1.8391912e+03   4.2329778e-06
   1.8410270e+03   4.1887377e-06
   1.8428629e+03   4.1449600e-06
   1.8446987e+03   4.1016398e-06
   1.8465345e+03   4.0587724e-06
   1.8483704e+03   4.0163530e-06
   1.8502062e+03   3.9743769e-06
   1.8520420e+03   3.9328395e-06
   1.8538779e+03   3.8917363e-06
   1.8557137e+03   3.8510626e-06
   1.8575495e+03   3.8108140e-06
   1.8593854e+03   3.7709861e-06
   1.8612212e+03   3.7315744e-06
   1.8630571e+03   3.6925747e-06
   1.8648929e+03   3.6539825e-06
   1.8667287e+03   3.6157936e-06
   1.8685646e+03   3.5780039e-06
   1.8704004e+03   3.5406092e-06
   1.8722362e+03   3.5036052e-06
   1.8740721e+03   3.4669880e-06
   1.8759079e+03   3.4307535e-06
   1.8777437e+03   3.3948977e-06
   1.8795796e+03   3.3594167e-06
   1.8814154e+03   3.3243064e-06
   1.8832513e+03   3.2895631e-06
   1.8850871e+03   3.2551829e-06
   1.8869229e+03   3.2211621e-06
   1.8887588e+03   3.1874968e-06
   1.8905946e+03   3.1541833e-06
   1.8924304e+03   3.1212180e-06
   1.8942663e+03   3.0885973e-06
   1.8961021e+03   3.0563174e-06
   1.8979379e+03   3.0243750e-06
   1.8997738e+03   2.9927663e-06
   1.9016096e+03   2.9614881e-06
   1.9034454e+03   2.9305367e-06
   1.9052813e+03   2.8999088e-06
   1.9071171e+03   2.8696010e-06
   1.9089530e+03   2.8396100e-06
   1.9107888e+03   2.8099324e-06
   1.9126246e+03   2.7805650e-06
   1.9144605e+03   2.7515045e-06
   1.9162963e+03   2.7227477e-06
   1.9181321e+03   2.6942915e-06
   1.9199680e+03   2.6661326e-06
   1.9218038e+03   2.6382681e-06
   1.9236396e+03   2.6106948e-06
   1.9254755e+03   2.5834097e-06
   1.9273113e+03   2.5564097e-06
   1.9291471e+03   2.5296919e-06
   1.9309830e+03   2.5032534e-06
   1.9328188e+03   2.4770911e-06
   1.9346547e+03   2.4512023e-06
   1.9364905e+03   2.4255841e-06
   1.9383263e+03   2.4002336e-06
   1.9401622e+03   2.3751481e-06
   1.9419980e+03   2.3503247e-06
   1.9438338e+03   2.3257608e-06
   1.9456697e+03   2.3014536e-06
   1.9475055e+03   2.2774004e-06
   1.9493413e+03   2.2535986e-06
   1.9511772e+03   2.2300456e-06
   1.9530130e+03   2.2067388e-06
   1.9548488e+03   2.1836755e-06
   1.9566847e+03   2.1608533e-06
   1.9585205e+03   2.1382696e-06
   1.9603564e+03   2.1159219e-06
   1.9621922e+03   2.0938078e-06
   1.9640280e+03   2.0719248e-06
   1.9658639e+03   2.0502705e-06
   1.9676997e+03   2.0288425e-06
   1.9695355e+03   2.0076385e-06
   1.9713714e+03   1.9866561e-06
   1.9732072e+03   1.9658929e-06
   1.9750430e+03   1.9453468e-06
   1.9768789e+03   1.9250154e-06
   1.9787147e+03   1.9048965e-06
   1.9805506e+03   1.8849879e-06
   1.9823864e+03   1.8652874e-06
   1.9842222e+03   1.8457927e-06
   1.9860581e+03   1.8265018e-06
   1.9878939e+03   1.8074125e-06
   1.9897297e+03   1.7885227e-06
   1.9915656e+03   1.7698303e-06
   1.9934014e+03   1.7513333e-06
   1.9952372e+03   1.7330296e-06
   1.9970731e+03   1.7149172e-06
   1.9989089e+03   1.6969941e-06
   2.0007447e+03   1.6792583e-06
   2.0025806e+03   1.6617079e-06
   2.0044164e+03   1.6443409e-06
   2.0062523e+03   1.6271554e-06
   2.0080881e+03   1.6101496e-06
   2.0099239e+03   1.5933214e-06
   2.0117598e+03   1.5766691e-06
   2.0135956e+03   1.5601909e-06
   2.0154314e+03   1.5438849e-06
   2.0172673e+03   1.5277493e-06
   2.0191031e+03   1.5117824e-06
   2.0209389e+03   1.4959823e-06
   2.0227748e+03   1.4803473e-06
   2.0246106e+03   1.4648758e-06
   2.0264464e+03   1.4495659e-06
   2.0282823e+03   1.4344161e-06
   2.0301181e+03   1.4194246e-06
   2.0319540e+03   1.4045898e-06
   2.0337898e+03   1.3899100e-06
   2.0356256e+03   1.3753837e-06
   2.0374615e+03   1.3610091e-06
   2.0392973e+03   1.3467848e-06
   2.0411331e+03   1.3327092e-06
   2.0429690e+03   1.3187806e-06
   2.0448048e+03   1.3049977e-06
   2.0466406e+03   1.2913588e-06
   2.0484765e+03   1.2778624e-06
   2.0503123e+03   1.2645071e-06
   2.0521481e+03   1.2512914e-06
   2.0539840e+03   1.2382138e-06
   2.0558198e+03   1.2252728e-06
   2.0576557e+03   1.2124671e-06
   2.0594915e+03   1.1997953e-06
   2.0613273e+03   1.1872559e-06
   2.0631632e+03   1.1748475e-06
   2.0649990e+03   1.1625688e-06
   2.0668348e+03   1.1504185e-06
   2.0686707e+03   1.1383951e-06
   2.0705065e+03   1.1264974e-06
   2.0723423e+03   1.1147241e-06
   2.0741782e+03   1.1030738e-06
   2.0760140e+03   1.0915452e-06
   2.0778498e+03   1.0801372e-06
   2.0796857e+03   1.0688484e-06
   2.0815215e+03   1.0576775e-06
   2.0833574e+03   1.0466234e-06
   2.0851932e+03   1.0356848e-06
   2.0870290e+03   1.0248606e-06
   2.0888649e+03   1.0141495e-06
   2.0907007e+03   1.0035503e-06
   2.0925365e+03   9.9306192e-07
   2.0943724e+03   9.8268314e-07
   2.0962082e+03   9.7241283e-07
   2.0980440e+03   9.6224986e-07
   2.0998799e+03   9.5219311e-07
   2.1017157e+03   9.4224146e-07
   2.1035516e+03   9.3239382e-07
   2.1053874e+03   9.2264910e-07
   2.1072232e+03   9.1300622e-07
   2.1090591e+03   9.0346413e-07
   2.1108949e+03   8.9402176e-07
   2.1127307e+03   8.8467808e-07
   2.1145666e+03   8.7543205e-07
   2.1164024e+03   8.6628266e-07
   2.1182382e+03   8.5722888e-07
   2.1200741e+03   8.4826974e-07
   2.1219099e+03   8.3940422e-07
   2.1237457e+03   8.3063136e-07
   2.1255816e+03   8.2195019e-07
   2.1274174e+03   8.1335975e-07
   2.1292533e+03   8.0485909e-07
   2.1310891e+03   7.9644727e-07
   2.1329249e+03   7.8812337e-07
   2.1347608e+03   7.7988647e-07
   2.1365966e+03   7.7173564e-07
   2.1384324e+03   7.6367001e-07
   2.1402683e+03   7.5568867e-07
   2.1421041e+03   7.4779075e-07
   2.1439399e+03   7.3997537e-07
   2.1457758e+03   7.3224167e-07
   2.1476116e+03   7.2458880e-07
   2.1494474e+03   7.1701591e-07
   2.1512833e+03   7.0952217e-07
   2.1531191e+03   7.0210675e-07
   2.1549550e+03   6.9476883e-07
   2.1567908e+03   6.8750759e-07
   2.1586266e+03   6.8032225e-07
   2.1604625e+03   6.7321201e-07
   2.1622983e+03   6.6617607e-07
   2.1641341e+03   6.5921367e-07
   2.1659700e+03   6.5232404e-07
   2.1678058e+03   6.4550641e-07
   2.1696416e+03   6.3876003e-07
   2.1714775e+03   6.3208416e-07
   2.1733133e+03   6.2547807e-07
   2.1751491e+03   6.1894102e-07
   2.1769850e+03   6.1247228e-07
   2.1788208e+03   6.0607116e-07
   2.1806567e+03   5.9973693e-07
   2.1824925e+03   5.9346890e-07
   2.1843283e+03   5.8726639e-07
   2.1861642e+03   5.8112870e-07
   2.1880000e+03   5.7505515e-07
