   4.4130000e+02   5.7871063e-05
   4.4362462e+02   6.3012904e-05
   4.4594925e+02   6.8537580e-05
   4.4827387e+02   7.4466356e-05
   4.5059850e+02   8.0821025e-05
   4.5292312e+02   8.7623861e-05
   4.5524775e+02   9.4897568e-05
   4.5757237e+02   1.0266522e-04
   4.5989700e+02   1.1095021e-04
   4.6222162e+02   1.1977615e-04
   4.6454625e+02   1.2916684e-04
   4.6687087e+02   1.3914612e-04
   4.6919550e+02   1.4973785e-04
   4.7152012e+02   1.6096579e-04
   4.7384474e+02   1.7285347e-04
   4.7616937e+02   1.8542412e-04
   4.7849399e+02   1.9870057e-04
   4.8081862e+02   2.1270509e-04
   4.8314324e+02   2.2745929e-04
   4.8546787e+02   2.4298403e-04
   4.8779249e+02   2.5929924e-04
   4.9011712e+02   2.7642382e-04
   4.9244174e+02   2.9437551e-04
   4.9476637e+02   3.1317075e-04
   4.9709099e+02   3.3282455e-04
   4.9941562e+02   3.5335036e-04
   5.0174024e+02   3.7475992e-04
   5.0406486e+02   3.9706317e-04
   5.0638949e+02   4.2026808e-04
   5.0871411e+02   4.4438056e-04
   5.1103874e+02   4.6940433e-04
   5.1336336e+02   4.9534080e-04
   5.1568799e+02   5.2218898e-04
   5.1801261e+02   5.4994536e-04
   5.2033724e+02   5.7860387e-04
   5.2266186e+02   6.0815574e-04
   5.2498649e+02   6.3858945e-04
   5.2731111e+02   6.6989072e-04
   5.2963574e+02   7.0204237e-04
   5.3196036e+02   7.3502439e-04
   5.3428498e+02   7.6881382e-04
   5.3660961e+02   8.0338484e-04
   5.3893423e+02   8.3870869e-04
   5.4125886e+02   8.7475375e-04
   5.4358348e+02   9.1148555e-04
   5.4590811e+02   9.4886684e-04
   5.4823273e+02   9.8685762e-04
   5.5055736e+02   1.0254153e-03
   5.5288198e+02   1.0644946e-03
   5.5520661e+02   1.1040481e-03
   5.5753123e+02   1.1440257e-03
   5.5985586e+02   1.1843754e-03
   5.6218048e+02   1.2250431e-03
   5.6450511e+02   1.2659728e-03
   5.6682973e+02   1.3071069e-03
   5.6915435e+02   1.3483863e-03
   5.7147898e+02   1.3897505e-03
   5.7380360e+02   1.4311382e-03
   5.7612823e+02   1.4724868e-03
   5.7845285e+02   1.5137335e-03
   5.8077748e+02   1.5548148e-03
   5.8310210e+02   1.5956670e-03
   5.8542673e+02   1.6362266e-03
   5.8775135e+02   1.6764303e-03
   5.9007598e+02   1.7162153e-03
   5.9240060e+02   1.7555195e-03
   5.9472523e+02   1.7942818e-03
   5.9704985e+02   1.8324423e-03
   5.9937447e+02   1.8699425e-03
   6.0169910e+02   1.9067256e-03
   6.0402372e+02   1.9427364e-03
   6.0634835e+02   1.9779219e-03
   6.0867297e+02   2.0122314e-03
   6.1099760e+02   2.0456162e-03
   6.1332222e+02   2.0780305e-03
   6.1564685e+02   2.1094310e-03
   6.1797147e+02   2.1397772e-03
   6.2029610e+02   2.1690316e-03
   6.2262072e+02   2.1971596e-03
   6.2494535e+02   2.2241298e-03
   6.2726997e+02   2.2499140e-03
   6.2959459e+02   2.2744872e-03
   6.3191922e+02   2.2978276e-03
   6.3424384e+02   2.3199168e-03
   6.3656847e+02   2.3407396e-03
   6.3889309e+02   2.3602842e-03
   6.4121772e+02   2.3785419e-03
   6.4354234e+02   2.3955073e-03
   6.4586697e+02   2.4111783e-03
   6.4819159e+02   2.4255557e-03
   6.5051622e+02   2.4386433e-03
   6.5284084e+02   2.4504481e-03
   6.5516547e+02   2.4609797e-03
   6.5749009e+02   2.4702504e-03
   6.5981471e+02   2.4782752e-03
   6.6213934e+02   2.4850714e-03
   6.6446396e+02   2.4906588e-03
   6.6678859e+02   2.4950594e-03
   6.6911321e+02   2.4982969e-03
   6.7143784e+02   2.5003973e-03
   6.7376246e+02   2.5013880e-03
   6.7608709e+02   2.5012982e-03
   6.7841171e+02   2.5001582e-03
   6.8073634e+02   2.4980000e-03
   6.8306096e+02   2.4948561e-03
   6.8538559e+02   2.4907605e-03
   6.8771021e+02   2.4857476e-03
   6.9003483e+02   2.4798527e-03
   6.9235946e+02   2.4731112e-03
   6.9468408e+02   2.4655592e-03
   6.9700871e+02   2.4572330e-03
   6.9933333e+02   2.4481686e-03
   7.0165796e+02   2.4384024e-03
   7.0398258e+02   2.4279704e-03
   7.0630721e+02   2.4169083e-03
   7.0863183e+02   2.4052516e-03
   7.1095646e+02   2.3930351e-03
   7.1328108e+02   2.3802931e-03
   7.1560571e+02   2.3670594e-03
   7.1793033e+02   2.3533670e-03
   7.2025495e+02   2.3392479e-03
   7.2257958e+02   2.3247337e-03
   7.2490420e+02   2.3098547e-03
   7.2722883e+02   2.2946404e-03
   7.2955345e+02   2.2791194e-03
   7.3187808e+02   2.2633193e-03
   7.3420270e+02   2.2472664e-03
   7.3652733e+02   2.2309864e-03
   7.3885195e+02   2.2145036e-03
   7.4117658e+02   2.1978414e-03
   7.4350120e+02   2.1810220e-03
   7.4582583e+02   2.1640666e-03
   7.4815045e+02   2.1469954e-03
   7.5047508e+02   2.1298276e-03
   7.5279970e+02   2.1125811e-03
   7.5512432e+02   2.0952732e-03
   7.5744895e+02   2.0779198e-03
   7.5977357e+02   2.0605361e-03
   7.6209820e+02   2.0431364e-03
   7.6442282e+02   2.0257339e-03
   7.6674745e+02   2.0083409e-03
   7.6907207e+02   1.9909692e-03
   7.7139670e+02   1.9736293e-03
   7.7372132e+02   1.9563314e-03
   7.7604595e+02   1.9390845e-03
   7.7837057e+02   1.9218973e-03
   7.8069520e+02   1.9047775e-03
   7.8301982e+02   1.8877323e-03
   7.8534444e+02   1.8707683e-03
   7.8766907e+02   1.8538914e-03
   7.8999369e+02   1.8371072e-03
   7.9231832e+02   1.8204205e-03
   7.9464294e+02   1.8038357e-03
   7.9696757e+02   1.7873569e-03
   7.9929219e+02   1.7709876e-03
   8.0161682e+02   1.7547310e-03
   8.0394144e+02   1.7385898e-03
   8.0626607e+02   1.7225665e-03
   8.0859069e+02   1.7066632e-03
   8.1091532e+02   1.6908818e-03
   8.1323994e+02   1.6752239e-03
   8.1556456e+02   1.6596906e-03
   8.1788919e+02   1.6442831e-03
   8.2021381e+02   1.6290023e-03
   8.2253844e+02   1.6138488e-03
   8.2486306e+02   1.5988230e-03
   8.2718769e+02   1.5839254e-03
   8.2951231e+02   1.5691561e-03
   8.3183694e+02   1.5545150e-03
   8.3416156e+02   1.5400022e-03
   8.3648619e+02   1.5256175e-03
   8.3881081e+02   1.5113604e-03
   8.4113544e+02   1.4972307e-03
   8.4346006e+02   1.4832279e-03
   8.4578468e+02   1.4693514e-03
   8.4810931e+02   1.4556006e-03
   8.5043393e+02   1.4419749e-03
   8.5275856e+02   1.4284736e-03
   8.5508318e+02   1.4150959e-03
   8.5740781e+02   1.4018410e-03
   8.5973243e+02   1.3887080e-03
   8.6205706e+02   1.3756962e-03
   8.6438168e+02   1.3628046e-03
   8.6670631e+02   1.3500324e-03
   8.6903093e+02   1.3373786e-03
   8.7135556e+02   1.3248423e-03
   8.7368018e+02   1.3124225e-03
   8.7600480e+02   1.3001183e-03
   8.7832943e+02   1.2879287e-03
   8.8065405e+02   1.2758528e-03
   8.8297868e+02   1.2638895e-03
   8.8530330e+02   1.2520379e-03
   8.8762793e+02   1.2402970e-03
   8.8995255e+02   1.2286659e-03
   8.9227718e+02   1.2171435e-03
   8.9460180e+02   1.2057289e-03
   8.9692643e+02   1.1944212e-03
   8.9925105e+02   1.1832193e-03
   9.0157568e+02   1.1721222e-03
   9.0390030e+02   1.1611291e-03
   9.0622492e+02   1.1502390e-03
   9.0854955e+02   1.1394509e-03
   9.1087417e+02   1.1287639e-03
   9.1319880e+02   1.1181770e-03
   9.1552342e+02   1.1076894e-03
   9.1784805e+02   1.0973001e-03
   9.2017267e+02   1.0870082e-03
   9.2249730e+02   1.0768127e-03
   9.2482192e+02   1.0667129e-03
   9.2714655e+02   1.0567078e-03
   9.2947117e+02   1.0467964e-03
   9.3179580e+02   1.0369780e-03
   9.3412042e+02   1.0272517e-03
   9.3644505e+02   1.0176166e-03
   9.3876967e+02   1.0080719e-03
   9.4109429e+02   9.9861669e-04
   9.4341892e+02   9.8925014e-04
   9.4574354e+02   9.7997144e-04
   9.4806817e+02   9.7077977e-04
   9.5039279e+02   9.6167430e-04
   9.5271742e+02   9.5265423e-04
   9.5504204e+02   9.4371876e-04
   9.5736667e+02   9.3486711e-04
   9.5969129e+02   9.2609847e-04
   9.6201592e+02   9.1741208e-04
   9.6434054e+02   9.0880715e-04
   9.6666517e+02   9.0028294e-04
   9.6898979e+02   8.9183868e-04
   9.7131441e+02   8.8347363e-04
   9.7363904e+02   8.7518703e-04
   9.7596366e+02   8.6697816e-04
   9.7828829e+02   8.5884628e-04
   9.8061291e+02   8.5079067e-04
   9.8293754e+02   8.4281062e-04
   9.8526216e+02   8.3490543e-04
   9.8758679e+02   8.2707437e-04
   9.8991141e+02   8.1931677e-04
   9.9223604e+02   8.1163194e-04
   9.9456066e+02   8.0401918e-04
   9.9688529e+02   7.9647783e-04
   9.9920991e+02   7.8900721e-04
   1.0015345e+03   7.8160666e-04
   1.0038592e+03   7.7427553e-04
   1.0061838e+03   7.6701316e-04
   1.0085084e+03   7.5981891e-04
   1.0108330e+03   7.5269214e-04
   1.0131577e+03   7.4563221e-04
   1.0154823e+03   7.3863850e-04
   1.0178069e+03   7.3171039e-04
   1.0201315e+03   7.2484726e-04
   1.0224562e+03   7.1804851e-04
   1.0247808e+03   7.1131352e-04
   1.0271054e+03   7.0464171e-04
   1.0294300e+03   6.9803247e-04
   1.0317547e+03   6.9148523e-04
   1.0340793e+03   6.8499940e-04
   1.0364039e+03   6.7857440e-04
   1.0387285e+03   6.7220966e-04
   1.0410532e+03   6.6590463e-04
   1.0433778e+03   6.5965873e-04
   1.0457024e+03   6.5347141e-04
   1.0480270e+03   6.4734213e-04
   1.0503517e+03   6.4127034e-04
   1.0526763e+03   6.3525551e-04
   1.0550009e+03   6.2929708e-04
   1.0573255e+03   6.2339455e-04
   1.0596502e+03   6.1754738e-04
   1.0619748e+03   6.1175505e-04
   1.0642994e+03   6.0601705e-04
   1.0666240e+03   6.0033287e-04
   1.0689486e+03   5.9470201e-04
   1.0712733e+03   5.8912396e-04
   1.0735979e+03   5.8359823e-04
   1.0759225e+03   5.7812433e-04
   1.0782471e+03   5.7270177e-04
   1.0805718e+03   5.6733008e-04
   1.0828964e+03   5.6200877e-04
   1.0852210e+03   5.5673737e-04
   1.0875456e+03   5.5151541e-04
   1.0898703e+03   5.4634244e-04
   1.0921949e+03   5.4121798e-04
   1.0945195e+03   5.3614159e-04
   1.0968441e+03   5.3111281e-04
   1.0991688e+03   5.2613120e-04
   1.1014934e+03   5.2119632e-04
   1.1038180e+03   5.1630772e-04
   1.1061426e+03   5.1146498e-04
   1.1084673e+03   5.0666766e-04
   1.1107919e+03   5.0191533e-04
   1.1131165e+03   4.9720758e-04
   1.1154411e+03   4.9254399e-04
   1.1177658e+03   4.8792414e-04
   1.1200904e+03   4.8334762e-04
   1.1224150e+03   4.7881403e-04
   1.1247396e+03   4.7432296e-04
   1.1270643e+03   4.6987402e-04
   1.1293889e+03   4.6546680e-04
   1.1317135e+03   4.6110092e-04
   1.1340381e+03   4.5677600e-04
   1.1363628e+03   4.5249164e-04
   1.1386874e+03   4.4824746e-04
   1.1410120e+03   4.4404309e-04
   1.1433366e+03   4.3987816e-04
   1.1456613e+03   4.3575229e-04
   1.1479859e+03   4.3166512e-04
   1.1503105e+03   4.2761629e-04
   1.1526351e+03   4.2360543e-04
   1.1549598e+03   4.1963220e-04
   1.1572844e+03   4.1569623e-04
   1.1596090e+03   4.1179718e-04
   1.1619336e+03   4.0793470e-04
   1.1642583e+03   4.0410845e-04
   1.1665829e+03   4.0031808e-04
   1.1689075e+03   3.9656327e-04
   1.1712321e+03   3.9284368e-04
   1.1735568e+03   3.8915898e-04
   1.1758814e+03   3.8550883e-04
   1.1782060e+03   3.8189293e-04
   1.1805306e+03   3.7831094e-04
   1.1828553e+03   3.7476254e-04
   1.1851799e+03   3.7124743e-04
   1.1875045e+03   3.6776529e-04
   1.1898291e+03   3.6431581e-04
   1.1921538e+03   3.6089869e-04
   1.1944784e+03   3.5751361e-04
   1.1968030e+03   3.5416029e-04
   1.1991276e+03   3.5083842e-04
   1.2014523e+03   3.4754770e-04
   1.2037769e+03   3.4428786e-04
   1.2061015e+03   3.4105859e-04
   1.2084261e+03   3.3785960e-04
   1.2107508e+03   3.3469063e-04
   1.2130754e+03   3.3155137e-04
   1.2154000e+03   3.2844156e-04
   1.2177246e+03   3.2536092e-04
   1.2200492e+03   3.2230918e-04
   1.2223739e+03   3.1928606e-04
   1.2246985e+03   3.1629129e-04
   1.2270231e+03   3.1332462e-04
   1.2293477e+03   3.1038577e-04
   1.2316724e+03   3.0747448e-04
   1.2339970e+03   3.0459050e-04
   1.2363216e+03   3.0173358e-04
   1.2386462e+03   2.9890345e-04
   1.2409709e+03   2.9609986e-04
   1.2432955e+03   2.9332257e-04
   1.2456201e+03   2.9057133e-04
   1.2479447e+03   2.8784590e-04
   1.2502694e+03   2.8514603e-04
   1.2525940e+03   2.8247148e-04
   1.2549186e+03   2.7982202e-04
   1.2572432e+03   2.7719741e-04
   1.2595679e+03   2.7459742e-04
   1.2618925e+03   2.7202181e-04
   1.2642171e+03   2.6947037e-04
   1.2665417e+03   2.6694285e-04
   1.2688664e+03   2.6443904e-04
   1.2711910e+03   2.6195872e-04
   1.2735156e+03   2.5950166e-04
   1.2758402e+03   2.5706764e-04
   1.2781649e+03   2.5465646e-04
   1.2804895e+03   2.5226789e-04
   1.2828141e+03   2.4990173e-04
   1.2851387e+03   2.4755776e-04
   1.2874634e+03   2.4523577e-04
   1.2897880e+03   2.4293557e-04
   1.2921126e+03   2.4065694e-04
   1.2944372e+03   2.3839968e-04
   1.2967619e+03   2.3616359e-04
   1.2990865e+03   2.3394848e-04
   1.3014111e+03   2.3175414e-04
   1.3037357e+03   2.2958039e-04
   1.3060604e+03   2.2742703e-04
   1.3083850e+03   2.2529386e-04
   1.3107096e+03   2.2318070e-04
   1.3130342e+03   2.2108736e-04
   1.3153589e+03   2.1901366e-04
   1.3176835e+03   2.1695940e-04
   1.3200081e+03   2.1492442e-04
   1.3223327e+03   2.1290852e-04
   1.3246574e+03   2.1091153e-04
   1.3269820e+03   2.0893327e-04
   1.3293066e+03   2.0697357e-04
   1.3316312e+03   2.0503224e-04
   1.3339559e+03   2.0310913e-04
   1.3362805e+03   2.0120405e-04
   1.3386051e+03   1.9931685e-04
   1.3409297e+03   1.9744734e-04
   1.3432544e+03   1.9559537e-04
   1.3455790e+03   1.9376077e-04
   1.3479036e+03   1.9194338e-04
   1.3502282e+03   1.9014303e-04
   1.3525529e+03   1.8835957e-04
   1.3548775e+03   1.8659284e-04
   1.3572021e+03   1.8484268e-04
   1.3595267e+03   1.8310893e-04
   1.3618514e+03   1.8139145e-04
   1.3641760e+03   1.7969008e-04
   1.3665006e+03   1.7800466e-04
   1.3688252e+03   1.7633506e-04
   1.3711498e+03   1.7468111e-04
   1.3734745e+03   1.7304268e-04
   1.3757991e+03   1.7141961e-04
   1.3781237e+03   1.6981177e-04
   1.3804483e+03   1.6821901e-04
   1.3827730e+03   1.6664119e-04
   1.3850976e+03   1.6507816e-04
   1.3874222e+03   1.6352980e-04
   1.3897468e+03   1.6199596e-04
   1.3920715e+03   1.6047651e-04
   1.3943961e+03   1.5897131e-04
   1.3967207e+03   1.5748023e-04
   1.3990453e+03   1.5600313e-04
   1.4013700e+03   1.5453989e-04
   1.4036946e+03   1.5309037e-04
   1.4060192e+03   1.5165445e-04
   1.4083438e+03   1.5023200e-04
   1.4106685e+03   1.4882288e-04
   1.4129931e+03   1.4742699e-04
   1.4153177e+03   1.4604419e-04
   1.4176423e+03   1.4467436e-04
   1.4199670e+03   1.4331737e-04
   1.4222916e+03   1.4197312e-04
   1.4246162e+03   1.4064147e-04
   1.4269408e+03   1.3932232e-04
   1.4292655e+03   1.3801553e-04
   1.4315901e+03   1.3672101e-04
   1.4339147e+03   1.3543862e-04
   1.4362393e+03   1.3416827e-04
   1.4385640e+03   1.3290983e-04
   1.4408886e+03   1.3166319e-04
   1.4432132e+03   1.3042825e-04
   1.4455378e+03   1.2920489e-04
   1.4478625e+03   1.2799300e-04
   1.4501871e+03   1.2679248e-04
   1.4525117e+03   1.2560322e-04
   1.4548363e+03   1.2442512e-04
   1.4571610e+03   1.2325806e-04
   1.4594856e+03   1.2210196e-04
   1.4618102e+03   1.2095669e-04
   1.4641348e+03   1.1982217e-04
   1.4664595e+03   1.1869829e-04
   1.4687841e+03   1.1758495e-04
   1.4711087e+03   1.1648206e-04
   1.4734333e+03   1.1538950e-04
   1.4757580e+03   1.1430720e-04
   1.4780826e+03   1.1323505e-04
   1.4804072e+03   1.1217295e-04
   1.4827318e+03   1.1112082e-04
   1.4850565e+03   1.1007855e-04
   1.4873811e+03   1.0904606e-04
   1.4897057e+03   1.0802326e-04
   1.4920303e+03   1.0701005e-04
   1.4943550e+03   1.0600634e-04
   1.4966796e+03   1.0501205e-04
   1.4990042e+03   1.0402708e-04
   1.5013288e+03   1.0305135e-04
   1.5036535e+03   1.0208477e-04
   1.5059781e+03   1.0112726e-04
   1.5083027e+03   1.0017873e-04
   1.5106273e+03   9.9239097e-05
   1.5129520e+03   9.8308277e-05
   1.5152766e+03   9.7386188e-05
   1.5176012e+03   9.6472748e-05
   1.5199258e+03   9.5567875e-05
   1.5222505e+03   9.4671489e-05
   1.5245751e+03   9.3783512e-05
   1.5268997e+03   9.2903863e-05
   1.5292243e+03   9.2032465e-05
   1.5315489e+03   9.1169240e-05
   1.5338736e+03   9.0314112e-05
   1.5361982e+03   8.9467004e-05
   1.5385228e+03   8.8627842e-05
   1.5408474e+03   8.7796552e-05
   1.5431721e+03   8.6973058e-05
   1.5454967e+03   8.6157288e-05
   1.5478213e+03   8.5349170e-05
   1.5501459e+03   8.4548631e-05
   1.5524706e+03   8.3755602e-05
   1.5547952e+03   8.2970010e-05
   1.5571198e+03   8.2191787e-05
   1.5594444e+03   8.1420864e-05
   1.5617691e+03   8.0657171e-05
   1.5640937e+03   7.9900642e-05
   1.5664183e+03   7.9151208e-05
   1.5687429e+03   7.8408804e-05
   1.5710676e+03   7.7673363e-05
   1.5733922e+03   7.6944821e-05
   1.5757168e+03   7.6223112e-05
   1.5780414e+03   7.5508172e-05
   1.5803661e+03   7.4799938e-05
   1.5826907e+03   7.4098347e-05
   1.5850153e+03   7.3403336e-05
   1.5873399e+03   7.2714844e-05
   1.5896646e+03   7.2032811e-05
   1.5919892e+03   7.1357174e-05
   1.5943138e+03   7.0687874e-05
   1.5966384e+03   7.0024853e-05
   1.5989631e+03   6.9368050e-05
   1.6012877e+03   6.8717407e-05
   1.6036123e+03   6.8072868e-05
   1.6059369e+03   6.7434374e-05
   1.6082616e+03   6.6801868e-05
   1.6105862e+03   6.6175296e-05
   1.6129108e+03   6.5554600e-05
   1.6152354e+03   6.4939726e-05
   1.6175601e+03   6.4330619e-05
   1.6198847e+03   6.3727226e-05
   1.6222093e+03   6.3129492e-05
   1.6245339e+03   6.2537365e-05
   1.6268586e+03   6.1950791e-05
   1.6291832e+03   6.1369719e-05
   1.6315078e+03   6.0794098e-05
   1.6338324e+03   6.0223876e-05
   1.6361571e+03   5.9659002e-05
   1.6384817e+03   5.9099426e-05
   1.6408063e+03   5.8545099e-05
   1.6431309e+03   5.7995971e-05
   1.6454556e+03   5.7451994e-05
   1.6477802e+03   5.6913119e-05
   1.6501048e+03   5.6379298e-05
   1.6524294e+03   5.5850485e-05
   1.6547541e+03   5.5326632e-05
   1.6570787e+03   5.4807692e-05
   1.6594033e+03   5.4293619e-05
   1.6617279e+03   5.3784368e-05
   1.6640526e+03   5.3279894e-05
   1.6663772e+03   5.2780152e-05
   1.6687018e+03   5.2285097e-05
   1.6710264e+03   5.1794685e-05
   1.6733511e+03   5.1308873e-05
   1.6756757e+03   5.0827618e-05
   1.6780003e+03   5.0350877e-05
   1.6803249e+03   4.9878608e-05
   1.6826495e+03   4.9410768e-05
   1.6849742e+03   4.8947316e-05
   1.6872988e+03   4.8488211e-05
   1.6896234e+03   4.8033413e-05
   1.6919480e+03   4.7582880e-05
   1.6942727e+03   4.7136573e-05
   1.6965973e+03   4.6694453e-05
   1.6989219e+03   4.6256479e-05
   1.7012465e+03   4.5822613e-05
   1.7035712e+03   4.5392817e-05
   1.7058958e+03   4.4967052e-05
   1.7082204e+03   4.4545280e-05
   1.7105450e+03   4.4127465e-05
   1.7128697e+03   4.3713568e-05
   1.7151943e+03   4.3303554e-05
   1.7175189e+03   4.2897385e-05
   1.7198435e+03   4.2495026e-05
   1.7221682e+03   4.2096441e-05
   1.7244928e+03   4.1701595e-05
   1.7268174e+03   4.1310452e-05
   1.7291420e+03   4.0922977e-05
   1.7314667e+03   4.0539137e-05
   1.7337913e+03   4.0158898e-05
   1.7361159e+03   3.9782225e-05
   1.7384405e+03   3.9409085e-05
   1.7407652e+03   3.9039444e-05
   1.7430898e+03   3.8673271e-05
   1.7454144e+03   3.8310533e-05
   1.7477390e+03   3.7951196e-05
   1.7500637e+03   3.7595231e-05
   1.7523883e+03   3.7242604e-05
   1.7547129e+03   3.6893284e-05
   1.7570375e+03   3.6547241e-05
   1.7593622e+03   3.6204444e-05
   1.7616868e+03   3.5864861e-05
   1.7640114e+03   3.5528465e-05
   1.7663360e+03   3.5195223e-05
   1.7686607e+03   3.4865107e-05
   1.7709853e+03   3.4538087e-05
   1.7733099e+03   3.4214135e-05
   1.7756345e+03   3.3893221e-05
   1.7779592e+03   3.3575317e-05
   1.7802838e+03   3.3260395e-05
   1.7826084e+03   3.2948427e-05
   1.7849330e+03   3.2639385e-05
   1.7872577e+03   3.2333242e-05
   1.7895823e+03   3.2029970e-05
   1.7919069e+03   3.1729543e-05
   1.7942315e+03   3.1431933e-05
   1.7965562e+03   3.1137115e-05
   1.7988808e+03   3.0845063e-05
   1.8012054e+03   3.0555749e-05
   1.8035300e+03   3.0269149e-05
   1.8058547e+03   2.9985238e-05
   1.8081793e+03   2.9703989e-05
   1.8105039e+03   2.9425379e-05
   1.8128285e+03   2.9149381e-05
   1.8151532e+03   2.8875973e-05
   1.8174778e+03   2.8605129e-05
   1.8198024e+03   2.8336825e-05
   1.8221270e+03   2.8071038e-05
   1.8244517e+03   2.7807743e-05
   1.8267763e+03   2.7546919e-05
   1.8291009e+03   2.7288540e-05
   1.8314255e+03   2.7032586e-05
   1.8337502e+03   2.6779032e-05
   1.8360748e+03   2.6527856e-05
   1.8383994e+03   2.6279036e-05
   1.8407240e+03   2.6032550e-05
   1.8430486e+03   2.5788376e-05
   1.8453733e+03   2.5546492e-05
   1.8476979e+03   2.5306877e-05
   1.8500225e+03   2.5069510e-05
   1.8523471e+03   2.4834368e-05
   1.8546718e+03   2.4601433e-05
   1.8569964e+03   2.4370682e-05
   1.8593210e+03   2.4142095e-05
   1.8616456e+03   2.3915653e-05
   1.8639703e+03   2.3691334e-05
   1.8662949e+03   2.3469120e-05
   1.8686195e+03   2.3248990e-05
   1.8709441e+03   2.3030924e-05
   1.8732688e+03   2.2814904e-05
   1.8755934e+03   2.2600910e-05
   1.8779180e+03   2.2388923e-05
   1.8802426e+03   2.2178925e-05
   1.8825673e+03   2.1970896e-05
   1.8848919e+03   2.1764819e-05
   1.8872165e+03   2.1560674e-05
   1.8895411e+03   2.1358444e-05
   1.8918658e+03   2.1158111e-05
   1.8941904e+03   2.0959657e-05
   1.8965150e+03   2.0763065e-05
   1.8988396e+03   2.0568316e-05
   1.9011643e+03   2.0375394e-05
   1.9034889e+03   2.0184282e-05
   1.9058135e+03   1.9994962e-05
   1.9081381e+03   1.9807418e-05
   1.9104628e+03   1.9621633e-05
   1.9127874e+03   1.9437590e-05
   1.9151120e+03   1.9255274e-05
   1.9174366e+03   1.9074668e-05
   1.9197613e+03   1.8895756e-05
   1.9220859e+03   1.8718522e-05
   1.9244105e+03   1.8542950e-05
   1.9267351e+03   1.8369025e-05
   1.9290598e+03   1.8196732e-05
   1.9313844e+03   1.8026054e-05
   1.9337090e+03   1.7856978e-05
   1.9360336e+03   1.7689487e-05
   1.9383583e+03   1.7523567e-05
   1.9406829e+03   1.7359204e-05
   1.9430075e+03   1.7196382e-05
   1.9453321e+03   1.7035087e-05
   1.9476568e+03   1.6875305e-05
   1.9499814e+03   1.6717022e-05
   1.9523060e+03   1.6560224e-05
   1.9546306e+03   1.6404896e-05
   1.9569553e+03   1.6251025e-05
   1.9592799e+03   1.6098598e-05
   1.9616045e+03   1.5947600e-05
   1.9639291e+03   1.5798018e-05
   1.9662538e+03   1.5649840e-05
   1.9685784e+03   1.5503051e-05
   1.9709030e+03   1.5357639e-05
   1.9732276e+03   1.5213591e-05
   1.9755523e+03   1.5070894e-05
   1.9778769e+03   1.4929535e-05
   1.9802015e+03   1.4789503e-05
   1.9825261e+03   1.4650784e-05
   1.9848508e+03   1.4513366e-05
   1.9871754e+03   1.4377237e-05
   1.9895000e+03   1.4242384e-05
   1.9918246e+03   1.4108797e-05
   1.9941492e+03   1.3976462e-05
   1.9964739e+03   1.3845369e-05
   1.9987985e+03   1.3715506e-05
   2.0011231e+03   1.3586860e-05
   2.0034477e+03   1.3459421e-05
   2.0057724e+03   1.3333178e-05
   2.0080970e+03   1.3208118e-05
   2.0104216e+03   1.3084232e-05
   2.0127462e+03   1.2961507e-05
   2.0150709e+03   1.2839934e-05
   2.0173955e+03   1.2719501e-05
   2.0197201e+03   1.2600198e-05
   2.0220447e+03   1.2482013e-05
   2.0243694e+03   1.2364937e-05
   2.0266940e+03   1.2248959e-05
   2.0290186e+03   1.2134070e-05
   2.0313432e+03   1.2020257e-05
   2.0336679e+03   1.1907512e-05
   2.0359925e+03   1.1795825e-05
   2.0383171e+03   1.1685185e-05
   2.0406417e+03   1.1575583e-05
   2.0429664e+03   1.1467009e-05
   2.0452910e+03   1.1359454e-05
   2.0476156e+03   1.1252907e-05
   2.0499402e+03   1.1147360e-05
   2.0522649e+03   1.1042802e-05
   2.0545895e+03   1.0939225e-05
   2.0569141e+03   1.0836620e-05
   2.0592387e+03   1.0734977e-05
   2.0615634e+03   1.0634288e-05
   2.0638880e+03   1.0534543e-05
   2.0662126e+03   1.0435733e-05
   2.0685372e+03   1.0337851e-05
   2.0708619e+03   1.0240886e-05
   2.0731865e+03   1.0144831e-05
   2.0755111e+03   1.0049677e-05
   2.0778357e+03   9.9554153e-06
   2.0801604e+03   9.8620378e-06
   2.0824850e+03   9.7695361e-06
   2.0848096e+03   9.6779021e-06
   2.0871342e+03   9.5871275e-06
   2.0894589e+03   9.4972044e-06
   2.0917835e+03   9.4081247e-06
   2.0941081e+03   9.3198806e-06
   2.0964327e+03   9.2324641e-06
   2.0987574e+03   9.1458676e-06
   2.1010820e+03   9.0600833e-06
   2.1034066e+03   8.9751036e-06
   2.1057312e+03   8.8909210e-06
   2.1080559e+03   8.8075280e-06
   2.1103805e+03   8.7249172e-06
   2.1127051e+03   8.6430813e-06
   2.1150297e+03   8.5620129e-06
   2.1173544e+03   8.4817049e-06
   2.1196790e+03   8.4021502e-06
   2.1220036e+03   8.3233416e-06
   2.1243282e+03   8.2452723e-06
   2.1266529e+03   8.1679352e-06
   2.1289775e+03   8.0913235e-06
   2.1313021e+03   8.0154304e-06
   2.1336267e+03   7.9402491e-06
   2.1359514e+03   7.8657730e-06
   2.1382760e+03   7.7919954e-06
   2.1406006e+03   7.7189099e-06
   2.1429252e+03   7.6465098e-06
   2.1452498e+03   7.5747889e-06
   2.1475745e+03   7.5037406e-06
   2.1498991e+03   7.4333588e-06
   2.1522237e+03   7.3636371e-06
   2.1545483e+03   7.2945693e-06
   2.1568730e+03   7.2261494e-06
   2.1591976e+03   7.1583712e-06
   2.1615222e+03   7.0912288e-06
   2.1638468e+03   7.0247161e-06
   2.1661715e+03   6.9588273e-06
   2.1684961e+03   6.8935565e-06
   2.1708207e+03   6.8288980e-06
   2.1731453e+03   6.7648458e-06
   2.1754700e+03   6.7013945e-06
   2.1777946e+03   6.6385383e-06
   2.1801192e+03   6.5762717e-06
   2.1824438e+03   6.5145891e-06
   2.1847685e+03   6.4534851e-06
   2.1870931e+03   6.3929542e-06
   2.1894177e+03   6.3329910e-06
   2.1917423e+03   6.2735903e-06
   2.1940670e+03   6.2147467e-06
   2.1963916e+03   6.1564551e-06
   2.1987162e+03   6.0987102e-06
   2.2010408e+03   6.0415069e-06
   2.2033655e+03   5.9848402e-06
   2.2056901e+03   5.9287050e-06
   2.2080147e+03   5.8730963e-06
   2.2103393e+03   5.8180092e-06
   2.2126640e+03   5.7634387e-06
   2.2149886e+03   5.7093802e-06
   2.2173132e+03   5.6558287e-06
   2.2196378e+03   5.6027794e-06
   2.2219625e+03   5.5502278e-06
   2.2242871e+03   5.4981690e-06
   2.2266117e+03   5.4465986e-06
   2.2289363e+03   5.3955118e-06
   2.2312610e+03   5.3449043e-06
   2.2335856e+03   5.2947714e-06
   2.2359102e+03   5.2451087e-06
   2.2382348e+03   5.1959118e-06
   2.2405595e+03   5.1471764e-06
   2.2428841e+03   5.0988981e-06
   2.2452087e+03   5.0510727e-06
   2.2475333e+03   5.0036958e-06
   2.2498580e+03   4.9567633e-06
   2.2521826e+03   4.9102710e-06
   2.2545072e+03   4.8642148e-06
   2.2568318e+03   4.8185905e-06
   2.2591565e+03   4.7733942e-06
   2.2614811e+03   4.7286218e-06
   2.2638057e+03   4.6842694e-06
   2.2661303e+03   4.6403330e-06
   2.2684550e+03   4.5968087e-06
   2.2707796e+03   4.5536926e-06
   2.2731042e+03   4.5109809e-06
   2.2754288e+03   4.4686699e-06
   2.2777535e+03   4.4267557e-06
   2.2800781e+03   4.3852346e-06
   2.2824027e+03   4.3441030e-06
   2.2847273e+03   4.3033572e-06
   2.2870520e+03   4.2629935e-06
   2.2893766e+03   4.2230085e-06
   2.2917012e+03   4.1833985e-06
   2.2940258e+03   4.1441600e-06
   2.2963505e+03   4.1052896e-06
   2.2986751e+03   4.0667838e-06
   2.3009997e+03   4.0286391e-06
   2.3033243e+03   3.9908522e-06
   2.3056489e+03   3.9534197e-06
   2.3079736e+03   3.9163383e-06
   2.3102982e+03   3.8796048e-06
   2.3126228e+03   3.8432158e-06
   2.3149474e+03   3.8071681e-06
   2.3172721e+03   3.7714585e-06
   2.3195967e+03   3.7360838e-06
   2.3219213e+03   3.7010410e-06
   2.3242459e+03   3.6663268e-06
   2.3265706e+03   3.6319382e-06
   2.3288952e+03   3.5978722e-06
   2.3312198e+03   3.5641257e-06
   2.3335444e+03   3.5306958e-06
   2.3358691e+03   3.4975794e-06
   2.3381937e+03   3.4647736e-06
   2.3405183e+03   3.4322755e-06
   2.3428429e+03   3.4000822e-06
   2.3451676e+03   3.3681909e-06
   2.3474922e+03   3.3365987e-06
   2.3498168e+03   3.3053029e-06
   2.3521414e+03   3.2743006e-06
   2.3544661e+03   3.2435891e-06
   2.3567907e+03   3.2131656e-06
   2.3591153e+03   3.1830275e-06
   2.3614399e+03   3.1531721e-06
   2.3637646e+03   3.1235967e-06
   2.3660892e+03   3.0942987e-06
   2.3684138e+03   3.0652755e-06
   2.3707384e+03   3.0365245e-06
   2.3730631e+03   3.0080432e-06
   2.3753877e+03   2.9798291e-06
   2.3777123e+03   2.9518796e-06
   2.3800369e+03   2.9241922e-06
   2.3823616e+03   2.8967646e-06
   2.3846862e+03   2.8695942e-06
   2.3870108e+03   2.8426786e-06
   2.3893354e+03   2.8160155e-06
   2.3916601e+03   2.7896025e-06
   2.3939847e+03   2.7634372e-06
   2.3963093e+03   2.7375174e-06
   2.3986339e+03   2.7118406e-06
   2.4009586e+03   2.6864048e-06
   2.4032832e+03   2.6612074e-06
   2.4056078e+03   2.6362465e-06
   2.4079324e+03   2.6115196e-06
   2.4102571e+03   2.5870247e-06
   2.4125817e+03   2.5627595e-06
   2.4149063e+03   2.5387219e-06
   2.4172309e+03   2.5149098e-06
   2.4195556e+03   2.4913210e-06
   2.4218802e+03   2.4679535e-06
   2.4242048e+03   2.4448052e-06
   2.4265294e+03   2.4218740e-06
   2.4288541e+03   2.3991578e-06
   2.4311787e+03   2.3766548e-06
   2.4335033e+03   2.3543628e-06
   2.4358279e+03   2.3322799e-06
   2.4381526e+03   2.3104041e-06
   2.4404772e+03   2.2887335e-06
   2.4428018e+03   2.2672662e-06
   2.4451264e+03   2.2460002e-06
   2.4474511e+03   2.2249337e-06
   2.4497757e+03   2.2040648e-06
   2.4521003e+03   2.1833916e-06
   2.4544249e+03   2.1629123e-06
   2.4567495e+03   2.1426251e-06
   2.4590742e+03   2.1225282e-06
   2.4613988e+03   2.1026198e-06
   2.4637234e+03   2.0828982e-06
   2.4660480e+03   2.0633615e-06
   2.4683727e+03   2.0440080e-06
   2.4706973e+03   2.0248361e-06
   2.4730219e+03   2.0058440e-06
   2.4753465e+03   1.9870301e-06
   2.4776712e+03   1.9683926e-06
   2.4799958e+03   1.9499299e-06
   2.4823204e+03   1.9316404e-06
   2.4846450e+03   1.9135225e-06
   2.4869697e+03   1.8955744e-06
   2.4892943e+03   1.8777948e-06
   2.4916189e+03   1.8601819e-06
   2.4939435e+03   1.8427342e-06
   2.4962682e+03   1.8254501e-06
   2.4985928e+03   1.8083282e-06
   2.5009174e+03   1.7913668e-06
   2.5032420e+03   1.7745646e-06
   2.5055667e+03   1.7579199e-06
   2.5078913e+03   1.7414314e-06
   2.5102159e+03   1.7250975e-06
   2.5125405e+03   1.7089169e-06
   2.5148652e+03   1.6928880e-06
   2.5171898e+03   1.6770094e-06
   2.5195144e+03   1.6612798e-06
   2.5218390e+03   1.6456977e-06
   2.5241637e+03   1.6302618e-06
   2.5264883e+03   1.6149706e-06
   2.5288129e+03   1.5998229e-06
   2.5311375e+03   1.5848172e-06
   2.5334622e+03   1.5699523e-06
   2.5357868e+03   1.5552269e-06
   2.5381114e+03   1.5406395e-06
   2.5404360e+03   1.5261890e-06
   2.5427607e+03   1.5118740e-06
   2.5450853e+03   1.4976932e-06
   2.5474099e+03   1.4836455e-06
   2.5497345e+03   1.4697296e-06
   2.5520592e+03   1.4559441e-06
   2.5543838e+03   1.4422880e-06
   2.5567084e+03   1.4287600e-06
   2.5590330e+03   1.4153588e-06
   2.5613577e+03   1.4020834e-06
   2.5636823e+03   1.3889324e-06
   2.5660069e+03   1.3759048e-06
   2.5683315e+03   1.3629995e-06
   2.5706562e+03   1.3502151e-06
   2.5729808e+03   1.3375507e-06
   2.5753054e+03   1.3250050e-06
   2.5776300e+03   1.3125771e-06
   2.5799547e+03   1.3002656e-06
   2.5822793e+03   1.2880697e-06
   2.5846039e+03   1.2759882e-06
   2.5869285e+03   1.2640200e-06
   2.5892532e+03   1.2521640e-06
   2.5915778e+03   1.2404192e-06
   2.5939024e+03   1.2287846e-06
   2.5962270e+03   1.2172592e-06
   2.5985517e+03   1.2058418e-06
   2.6008763e+03   1.1945315e-06
   2.6032009e+03   1.1833273e-06
   2.6055255e+03   1.1722282e-06
   2.6078502e+03   1.1612332e-06
   2.6101748e+03   1.1503414e-06
   2.6124994e+03   1.1395517e-06
   2.6148240e+03   1.1288632e-06
   2.6171486e+03   1.1182749e-06
   2.6194733e+03   1.1077860e-06
   2.6217979e+03   1.0973954e-06
   2.6241225e+03   1.0871023e-06
   2.6264471e+03   1.0769058e-06
   2.6287718e+03   1.0668049e-06
   2.6310964e+03   1.0567987e-06
   2.6334210e+03   1.0468864e-06
   2.6357456e+03   1.0370670e-06
   2.6380703e+03   1.0273398e-06
   2.6403949e+03   1.0177038e-06
   2.6427195e+03   1.0081582e-06
   2.6450441e+03   9.9870209e-07
   2.6473688e+03   9.8933469e-07
   2.6496934e+03   9.8005516e-07
   2.6520180e+03   9.7086266e-07
   2.6543426e+03   9.6175639e-07
   2.6566673e+03   9.5273553e-07
   2.6589919e+03   9.4379928e-07
   2.6613165e+03   9.3494685e-07
   2.6636411e+03   9.2617746e-07
   2.6659658e+03   9.1749031e-07
   2.6682904e+03   9.0888465e-07
   2.6706150e+03   9.0035970e-07
   2.6729396e+03   8.9191472e-07
   2.6752643e+03   8.8354894e-07
   2.6775889e+03   8.7526163e-07
   2.6799135e+03   8.6705206e-07
   2.6822381e+03   8.5891948e-07
   2.6845628e+03   8.5086319e-07
   2.6868874e+03   8.4288246e-07
   2.6892120e+03   8.3497659e-07
   2.6915366e+03   8.2714487e-07
   2.6938613e+03   8.1938660e-07
   2.6961859e+03   8.1170111e-07
   2.6985105e+03   8.0408770e-07
   2.7008351e+03   7.9654571e-07
   2.7031598e+03   7.8907445e-07
   2.7054844e+03   7.8167328e-07
   2.7078090e+03   7.7434152e-07
   2.7101336e+03   7.6707853e-07
   2.7124583e+03   7.5988366e-07
   2.7147829e+03   7.5275628e-07
   2.7171075e+03   7.4569575e-07
   2.7194321e+03   7.3870145e-07
   2.7217568e+03   7.3177275e-07
   2.7240814e+03   7.2490904e-07
   2.7264060e+03   7.1810970e-07
   2.7287306e+03   7.1137414e-07
   2.7310553e+03   7.0470176e-07
   2.7333799e+03   6.9809196e-07
   2.7357045e+03   6.9154416e-07
   2.7380291e+03   6.8505777e-07
   2.7403538e+03   6.7863223e-07
   2.7426784e+03   6.7226695e-07
   2.7450030e+03   6.6596138e-07
   2.7473276e+03   6.5971495e-07
   2.7496523e+03   6.5352710e-07
   2.7519769e+03   6.4739730e-07
   2.7543015e+03   6.4132500e-07
   2.7566261e+03   6.3530964e-07
   2.7589508e+03   6.2935071e-07
   2.7612754e+03   6.2344768e-07
   2.7636000e+03   6.1760000e-07
