   6.3500000e+02   5.2209523e-05
   6.3914014e+02   5.9471711e-05
   6.4328028e+02   6.7565880e-05
   6.4742042e+02   7.6560400e-05
   6.5156056e+02   8.6525530e-05
   6.5570070e+02   9.7532949e-05
   6.5984084e+02   1.0965522e-04
   6.6398098e+02   1.2296515e-04
   6.6812112e+02   1.3753516e-04
   6.7226126e+02   1.5343647e-04
   6.7640140e+02   1.7073836e-04
   6.8054154e+02   1.8950724e-04
   6.8468168e+02   2.0980580e-04
   6.8882182e+02   2.3169202e-04
   6.9296196e+02   2.5521821e-04
   6.9710210e+02   2.8043007e-04
   7.0124224e+02   3.0736565e-04
   7.0538238e+02   3.3605443e-04
   7.0952252e+02   3.6651639e-04
   7.1366266e+02   3.9876111e-04
   7.1780280e+02   4.3278701e-04
   7.2194294e+02   4.6858055e-04
   7.2608308e+02   5.0611571e-04
   7.3022322e+02   5.4535338e-04
   7.3436336e+02   5.8624108e-04
   7.3850350e+02   6.2871264e-04
   7.4264364e+02   6.7268821e-04
   7.4678378e+02   7.1807428e-04
   7.5092392e+02   7.6476399e-04
   7.5506406e+02   8.1263752e-04
   7.5920420e+02   8.6156273e-04
   7.6334434e+02   9.1139589e-04
   7.6748448e+02   9.6198269e-04
   7.7162462e+02   1.0131593e-03
   7.7576476e+02   1.0647534e-03
   7.7990490e+02   1.1165862e-03
   7.8404505e+02   1.1684730e-03
   7.8818519e+02   1.2202255e-03
   7.9232533e+02   1.2716531e-03
   7.9646547e+02   1.3225646e-03
   8.0060561e+02   1.3727702e-03
   8.0474575e+02   1.4220826e-03
   8.0888589e+02   1.4703193e-03
   8.1302603e+02   1.5173040e-03
   8.1716617e+02   1.5628681e-03
   8.2130631e+02   1.6068520e-03
   8.2544645e+02   1.6491067e-03
   8.2958659e+02   1.6894951e-03
   8.3372673e+02   1.7278926e-03
   8.3786687e+02   1.7641882e-03
   8.4200701e+02   1.7982854e-03
   8.4614715e+02   1.8301024e-03
   8.5028729e+02   1.8595727e-03
   8.5442743e+02   1.8866450e-03
   8.5856757e+02   1.9112833e-03
   8.6270771e+02   1.9334668e-03
   8.6684785e+02   1.9531895e-03
   8.7098799e+02   1.9704594e-03
   8.7512813e+02   1.9852984e-03
   8.7926827e+02   1.9977407e-03
   8.8340841e+02   2.0078330e-03
   8.8754855e+02   2.0156324e-03
   8.9168869e+02   2.0212062e-03
   8.9582883e+02   2.0246304e-03
   8.9996897e+02   2.0259885e-03
   9.0410911e+02   2.0253707e-03
   9.0824925e+02   2.0228724e-03
   9.1238939e+02   2.0185934e-03
   9.1652953e+02   2.0126363e-03
   9.2066967e+02   2.0051062e-03
   9.2480981e+02   1.9961089e-03
   9.2894995e+02   1.9857505e-03
   9.3309009e+02   1.9741364e-03
   9.3723023e+02   1.9613703e-03
   9.4137037e+02   1.9475539e-03
   9.4551051e+02   1.9327861e-03
   9.4965065e+02   1.9171623e-03
   9.5379079e+02   1.9007742e-03
   9.5793093e+02   1.8837093e-03
   9.6207107e+02   1.8660507e-03
   9.6621121e+02   1.8478769e-03
   9.7035135e+02   1.8292616e-03
   9.7449149e+02   1.8102737e-03
   9.7863163e+02   1.7909771e-03
   9.8277177e+02   1.7714310e-03
   9.8691191e+02   1.7516900e-03
   9.9105205e+02   1.7318038e-03
   9.9519219e+02   1.7118180e-03
   9.9933233e+02   1.6917737e-03
   1.0034725e+03   1.6717080e-03
   1.0076126e+03   1.6516542e-03
   1.0117528e+03   1.6316421e-03
   1.0158929e+03   1.6116979e-03
   1.0200330e+03   1.5918450e-03
   1.0241732e+03   1.5721036e-03
   1.0283133e+03   1.5524916e-03
   1.0324535e+03   1.5330242e-03
   1.0365936e+03   1.5137146e-03
   1.0407337e+03   1.4945739e-03
   1.0448739e+03   1.4756116e-03
   1.0490140e+03   1.4568353e-03
   1.0531542e+03   1.4382516e-03
   1.0572943e+03   1.4198655e-03
   1.0614344e+03   1.4016811e-03
   1.0655746e+03   1.3837014e-03
   1.0697147e+03   1.3659285e-03
   1.0738549e+03   1.3483641e-03
   1.0779950e+03   1.3310090e-03
   1.0821351e+03   1.3138633e-03
   1.0862753e+03   1.2969270e-03
   1.0904154e+03   1.2801995e-03
   1.0945556e+03   1.2636799e-03
   1.0986957e+03   1.2473669e-03
   1.1028358e+03   1.2312592e-03
   1.1069760e+03   1.2153552e-03
   1.1111161e+03   1.1996531e-03
   1.1152563e+03   1.1841509e-03
   1.1193964e+03   1.1688467e-03
   1.1235365e+03   1.1537385e-03
   1.1276767e+03   1.1388240e-03
   1.1318168e+03   1.1241011e-03
   1.1359570e+03   1.1095675e-03
   1.1400971e+03   1.0952211e-03
   1.1442372e+03   1.0810596e-03
   1.1483774e+03   1.0670807e-03
   1.1525175e+03   1.0532821e-03
   1.1566577e+03   1.0396617e-03
   1.1607978e+03   1.0262172e-03
   1.1649379e+03   1.0129463e-03
   1.1690781e+03   9.9984691e-04
   1.1732182e+03   9.8691681e-04
   1.1773584e+03   9.7415383e-04
   1.1814985e+03   9.6155583e-04
   1.1856386e+03   9.4912070e-04
   1.1897788e+03   9.3684635e-04
   1.1939189e+03   9.2473070e-04
   1.1980591e+03   9.1277171e-04
   1.2021992e+03   9.0096736e-04
   1.2063393e+03   8.8931565e-04
   1.2104795e+03   8.7781462e-04
   1.2146196e+03   8.6646232e-04
   1.2187598e+03   8.5525683e-04
   1.2228999e+03   8.4419625e-04
   1.2270400e+03   8.3327870e-04
   1.2311802e+03   8.2250234e-04
   1.2353203e+03   8.1186535e-04
   1.2394605e+03   8.0136591e-04
   1.2436006e+03   7.9100226e-04
   1.2477407e+03   7.8077264e-04
   1.2518809e+03   7.7067531e-04
   1.2560210e+03   7.6070856e-04
   1.2601612e+03   7.5087071e-04
   1.2643013e+03   7.4116008e-04
   1.2684414e+03   7.3157504e-04
   1.2725816e+03   7.2211396e-04
   1.2767217e+03   7.1277523e-04
   1.2808619e+03   7.0355727e-04
   1.2850020e+03   6.9445853e-04
   1.2891421e+03   6.8547745e-04
   1.2932823e+03   6.7661253e-04
   1.2974224e+03   6.6786224e-04
   1.3015626e+03   6.5922513e-04
   1.3057027e+03   6.5069971e-04
   1.3098428e+03   6.4228454e-04
   1.3139830e+03   6.3397820e-04
   1.3181231e+03   6.2577929e-04
   1.3222633e+03   6.1768641e-04
   1.3264034e+03   6.0969819e-04
   1.3305435e+03   6.0181327e-04
   1.3346837e+03   5.9403033e-04
   1.3388238e+03   5.8634804e-04
   1.3429640e+03   5.7876510e-04
   1.3471041e+03   5.7128023e-04
   1.3512442e+03   5.6389216e-04
   1.3553844e+03   5.5659963e-04
   1.3595245e+03   5.4940141e-04
   1.3636647e+03   5.4229629e-04
   1.3678048e+03   5.3528305e-04
   1.3719449e+03   5.2836051e-04
   1.3760851e+03   5.2152749e-04
   1.3802252e+03   5.1478285e-04
   1.3843654e+03   5.0812542e-04
   1.3885055e+03   5.0155410e-04
   1.3926456e+03   4.9506776e-04
   1.3967858e+03   4.8866530e-04
   1.4009259e+03   4.8234564e-04
   1.4050661e+03   4.7610771e-04
   1.4092062e+03   4.6995046e-04
   1.4133463e+03   4.6387283e-04
   1.4174865e+03   4.5787380e-04
   1.4216266e+03   4.5195235e-04
   1.4257668e+03   4.4610749e-04
   1.4299069e+03   4.4033821e-04
   1.4340470e+03   4.3464354e-04
   1.4381872e+03   4.2902252e-04
   1.4423273e+03   4.2347419e-04
   1.4464675e+03   4.1799762e-04
   1.4506076e+03   4.1259187e-04
   1.4547477e+03   4.0725603e-04
   1.4588879e+03   4.0198920e-04
   1.4630280e+03   3.9679048e-04
   1.4671682e+03   3.9165899e-04
   1.4713083e+03   3.8659386e-04
   1.4754484e+03   3.8159425e-04
   1.4795886e+03   3.7665928e-04
   1.4837287e+03   3.7178814e-04
   1.4878689e+03   3.6698000e-04
   1.4920090e+03   3.6223403e-04
   1.4961491e+03   3.5754945e-04
   1.5002893e+03   3.5292544e-04
   1.5044294e+03   3.4836124e-04
   1.5085696e+03   3.4385606e-04
   1.5127097e+03   3.3940915e-04
   1.5168498e+03   3.3501974e-04
   1.5209900e+03   3.3068711e-04
   1.5251301e+03   3.2641050e-04
   1.5292703e+03   3.2218920e-04
   1.5334104e+03   3.1802249e-04
   1.5375506e+03   3.1390967e-04
   1.5416907e+03   3.0985004e-04
   1.5458308e+03   3.0584291e-04
   1.5499710e+03   3.0188760e-04
   1.5541111e+03   2.9798344e-04
   1.5582513e+03   2.9412977e-04
   1.5623914e+03   2.9032595e-04
   1.5665315e+03   2.8657131e-04
   1.5706717e+03   2.8286523e-04
   1.5748118e+03   2.7920708e-04
   1.5789520e+03   2.7559624e-04
   1.5830921e+03   2.7203209e-04
   1.5872322e+03   2.6851404e-04
   1.5913724e+03   2.6504149e-04
   1.5955125e+03   2.6161384e-04
   1.5996527e+03   2.5823052e-04
   1.6037928e+03   2.5489096e-04
   1.6079329e+03   2.5159459e-04
   1.6120731e+03   2.4834084e-04
   1.6162132e+03   2.4512918e-04
   1.6203534e+03   2.4195905e-04
   1.6244935e+03   2.3882992e-04
   1.6286336e+03   2.3574125e-04
   1.6327738e+03   2.3269253e-04
   1.6369139e+03   2.2968324e-04
   1.6410541e+03   2.2671286e-04
   1.6451942e+03   2.2378090e-04
   1.6493343e+03   2.2088686e-04
   1.6534745e+03   2.1803024e-04
   1.6576146e+03   2.1521057e-04
   1.6617548e+03   2.1242736e-04
   1.6658949e+03   2.0968015e-04
   1.6700350e+03   2.0696846e-04
   1.6741752e+03   2.0429185e-04
   1.6783153e+03   2.0164984e-04
   1.6824555e+03   1.9904201e-04
   1.6865956e+03   1.9646790e-04
   1.6907357e+03   1.9392708e-04
   1.6948759e+03   1.9141913e-04
   1.6990160e+03   1.8894360e-04
   1.7031562e+03   1.8650009e-04
   1.7072963e+03   1.8408818e-04
   1.7114364e+03   1.8170746e-04
   1.7155766e+03   1.7935753e-04
   1.7197167e+03   1.7703799e-04
   1.7238569e+03   1.7474845e-04
   1.7279970e+03   1.7248852e-04
   1.7321371e+03   1.7025781e-04
   1.7362773e+03   1.6805596e-04
   1.7404174e+03   1.6588258e-04
   1.7445576e+03   1.6373730e-04
   1.7486977e+03   1.6161977e-04
   1.7528378e+03   1.5952963e-04
   1.7569780e+03   1.5746651e-04
   1.7611181e+03   1.5543008e-04
   1.7652583e+03   1.5341998e-04
   1.7693984e+03   1.5143588e-04
   1.7735385e+03   1.4947744e-04
   1.7776787e+03   1.4754432e-04
   1.7818188e+03   1.4563621e-04
   1.7859590e+03   1.4375277e-04
   1.7900991e+03   1.4189369e-04
   1.7942392e+03   1.4005865e-04
   1.7983794e+03   1.3824734e-04
   1.8025195e+03   1.3645946e-04
   1.8066597e+03   1.3469470e-04
   1.8107998e+03   1.3295276e-04
   1.8149399e+03   1.3123335e-04
   1.8190801e+03   1.2953618e-04
   1.8232202e+03   1.2786096e-04
   1.8273604e+03   1.2620740e-04
   1.8315005e+03   1.2457522e-04
   1.8356406e+03   1.2296415e-04
   1.8397808e+03   1.2137392e-04
   1.8439209e+03   1.1980425e-04
   1.8480611e+03   1.1825489e-04
   1.8522012e+03   1.1672556e-04
   1.8563413e+03   1.1521601e-04
   1.8604815e+03   1.1372598e-04
   1.8646216e+03   1.1225522e-04
   1.8687618e+03   1.1080348e-04
   1.8729019e+03   1.0937051e-04
   1.8770420e+03   1.0795608e-04
   1.8811822e+03   1.0655994e-04
   1.8853223e+03   1.0518186e-04
   1.8894625e+03   1.0382159e-04
   1.8936026e+03   1.0247892e-04
   1.8977427e+03   1.0115361e-04
   1.9018829e+03   9.9845446e-05
   1.9060230e+03   9.8554196e-05
   1.9101632e+03   9.7279645e-05
   1.9143033e+03   9.6021578e-05
   1.9184434e+03   9.4779780e-05
   1.9225836e+03   9.3554042e-05
   1.9267237e+03   9.2344155e-05
   1.9308639e+03   9.1149916e-05
   1.9350040e+03   8.9971121e-05
   1.9391441e+03   8.8807571e-05
   1.9432843e+03   8.7659068e-05
   1.9474244e+03   8.6525418e-05
   1.9515646e+03   8.5406429e-05
   1.9557047e+03   8.4301912e-05
   1.9598448e+03   8.3211679e-05
   1.9639850e+03   8.2135545e-05
   1.9681251e+03   8.1073328e-05
   1.9722653e+03   8.0024848e-05
   1.9764054e+03   7.8989928e-05
   1.9805455e+03   7.7968392e-05
   1.9846857e+03   7.6960067e-05
   1.9888258e+03   7.5964782e-05
   1.9929660e+03   7.4982368e-05
   1.9971061e+03   7.4012660e-05
   2.0012462e+03   7.3055492e-05
   2.0053864e+03   7.2110703e-05
   2.0095265e+03   7.1178132e-05
   2.0136667e+03   7.0257622e-05
   2.0178068e+03   6.9349016e-05
   2.0219469e+03   6.8452161e-05
   2.0260871e+03   6.7566904e-05
   2.0302272e+03   6.6693096e-05
   2.0343674e+03   6.5830589e-05
   2.0385075e+03   6.4979236e-05
   2.0426476e+03   6.4138893e-05
   2.0467878e+03   6.3309417e-05
   2.0509279e+03   6.2490669e-05
   2.0550681e+03   6.1682509e-05
   2.0592082e+03   6.0884801e-05
   2.0633483e+03   6.0097409e-05
   2.0674885e+03   5.9320200e-05
   2.0716286e+03   5.8553043e-05
   2.0757688e+03   5.7795806e-05
   2.0799089e+03   5.7048363e-05
   2.0840490e+03   5.6310586e-05
   2.0881892e+03   5.5582350e-05
   2.0923293e+03   5.4863532e-05
   2.0964695e+03   5.4154010e-05
   2.1006096e+03   5.3453664e-05
   2.1047497e+03   5.2762375e-05
   2.1088899e+03   5.2080026e-05
   2.1130300e+03   5.1406502e-05
   2.1171702e+03   5.0741688e-05
   2.1213103e+03   5.0085472e-05
   2.1254505e+03   4.9437742e-05
   2.1295906e+03   4.8798390e-05
   2.1337307e+03   4.8167305e-05
   2.1378709e+03   4.7544382e-05
   2.1420110e+03   4.6929515e-05
   2.1461512e+03   4.6322600e-05
   2.1502913e+03   4.5723533e-05
   2.1544314e+03   4.5132214e-05
   2.1585716e+03   4.4548543e-05
   2.1627117e+03   4.3972419e-05
   2.1668519e+03   4.3403746e-05
   2.1709920e+03   4.2842428e-05
   2.1751321e+03   4.2288369e-05
   2.1792723e+03   4.1741475e-05
   2.1834124e+03   4.1201654e-05
   2.1875526e+03   4.0668814e-05
   2.1916927e+03   4.0142865e-05
   2.1958328e+03   3.9623718e-05
   2.1999730e+03   3.9111285e-05
   2.2041131e+03   3.8605479e-05
   2.2082533e+03   3.8106214e-05
   2.2123934e+03   3.7613406e-05
   2.2165335e+03   3.7126971e-05
   2.2206737e+03   3.6646827e-05
   2.2248138e+03   3.6172893e-05
   2.2289540e+03   3.5705087e-05
   2.2330941e+03   3.5243332e-05
   2.2372342e+03   3.4787548e-05
   2.2413744e+03   3.4337658e-05
   2.2455145e+03   3.3893587e-05
   2.2496547e+03   3.3455259e-05
   2.2537948e+03   3.3022599e-05
   2.2579349e+03   3.2595535e-05
   2.2620751e+03   3.2173993e-05
   2.2662152e+03   3.1757904e-05
   2.2703554e+03   3.1347195e-05
   2.2744955e+03   3.0941798e-05
   2.2786356e+03   3.0541643e-05
   2.2827758e+03   3.0146664e-05
   2.2869159e+03   2.9756793e-05
   2.2910561e+03   2.9371963e-05
   2.2951962e+03   2.8992111e-05
   2.2993363e+03   2.8617171e-05
   2.3034765e+03   2.8247080e-05
   2.3076166e+03   2.7881775e-05
   2.3117568e+03   2.7521194e-05
   2.3158969e+03   2.7165277e-05
   2.3200370e+03   2.6813962e-05
   2.3241772e+03   2.6467191e-05
   2.3283173e+03   2.6124904e-05
   2.3324575e+03   2.5787044e-05
   2.3365976e+03   2.5453554e-05
   2.3407377e+03   2.5124376e-05
   2.3448779e+03   2.4799455e-05
   2.3490180e+03   2.4478737e-05
   2.3531582e+03   2.4162166e-05
   2.3572983e+03   2.3849689e-05
   2.3614384e+03   2.3541253e-05
   2.3655786e+03   2.3236806e-05
   2.3697187e+03   2.2936296e-05
   2.3738589e+03   2.2639673e-05
   2.3779990e+03   2.2346886e-05
   2.3821391e+03   2.2057885e-05
   2.3862793e+03   2.1772622e-05
   2.3904194e+03   2.1491048e-05
   2.3945596e+03   2.1213115e-05
   2.3986997e+03   2.0938777e-05
   2.4028398e+03   2.0667986e-05
   2.4069800e+03   2.0400698e-05
   2.4111201e+03   2.0136866e-05
   2.4152603e+03   1.9876446e-05
   2.4194004e+03   1.9619394e-05
   2.4235405e+03   1.9365667e-05
   2.4276807e+03   1.9115221e-05
   2.4318208e+03   1.8868013e-05
   2.4359610e+03   1.8624003e-05
   2.4401011e+03   1.8383148e-05
   2.4442412e+03   1.8145409e-05
   2.4483814e+03   1.7910743e-05
   2.4525215e+03   1.7679113e-05
   2.4566617e+03   1.7450478e-05
   2.4608018e+03   1.7224800e-05
   2.4649419e+03   1.7002040e-05
   2.4690821e+03   1.6782162e-05
   2.4732222e+03   1.6565127e-05
   2.4773624e+03   1.6350898e-05
   2.4815025e+03   1.6139441e-05
   2.4856426e+03   1.5930718e-05
   2.4897828e+03   1.5724694e-05
   2.4939229e+03   1.5521334e-05
   2.4980631e+03   1.5320605e-05
   2.5022032e+03   1.5122471e-05
   2.5063433e+03   1.4926900e-05
   2.5104835e+03   1.4733858e-05
   2.5146236e+03   1.4543313e-05
   2.5187638e+03   1.4355232e-05
   2.5229039e+03   1.4169583e-05
   2.5270440e+03   1.3986335e-05
   2.5311842e+03   1.3805457e-05
   2.5353243e+03   1.3626918e-05
   2.5394645e+03   1.3450688e-05
   2.5436046e+03   1.3276737e-05
   2.5477447e+03   1.3105036e-05
   2.5518849e+03   1.2935555e-05
   2.5560250e+03   1.2768266e-05
   2.5601652e+03   1.2603141e-05
   2.5643053e+03   1.2440151e-05
   2.5684454e+03   1.2279269e-05
   2.5725856e+03   1.2120467e-05
   2.5767257e+03   1.1963720e-05
   2.5808659e+03   1.1808999e-05
   2.5850060e+03   1.1656279e-05
   2.5891461e+03   1.1505535e-05
   2.5932863e+03   1.1356739e-05
   2.5974264e+03   1.1209869e-05
   2.6015666e+03   1.1064897e-05
   2.6057067e+03   1.0921800e-05
   2.6098468e+03   1.0780554e-05
   2.6139870e+03   1.0641135e-05
   2.6181271e+03   1.0503519e-05
   2.6222673e+03   1.0367682e-05
   2.6264074e+03   1.0233602e-05
   2.6305475e+03   1.0101256e-05
   2.6346877e+03   9.9706220e-06
   2.6388278e+03   9.8416770e-06
   2.6429680e+03   9.7143997e-06
   2.6471081e+03   9.5887683e-06
   2.6512482e+03   9.4647617e-06
   2.6553884e+03   9.3423588e-06
   2.6595285e+03   9.2215389e-06
   2.6636687e+03   9.1022815e-06
   2.6678088e+03   8.9845663e-06
   2.6719489e+03   8.8683736e-06
   2.6760891e+03   8.7536834e-06
   2.6802292e+03   8.6404765e-06
   2.6843694e+03   8.5287337e-06
   2.6885095e+03   8.4184360e-06
   2.6926496e+03   8.3095647e-06
   2.6967898e+03   8.2021013e-06
   2.7009299e+03   8.0960278e-06
   2.7050701e+03   7.9913260e-06
   2.7092102e+03   7.8879783e-06
   2.7133504e+03   7.7859671e-06
   2.7174905e+03   7.6852752e-06
   2.7216306e+03   7.5858855e-06
   2.7257708e+03   7.4877811e-06
   2.7299109e+03   7.3909455e-06
   2.7340511e+03   7.2953622e-06
   2.7381912e+03   7.2010150e-06
   2.7423313e+03   7.1078880e-06
   2.7464715e+03   7.0159653e-06
   2.7506116e+03   6.9252315e-06
   2.7547518e+03   6.8356710e-06
   2.7588919e+03   6.7472688e-06
   2.7630320e+03   6.6600098e-06
   2.7671722e+03   6.5738793e-06
   2.7713123e+03   6.4888627e-06
   2.7754525e+03   6.4049456e-06
   2.7795926e+03   6.3221137e-06
   2.7837327e+03   6.2403531e-06
   2.7878729e+03   6.1596498e-06
   2.7920130e+03   6.0799902e-06
   2.7961532e+03   6.0013608e-06
   2.8002933e+03   5.9237483e-06
   2.8044334e+03   5.8471395e-06
   2.8085736e+03   5.7715215e-06
   2.8127137e+03   5.6968813e-06
   2.8168539e+03   5.6232065e-06
   2.8209940e+03   5.5504845e-06
   2.8251341e+03   5.4787029e-06
   2.8292743e+03   5.4078496e-06
   2.8334144e+03   5.3379127e-06
   2.8375546e+03   5.2688802e-06
   2.8416947e+03   5.2007405e-06
   2.8458348e+03   5.1334820e-06
   2.8499750e+03   5.0670933e-06
   2.8541151e+03   5.0015632e-06
   2.8582553e+03   4.9368806e-06
   2.8623954e+03   4.8730344e-06
   2.8665355e+03   4.8100140e-06
   2.8706757e+03   4.7478085e-06
   2.8748158e+03   4.6864076e-06
   2.8789560e+03   4.6258007e-06
   2.8830961e+03   4.5659775e-06
   2.8872362e+03   4.5069281e-06
   2.8913764e+03   4.4486423e-06
   2.8955165e+03   4.3911103e-06
   2.8996567e+03   4.3343223e-06
   2.9037968e+03   4.2782688e-06
   2.9079369e+03   4.2229401e-06
   2.9120771e+03   4.1683270e-06
   2.9162172e+03   4.1144202e-06
   2.9203574e+03   4.0612105e-06
   2.9244975e+03   4.0086889e-06
   2.9286376e+03   3.9568466e-06
   2.9327778e+03   3.9056748e-06
   2.9369179e+03   3.8551647e-06
   2.9410581e+03   3.8053078e-06
   2.9451982e+03   3.7560957e-06
   2.9493383e+03   3.7075201e-06
   2.9534785e+03   3.6595726e-06
   2.9576186e+03   3.6122452e-06
   2.9617588e+03   3.5655299e-06
   2.9658989e+03   3.5194188e-06
   2.9700390e+03   3.4739039e-06
   2.9741792e+03   3.4289777e-06
   2.9783193e+03   3.3846325e-06
   2.9824595e+03   3.3408608e-06
   2.9865996e+03   3.2976552e-06
   2.9907397e+03   3.2550083e-06
   2.9948799e+03   3.2129129e-06
   2.9990200e+03   3.1713620e-06
   3.0031602e+03   3.1303484e-06
   3.0073003e+03   3.0898652e-06
   3.0114404e+03   3.0499056e-06
   3.0155806e+03   3.0104627e-06
   3.0197207e+03   2.9715299e-06
   3.0238609e+03   2.9331007e-06
   3.0280010e+03   2.8951684e-06
   3.0321411e+03   2.8577266e-06
   3.0362813e+03   2.8207691e-06
   3.0404214e+03   2.7842896e-06
   3.0445616e+03   2.7482818e-06
   3.0487017e+03   2.7127397e-06
   3.0528418e+03   2.6776572e-06
   3.0569820e+03   2.6430284e-06
   3.0611221e+03   2.6088475e-06
   3.0652623e+03   2.5751086e-06
   3.0694024e+03   2.5418061e-06
   3.0735425e+03   2.5089342e-06
   3.0776827e+03   2.4764874e-06
   3.0818228e+03   2.4444603e-06
   3.0859630e+03   2.4128474e-06
   3.0901031e+03   2.3816432e-06
   3.0942432e+03   2.3508427e-06
   3.0983834e+03   2.3204404e-06
   3.1025235e+03   2.2904314e-06
   3.1066637e+03   2.2608104e-06
   3.1108038e+03   2.2315725e-06
   3.1149439e+03   2.2027127e-06
   3.1190841e+03   2.1742262e-06
   3.1232242e+03   2.1461080e-06
   3.1273644e+03   2.1183535e-06
   3.1315045e+03   2.0909579e-06
   3.1356446e+03   2.0639166e-06
   3.1397848e+03   2.0372251e-06
   3.1439249e+03   2.0108787e-06
   3.1480651e+03   1.9848730e-06
   3.1522052e+03   1.9592037e-06
   3.1563453e+03   1.9338663e-06
   3.1604855e+03   1.9088566e-06
   3.1646256e+03   1.8841703e-06
   3.1687658e+03   1.8598033e-06
   3.1729059e+03   1.8357515e-06
   3.1770460e+03   1.8120106e-06
   3.1811862e+03   1.7885768e-06
   3.1853263e+03   1.7654461e-06
   3.1894665e+03   1.7426145e-06
   3.1936066e+03   1.7200781e-06
   3.1977467e+03   1.6978332e-06
   3.2018869e+03   1.6758760e-06
   3.2060270e+03   1.6542028e-06
   3.2101672e+03   1.6328098e-06
   3.2143073e+03   1.6116935e-06
   3.2184474e+03   1.5908503e-06
   3.2225876e+03   1.5702767e-06
   3.2267277e+03   1.5499691e-06
   3.2308679e+03   1.5299242e-06
   3.2350080e+03   1.5101384e-06
   3.2391481e+03   1.4906086e-06
   3.2432883e+03   1.4713313e-06
   3.2474284e+03   1.4523033e-06
   3.2515686e+03   1.4335214e-06
   3.2557087e+03   1.4149825e-06
   3.2598488e+03   1.3966832e-06
   3.2639890e+03   1.3786206e-06
   3.2681291e+03   1.3607916e-06
   3.2722693e+03   1.3431932e-06
   3.2764094e+03   1.3258224e-06
   3.2805495e+03   1.3086762e-06
   3.2846897e+03   1.2917518e-06
   3.2888298e+03   1.2750462e-06
   3.2929700e+03   1.2585567e-06
   3.2971101e+03   1.2422804e-06
   3.3012503e+03   1.2262146e-06
   3.3053904e+03   1.2103566e-06
   3.3095305e+03   1.1947037e-06
   3.3136707e+03   1.1792532e-06
   3.3178108e+03   1.1640026e-06
   3.3219510e+03   1.1489491e-06
   3.3260911e+03   1.1340903e-06
   3.3302312e+03   1.1194237e-06
   3.3343714e+03   1.1049468e-06
   3.3385115e+03   1.0906571e-06
   3.3426517e+03   1.0765522e-06
   3.3467918e+03   1.0626297e-06
   3.3509319e+03   1.0488872e-06
   3.3550721e+03   1.0353225e-06
   3.3592122e+03   1.0219332e-06
   3.3633524e+03   1.0087171e-06
   3.3674925e+03   9.9567187e-07
   3.3716326e+03   9.8279536e-07
   3.3757728e+03   9.7008537e-07
   3.3799129e+03   9.5753976e-07
   3.3840531e+03   9.4515639e-07
   3.3881932e+03   9.3293316e-07
   3.3923333e+03   9.2086802e-07
   3.3964735e+03   9.0895891e-07
   3.4006136e+03   8.9720381e-07
   3.4047538e+03   8.8560073e-07
   3.4088939e+03   8.7414771e-07
   3.4130340e+03   8.6284281e-07
   3.4171742e+03   8.5168411e-07
   3.4213143e+03   8.4066971e-07
   3.4254545e+03   8.2979776e-07
   3.4295946e+03   8.1906642e-07
   3.4337347e+03   8.0847385e-07
   3.4378749e+03   7.9801827e-07
   3.4420150e+03   7.8769791e-07
   3.4461552e+03   7.7751102e-07
   3.4502953e+03   7.6745587e-07
   3.4544354e+03   7.5753076e-07
   3.4585756e+03   7.4773400e-07
   3.4627157e+03   7.3806394e-07
   3.4668559e+03   7.2851894e-07
   3.4709960e+03   7.1909738e-07
   3.4751361e+03   7.0979766e-07
   3.4792763e+03   7.0061821e-07
   3.4834164e+03   6.9155748e-07
   3.4875566e+03   6.8261392e-07
   3.4916967e+03   6.7378603e-07
   3.4958368e+03   6.6507230e-07
   3.4999770e+03   6.5647126e-07
   3.5041171e+03   6.4798145e-07
   3.5082573e+03   6.3960144e-07
   3.5123974e+03   6.3132980e-07
   3.5165375e+03   6.2316514e-07
   3.5206777e+03   6.1510607e-07
   3.5248178e+03   6.0715122e-07
   3.5289580e+03   5.9929924e-07
   3.5330981e+03   5.9154881e-07
   3.5372382e+03   5.8389861e-07
   3.5413784e+03   5.7634735e-07
   3.5455185e+03   5.6889375e-07
   3.5496587e+03   5.6153654e-07
   3.5537988e+03   5.5427448e-07
   3.5579389e+03   5.4710633e-07
   3.5620791e+03   5.4003088e-07
   3.5662192e+03   5.3304694e-07
   3.5703594e+03   5.2615332e-07
   3.5744995e+03   5.1934885e-07
   3.5786396e+03   5.1263238e-07
   3.5827798e+03   5.0600277e-07
   3.5869199e+03   4.9945889e-07
   3.5910601e+03   4.9299965e-07
   3.5952002e+03   4.8662394e-07
   3.5993403e+03   4.8033068e-07
   3.6034805e+03   4.7411881e-07
   3.6076206e+03   4.6798727e-07
   3.6117608e+03   4.6193503e-07
   3.6159009e+03   4.5596107e-07
   3.6200410e+03   4.5006436e-07
   3.6241812e+03   4.4424390e-07
   3.6283213e+03   4.3849873e-07
   3.6324615e+03   4.3282785e-07
   3.6366016e+03   4.2723031e-07
   3.6407417e+03   4.2170516e-07
   3.6448819e+03   4.1625146e-07
   3.6490220e+03   4.1086829e-07
   3.6531622e+03   4.0555475e-07
   3.6573023e+03   4.0030991e-07
   3.6614424e+03   3.9513291e-07
   3.6655826e+03   3.9002286e-07
   3.6697227e+03   3.8497890e-07
   3.6738629e+03   3.8000016e-07
   3.6780030e+03   3.7508582e-07
   3.6821431e+03   3.7023502e-07
   3.6862833e+03   3.6544696e-07
   3.6904234e+03   3.6072083e-07
   3.6945636e+03   3.5605581e-07
   3.6987037e+03   3.5145112e-07
   3.7028438e+03   3.4690598e-07
   3.7069840e+03   3.4241963e-07
   3.7111241e+03   3.3799129e-07
   3.7152643e+03   3.3362022e-07
   3.7194044e+03   3.2930568e-07
   3.7235445e+03   3.2504694e-07
   3.7276847e+03   3.2084328e-07
   3.7318248e+03   3.1669398e-07
   3.7359650e+03   3.1259834e-07
   3.7401051e+03   3.0855566e-07
   3.7442452e+03   3.0456527e-07
   3.7483854e+03   3.0062648e-07
   3.7525255e+03   2.9673864e-07
   3.7566657e+03   2.9290107e-07
   3.7608058e+03   2.8911313e-07
   3.7649459e+03   2.8537418e-07
   3.7690861e+03   2.8168358e-07
   3.7732262e+03   2.7804071e-07
   3.7773664e+03   2.7444495e-07
   3.7815065e+03   2.7089570e-07
   3.7856466e+03   2.6739234e-07
   3.7897868e+03   2.6393429e-07
   3.7939269e+03   2.6052097e-07
   3.7980671e+03   2.5715178e-07
   3.8022072e+03   2.5382617e-07
   3.8063473e+03   2.5054357e-07
   3.8104875e+03   2.4730342e-07
   3.8146276e+03   2.4410517e-07
   3.8187678e+03   2.4094828e-07
   3.8229079e+03   2.3783222e-07
   3.8270480e+03   2.3475646e-07
   3.8311882e+03   2.3172048e-07
   3.8353283e+03   2.2872375e-07
   3.8394685e+03   2.2576579e-07
   3.8436086e+03   2.2284607e-07
   3.8477487e+03   2.1996412e-07
   3.8518889e+03   2.1711944e-07
   3.8560290e+03   2.1431154e-07
   3.8601692e+03   2.1153996e-07
   3.8643093e+03   2.0880422e-07
   3.8684494e+03   2.0610387e-07
   3.8725896e+03   2.0343843e-07
   3.8767297e+03   2.0080747e-07
   3.8808699e+03   1.9821053e-07
   3.8850100e+03   1.9564717e-07
   3.8891502e+03   1.9311697e-07
   3.8932903e+03   1.9061949e-07
   3.8974304e+03   1.8815430e-07
   3.9015706e+03   1.8572100e-07
   3.9057107e+03   1.8331916e-07
   3.9098509e+03   1.8094839e-07
   3.9139910e+03   1.7860828e-07
   3.9181311e+03   1.7629843e-07
   3.9222713e+03   1.7401845e-07
   3.9264114e+03   1.7176796e-07
   3.9305516e+03   1.6954657e-07
   3.9346917e+03   1.6735392e-07
   3.9388318e+03   1.6518961e-07
   3.9429720e+03   1.6305330e-07
   3.9471121e+03   1.6094462e-07
   3.9512523e+03   1.5886320e-07
   3.9553924e+03   1.5680871e-07
   3.9595325e+03   1.5478078e-07
   3.9636727e+03   1.5277908e-07
   3.9678128e+03   1.5080327e-07
   3.9719530e+03   1.4885301e-07
   3.9760931e+03   1.4692797e-07
   3.9802332e+03   1.4502782e-07
   3.9843734e+03   1.4315225e-07
   3.9885135e+03   1.4130094e-07
   3.9926537e+03   1.3947356e-07
   3.9967938e+03   1.3766982e-07
   4.0009339e+03   1.3588941e-07
   4.0050741e+03   1.3413202e-07
   4.0092142e+03   1.3239736e-07
   4.0133544e+03   1.3068514e-07
   4.0174945e+03   1.2899505e-07
   4.0216346e+03   1.2732683e-07
   4.0257748e+03   1.2568017e-07
   4.0299149e+03   1.2405482e-07
   4.0340551e+03   1.2245048e-07
   4.0381952e+03   1.2086689e-07
   4.0423353e+03   1.1930378e-07
   4.0464755e+03   1.1776089e-07
   4.0506156e+03   1.1623794e-07
   4.0547558e+03   1.1473470e-07
   4.0588959e+03   1.1325089e-07
   4.0630360e+03   1.1178628e-07
   4.0671762e+03   1.1034060e-07
   4.0713163e+03   1.0891363e-07
   4.0754565e+03   1.0750510e-07
   4.0795966e+03   1.0611479e-07
   4.0837367e+03   1.0474247e-07
   4.0878769e+03   1.0338788e-07
   4.0920170e+03   1.0205082e-07
   4.0961572e+03   1.0073105e-07
   4.1002973e+03   9.9428349e-08
   4.1044374e+03   9.8142493e-08
   4.1085776e+03   9.6873267e-08
   4.1127177e+03   9.5620454e-08
   4.1168579e+03   9.4383844e-08
   4.1209980e+03   9.3163226e-08
   4.1251381e+03   9.1958394e-08
   4.1292783e+03   9.0769144e-08
   4.1334184e+03   8.9595273e-08
   4.1375586e+03   8.8436583e-08
   4.1416987e+03   8.7292878e-08
   4.1458388e+03   8.6163964e-08
   4.1499790e+03   8.5049650e-08
   4.1541191e+03   8.3949747e-08
   4.1582593e+03   8.2864068e-08
   4.1623994e+03   8.1792429e-08
   4.1665395e+03   8.0734650e-08
   4.1706797e+03   7.9690550e-08
   4.1748198e+03   7.8659953e-08
   4.1789600e+03   7.7642684e-08
   4.1831001e+03   7.6638571e-08
   4.1872402e+03   7.5647444e-08
   4.1913804e+03   7.4669135e-08
   4.1955205e+03   7.3703477e-08
   4.1996607e+03   7.2750308e-08
   4.2038008e+03   7.1809466e-08
   4.2079409e+03   7.0880791e-08
   4.2120811e+03   6.9964126e-08
   4.2162212e+03   6.9059316e-08
   4.2203614e+03   6.8166207e-08
   4.2245015e+03   6.7284648e-08
   4.2286416e+03   6.6414491e-08
   4.2327818e+03   6.5555586e-08
   4.2369219e+03   6.4707789e-08
   4.2410621e+03   6.3870957e-08
   4.2452022e+03   6.3044947e-08
   4.2493423e+03   6.2229619e-08
   4.2534825e+03   6.1424835e-08
   4.2576226e+03   6.0630459e-08
   4.2617628e+03   5.9846357e-08
   4.2659029e+03   5.9072394e-08
   4.2700430e+03   5.8308441e-08
   4.2741832e+03   5.7554368e-08
   4.2783233e+03   5.6810047e-08
   4.2824635e+03   5.6075352e-08
   4.2866036e+03   5.5350158e-08
   4.2907437e+03   5.4634343e-08
   4.2948839e+03   5.3927785e-08
   4.2990240e+03   5.3230365e-08
   4.3031642e+03   5.2541964e-08
   4.3073043e+03   5.1862466e-08
   4.3114444e+03   5.1191755e-08
   4.3155846e+03   5.0529719e-08
   4.3197247e+03   4.9876244e-08
   4.3238649e+03   4.9231220e-08
   4.3280050e+03   4.8594538e-08
   4.3321451e+03   4.7966090e-08
   4.3362853e+03   4.7345769e-08
   4.3404254e+03   4.6733470e-08
   4.3445656e+03   4.6129090e-08
   4.3487057e+03   4.5532526e-08
   4.3528458e+03   4.4943678e-08
   4.3569860e+03   4.4362444e-08
   4.3611261e+03   4.3788727e-08
   4.3652663e+03   4.3222430e-08
   4.3694064e+03   4.2663457e-08
   4.3735465e+03   4.2111712e-08
   4.3776867e+03   4.1567103e-08
   4.3818268e+03   4.1029537e-08
   4.3859670e+03   4.0498923e-08
   4.3901071e+03   3.9975171e-08
   4.3942472e+03   3.9458193e-08
   4.3983874e+03   3.8947901e-08
   4.4025275e+03   3.8444207e-08
   4.4066677e+03   3.7947028e-08
   4.4108078e+03   3.7456279e-08
   4.4149479e+03   3.6971876e-08
   4.4190881e+03   3.6493738e-08
   4.4232282e+03   3.6021783e-08
   4.4273684e+03   3.5555932e-08
   4.4315085e+03   3.5096105e-08
   4.4356486e+03   3.4642225e-08
   4.4397888e+03   3.4194215e-08
   4.4439289e+03   3.3751999e-08
   4.4480691e+03   3.3315502e-08
   4.4522092e+03   3.2884649e-08
   4.4563493e+03   3.2459369e-08
   4.4604895e+03   3.2039589e-08
   4.4646296e+03   3.1625237e-08
   4.4687698e+03   3.1216244e-08
   4.4729099e+03   3.0812541e-08
   4.4770501e+03   3.0414058e-08
   4.4811902e+03   3.0020728e-08
   4.4853303e+03   2.9632486e-08
   4.4894705e+03   2.9249264e-08
   4.4936106e+03   2.8870998e-08
   4.4977508e+03   2.8497625e-08
   4.5018909e+03   2.8129079e-08
   4.5060310e+03   2.7765301e-08
   4.5101712e+03   2.7406226e-08
   4.5143113e+03   2.7051796e-08
   4.5184515e+03   2.6701949e-08
   4.5225916e+03   2.6356626e-08
   4.5267317e+03   2.6015769e-08
   4.5308719e+03   2.5679321e-08
   4.5350120e+03   2.5347223e-08
   4.5391522e+03   2.5019421e-08
   4.5432923e+03   2.4695857e-08
   4.5474324e+03   2.4376478e-08
   4.5515726e+03   2.4061230e-08
   4.5557127e+03   2.3750058e-08
   4.5598529e+03   2.3442911e-08
   4.5639930e+03   2.3139736e-08
   4.5681331e+03   2.2840482e-08
   4.5722733e+03   2.2545097e-08
   4.5764134e+03   2.2253533e-08
   4.5805536e+03   2.1965740e-08
   4.5846937e+03   2.1681668e-08
   4.5888338e+03   2.1401270e-08
   4.5929740e+03   2.1124499e-08
   4.5971141e+03   2.0851306e-08
   4.6012543e+03   2.0581647e-08
   4.6053944e+03   2.0315475e-08
   4.6095345e+03   2.0052746e-08
   4.6136747e+03   1.9793414e-08
   4.6178148e+03   1.9537436e-08
   4.6219550e+03   1.9284768e-08
   4.6260951e+03   1.9035368e-08
   4.6302352e+03   1.8789194e-08
   4.6343754e+03   1.8546203e-08
   4.6385155e+03   1.8306354e-08
   4.6426557e+03   1.8069607e-08
   4.6467958e+03   1.7835922e-08
   4.6509359e+03   1.7605260e-08
   4.6550761e+03   1.7377580e-08
   4.6592162e+03   1.7152844e-08
   4.6633564e+03   1.6931016e-08
   4.6674965e+03   1.6712055e-08
   4.6716366e+03   1.6495927e-08
   4.6757768e+03   1.6282594e-08
   4.6799169e+03   1.6072019e-08
   4.6840571e+03   1.5864168e-08
   4.6881972e+03   1.5659005e-08
   4.6923373e+03   1.5456495e-08
   4.6964775e+03   1.5256604e-08
   4.7006176e+03   1.5059298e-08
   4.7047578e+03   1.4864544e-08
   4.7088979e+03   1.4672309e-08
   4.7130380e+03   1.4482559e-08
   4.7171782e+03   1.4295264e-08
   4.7213183e+03   1.4110390e-08
   4.7254585e+03   1.3927908e-08
   4.7295986e+03   1.3747786e-08
   4.7337387e+03   1.3569992e-08
   4.7378789e+03   1.3394499e-08
   4.7420190e+03   1.3221275e-08
   4.7461592e+03   1.3050291e-08
   4.7502993e+03   1.2881518e-08
   4.7544394e+03   1.2714928e-08
   4.7585796e+03   1.2550492e-08
   4.7627197e+03   1.2388183e-08
   4.7668599e+03   1.2227973e-08
   4.7710000e+03   1.2069835e-08
