   5.0500000e+02   1.2504074e-04
   5.0678378e+02   1.3055022e-04
   5.0856757e+02   1.3625426e-04
   5.1035135e+02   1.4215729e-04
   5.1213514e+02   1.4826373e-04
   5.1391892e+02   1.5457800e-04
   5.1570270e+02   1.6110445e-04
   5.1748649e+02   1.6784744e-04
   5.1927027e+02   1.7481126e-04
   5.2105405e+02   1.8200017e-04
   5.2283784e+02   1.8941835e-04
   5.2462162e+02   1.9706996e-04
   5.2640541e+02   2.0495904e-04
   5.2818919e+02   2.1308958e-04
   5.2997297e+02   2.2146549e-04
   5.3175676e+02   2.3009058e-04
   5.3354054e+02   2.3896853e-04
   5.3532432e+02   2.4810296e-04
   5.3710811e+02   2.5749733e-04
   5.3889189e+02   2.6715498e-04
   5.4067568e+02   2.7707914e-04
   5.4245946e+02   2.8727287e-04
   5.4424324e+02   2.9773909e-04
   5.4602703e+02   3.0848055e-04
   5.4781081e+02   3.1949984e-04
   5.4959459e+02   3.3079936e-04
   5.5137838e+02   3.4238134e-04
   5.5316216e+02   3.5424780e-04
   5.5494595e+02   3.6640056e-04
   5.5672973e+02   3.7884125e-04
   5.5851351e+02   3.9157125e-04
   5.6029730e+02   4.0459173e-04
   5.6208108e+02   4.1790363e-04
   5.6386486e+02   4.3150762e-04
   5.6564865e+02   4.4540416e-04
   5.6743243e+02   4.5959343e-04
   5.6921622e+02   4.7407534e-04
   5.7100000e+02   4.8884955e-04
   5.7278378e+02   5.0391543e-04
   5.7456757e+02   5.1927208e-04
   5.7635135e+02   5.3491828e-04
   5.7813514e+02   5.5085257e-04
   5.7991892e+02   5.6707314e-04
   5.8170270e+02   5.8357790e-04
   5.8348649e+02   6.0036446e-04
   5.8527027e+02   6.1743011e-04
   5.8705405e+02   6.3477182e-04
   5.8883784e+02   6.5238625e-04
   5.9062162e+02   6.7026974e-04
   5.9240541e+02   6.8841832e-04
   5.9418919e+02   7.0682767e-04
   5.9597297e+02   7.2549316e-04
   5.9775676e+02   7.4440984e-04
   5.9954054e+02   7.6357244e-04
   6.0132432e+02   7.8297536e-04
   6.0310811e+02   8.0261266e-04
   6.0489189e+02   8.2247811e-04
   6.0667568e+02   8.4256515e-04
   6.0845946e+02   8.6286689e-04
   6.1024324e+02   8.8337615e-04
   6.1202703e+02   9.0408542e-04
   6.1381081e+02   9.2498691e-04
   6.1559459e+02   9.4607251e-04
   6.1737838e+02   9.6733384e-04
   6.1916216e+02   9.8876220e-04
   6.2094595e+02   1.0103487e-03
   6.2272973e+02   1.0320839e-03
   6.2451351e+02   1.0539586e-03
   6.2629730e+02   1.0759629e-03
   6.2808108e+02   1.0980867e-03
   6.2986486e+02   1.1203199e-03
   6.3164865e+02   1.1426520e-03
   6.3343243e+02   1.1650724e-03
   6.3521622e+02   1.1875700e-03
   6.3700000e+02   1.2101339e-03
   6.3878378e+02   1.2327528e-03
   6.4056757e+02   1.2554152e-03
   6.4235135e+02   1.2781096e-03
   6.4413514e+02   1.3008241e-03
   6.4591892e+02   1.3235470e-03
   6.4770270e+02   1.3462662e-03
   6.4948649e+02   1.3689696e-03
   6.5127027e+02   1.3916451e-03
   6.5305405e+02   1.4142804e-03
   6.5483784e+02   1.4368631e-03
   6.5662162e+02   1.4593809e-03
   6.5840541e+02   1.4818214e-03
   6.6018919e+02   1.5041722e-03
   6.6197297e+02   1.5264208e-03
   6.6375676e+02   1.5485548e-03
   6.6554054e+02   1.5705619e-03
   6.6732432e+02   1.5924297e-03
   6.6910811e+02   1.6141459e-03
   6.7089189e+02   1.6356985e-03
   6.7267568e+02   1.6570751e-03
   6.7445946e+02   1.6782640e-03
   6.7624324e+02   1.6992531e-03
   6.7802703e+02   1.7200308e-03
   6.7981081e+02   1.7405853e-03
   6.8159459e+02   1.7609055e-03
   6.8337838e+02   1.7809798e-03
   6.8516216e+02   1.8007974e-03
   6.8694595e+02   1.8203474e-03
   6.8872973e+02   1.8396191e-03
   6.9051351e+02   1.8586021e-03
   6.9229730e+02   1.8772863e-03
   6.9408108e+02   1.8956618e-03
   6.9586486e+02   1.9137189e-03
   6.9764865e+02   1.9314483e-03
   6.9943243e+02   1.9488410e-03
   7.0121622e+02   1.9658881e-03
   7.0300000e+02   1.9825813e-03
   7.0478378e+02   1.9989123e-03
   7.0656757e+02   2.0148735e-03
   7.0835135e+02   2.0304572e-03
   7.1013514e+02   2.0456565e-03
   7.1191892e+02   2.0604644e-03
   7.1370270e+02   2.0748746e-03
   7.1548649e+02   2.0888810e-03
   7.1727027e+02   2.1024779e-03
   7.1905405e+02   2.1156600e-03
   7.2083784e+02   2.1284224e-03
   7.2262162e+02   2.1407603e-03
   7.2440541e+02   2.1526698e-03
   7.2618919e+02   2.1641468e-03
   7.2797297e+02   2.1751881e-03
   7.2975676e+02   2.1857905e-03
   7.3154054e+02   2.1959513e-03
   7.3332432e+02   2.2056684e-03
   7.3510811e+02   2.2149397e-03
   7.3689189e+02   2.2237639e-03
   7.3867568e+02   2.2321396e-03
   7.4045946e+02   2.2400662e-03
   7.4224324e+02   2.2475432e-03
   7.4402703e+02   2.2545706e-03
   7.4581081e+02   2.2611488e-03
   7.4759459e+02   2.2672784e-03
   7.4937838e+02   2.2729604e-03
   7.5116216e+02   2.2781964e-03
   7.5294595e+02   2.2829879e-03
   7.5472973e+02   2.2873370e-03
   7.5651351e+02   2.2912462e-03
   7.5829730e+02   2.2947181e-03
   7.6008108e+02   2.2977557e-03
   7.6186486e+02   2.3003624e-03
   7.6364865e+02   2.3025417e-03
   7.6543243e+02   2.3042976e-03
   7.6721622e+02   2.3056343e-03
   7.6900000e+02   2.3065560e-03
   7.7078378e+02   2.3070677e-03
   7.7256757e+02   2.3071740e-03
   7.7435135e+02   2.3068804e-03
   7.7613514e+02   2.3061921e-03
   7.7791892e+02   2.3051147e-03
   7.7970270e+02   2.3036541e-03
   7.8148649e+02   2.3018162e-03
   7.8327027e+02   2.2996073e-03
   7.8505405e+02   2.2970337e-03
   7.8683784e+02   2.2941019e-03
   7.8862162e+02   2.2908187e-03
   7.9040541e+02   2.2871907e-03
   7.9218919e+02   2.2832250e-03
   7.9397297e+02   2.2789286e-03
   7.9575676e+02   2.2743087e-03
   7.9754054e+02   2.2693725e-03
   7.9932432e+02   2.2641274e-03
   8.0110811e+02   2.2585808e-03
   8.0289189e+02   2.2527401e-03
   8.0467568e+02   2.2466130e-03
   8.0645946e+02   2.2402069e-03
   8.0824324e+02   2.2335297e-03
   8.1002703e+02   2.2265887e-03
   8.1181081e+02   2.2193919e-03
   8.1359459e+02   2.2119467e-03
   8.1537838e+02   2.2042610e-03
   8.1716216e+02   2.1963423e-03
   8.1894595e+02   2.1881983e-03
   8.2072973e+02   2.1798367e-03
   8.2251351e+02   2.1712650e-03
   8.2429730e+02   2.1624907e-03
   8.2608108e+02   2.1535214e-03
   8.2786486e+02   2.1443646e-03
   8.2964865e+02   2.1350275e-03
   8.3143243e+02   2.1255175e-03
   8.3321622e+02   2.1158419e-03
   8.3500000e+02   2.1060079e-03
   8.3678378e+02   2.0960224e-03
   8.3856757e+02   2.0858925e-03
   8.4035135e+02   2.0756251e-03
   8.4213514e+02   2.0652270e-03
   8.4391892e+02   2.0547049e-03
   8.4570270e+02   2.0440653e-03
   8.4748649e+02   2.0333148e-03
   8.4927027e+02   2.0224596e-03
   8.5105405e+02   2.0115061e-03
   8.5283784e+02   2.0004604e-03
   8.5462162e+02   1.9893284e-03
   8.5640541e+02   1.9781160e-03
   8.5818919e+02   1.9668290e-03
   8.5997297e+02   1.9554731e-03
   8.6175676e+02   1.9440536e-03
   8.6354054e+02   1.9325760e-03
   8.6532432e+02   1.9210455e-03
   8.6710811e+02   1.9094672e-03
   8.6889189e+02   1.8978460e-03
   8.7067568e+02   1.8861868e-03
   8.7245946e+02   1.8744942e-03
   8.7424324e+02   1.8627729e-03
   8.7602703e+02   1.8510273e-03
   8.7781081e+02   1.8392616e-03
   8.7959459e+02   1.8274801e-03
   8.8137838e+02   1.8156867e-03
   8.8316216e+02   1.8038853e-03
   8.8494595e+02   1.7920798e-03
   8.8672973e+02   1.7802738e-03
   8.8851351e+02   1.7684708e-03
   8.9029730e+02   1.7566742e-03
   8.9208108e+02   1.7448873e-03
   8.9386486e+02   1.7331132e-03
   8.9564865e+02   1.7213550e-03
   8.9743243e+02   1.7096155e-03
   8.9921622e+02   1.6978976e-03
   9.0100000e+02   1.6862039e-03
   9.0278378e+02   1.6745371e-03
   9.0456757e+02   1.6628995e-03
   9.0635135e+02   1.6512936e-03
   9.0813514e+02   1.6397216e-03
   9.0991892e+02   1.6281856e-03
   9.1170270e+02   1.6166877e-03
   9.1348649e+02   1.6052299e-03
   9.1527027e+02   1.5938139e-03
   9.1705405e+02   1.5824416e-03
   9.1883784e+02   1.5711147e-03
   9.2062162e+02   1.5598346e-03
   9.2240541e+02   1.5486030e-03
   9.2418919e+02   1.5374212e-03
   9.2597297e+02   1.5262905e-03
   9.2775676e+02   1.5152123e-03
   9.2954054e+02   1.5041877e-03
   9.3132432e+02   1.4932178e-03
   9.3310811e+02   1.4823036e-03
   9.3489189e+02   1.4714462e-03
   9.3667568e+02   1.4606464e-03
   9.3845946e+02   1.4499051e-03
   9.4024324e+02   1.4392230e-03
   9.4202703e+02   1.4286008e-03
   9.4381081e+02   1.4180393e-03
   9.4559459e+02   1.4075390e-03
   9.4737838e+02   1.3971005e-03
   9.4916216e+02   1.3867243e-03
   9.5094595e+02   1.3764108e-03
   9.5272973e+02   1.3661605e-03
   9.5451351e+02   1.3559736e-03
   9.5629730e+02   1.3458506e-03
   9.5808108e+02   1.3357918e-03
   9.5986486e+02   1.3257972e-03
   9.6164865e+02   1.3158672e-03
   9.6343243e+02   1.3060020e-03
   9.6521622e+02   1.2962016e-03
   9.6700000e+02   1.2864661e-03
   9.6878378e+02   1.2767957e-03
   9.7056757e+02   1.2671903e-03
   9.7235135e+02   1.2576500e-03
   9.7413514e+02   1.2481747e-03
   9.7591892e+02   1.2387645e-03
   9.7770270e+02   1.2294192e-03
   9.7948649e+02   1.2201388e-03
   9.8127027e+02   1.2109231e-03
   9.8305405e+02   1.2017721e-03
   9.8483784e+02   1.1926856e-03
   9.8662162e+02   1.1836633e-03
   9.8840541e+02   1.1747052e-03
   9.9018919e+02   1.1658111e-03
   9.9197297e+02   1.1569806e-03
   9.9375676e+02   1.1482137e-03
   9.9554054e+02   1.1395100e-03
   9.9732432e+02   1.1308693e-03
   9.9910811e+02   1.1222913e-03
   1.0008919e+03   1.1137758e-03
   1.0026757e+03   1.1053225e-03
   1.0044595e+03   1.0969311e-03
   1.0062432e+03   1.0886012e-03
   1.0080270e+03   1.0803327e-03
   1.0098108e+03   1.0721250e-03
   1.0115946e+03   1.0639780e-03
   1.0133784e+03   1.0558913e-03
   1.0151622e+03   1.0478646e-03
   1.0169459e+03   1.0398974e-03
   1.0187297e+03   1.0319896e-03
   1.0205135e+03   1.0241406e-03
   1.0222973e+03   1.0163503e-03
   1.0240811e+03   1.0086181e-03
   1.0258649e+03   1.0009438e-03
   1.0276486e+03   9.9332692e-04
   1.0294324e+03   9.8576719e-04
   1.0312162e+03   9.7826421e-04
   1.0330000e+03   9.7081762e-04
   1.0347838e+03   9.6342703e-04
   1.0365676e+03   9.5609207e-04
   1.0383514e+03   9.4881238e-04
   1.0401351e+03   9.4158758e-04
   1.0419189e+03   9.3441729e-04
   1.0437027e+03   9.2730114e-04
   1.0454865e+03   9.2023876e-04
   1.0472703e+03   9.1322977e-04
   1.0490541e+03   9.0627380e-04
   1.0508378e+03   8.9937047e-04
   1.0526216e+03   8.9251942e-04
   1.0544054e+03   8.8572026e-04
   1.0561892e+03   8.7897263e-04
   1.0579730e+03   8.7227617e-04
   1.0597568e+03   8.6563049e-04
   1.0615405e+03   8.5903523e-04
   1.0633243e+03   8.5249003e-04
   1.0651081e+03   8.4599453e-04
   1.0668919e+03   8.3954835e-04
   1.0686757e+03   8.3315114e-04
   1.0704595e+03   8.2680253e-04
   1.0722432e+03   8.2050218e-04
   1.0740270e+03   8.1424971e-04
   1.0758108e+03   8.0804479e-04
   1.0775946e+03   8.0188705e-04
   1.0793784e+03   7.9577614e-04
   1.0811622e+03   7.8971172e-04
   1.0829459e+03   7.8369344e-04
   1.0847297e+03   7.7772095e-04
   1.0865135e+03   7.7179392e-04
   1.0882973e+03   7.6591199e-04
   1.0900811e+03   7.6007484e-04
   1.0918649e+03   7.5428213e-04
   1.0936486e+03   7.4853352e-04
   1.0954324e+03   7.4282867e-04
   1.0972162e+03   7.3716727e-04
   1.0990000e+03   7.3154898e-04
   1.1007838e+03   7.2597348e-04
   1.1025676e+03   7.2044045e-04
   1.1043514e+03   7.1494956e-04
   1.1061351e+03   7.0950049e-04
   1.1079189e+03   7.0409294e-04
   1.1097027e+03   6.9872657e-04
   1.1114865e+03   6.9340109e-04
   1.1132703e+03   6.8811618e-04
   1.1150541e+03   6.8287154e-04
   1.1168378e+03   6.7766686e-04
   1.1186216e+03   6.7250183e-04
   1.1204054e+03   6.6737616e-04
   1.1221892e+03   6.6228954e-04
   1.1239730e+03   6.5724169e-04
   1.1257568e+03   6.5223230e-04
   1.1275405e+03   6.4726108e-04
   1.1293243e+03   6.4232775e-04
   1.1311081e+03   6.3743201e-04
   1.1328919e+03   6.3257358e-04
   1.1346757e+03   6.2775217e-04
   1.1364595e+03   6.2296751e-04
   1.1382432e+03   6.1821931e-04
   1.1400270e+03   6.1350730e-04
   1.1418108e+03   6.0883120e-04
   1.1435946e+03   6.0419073e-04
   1.1453784e+03   5.9958564e-04
   1.1471622e+03   5.9501564e-04
   1.1489459e+03   5.9048047e-04
   1.1507297e+03   5.8597986e-04
   1.1525135e+03   5.8151356e-04
   1.1542973e+03   5.7708130e-04
   1.1560811e+03   5.7268281e-04
   1.1578649e+03   5.6831785e-04
   1.1596486e+03   5.6398616e-04
   1.1614324e+03   5.5968749e-04
   1.1632162e+03   5.5542157e-04
   1.1650000e+03   5.5118817e-04
   1.1667838e+03   5.4698704e-04
   1.1685676e+03   5.4281793e-04
   1.1703514e+03   5.3868059e-04
   1.1721351e+03   5.3457479e-04
   1.1739189e+03   5.3050028e-04
   1.1757027e+03   5.2645683e-04
   1.1774865e+03   5.2244419e-04
   1.1792703e+03   5.1846214e-04
   1.1810541e+03   5.1451044e-04
   1.1828378e+03   5.1058886e-04
   1.1846216e+03   5.0669716e-04
   1.1864054e+03   5.0283513e-04
   1.1881892e+03   4.9900254e-04
   1.1899730e+03   4.9519916e-04
   1.1917568e+03   4.9142477e-04
   1.1935405e+03   4.8767914e-04
   1.1953243e+03   4.8396207e-04
   1.1971081e+03   4.8027332e-04
   1.1988919e+03   4.7661269e-04
   1.2006757e+03   4.7297996e-04
   1.2024595e+03   4.6937493e-04
   1.2042432e+03   4.6579736e-04
   1.2060270e+03   4.6224707e-04
   1.2078108e+03   4.5872384e-04
   1.2095946e+03   4.5522746e-04
   1.2113784e+03   4.5175773e-04
   1.2131622e+03   4.4831444e-04
   1.2149459e+03   4.4489740e-04
   1.2167297e+03   4.4150641e-04
   1.2185135e+03   4.3814126e-04
   1.2202973e+03   4.3480176e-04
   1.2220811e+03   4.3148771e-04
   1.2238649e+03   4.2819892e-04
   1.2256486e+03   4.2493520e-04
   1.2274324e+03   4.2169636e-04
   1.2292162e+03   4.1848220e-04
   1.2310000e+03   4.1529254e-04
   1.2327838e+03   4.1212719e-04
   1.2345676e+03   4.0898597e-04
   1.2363514e+03   4.0586869e-04
   1.2381351e+03   4.0277517e-04
   1.2399189e+03   3.9970523e-04
   1.2417027e+03   3.9665869e-04
   1.2434865e+03   3.9363536e-04
   1.2452703e+03   3.9063509e-04
   1.2470541e+03   3.8765768e-04
   1.2488378e+03   3.8470296e-04
   1.2506216e+03   3.8177077e-04
   1.2524054e+03   3.7886092e-04
   1.2541892e+03   3.7597325e-04
   1.2559730e+03   3.7310759e-04
   1.2577568e+03   3.7026378e-04
   1.2595405e+03   3.6744164e-04
   1.2613243e+03   3.6464101e-04
   1.2631081e+03   3.6186172e-04
   1.2648919e+03   3.5910362e-04
   1.2666757e+03   3.5636655e-04
   1.2684595e+03   3.5365033e-04
   1.2702432e+03   3.5095482e-04
   1.2720270e+03   3.4827985e-04
   1.2738108e+03   3.4562527e-04
   1.2755946e+03   3.4299092e-04
   1.2773784e+03   3.4037666e-04
   1.2791622e+03   3.3778232e-04
   1.2809459e+03   3.3520775e-04
   1.2827297e+03   3.3265280e-04
   1.2845135e+03   3.3011733e-04
   1.2862973e+03   3.2760119e-04
   1.2880811e+03   3.2510422e-04
   1.2898649e+03   3.2262629e-04
   1.2916486e+03   3.2016724e-04
   1.2934324e+03   3.1772693e-04
   1.2952162e+03   3.1530522e-04
   1.2970000e+03   3.1290198e-04
   1.2987838e+03   3.1051705e-04
   1.3005676e+03   3.0815029e-04
   1.3023514e+03   3.0580158e-04
   1.3041351e+03   3.0347077e-04
   1.3059189e+03   3.0115772e-04
   1.3077027e+03   2.9886231e-04
   1.3094865e+03   2.9658439e-04
   1.3112703e+03   2.9432383e-04
   1.3130541e+03   2.9208050e-04
   1.3148378e+03   2.8985427e-04
   1.3166216e+03   2.8764501e-04
   1.3184054e+03   2.8545259e-04
   1.3201892e+03   2.8327688e-04
   1.3219730e+03   2.8111775e-04
   1.3237568e+03   2.7897508e-04
   1.3255405e+03   2.7684874e-04
   1.3273243e+03   2.7473860e-04
   1.3291081e+03   2.7264455e-04
   1.3308919e+03   2.7056646e-04
   1.3326757e+03   2.6850421e-04
   1.3344595e+03   2.6645768e-04
   1.3362432e+03   2.6442675e-04
   1.3380270e+03   2.6241130e-04
   1.3398108e+03   2.6041120e-04
   1.3415946e+03   2.5842636e-04
   1.3433784e+03   2.5645664e-04
   1.3451622e+03   2.5450193e-04
   1.3469459e+03   2.5256213e-04
   1.3487297e+03   2.5063710e-04
   1.3505135e+03   2.4872676e-04
   1.3522973e+03   2.4683097e-04
   1.3540811e+03   2.4494963e-04
   1.3558649e+03   2.4308263e-04
   1.3576486e+03   2.4122986e-04
   1.3594324e+03   2.3939121e-04
   1.3612162e+03   2.3756658e-04
   1.3630000e+03   2.3575585e-04
   1.3647838e+03   2.3395893e-04
   1.3665676e+03   2.3217570e-04
   1.3683514e+03   2.3040606e-04
   1.3701351e+03   2.2864991e-04
   1.3719189e+03   2.2690715e-04
   1.3737027e+03   2.2517767e-04
   1.3754865e+03   2.2346137e-04
   1.3772703e+03   2.2175816e-04
   1.3790541e+03   2.2006792e-04
   1.3808378e+03   2.1839057e-04
   1.3826216e+03   2.1672600e-04
   1.3844054e+03   2.1507412e-04
   1.3861892e+03   2.1343484e-04
   1.3879730e+03   2.1180804e-04
   1.3897568e+03   2.1019365e-04
   1.3915405e+03   2.0859156e-04
   1.3933243e+03   2.0700168e-04
   1.3951081e+03   2.0542392e-04
   1.3968919e+03   2.0385818e-04
   1.3986757e+03   2.0230438e-04
   1.4004595e+03   2.0076242e-04
   1.4022432e+03   1.9923221e-04
   1.4040270e+03   1.9771367e-04
   1.4058108e+03   1.9620670e-04
   1.4075946e+03   1.9471122e-04
   1.4093784e+03   1.9322714e-04
   1.4111622e+03   1.9175437e-04
   1.4129459e+03   1.9029282e-04
   1.4147297e+03   1.8884241e-04
   1.4165135e+03   1.8740306e-04
   1.4182973e+03   1.8597468e-04
   1.4200811e+03   1.8455719e-04
   1.4218649e+03   1.8315050e-04
   1.4236486e+03   1.8175453e-04
   1.4254324e+03   1.8036920e-04
   1.4272162e+03   1.7899443e-04
   1.4290000e+03   1.7763014e-04
   1.4307838e+03   1.7627625e-04
   1.4325676e+03   1.7493268e-04
   1.4343514e+03   1.7359934e-04
   1.4361351e+03   1.7227618e-04
   1.4379189e+03   1.7096309e-04
   1.4397027e+03   1.6966001e-04
   1.4414865e+03   1.6836687e-04
   1.4432703e+03   1.6708358e-04
   1.4450541e+03   1.6581008e-04
   1.4468378e+03   1.6454628e-04
   1.4486216e+03   1.6329211e-04
   1.4504054e+03   1.6204750e-04
   1.4521892e+03   1.6081238e-04
   1.4539730e+03   1.5958667e-04
   1.4557568e+03   1.5837031e-04
   1.4575405e+03   1.5716321e-04
   1.4593243e+03   1.5596532e-04
   1.4611081e+03   1.5477656e-04
   1.4628919e+03   1.5359685e-04
   1.4646757e+03   1.5242614e-04
   1.4664595e+03   1.5126435e-04
   1.4682432e+03   1.5011142e-04
   1.4700270e+03   1.4896728e-04
   1.4718108e+03   1.4783185e-04
   1.4735946e+03   1.4670508e-04
   1.4753784e+03   1.4558690e-04
   1.4771622e+03   1.4447724e-04
   1.4789459e+03   1.4337604e-04
   1.4807297e+03   1.4228323e-04
   1.4825135e+03   1.4119875e-04
   1.4842973e+03   1.4012254e-04
   1.4860811e+03   1.3905453e-04
   1.4878649e+03   1.3799466e-04
   1.4896486e+03   1.3694287e-04
   1.4914324e+03   1.3589909e-04
   1.4932162e+03   1.3486327e-04
   1.4950000e+03   1.3383535e-04
   1.4967838e+03   1.3281526e-04
   1.4985676e+03   1.3180295e-04
   1.5003514e+03   1.3079835e-04
   1.5021351e+03   1.2980141e-04
   1.5039189e+03   1.2881206e-04
   1.5057027e+03   1.2783026e-04
   1.5074865e+03   1.2685594e-04
   1.5092703e+03   1.2588905e-04
   1.5110541e+03   1.2492953e-04
   1.5128378e+03   1.2397732e-04
   1.5146216e+03   1.2303237e-04
   1.5164054e+03   1.2209462e-04
   1.5181892e+03   1.2116402e-04
   1.5199730e+03   1.2024051e-04
   1.5217568e+03   1.1932404e-04
   1.5235405e+03   1.1841455e-04
   1.5253243e+03   1.1751200e-04
   1.5271081e+03   1.1661633e-04
   1.5288919e+03   1.1572748e-04
   1.5306757e+03   1.1484541e-04
   1.5324595e+03   1.1397006e-04
   1.5342432e+03   1.1310138e-04
   1.5360270e+03   1.1223933e-04
   1.5378108e+03   1.1138384e-04
   1.5395946e+03   1.1053488e-04
   1.5413784e+03   1.0969238e-04
   1.5431622e+03   1.0885631e-04
   1.5449459e+03   1.0802661e-04
   1.5467297e+03   1.0720324e-04
   1.5485135e+03   1.0638614e-04
   1.5502973e+03   1.0557526e-04
   1.5520811e+03   1.0477057e-04
   1.5538649e+03   1.0397201e-04
   1.5556486e+03   1.0317954e-04
   1.5574324e+03   1.0239311e-04
   1.5592162e+03   1.0161267e-04
   1.5610000e+03   1.0083818e-04
   1.5627838e+03   1.0006960e-04
   1.5645676e+03   9.9306870e-05
   1.5663514e+03   9.8549956e-05
   1.5681351e+03   9.7798811e-05
   1.5699189e+03   9.7053391e-05
   1.5717027e+03   9.6313653e-05
   1.5734865e+03   9.5579553e-05
   1.5752703e+03   9.4851048e-05
   1.5770541e+03   9.4128096e-05
   1.5788378e+03   9.3410654e-05
   1.5806216e+03   9.2698681e-05
   1.5824054e+03   9.1992134e-05
   1.5841892e+03   9.1290973e-05
   1.5859730e+03   9.0595155e-05
   1.5877568e+03   8.9904642e-05
   1.5895405e+03   8.9219391e-05
   1.5913243e+03   8.8539363e-05
   1.5931081e+03   8.7864519e-05
   1.5948919e+03   8.7194818e-05
   1.5966757e+03   8.6530221e-05
   1.5984595e+03   8.5870690e-05
   1.6002432e+03   8.5216186e-05
   1.6020270e+03   8.4566671e-05
   1.6038108e+03   8.3922106e-05
   1.6055946e+03   8.3282454e-05
   1.6073784e+03   8.2647677e-05
   1.6091622e+03   8.2017739e-05
   1.6109459e+03   8.1392602e-05
   1.6127297e+03   8.0772230e-05
   1.6145135e+03   8.0156586e-05
   1.6162973e+03   7.9545635e-05
   1.6180811e+03   7.8939340e-05
   1.6198649e+03   7.8337667e-05
   1.6216486e+03   7.7740579e-05
   1.6234324e+03   7.7148043e-05
   1.6252162e+03   7.6560023e-05
   1.6270000e+03   7.5976484e-05
   1.6287838e+03   7.5397393e-05
   1.6305676e+03   7.4822717e-05
   1.6323514e+03   7.4252420e-05
   1.6341351e+03   7.3686470e-05
   1.6359189e+03   7.3124834e-05
   1.6377027e+03   7.2567478e-05
   1.6394865e+03   7.2014371e-05
   1.6412703e+03   7.1465479e-05
   1.6430541e+03   7.0920772e-05
   1.6448378e+03   7.0380215e-05
   1.6466216e+03   6.9843779e-05
   1.6484054e+03   6.9311432e-05
   1.6501892e+03   6.8783142e-05
   1.6519730e+03   6.8258879e-05
   1.6537568e+03   6.7738612e-05
   1.6555405e+03   6.7222310e-05
   1.6573243e+03   6.6709943e-05
   1.6591081e+03   6.6201482e-05
   1.6608919e+03   6.5696896e-05
   1.6626757e+03   6.5196156e-05
   1.6644595e+03   6.4699233e-05
   1.6662432e+03   6.4206097e-05
   1.6680270e+03   6.3716720e-05
   1.6698108e+03   6.3231073e-05
   1.6715946e+03   6.2749127e-05
   1.6733784e+03   6.2270855e-05
   1.6751622e+03   6.1796228e-05
   1.6769459e+03   6.1325219e-05
   1.6787297e+03   6.0857800e-05
   1.6805135e+03   6.0393944e-05
   1.6822973e+03   5.9933623e-05
   1.6840811e+03   5.9476810e-05
   1.6858649e+03   5.9023480e-05
   1.6876486e+03   5.8573604e-05
   1.6894324e+03   5.8127158e-05
   1.6912162e+03   5.7684114e-05
   1.6930000e+03   5.7244448e-05
   1.6947838e+03   5.6808132e-05
   1.6965676e+03   5.6375142e-05
   1.6983514e+03   5.5945452e-05
   1.7001351e+03   5.5519038e-05
   1.7019189e+03   5.5095873e-05
   1.7037027e+03   5.4675934e-05
   1.7054865e+03   5.4259195e-05
   1.7072703e+03   5.3845633e-05
   1.7090541e+03   5.3435223e-05
   1.7108378e+03   5.3027942e-05
   1.7126216e+03   5.2623764e-05
   1.7144054e+03   5.2222667e-05
   1.7161892e+03   5.1824627e-05
   1.7179730e+03   5.1429622e-05
   1.7197568e+03   5.1037626e-05
   1.7215405e+03   5.0648619e-05
   1.7233243e+03   5.0262577e-05
   1.7251081e+03   4.9879477e-05
   1.7268919e+03   4.9499297e-05
   1.7286757e+03   4.9122014e-05
   1.7304595e+03   4.8747608e-05
   1.7322432e+03   4.8376055e-05
   1.7340270e+03   4.8007334e-05
   1.7358108e+03   4.7641423e-05
   1.7375946e+03   4.7278302e-05
   1.7393784e+03   4.6917948e-05
   1.7411622e+03   4.6560340e-05
   1.7429459e+03   4.6205459e-05
   1.7447297e+03   4.5853282e-05
   1.7465135e+03   4.5503790e-05
   1.7482973e+03   4.5156961e-05
   1.7500811e+03   4.4812776e-05
   1.7518649e+03   4.4471214e-05
   1.7536486e+03   4.4132256e-05
   1.7554324e+03   4.3795881e-05
   1.7572162e+03   4.3462070e-05
   1.7590000e+03   4.3130803e-05
   1.7607838e+03   4.2802061e-05
   1.7625676e+03   4.2475825e-05
   1.7643514e+03   4.2152076e-05
   1.7661351e+03   4.1830794e-05
   1.7679189e+03   4.1511961e-05
   1.7697027e+03   4.1195558e-05
   1.7714865e+03   4.0881566e-05
   1.7732703e+03   4.0569968e-05
   1.7750541e+03   4.0260745e-05
   1.7768378e+03   3.9953879e-05
   1.7786216e+03   3.9649351e-05
   1.7804054e+03   3.9347145e-05
   1.7821892e+03   3.9047242e-05
   1.7839730e+03   3.8749625e-05
   1.7857568e+03   3.8454277e-05
   1.7875405e+03   3.8161179e-05
   1.7893243e+03   3.7870316e-05
   1.7911081e+03   3.7581669e-05
   1.7928919e+03   3.7295223e-05
   1.7946757e+03   3.7010960e-05
   1.7964595e+03   3.6728863e-05
   1.7982432e+03   3.6448917e-05
   1.8000270e+03   3.6171104e-05
   1.8018108e+03   3.5895409e-05
   1.8035946e+03   3.5621815e-05
   1.8053784e+03   3.5350307e-05
   1.8071622e+03   3.5080867e-05
   1.8089459e+03   3.4813482e-05
   1.8107297e+03   3.4548135e-05
   1.8125135e+03   3.4284810e-05
   1.8142973e+03   3.4023492e-05
   1.8160811e+03   3.3764166e-05
   1.8178649e+03   3.3506816e-05
   1.8196486e+03   3.3251428e-05
   1.8214324e+03   3.2997987e-05
   1.8232162e+03   3.2746477e-05
   1.8250000e+03   3.2496884e-05
   1.8267838e+03   3.2249194e-05
   1.8285676e+03   3.2003391e-05
   1.8303514e+03   3.1759462e-05
   1.8321351e+03   3.1517393e-05
   1.8339189e+03   3.1277168e-05
   1.8357027e+03   3.1038774e-05
   1.8374865e+03   3.0802198e-05
   1.8392703e+03   3.0567424e-05
   1.8410541e+03   3.0334440e-05
   1.8428378e+03   3.0103232e-05
   1.8446216e+03   2.9873786e-05
   1.8464054e+03   2.9646089e-05
   1.8481892e+03   2.9420127e-05
   1.8499730e+03   2.9195888e-05
   1.8517568e+03   2.8973357e-05
   1.8535405e+03   2.8752523e-05
   1.8553243e+03   2.8533372e-05
   1.8571081e+03   2.8315892e-05
   1.8588919e+03   2.8100069e-05
   1.8606757e+03   2.7885891e-05
   1.8624595e+03   2.7673345e-05
   1.8642432e+03   2.7462420e-05
   1.8660270e+03   2.7253102e-05
   1.8678108e+03   2.7045380e-05
   1.8695946e+03   2.6839240e-05
   1.8713784e+03   2.6634673e-05
   1.8731622e+03   2.6431664e-05
   1.8749459e+03   2.6230202e-05
   1.8767297e+03   2.6030276e-05
   1.8785135e+03   2.5831874e-05
   1.8802973e+03   2.5634985e-05
   1.8820811e+03   2.5439595e-05
   1.8838649e+03   2.5245696e-05
   1.8856486e+03   2.5053274e-05
   1.8874324e+03   2.4862318e-05
   1.8892162e+03   2.4672818e-05
   1.8910000e+03   2.4484763e-05
   1.8927838e+03   2.4298141e-05
   1.8945676e+03   2.4112941e-05
   1.8963514e+03   2.3929153e-05
   1.8981351e+03   2.3746765e-05
   1.8999189e+03   2.3565768e-05
   1.9017027e+03   2.3386150e-05
   1.9034865e+03   2.3207902e-05
   1.9052703e+03   2.3031012e-05
   1.9070541e+03   2.2855470e-05
   1.9088378e+03   2.2681266e-05
   1.9106216e+03   2.2508390e-05
   1.9124054e+03   2.2336832e-05
   1.9141892e+03   2.2166581e-05
   1.9159730e+03   2.1997628e-05
   1.9177568e+03   2.1829963e-05
   1.9195405e+03   2.1663576e-05
   1.9213243e+03   2.1498456e-05
   1.9231081e+03   2.1334596e-05
   1.9248919e+03   2.1171984e-05
   1.9266757e+03   2.1010612e-05
   1.9284595e+03   2.0850470e-05
   1.9302432e+03   2.0691548e-05
   1.9320270e+03   2.0533837e-05
   1.9338108e+03   2.0377329e-05
   1.9355946e+03   2.0222014e-05
   1.9373784e+03   2.0067882e-05
   1.9391622e+03   1.9914925e-05
   1.9409459e+03   1.9763134e-05
   1.9427297e+03   1.9612500e-05
   1.9445135e+03   1.9463014e-05
   1.9462973e+03   1.9314668e-05
   1.9480811e+03   1.9167452e-05
   1.9498649e+03   1.9021358e-05
   1.9516486e+03   1.8876378e-05
   1.9534324e+03   1.8732502e-05
   1.9552162e+03   1.8589724e-05
   1.9570000e+03   1.8448033e-05
   1.9587838e+03   1.8307423e-05
   1.9605676e+03   1.8167884e-05
   1.9623514e+03   1.8029409e-05
   1.9641351e+03   1.7891990e-05
   1.9659189e+03   1.7755617e-05
   1.9677027e+03   1.7620285e-05
   1.9694865e+03   1.7485983e-05
   1.9712703e+03   1.7352706e-05
   1.9730541e+03   1.7220444e-05
   1.9748378e+03   1.7089190e-05
   1.9766216e+03   1.6958937e-05
   1.9784054e+03   1.6829676e-05
   1.9801892e+03   1.6701401e-05
   1.9819730e+03   1.6574103e-05
   1.9837568e+03   1.6447776e-05
   1.9855405e+03   1.6322411e-05
   1.9873243e+03   1.6198002e-05
   1.9891081e+03   1.6074542e-05
   1.9908919e+03   1.5952022e-05
   1.9926757e+03   1.5830436e-05
   1.9944595e+03   1.5709777e-05
   1.9962432e+03   1.5590037e-05
   1.9980270e+03   1.5471211e-05
   1.9998108e+03   1.5353289e-05
   2.0015946e+03   1.5236267e-05
   2.0033784e+03   1.5120137e-05
   2.0051622e+03   1.5004891e-05
   2.0069459e+03   1.4890524e-05
   2.0087297e+03   1.4777029e-05
   2.0105135e+03   1.4664399e-05
   2.0122973e+03   1.4552628e-05
   2.0140811e+03   1.4441708e-05
   2.0158649e+03   1.4331634e-05
   2.0176486e+03   1.4222398e-05
   2.0194324e+03   1.4113996e-05
   2.0212162e+03   1.4006419e-05
   2.0230000e+03   1.3899662e-05
   2.0247838e+03   1.3793720e-05
   2.0265676e+03   1.3688584e-05
   2.0283514e+03   1.3584250e-05
   2.0301351e+03   1.3480711e-05
   2.0319189e+03   1.3377962e-05
   2.0337027e+03   1.3275995e-05
   2.0354865e+03   1.3174806e-05
   2.0372703e+03   1.3074388e-05
   2.0390541e+03   1.2974736e-05
   2.0408378e+03   1.2875842e-05
   2.0426216e+03   1.2777703e-05
   2.0444054e+03   1.2680312e-05
   2.0461892e+03   1.2583663e-05
   2.0479730e+03   1.2487751e-05
   2.0497568e+03   1.2392569e-05
   2.0515405e+03   1.2298113e-05
   2.0533243e+03   1.2204378e-05
   2.0551081e+03   1.2111356e-05
   2.0568919e+03   1.2019044e-05
   2.0586757e+03   1.1927435e-05
   2.0604595e+03   1.1836524e-05
   2.0622432e+03   1.1746307e-05
   2.0640270e+03   1.1656777e-05
   2.0658108e+03   1.1567929e-05
   2.0675946e+03   1.1479759e-05
   2.0693784e+03   1.1392260e-05
   2.0711622e+03   1.1305429e-05
   2.0729459e+03   1.1219259e-05
   2.0747297e+03   1.1133746e-05
   2.0765135e+03   1.1048885e-05
   2.0782973e+03   1.0964671e-05
   2.0800811e+03   1.0881098e-05
   2.0818649e+03   1.0798163e-05
   2.0836486e+03   1.0715860e-05
   2.0854324e+03   1.0634184e-05
   2.0872162e+03   1.0553130e-05
   2.0890000e+03   1.0472694e-05
   2.0907838e+03   1.0392872e-05
   2.0925676e+03   1.0313658e-05
   2.0943514e+03   1.0235047e-05
   2.0961351e+03   1.0157036e-05
   2.0979189e+03   1.0079619e-05
   2.0997027e+03   1.0002793e-05
   2.1014865e+03   9.9265517e-06
   2.1032703e+03   9.8508918e-06
   2.1050541e+03   9.7758086e-06
   2.1068378e+03   9.7012977e-06
   2.1086216e+03   9.6273547e-06
   2.1104054e+03   9.5539752e-06
   2.1121892e+03   9.4811551e-06
   2.1139730e+03   9.4088900e-06
   2.1157568e+03   9.3371757e-06
   2.1175405e+03   9.2660080e-06
   2.1193243e+03   9.1953827e-06
   2.1211081e+03   9.1252958e-06
   2.1228919e+03   9.0557430e-06
   2.1246757e+03   8.9867204e-06
   2.1264595e+03   8.9182239e-06
   2.1282432e+03   8.8502494e-06
   2.1300270e+03   8.7827931e-06
   2.1318108e+03   8.7158508e-06
   2.1335946e+03   8.6494189e-06
   2.1353784e+03   8.5834932e-06
   2.1371622e+03   8.5180701e-06
   2.1389459e+03   8.4531456e-06
   2.1407297e+03   8.3887160e-06
   2.1425135e+03   8.3247774e-06
   2.1442973e+03   8.2613262e-06
   2.1460811e+03   8.1983586e-06
   2.1478649e+03   8.1358709e-06
   2.1496486e+03   8.0738595e-06
   2.1514324e+03   8.0123208e-06
   2.1532162e+03   7.9512511e-06
   2.1550000e+03   7.8906469e-06
   2.1567838e+03   7.8305046e-06
   2.1585676e+03   7.7708207e-06
   2.1603514e+03   7.7115917e-06
   2.1621351e+03   7.6528142e-06
   2.1639189e+03   7.5944846e-06
   2.1657027e+03   7.5365997e-06
   2.1674865e+03   7.4791559e-06
   2.1692703e+03   7.4221500e-06
   2.1710541e+03   7.3655786e-06
   2.1728378e+03   7.3094384e-06
   2.1746216e+03   7.2537260e-06
   2.1764054e+03   7.1984383e-06
   2.1781892e+03   7.1435720e-06
   2.1799730e+03   7.0891239e-06
   2.1817568e+03   7.0350908e-06
   2.1835405e+03   6.9814695e-06
   2.1853243e+03   6.9282570e-06
   2.1871081e+03   6.8754500e-06
   2.1888919e+03   6.8230455e-06
   2.1906757e+03   6.7710404e-06
   2.1924595e+03   6.7194317e-06
   2.1942432e+03   6.6682164e-06
   2.1960270e+03   6.6173915e-06
   2.1978108e+03   6.5669539e-06
   2.1995946e+03   6.5169007e-06
   2.2013784e+03   6.4672291e-06
   2.2031622e+03   6.4179361e-06
   2.2049459e+03   6.3690187e-06
   2.2067297e+03   6.3204742e-06
   2.2085135e+03   6.2722998e-06
   2.2102973e+03   6.2244925e-06
   2.2120811e+03   6.1770496e-06
   2.2138649e+03   6.1299683e-06
   2.2156486e+03   6.0832458e-06
   2.2174324e+03   6.0368795e-06
   2.2192162e+03   5.9908666e-06
   2.2210000e+03   5.9452043e-06
   2.2227838e+03   5.8998901e-06
   2.2245676e+03   5.8549213e-06
   2.2263514e+03   5.8102953e-06
   2.2281351e+03   5.7660094e-06
   2.2299189e+03   5.7220610e-06
   2.2317027e+03   5.6784476e-06
   2.2334865e+03   5.6351667e-06
   2.2352703e+03   5.5922156e-06
   2.2370541e+03   5.5495919e-06
   2.2388378e+03   5.5072930e-06
   2.2406216e+03   5.4653166e-06
   2.2424054e+03   5.4236601e-06
   2.2441892e+03   5.3823211e-06
   2.2459730e+03   5.3412972e-06
   2.2477568e+03   5.3005860e-06
   2.2495405e+03   5.2601851e-06
   2.2513243e+03   5.2200921e-06
   2.2531081e+03   5.1803047e-06
   2.2548919e+03   5.1408205e-06
   2.2566757e+03   5.1016374e-06
   2.2584595e+03   5.0627528e-06
   2.2602432e+03   5.0241647e-06
   2.2620270e+03   4.9858706e-06
   2.2638108e+03   4.9478684e-06
   2.2655946e+03   4.9101559e-06
   2.2673784e+03   4.8727309e-06
   2.2691622e+03   4.8355910e-06
   2.2709459e+03   4.7987343e-06
   2.2727297e+03   4.7621585e-06
   2.2745135e+03   4.7258614e-06
   2.2762973e+03   4.6898410e-06
   2.2780811e+03   4.6540952e-06
   2.2798649e+03   4.6186218e-06
   2.2816486e+03   4.5834188e-06
   2.2834324e+03   4.5484841e-06
   2.2852162e+03   4.5138157e-06
   2.2870000e+03   4.4794115e-06
