   3.8538000e+02   1.3993656e-04
   3.8698631e+02   1.4415228e-04
   3.8859262e+02   1.4846937e-04
   3.9019893e+02   1.5288934e-04
   3.9180525e+02   1.5741375e-04
   3.9341156e+02   1.6204411e-04
   3.9501787e+02   1.6678194e-04
   3.9662418e+02   1.7162875e-04
   3.9823049e+02   1.7658603e-04
   3.9983680e+02   1.8165527e-04
   4.0144311e+02   1.8683795e-04
   4.0304942e+02   1.9213551e-04
   4.0465574e+02   1.9754939e-04
   4.0626205e+02   2.0308102e-04
   4.0786836e+02   2.0873180e-04
   4.0947467e+02   2.1450311e-04
   4.1108098e+02   2.2039630e-04
   4.1268729e+02   2.2641273e-04
   4.1429360e+02   2.3255370e-04
   4.1589991e+02   2.3882049e-04
   4.1750623e+02   2.4521436e-04
   4.1911254e+02   2.5173655e-04
   4.2071885e+02   2.5838825e-04
   4.2232516e+02   2.6517064e-04
   4.2393147e+02   2.7208484e-04
   4.2553778e+02   2.7913195e-04
   4.2714409e+02   2.8631303e-04
   4.2875041e+02   2.9362912e-04
   4.3035672e+02   3.0108118e-04
   4.3196303e+02   3.0867018e-04
   4.3356934e+02   3.1639700e-04
   4.3517565e+02   3.2426251e-04
   4.3678196e+02   3.3226752e-04
   4.3838827e+02   3.4041278e-04
   4.3999458e+02   3.4869902e-04
   4.4160090e+02   3.5712691e-04
   4.4320721e+02   3.6569704e-04
   4.4481352e+02   3.7441000e-04
   4.4641983e+02   3.8326628e-04
   4.4802614e+02   3.9226633e-04
   4.4963245e+02   4.0141055e-04
   4.5123876e+02   4.1069926e-04
   4.5284508e+02   4.2013276e-04
   4.5445139e+02   4.2971124e-04
   4.5605770e+02   4.3943485e-04
   4.5766401e+02   4.4930369e-04
   4.5927032e+02   4.5931778e-04
   4.6087663e+02   4.6947706e-04
   4.6248294e+02   4.7978142e-04
   4.6408925e+02   4.9023068e-04
   4.6569557e+02   5.0082458e-04
   4.6730188e+02   5.1156281e-04
   4.6890819e+02   5.2244496e-04
   4.7051450e+02   5.3347055e-04
   4.7212081e+02   5.4463905e-04
   4.7372712e+02   5.5594984e-04
   4.7533343e+02   5.6740221e-04
   4.7693974e+02   5.7899540e-04
   4.7854606e+02   5.9072854e-04
   4.8015237e+02   6.0260071e-04
   4.8175868e+02   6.1461089e-04
   4.8336499e+02   6.2675800e-04
   4.8497130e+02   6.3904087e-04
   4.8657761e+02   6.5145823e-04
   4.8818392e+02   6.6400876e-04
   4.8979024e+02   6.7669103e-04
   4.9139655e+02   6.8950355e-04
   4.9300286e+02   7.0244474e-04
   4.9460917e+02   7.1551292e-04
   4.9621548e+02   7.2870635e-04
   4.9782179e+02   7.4202320e-04
   4.9942810e+02   7.5546154e-04
   5.0103441e+02   7.6901939e-04
   5.0264073e+02   7.8269464e-04
   5.0424704e+02   7.9648515e-04
   5.0585335e+02   8.1038866e-04
   5.0745966e+02   8.2440283e-04
   5.0906597e+02   8.3852526e-04
   5.1067228e+02   8.5275344e-04
   5.1227859e+02   8.6708479e-04
   5.1388490e+02   8.8151667e-04
   5.1549122e+02   8.9604632e-04
   5.1709753e+02   9.1067093e-04
   5.1870384e+02   9.2538761e-04
   5.2031015e+02   9.4019337e-04
   5.2191646e+02   9.5508516e-04
   5.2352277e+02   9.7005987e-04
   5.2512908e+02   9.8511427e-04
   5.2673540e+02   1.0002451e-03
   5.2834171e+02   1.0154490e-03
   5.2994802e+02   1.0307226e-03
   5.3155433e+02   1.0460623e-03
   5.3316064e+02   1.0614647e-03
   5.3476695e+02   1.0769260e-03
   5.3637326e+02   1.0924426e-03
   5.3797957e+02   1.1080108e-03
   5.3958589e+02   1.1236267e-03
   5.4119220e+02   1.1392865e-03
   5.4279851e+02   1.1549861e-03
   5.4440482e+02   1.1707217e-03
   5.4601113e+02   1.1864892e-03
   5.4761744e+02   1.2022845e-03
   5.4922375e+02   1.2181034e-03
   5.5083007e+02   1.2339418e-03
   5.5243638e+02   1.2497953e-03
   5.5404269e+02   1.2656598e-03
   5.5564900e+02   1.2815309e-03
   5.5725531e+02   1.2974042e-03
   5.5886162e+02   1.3132754e-03
   5.6046793e+02   1.3291399e-03
   5.6207424e+02   1.3449934e-03
   5.6368056e+02   1.3608313e-03
   5.6528687e+02   1.3766492e-03
   5.6689318e+02   1.3924424e-03
   5.6849949e+02   1.4082064e-03
   5.7010580e+02   1.4239366e-03
   5.7171211e+02   1.4396284e-03
   5.7331842e+02   1.4552772e-03
   5.7492473e+02   1.4708785e-03
   5.7653105e+02   1.4864274e-03
   5.7813736e+02   1.5019195e-03
   5.7974367e+02   1.5173500e-03
   5.8134998e+02   1.5327143e-03
   5.8295629e+02   1.5480079e-03
   5.8456260e+02   1.5632260e-03
   5.8616891e+02   1.5783640e-03
   5.8777523e+02   1.5934174e-03
   5.8938154e+02   1.6083816e-03
   5.9098785e+02   1.6232519e-03
   5.9259416e+02   1.6380239e-03
   5.9420047e+02   1.6526930e-03
   5.9580678e+02   1.6672546e-03
   5.9741309e+02   1.6817044e-03
   5.9901940e+02   1.6960379e-03
   6.0062572e+02   1.7102507e-03
   6.0223203e+02   1.7243384e-03
   6.0383834e+02   1.7382967e-03
   6.0544465e+02   1.7521213e-03
   6.0705096e+02   1.7658080e-03
   6.0865727e+02   1.7793526e-03
   6.1026358e+02   1.7927509e-03
   6.1186989e+02   1.8059989e-03
   6.1347621e+02   1.8190926e-03
   6.1508252e+02   1.8320279e-03
   6.1668883e+02   1.8448011e-03
   6.1829514e+02   1.8574081e-03
   6.1990145e+02   1.8698453e-03
   6.2150776e+02   1.8821090e-03
   6.2311407e+02   1.8941955e-03
   6.2472039e+02   1.9061012e-03
   6.2632670e+02   1.9178227e-03
   6.2793301e+02   1.9293566e-03
   6.2953932e+02   1.9406995e-03
   6.3114563e+02   1.9518482e-03
   6.3275194e+02   1.9627994e-03
   6.3435825e+02   1.9735502e-03
   6.3596456e+02   1.9840976e-03
   6.3757088e+02   1.9944385e-03
   6.3917719e+02   2.0045703e-03
   6.4078350e+02   2.0144901e-03
   6.4238981e+02   2.0241954e-03
   6.4399612e+02   2.0336835e-03
   6.4560243e+02   2.0429522e-03
   6.4720874e+02   2.0519989e-03
   6.4881506e+02   2.0608216e-03
   6.5042137e+02   2.0694179e-03
   6.5202768e+02   2.0777859e-03
   6.5363399e+02   2.0859236e-03
   6.5524030e+02   2.0938292e-03
   6.5684661e+02   2.1015009e-03
   6.5845292e+02   2.1089371e-03
   6.6005923e+02   2.1161363e-03
   6.6166555e+02   2.1230969e-03
   6.6327186e+02   2.1298178e-03
   6.6487817e+02   2.1362976e-03
   6.6648448e+02   2.1425352e-03
   6.6809079e+02   2.1485297e-03
   6.6969710e+02   2.1542800e-03
   6.7130341e+02   2.1597855e-03
   6.7290972e+02   2.1650454e-03
   6.7451604e+02   2.1700591e-03
   6.7612235e+02   2.1748262e-03
   6.7772866e+02   2.1793462e-03
   6.7933497e+02   2.1836189e-03
   6.8094128e+02   2.1876440e-03
   6.8254759e+02   2.1914216e-03
   6.8415390e+02   2.1949516e-03
   6.8576022e+02   2.1982342e-03
   6.8736653e+02   2.2012697e-03
   6.8897284e+02   2.2040582e-03
   6.9057915e+02   2.2066004e-03
   6.9218546e+02   2.2088967e-03
   6.9379177e+02   2.2109477e-03
   6.9539808e+02   2.2127541e-03
   6.9700439e+02   2.2143169e-03
   6.9861071e+02   2.2156368e-03
   7.0021702e+02   2.2167149e-03
   7.0182333e+02   2.2175523e-03
   7.0342964e+02   2.2181502e-03
   7.0503595e+02   2.2185098e-03
   7.0664226e+02   2.2186325e-03
   7.0824857e+02   2.2185198e-03
   7.0985488e+02   2.2181732e-03
   7.1146120e+02   2.2175942e-03
   7.1306751e+02   2.2167846e-03
   7.1467382e+02   2.2157461e-03
   7.1628013e+02   2.2144807e-03
   7.1788644e+02   2.2129901e-03
   7.1949275e+02   2.2112764e-03
   7.2109906e+02   2.2093416e-03
   7.2270538e+02   2.2071880e-03
   7.2431169e+02   2.2048176e-03
   7.2591800e+02   2.2022327e-03
   7.2752431e+02   2.1994357e-03
   7.2913062e+02   2.1964289e-03
   7.3073693e+02   2.1932149e-03
   7.3234324e+02   2.1897960e-03
   7.3394955e+02   2.1861748e-03
   7.3555587e+02   2.1823540e-03
   7.3716218e+02   2.1783362e-03
   7.3876849e+02   2.1741241e-03
   7.4037480e+02   2.1697204e-03
   7.4198111e+02   2.1651280e-03
   7.4358742e+02   2.1603497e-03
   7.4519373e+02   2.1553883e-03
   7.4680005e+02   2.1502468e-03
   7.4840636e+02   2.1449281e-03
   7.5001267e+02   2.1394352e-03
   7.5161898e+02   2.1337711e-03
   7.5322529e+02   2.1279389e-03
   7.5483160e+02   2.1219416e-03
   7.5643791e+02   2.1157823e-03
   7.5804422e+02   2.1094641e-03
   7.5965054e+02   2.1029901e-03
   7.6125685e+02   2.0963635e-03
   7.6286316e+02   2.0895876e-03
   7.6446947e+02   2.0826653e-03
   7.6607578e+02   2.0756001e-03
   7.6768209e+02   2.0683949e-03
   7.6928840e+02   2.0610531e-03
   7.7089471e+02   2.0535780e-03
   7.7250103e+02   2.0459726e-03
   7.7410734e+02   2.0382402e-03
   7.7571365e+02   2.0303841e-03
   7.7731996e+02   2.0224075e-03
   7.7892627e+02   2.0143136e-03
   7.8053258e+02   2.0061057e-03
   7.8213889e+02   1.9977868e-03
   7.8374521e+02   1.9893603e-03
   7.8535152e+02   1.9808294e-03
   7.8695783e+02   1.9721972e-03
   7.8856414e+02   1.9634668e-03
   7.9017045e+02   1.9546415e-03
   7.9177676e+02   1.9457244e-03
   7.9338307e+02   1.9367187e-03
   7.9498938e+02   1.9276273e-03
   7.9659570e+02   1.9184534e-03
   7.9820201e+02   1.9092002e-03
   7.9980832e+02   1.8998705e-03
   8.0141463e+02   1.8904675e-03
   8.0302094e+02   1.8809941e-03
   8.0462725e+02   1.8714532e-03
   8.0623356e+02   1.8618480e-03
   8.0783987e+02   1.8521811e-03
   8.0944619e+02   1.8424556e-03
   8.1105250e+02   1.8326743e-03
   8.1265881e+02   1.8228400e-03
   8.1426512e+02   1.8129555e-03
   8.1587143e+02   1.8030235e-03
   8.1747774e+02   1.7930468e-03
   8.1908405e+02   1.7830281e-03
   8.2069037e+02   1.7729700e-03
   8.2229668e+02   1.7628752e-03
   8.2390299e+02   1.7527461e-03
   8.2550930e+02   1.7425854e-03
   8.2711561e+02   1.7323956e-03
   8.2872192e+02   1.7221792e-03
   8.3032823e+02   1.7119385e-03
   8.3193454e+02   1.7016760e-03
   8.3354086e+02   1.6913940e-03
   8.3514717e+02   1.6810948e-03
   8.3675348e+02   1.6707808e-03
   8.3835979e+02   1.6604540e-03
   8.3996610e+02   1.6501168e-03
   8.4157241e+02   1.6397713e-03
   8.4317872e+02   1.6294196e-03
   8.4478504e+02   1.6190637e-03
   8.4639135e+02   1.6087057e-03
   8.4799766e+02   1.5983476e-03
   8.4960397e+02   1.5879913e-03
   8.5121028e+02   1.5776387e-03
   8.5281659e+02   1.5672917e-03
   8.5442290e+02   1.5569521e-03
   8.5602921e+02   1.5466216e-03
   8.5763553e+02   1.5363021e-03
   8.5924184e+02   1.5259952e-03
   8.6084815e+02   1.5157026e-03
   8.6245446e+02   1.5054258e-03
   8.6406077e+02   1.4951665e-03
   8.6566708e+02   1.4849262e-03
   8.6727339e+02   1.4747064e-03
   8.6887970e+02   1.4645085e-03
   8.7048602e+02   1.4543339e-03
   8.7209233e+02   1.4441841e-03
   8.7369864e+02   1.4340604e-03
   8.7530495e+02   1.4239640e-03
   8.7691126e+02   1.4138962e-03
   8.7851757e+02   1.4038582e-03
   8.8012388e+02   1.3938513e-03
   8.8173020e+02   1.3838765e-03
   8.8333651e+02   1.3739351e-03
   8.8494282e+02   1.3640279e-03
   8.8654913e+02   1.3541562e-03
   8.8815544e+02   1.3443208e-03
   8.8976175e+02   1.3345228e-03
   8.9136806e+02   1.3247630e-03
   8.9297437e+02   1.3150425e-03
   8.9458069e+02   1.3053620e-03
   8.9618700e+02   1.2957224e-03
   8.9779331e+02   1.2861244e-03
   8.9939962e+02   1.2765690e-03
   9.0100593e+02   1.2670566e-03
   9.0261224e+02   1.2575882e-03
   9.0421855e+02   1.2481644e-03
   9.0582486e+02   1.2387857e-03
   9.0743118e+02   1.2294529e-03
   9.0903749e+02   1.2201665e-03
   9.1064380e+02   1.2109270e-03
   9.1225011e+02   1.2017351e-03
   9.1385642e+02   1.1925911e-03
   9.1546273e+02   1.1834956e-03
   9.1706904e+02   1.1744491e-03
   9.1867536e+02   1.1654519e-03
   9.2028167e+02   1.1565045e-03
   9.2188798e+02   1.1476072e-03
   9.2349429e+02   1.1387604e-03
   9.2510060e+02   1.1299645e-03
   9.2670691e+02   1.1212196e-03
   9.2831322e+02   1.1125262e-03
   9.2991953e+02   1.1038844e-03
   9.3152585e+02   1.0952946e-03
   9.3313216e+02   1.0867569e-03
   9.3473847e+02   1.0782715e-03
   9.3634478e+02   1.0698386e-03
   9.3795109e+02   1.0614585e-03
   9.3955740e+02   1.0531311e-03
   9.4116371e+02   1.0448567e-03
   9.4277003e+02   1.0366354e-03
   9.4437634e+02   1.0284672e-03
   9.4598265e+02   1.0203523e-03
   9.4758896e+02   1.0122906e-03
   9.4919527e+02   1.0042823e-03
   9.5080158e+02   9.9632735e-04
   9.5240789e+02   9.8842576e-04
   9.5401420e+02   9.8057755e-04
   9.5562052e+02   9.7278270e-04
   9.5722683e+02   9.6504119e-04
   9.5883314e+02   9.5735297e-04
   9.6043945e+02   9.4971799e-04
   9.6204576e+02   9.4213619e-04
   9.6365207e+02   9.3460748e-04
   9.6525838e+02   9.2713180e-04
   9.6686469e+02   9.1970902e-04
   9.6847101e+02   9.1233906e-04
   9.7007732e+02   9.0502178e-04
   9.7168363e+02   8.9775707e-04
   9.7328994e+02   8.9054478e-04
   9.7489625e+02   8.8338476e-04
   9.7650256e+02   8.7627687e-04
   9.7810887e+02   8.6922094e-04
   9.7971519e+02   8.6221679e-04
   9.8132150e+02   8.5526426e-04
   9.8292781e+02   8.4836315e-04
   9.8453412e+02   8.4151327e-04
   9.8614043e+02   8.3471442e-04
   9.8774674e+02   8.2796639e-04
   9.8935305e+02   8.2126898e-04
   9.9095936e+02   8.1462197e-04
   9.9256568e+02   8.0802513e-04
   9.9417199e+02   8.0147824e-04
   9.9577830e+02   7.9498106e-04
   9.9738461e+02   7.8853335e-04
   9.9899092e+02   7.8213487e-04
   1.0005972e+03   7.7578538e-04
   1.0022035e+03   7.6948463e-04
   1.0038099e+03   7.6323236e-04
   1.0054162e+03   7.5702831e-04
   1.0070225e+03   7.5087222e-04
   1.0086288e+03   7.4476383e-04
   1.0102351e+03   7.3870287e-04
   1.0118414e+03   7.3268907e-04
   1.0134477e+03   7.2672216e-04
   1.0150540e+03   7.2080186e-04
   1.0166603e+03   7.1492791e-04
   1.0182667e+03   7.0910001e-04
   1.0198730e+03   7.0331788e-04
   1.0214793e+03   6.9758126e-04
   1.0230856e+03   6.9188984e-04
   1.0246919e+03   6.8624335e-04
   1.0262982e+03   6.8064150e-04
   1.0279045e+03   6.7508401e-04
   1.0295108e+03   6.6957058e-04
   1.0311171e+03   6.6410092e-04
   1.0327235e+03   6.5867475e-04
   1.0343298e+03   6.5329177e-04
   1.0359361e+03   6.4795170e-04
   1.0375424e+03   6.4265424e-04
   1.0391487e+03   6.3739910e-04
   1.0407550e+03   6.3218599e-04
   1.0423613e+03   6.2701462e-04
   1.0439676e+03   6.2188469e-04
   1.0455739e+03   6.1679592e-04
   1.0471803e+03   6.1174801e-04
   1.0487866e+03   6.0674067e-04
   1.0503929e+03   6.0177362e-04
   1.0519992e+03   5.9684656e-04
   1.0536055e+03   5.9195920e-04
   1.0552118e+03   5.8711125e-04
   1.0568181e+03   5.8230243e-04
   1.0584244e+03   5.7753245e-04
   1.0600308e+03   5.7280102e-04
   1.0616371e+03   5.6810785e-04
   1.0632434e+03   5.6345267e-04
   1.0648497e+03   5.5883518e-04
   1.0664560e+03   5.5425510e-04
   1.0680623e+03   5.4971216e-04
   1.0696686e+03   5.4520607e-04
   1.0712749e+03   5.4073656e-04
   1.0728812e+03   5.3630333e-04
   1.0744876e+03   5.3190612e-04
   1.0760939e+03   5.2754466e-04
   1.0777002e+03   5.2321866e-04
   1.0793065e+03   5.1892785e-04
   1.0809128e+03   5.1467197e-04
   1.0825191e+03   5.1045074e-04
   1.0841254e+03   5.0626389e-04
   1.0857317e+03   5.0211115e-04
   1.0873380e+03   4.9799226e-04
   1.0889444e+03   4.9390696e-04
   1.0905507e+03   4.8985498e-04
   1.0921570e+03   4.8583605e-04
   1.0937633e+03   4.8184993e-04
   1.0953696e+03   4.7789635e-04
   1.0969759e+03   4.7397505e-04
   1.0985822e+03   4.7008578e-04
   1.1001885e+03   4.6622829e-04
   1.1017948e+03   4.6240232e-04
   1.1034012e+03   4.5860762e-04
   1.1050075e+03   4.5484395e-04
   1.1066138e+03   4.5111105e-04
   1.1082201e+03   4.4740869e-04
   1.1098264e+03   4.4373661e-04
   1.1114327e+03   4.4009457e-04
   1.1130390e+03   4.3648234e-04
   1.1146453e+03   4.3289968e-04
   1.1162516e+03   4.2934634e-04
   1.1178580e+03   4.2582210e-04
   1.1194643e+03   4.2232671e-04
   1.1210706e+03   4.1885995e-04
   1.1226769e+03   4.1542159e-04
   1.1242832e+03   4.1201139e-04
   1.1258895e+03   4.0862913e-04
   1.1274958e+03   4.0527458e-04
   1.1291021e+03   4.0194752e-04
   1.1307084e+03   3.9864773e-04
   1.1323148e+03   3.9537499e-04
   1.1339211e+03   3.9212907e-04
   1.1355274e+03   3.8890976e-04
   1.1371337e+03   3.8571685e-04
   1.1387400e+03   3.8255011e-04
   1.1403463e+03   3.7940934e-04
   1.1419526e+03   3.7629432e-04
   1.1435589e+03   3.7320486e-04
   1.1451653e+03   3.7014073e-04
   1.1467716e+03   3.6710173e-04
   1.1483779e+03   3.6408766e-04
   1.1499842e+03   3.6109831e-04
   1.1515905e+03   3.5813349e-04
   1.1531968e+03   3.5519299e-04
   1.1548031e+03   3.5227661e-04
   1.1564094e+03   3.4938416e-04
   1.1580157e+03   3.4651545e-04
   1.1596221e+03   3.4367027e-04
   1.1612284e+03   3.4084844e-04
   1.1628347e+03   3.3804977e-04
   1.1644410e+03   3.3527407e-04
   1.1660473e+03   3.3252114e-04
   1.1676536e+03   3.2979080e-04
   1.1692599e+03   3.2708288e-04
   1.1708662e+03   3.2439718e-04
   1.1724725e+03   3.2173352e-04
   1.1740789e+03   3.1909173e-04
   1.1756852e+03   3.1647162e-04
   1.1772915e+03   3.1387301e-04
   1.1788978e+03   3.1129574e-04
   1.1805041e+03   3.0873962e-04
   1.1821104e+03   3.0620448e-04
   1.1837167e+03   3.0369016e-04
   1.1853230e+03   3.0119648e-04
   1.1869293e+03   2.9872326e-04
   1.1885357e+03   2.9627035e-04
   1.1901420e+03   2.9383758e-04
   1.1917483e+03   2.9142478e-04
   1.1933546e+03   2.8903179e-04
   1.1949609e+03   2.8665844e-04
   1.1965672e+03   2.8430458e-04
   1.1981735e+03   2.8197005e-04
   1.1997798e+03   2.7965468e-04
   1.2013861e+03   2.7735832e-04
   1.2029925e+03   2.7508081e-04
   1.2045988e+03   2.7282201e-04
   1.2062051e+03   2.7058175e-04
   1.2078114e+03   2.6835988e-04
   1.2094177e+03   2.6615626e-04
   1.2110240e+03   2.6397073e-04
   1.2126303e+03   2.6180314e-04
   1.2142366e+03   2.5965335e-04
   1.2158429e+03   2.5752121e-04
   1.2174493e+03   2.5540658e-04
   1.2190556e+03   2.5330931e-04
   1.2206619e+03   2.5122927e-04
   1.2222682e+03   2.4916630e-04
   1.2238745e+03   2.4712027e-04
   1.2254808e+03   2.4509104e-04
   1.2270871e+03   2.4307847e-04
   1.2286934e+03   2.4108243e-04
   1.2302997e+03   2.3910278e-04
   1.2319061e+03   2.3713938e-04
   1.2335124e+03   2.3519211e-04
   1.2351187e+03   2.3326082e-04
   1.2367250e+03   2.3134539e-04
   1.2383313e+03   2.2944569e-04
   1.2399376e+03   2.2756159e-04
   1.2415439e+03   2.2569296e-04
   1.2431502e+03   2.2383968e-04
   1.2447566e+03   2.2200161e-04
   1.2463629e+03   2.2017863e-04
   1.2479692e+03   2.1837063e-04
   1.2495755e+03   2.1657747e-04
   1.2511818e+03   2.1479903e-04
   1.2527881e+03   2.1303520e-04
   1.2543944e+03   2.1128585e-04
   1.2560007e+03   2.0955087e-04
   1.2576070e+03   2.0783013e-04
   1.2592134e+03   2.0612353e-04
   1.2608197e+03   2.0443093e-04
   1.2624260e+03   2.0275224e-04
   1.2640323e+03   2.0108733e-04
   1.2656386e+03   1.9943609e-04
   1.2672449e+03   1.9779841e-04
   1.2688512e+03   1.9617417e-04
   1.2704575e+03   1.9456328e-04
   1.2720638e+03   1.9296561e-04
   1.2736702e+03   1.9138106e-04
   1.2752765e+03   1.8980953e-04
   1.2768828e+03   1.8825090e-04
   1.2784891e+03   1.8670506e-04
   1.2800954e+03   1.8517192e-04
   1.2817017e+03   1.8365137e-04
   1.2833080e+03   1.8214331e-04
   1.2849143e+03   1.8064763e-04
   1.2865206e+03   1.7916423e-04
   1.2881270e+03   1.7769301e-04
   1.2897333e+03   1.7623388e-04
   1.2913396e+03   1.7478672e-04
   1.2929459e+03   1.7335145e-04
   1.2945522e+03   1.7192796e-04
   1.2961585e+03   1.7051617e-04
   1.2977648e+03   1.6911596e-04
   1.2993711e+03   1.6772726e-04
   1.3009774e+03   1.6634995e-04
   1.3025838e+03   1.6498396e-04
   1.3041901e+03   1.6362919e-04
   1.3057964e+03   1.6228553e-04
   1.3074027e+03   1.6095292e-04
   1.3090090e+03   1.5963124e-04
   1.3106153e+03   1.5832042e-04
   1.3122216e+03   1.5702036e-04
   1.3138279e+03   1.5573098e-04
   1.3154342e+03   1.5445219e-04
   1.3170406e+03   1.5318389e-04
   1.3186469e+03   1.5192601e-04
   1.3202532e+03   1.5067846e-04
   1.3218595e+03   1.4944116e-04
   1.3234658e+03   1.4821401e-04
   1.3250721e+03   1.4699694e-04
   1.3266784e+03   1.4578987e-04
   1.3282847e+03   1.4459271e-04
   1.3298911e+03   1.4340537e-04
   1.3314974e+03   1.4222779e-04
   1.3331037e+03   1.4105988e-04
   1.3347100e+03   1.3990156e-04
   1.3363163e+03   1.3875275e-04
   1.3379226e+03   1.3761337e-04
   1.3395289e+03   1.3648335e-04
   1.3411352e+03   1.3536261e-04
   1.3427415e+03   1.3425107e-04
   1.3443479e+03   1.3314866e-04
   1.3459542e+03   1.3205530e-04
   1.3475605e+03   1.3097092e-04
   1.3491668e+03   1.2989544e-04
   1.3507731e+03   1.2882880e-04
   1.3523794e+03   1.2777091e-04
   1.3539857e+03   1.2672171e-04
   1.3555920e+03   1.2568113e-04
   1.3571983e+03   1.2464909e-04
   1.3588047e+03   1.2362553e-04
   1.3604110e+03   1.2261037e-04
   1.3620173e+03   1.2160355e-04
   1.3636236e+03   1.2060499e-04
   1.3652299e+03   1.1961464e-04
   1.3668362e+03   1.1863241e-04
   1.3684425e+03   1.1765825e-04
   1.3700488e+03   1.1669210e-04
   1.3716551e+03   1.1573387e-04
   1.3732615e+03   1.1478352e-04
   1.3748678e+03   1.1384096e-04
   1.3764741e+03   1.1290615e-04
   1.3780804e+03   1.1197902e-04
   1.3796867e+03   1.1105949e-04
   1.3812930e+03   1.1014752e-04
   1.3828993e+03   1.0924304e-04
   1.3845056e+03   1.0834598e-04
   1.3861119e+03   1.0745629e-04
   1.3877183e+03   1.0657391e-04
   1.3893246e+03   1.0569877e-04
   1.3909309e+03   1.0483082e-04
   1.3925372e+03   1.0396999e-04
   1.3941435e+03   1.0311624e-04
   1.3957498e+03   1.0226949e-04
   1.3973561e+03   1.0142970e-04
   1.3989624e+03   1.0059680e-04
   1.4005687e+03   9.9770745e-05
   1.4021751e+03   9.8951471e-05
   1.4037814e+03   9.8138924e-05
   1.4053877e+03   9.7333051e-05
   1.4069940e+03   9.6533794e-05
   1.4086003e+03   9.5741101e-05
   1.4102066e+03   9.4954917e-05
   1.4118129e+03   9.4175188e-05
   1.4134192e+03   9.3401863e-05
   1.4150256e+03   9.2634887e-05
   1.4166319e+03   9.1874210e-05
   1.4182382e+03   9.1119779e-05
   1.4198445e+03   9.0371544e-05
   1.4214508e+03   8.9629452e-05
   1.4230571e+03   8.8893454e-05
   1.4246634e+03   8.8163500e-05
   1.4262697e+03   8.7439540e-05
   1.4278760e+03   8.6721524e-05
   1.4294824e+03   8.6009405e-05
   1.4310887e+03   8.5303133e-05
   1.4326950e+03   8.4602661e-05
   1.4343013e+03   8.3907941e-05
   1.4359076e+03   8.3218926e-05
   1.4375139e+03   8.2535568e-05
   1.4391202e+03   8.1857822e-05
   1.4407265e+03   8.1185642e-05
   1.4423328e+03   8.0518981e-05
   1.4439392e+03   7.9857794e-05
   1.4455455e+03   7.9202037e-05
   1.4471518e+03   7.8551664e-05
   1.4487581e+03   7.7906632e-05
   1.4503644e+03   7.7266897e-05
   1.4519707e+03   7.6632415e-05
   1.4535770e+03   7.6003143e-05
   1.4551833e+03   7.5379038e-05
   1.4567896e+03   7.4760059e-05
   1.4583960e+03   7.4146162e-05
   1.4600023e+03   7.3537306e-05
   1.4616086e+03   7.2933450e-05
   1.4632149e+03   7.2334552e-05
   1.4648212e+03   7.1740572e-05
   1.4664275e+03   7.1151470e-05
   1.4680338e+03   7.0567205e-05
   1.4696401e+03   6.9987738e-05
   1.4712464e+03   6.9413029e-05
   1.4728528e+03   6.8843040e-05
   1.4744591e+03   6.8277731e-05
   1.4760654e+03   6.7717064e-05
   1.4776717e+03   6.7161001e-05
   1.4792780e+03   6.6609504e-05
   1.4808843e+03   6.6062536e-05
   1.4824906e+03   6.5520059e-05
   1.4840969e+03   6.4982037e-05
   1.4857032e+03   6.4448433e-05
   1.4873096e+03   6.3919211e-05
   1.4889159e+03   6.3394334e-05
   1.4905222e+03   6.2873768e-05
   1.4921285e+03   6.2357476e-05
   1.4937348e+03   6.1845423e-05
   1.4953411e+03   6.1337576e-05
   1.4969474e+03   6.0833898e-05
   1.4985537e+03   6.0334357e-05
   1.5001601e+03   5.9838917e-05
   1.5017664e+03   5.9347546e-05
   1.5033727e+03   5.8860210e-05
   1.5049790e+03   5.8376876e-05
   1.5065853e+03   5.7897511e-05
   1.5081916e+03   5.7422081e-05
   1.5097979e+03   5.6950556e-05
   1.5114042e+03   5.6482903e-05
   1.5130105e+03   5.6019090e-05
   1.5146169e+03   5.5559086e-05
   1.5162232e+03   5.5102859e-05
   1.5178295e+03   5.4650379e-05
   1.5194358e+03   5.4201614e-05
   1.5210421e+03   5.3756534e-05
   1.5226484e+03   5.3315108e-05
   1.5242547e+03   5.2877308e-05
   1.5258610e+03   5.2443103e-05
   1.5274673e+03   5.2012463e-05
   1.5290737e+03   5.1585359e-05
   1.5306800e+03   5.1161763e-05
   1.5322863e+03   5.0741645e-05
   1.5338926e+03   5.0324976e-05
   1.5354989e+03   4.9911730e-05
   1.5371052e+03   4.9501876e-05
   1.5387115e+03   4.9095389e-05
   1.5403178e+03   4.8692239e-05
   1.5419241e+03   4.8292399e-05
   1.5435305e+03   4.7895843e-05
   1.5451368e+03   4.7502543e-05
   1.5467431e+03   4.7112473e-05
   1.5483494e+03   4.6725606e-05
   1.5499557e+03   4.6341916e-05
   1.5515620e+03   4.5961376e-05
   1.5531683e+03   4.5583962e-05
   1.5547746e+03   4.5209646e-05
   1.5563809e+03   4.4838404e-05
   1.5579873e+03   4.4470211e-05
   1.5595936e+03   4.4105041e-05
   1.5611999e+03   4.3742870e-05
   1.5628062e+03   4.3383672e-05
   1.5644125e+03   4.3027424e-05
   1.5660188e+03   4.2674102e-05
   1.5676251e+03   4.2323681e-05
   1.5692314e+03   4.1976137e-05
   1.5708377e+03   4.1631448e-05
   1.5724441e+03   4.1289588e-05
   1.5740504e+03   4.0950536e-05
   1.5756567e+03   4.0614268e-05
   1.5772630e+03   4.0280762e-05
   1.5788693e+03   3.9949994e-05
   1.5804756e+03   3.9621942e-05
   1.5820819e+03   3.9296584e-05
   1.5836882e+03   3.8973897e-05
   1.5852945e+03   3.8653861e-05
   1.5869009e+03   3.8336452e-05
   1.5885072e+03   3.8021650e-05
   1.5901135e+03   3.7709433e-05
   1.5917198e+03   3.7399779e-05
   1.5933261e+03   3.7092669e-05
   1.5949324e+03   3.6788080e-05
   1.5965387e+03   3.6485992e-05
   1.5981450e+03   3.6186385e-05
   1.5997514e+03   3.5889238e-05
   1.6013577e+03   3.5594532e-05
   1.6029640e+03   3.5302245e-05
   1.6045703e+03   3.5012358e-05
   1.6061766e+03   3.4724852e-05
   1.6077829e+03   3.4439707e-05
   1.6093892e+03   3.4156903e-05
   1.6109955e+03   3.3876421e-05
   1.6126018e+03   3.3598243e-05
   1.6142082e+03   3.3322349e-05
   1.6158145e+03   3.3048720e-05
   1.6174208e+03   3.2777339e-05
   1.6190271e+03   3.2508186e-05
   1.6206334e+03   3.2241243e-05
   1.6222397e+03   3.1976492e-05
   1.6238460e+03   3.1713915e-05
   1.6254523e+03   3.1453494e-05
   1.6270586e+03   3.1195211e-05
   1.6286650e+03   3.0939050e-05
   1.6302713e+03   3.0684992e-05
   1.6318776e+03   3.0433020e-05
   1.6334839e+03   3.0183118e-05
   1.6350902e+03   2.9935267e-05
   1.6366965e+03   2.9689452e-05
   1.6383028e+03   2.9445655e-05
   1.6399091e+03   2.9203860e-05
   1.6415154e+03   2.8964051e-05
   1.6431218e+03   2.8726211e-05
   1.6447281e+03   2.8490323e-05
   1.6463344e+03   2.8256373e-05
   1.6479407e+03   2.8024344e-05
   1.6495470e+03   2.7794221e-05
   1.6511533e+03   2.7565987e-05
   1.6527596e+03   2.7339627e-05
   1.6543659e+03   2.7115126e-05
   1.6559722e+03   2.6892468e-05
   1.6575786e+03   2.6671639e-05
   1.6591849e+03   2.6452623e-05
   1.6607912e+03   2.6235406e-05
   1.6623975e+03   2.6019972e-05
   1.6640038e+03   2.5806307e-05
   1.6656101e+03   2.5594397e-05
   1.6672164e+03   2.5384227e-05
   1.6688227e+03   2.5175783e-05
   1.6704290e+03   2.4969051e-05
   1.6720354e+03   2.4764016e-05
   1.6736417e+03   2.4560664e-05
   1.6752480e+03   2.4358983e-05
   1.6768543e+03   2.4158958e-05
   1.6784606e+03   2.3960575e-05
   1.6800669e+03   2.3763821e-05
   1.6816732e+03   2.3568683e-05
   1.6832795e+03   2.3375147e-05
   1.6848859e+03   2.3183201e-05
   1.6864922e+03   2.2992830e-05
   1.6880985e+03   2.2804023e-05
   1.6897048e+03   2.2616767e-05
   1.6913111e+03   2.2431048e-05
   1.6929174e+03   2.2246854e-05
   1.6945237e+03   2.2064172e-05
   1.6961300e+03   2.1882991e-05
   1.6977363e+03   2.1703297e-05
   1.6993427e+03   2.1525079e-05
   1.7009490e+03   2.1348325e-05
   1.7025553e+03   2.1173022e-05
   1.7041616e+03   2.0999158e-05
   1.7057679e+03   2.0826722e-05
   1.7073742e+03   2.0655702e-05
   1.7089805e+03   2.0486087e-05
   1.7105868e+03   2.0317864e-05
   1.7121931e+03   2.0151022e-05
   1.7137995e+03   1.9985551e-05
   1.7154058e+03   1.9821438e-05
   1.7170121e+03   1.9658673e-05
   1.7186184e+03   1.9497245e-05
   1.7202247e+03   1.9337142e-05
   1.7218310e+03   1.9178354e-05
   1.7234373e+03   1.9020870e-05
   1.7250436e+03   1.8864678e-05
   1.7266499e+03   1.8709770e-05
   1.7282563e+03   1.8556134e-05
   1.7298626e+03   1.8403759e-05
   1.7314689e+03   1.8252635e-05
   1.7330752e+03   1.8102752e-05
   1.7346815e+03   1.7954100e-05
   1.7362878e+03   1.7806669e-05
   1.7378941e+03   1.7660449e-05
   1.7395004e+03   1.7515429e-05
   1.7411067e+03   1.7371600e-05
   1.7427131e+03   1.7228952e-05
   1.7443194e+03   1.7087475e-05
   1.7459257e+03   1.6947160e-05
   1.7475320e+03   1.6807998e-05
   1.7491383e+03   1.6669978e-05
   1.7507446e+03   1.6533091e-05
   1.7523509e+03   1.6397329e-05
   1.7539572e+03   1.6262681e-05
   1.7555635e+03   1.6129139e-05
   1.7571699e+03   1.5996693e-05
   1.7587762e+03   1.5865335e-05
   1.7603825e+03   1.5735056e-05
   1.7619888e+03   1.5605847e-05
   1.7635951e+03   1.5477698e-05
   1.7652014e+03   1.5350602e-05
   1.7668077e+03   1.5224550e-05
   1.7684140e+03   1.5099533e-05
   1.7700204e+03   1.4975542e-05
   1.7716267e+03   1.4852569e-05
   1.7732330e+03   1.4730606e-05
   1.7748393e+03   1.4609645e-05
   1.7764456e+03   1.4489677e-05
   1.7780519e+03   1.4370694e-05
   1.7796582e+03   1.4252688e-05
   1.7812645e+03   1.4135651e-05
   1.7828708e+03   1.4019576e-05
   1.7844772e+03   1.3904453e-05
   1.7860835e+03   1.3790276e-05
   1.7876898e+03   1.3677036e-05
   1.7892961e+03   1.3564726e-05
   1.7909024e+03   1.3453339e-05
   1.7925087e+03   1.3342866e-05
   1.7941150e+03   1.3233300e-05
   1.7957213e+03   1.3124634e-05
   1.7973276e+03   1.3016860e-05
   1.7989340e+03   1.2909971e-05
   1.8005403e+03   1.2803960e-05
   1.8021466e+03   1.2698820e-05
   1.8037529e+03   1.2594542e-05
   1.8053592e+03   1.2491122e-05
   1.8069655e+03   1.2388550e-05
   1.8085718e+03   1.2286821e-05
   1.8101781e+03   1.2185927e-05
   1.8117844e+03   1.2085861e-05
   1.8133908e+03   1.1986617e-05
   1.8149971e+03   1.1888188e-05
   1.8166034e+03   1.1790568e-05
   1.8182097e+03   1.1693749e-05
   1.8198160e+03   1.1597725e-05
   1.8214223e+03   1.1502489e-05
   1.8230286e+03   1.1408036e-05
   1.8246349e+03   1.1314358e-05
   1.8262412e+03   1.1221450e-05
   1.8278476e+03   1.1129304e-05
   1.8294539e+03   1.1037915e-05
   1.8310602e+03   1.0947276e-05
   1.8326665e+03   1.0857382e-05
   1.8342728e+03   1.0768226e-05
   1.8358791e+03   1.0679802e-05
   1.8374854e+03   1.0592104e-05
   1.8390917e+03   1.0505127e-05
   1.8406980e+03   1.0418863e-05
   1.8423044e+03   1.0333308e-05
   1.8439107e+03   1.0248455e-05
   1.8455170e+03   1.0164299e-05
   1.8471233e+03   1.0080835e-05
   1.8487296e+03   9.9980552e-06
   1.8503359e+03   9.9159556e-06
   1.8519422e+03   9.8345301e-06
   1.8535485e+03   9.7537732e-06
   1.8551548e+03   9.6736795e-06
   1.8567612e+03   9.5942435e-06
   1.8583675e+03   9.5154597e-06
   1.8599738e+03   9.4373229e-06
   1.8615801e+03   9.3598277e-06
   1.8631864e+03   9.2829689e-06
   1.8647927e+03   9.2067412e-06
   1.8663990e+03   9.1311395e-06
   1.8680053e+03   9.0561586e-06
   1.8696117e+03   8.9817934e-06
   1.8712180e+03   8.9080388e-06
   1.8728243e+03   8.8348899e-06
   1.8744306e+03   8.7623416e-06
   1.8760369e+03   8.6903891e-06
   1.8776432e+03   8.6190274e-06
   1.8792495e+03   8.5482517e-06
   1.8808558e+03   8.4780572e-06
   1.8824621e+03   8.4084391e-06
   1.8840685e+03   8.3393927e-06
   1.8856748e+03   8.2709132e-06
   1.8872811e+03   8.2029961e-06
   1.8888874e+03   8.1356367e-06
   1.8904937e+03   8.0688304e-06
   1.8921000e+03   8.0025727e-06
   1.8937063e+03   7.9368590e-06
   1.8953126e+03   7.8716850e-06
   1.8969189e+03   7.8070462e-06
   1.8985253e+03   7.7429381e-06
   1.9001316e+03   7.6793565e-06
   1.9017379e+03   7.6162970e-06
   1.9033442e+03   7.5537553e-06
   1.9049505e+03   7.4917271e-06
   1.9065568e+03   7.4302084e-06
   1.9081631e+03   7.3691947e-06
   1.9097694e+03   7.3086821e-06
   1.9113757e+03   7.2486664e-06
   1.9129821e+03   7.1891435e-06
   1.9145884e+03   7.1301094e-06
   1.9161947e+03   7.0715601e-06
   1.9178010e+03   7.0134915e-06
   1.9194073e+03   6.9558998e-06
   1.9210136e+03   6.8987810e-06
   1.9226199e+03   6.8421312e-06
   1.9242262e+03   6.7859466e-06
   1.9258325e+03   6.7302234e-06
   1.9274389e+03   6.6749577e-06
   1.9290452e+03   6.6201459e-06
   1.9306515e+03   6.5657841e-06
   1.9322578e+03   6.5118688e-06
   1.9338641e+03   6.4583962e-06
   1.9354704e+03   6.4053626e-06
   1.9370767e+03   6.3527646e-06
   1.9386830e+03   6.3005985e-06
   1.9402893e+03   6.2488607e-06
   1.9418957e+03   6.1975478e-06
   1.9435020e+03   6.1466562e-06
   1.9451083e+03   6.0961826e-06
   1.9467146e+03   6.0461234e-06
   1.9483209e+03   5.9964753e-06
   1.9499272e+03   5.9472348e-06
   1.9515335e+03   5.8983987e-06
   1.9531398e+03   5.8499637e-06
   1.9547462e+03   5.8019263e-06
   1.9563525e+03   5.7542834e-06
   1.9579588e+03   5.7070318e-06
   1.9595651e+03   5.6601681e-06
   1.9611714e+03   5.6136893e-06
   1.9627777e+03   5.5675921e-06
   1.9643840e+03   5.5218735e-06
   1.9659903e+03   5.4765303e-06
   1.9675966e+03   5.4315594e-06
   1.9692030e+03   5.3869578e-06
   1.9708093e+03   5.3427225e-06
   1.9724156e+03   5.2988504e-06
   1.9740219e+03   5.2553385e-06
   1.9756282e+03   5.2121840e-06
   1.9772345e+03   5.1693838e-06
   1.9788408e+03   5.1269351e-06
   1.9804471e+03   5.0848349e-06
   1.9820534e+03   5.0430805e-06
   1.9836598e+03   5.0016689e-06
   1.9852661e+03   4.9605974e-06
   1.9868724e+03   4.9198631e-06
   1.9884787e+03   4.8794634e-06
   1.9900850e+03   4.8393953e-06
