   4.2417000e+02   6.1098768e-05
   4.2607814e+02   6.5629274e-05
   4.2798629e+02   7.0442930e-05
   4.2989443e+02   7.5553110e-05
   4.3180257e+02   8.0973490e-05
   4.3371072e+02   8.6718035e-05
   4.3561886e+02   9.2800973e-05
   4.3752700e+02   9.9236778e-05
   4.3943515e+02   1.0604014e-04
   4.4134329e+02   1.1322595e-04
   4.4325143e+02   1.2080926e-04
   4.4515957e+02   1.2880524e-04
   4.4706772e+02   1.3722917e-04
   4.4897586e+02   1.4609641e-04
   4.5088400e+02   1.5542230e-04
   4.5279215e+02   1.6522221e-04
   4.5470029e+02   1.7551143e-04
   4.5660843e+02   1.8630514e-04
   4.5851658e+02   1.9761837e-04
   4.6042472e+02   2.0946597e-04
   4.6233286e+02   2.2186252e-04
   4.6424101e+02   2.3482231e-04
   4.6614915e+02   2.4835926e-04
   4.6805729e+02   2.6248688e-04
   4.6996544e+02   2.7721822e-04
   4.7187358e+02   2.9256581e-04
   4.7378172e+02   3.0854156e-04
   4.7568986e+02   3.2515679e-04
   4.7759801e+02   3.4242206e-04
   4.7950615e+02   3.6034720e-04
   4.8141429e+02   3.7894121e-04
   4.8332244e+02   3.9821220e-04
   4.8523058e+02   4.1816734e-04
   4.8713872e+02   4.3881282e-04
   4.8904687e+02   4.6015373e-04
   4.9095501e+02   4.8219409e-04
   4.9286315e+02   5.0493672e-04
   4.9477130e+02   5.2838326e-04
   4.9667944e+02   5.5253404e-04
   4.9858758e+02   5.7738811e-04
   5.0049573e+02   6.0294315e-04
   5.0240387e+02   6.2919542e-04
   5.0431201e+02   6.5613979e-04
   5.0622016e+02   6.8376962e-04
   5.0812830e+02   7.1207679e-04
   5.1003644e+02   7.4105166e-04
   5.1194458e+02   7.7068302e-04
   5.1385273e+02   8.0095814e-04
   5.1576087e+02   8.3186268e-04
   5.1766901e+02   8.6338075e-04
   5.1957716e+02   8.9549487e-04
   5.2148530e+02   9.2818597e-04
   5.2339344e+02   9.6143346e-04
   5.2530159e+02   9.9521515e-04
   5.2720973e+02   1.0295074e-03
   5.2911787e+02   1.0642849e-03
   5.3102602e+02   1.0995212e-03
   5.3293416e+02   1.1351880e-03
   5.3484230e+02   1.1712560e-03
   5.3675045e+02   1.2076942e-03
   5.3865859e+02   1.2444708e-03
   5.4056673e+02   1.2815523e-03
   5.4247487e+02   1.3189042e-03
   5.4438302e+02   1.3564912e-03
   5.4629116e+02   1.3942766e-03
   5.4819930e+02   1.4322229e-03
   5.5010745e+02   1.4702919e-03
   5.5201559e+02   1.5084445e-03
   5.5392373e+02   1.5466409e-03
   5.5583188e+02   1.5848409e-03
   5.5774002e+02   1.6230036e-03
   5.5964816e+02   1.6610880e-03
   5.6155631e+02   1.6990525e-03
   5.6346445e+02   1.7368558e-03
   5.6537259e+02   1.7744559e-03
   5.6728074e+02   1.8118115e-03
   5.6918888e+02   1.8488811e-03
   5.7109702e+02   1.8856233e-03
   5.7300517e+02   1.9219975e-03
   5.7491331e+02   1.9579633e-03
   5.7682145e+02   1.9934808e-03
   5.7872959e+02   2.0285109e-03
   5.8063774e+02   2.0630154e-03
   5.8254588e+02   2.0969566e-03
   5.8445402e+02   2.1302982e-03
   5.8636217e+02   2.1630046e-03
   5.8827031e+02   2.1950415e-03
   5.9017845e+02   2.2263758e-03
   5.9208660e+02   2.2569757e-03
   5.9399474e+02   2.2868108e-03
   5.9590288e+02   2.3158521e-03
   5.9781103e+02   2.3440720e-03
   5.9971917e+02   2.3714447e-03
   6.0162731e+02   2.3979459e-03
   6.0353546e+02   2.4235529e-03
   6.0544360e+02   2.4482448e-03
   6.0735174e+02   2.4720023e-03
   6.0925988e+02   2.4948081e-03
   6.1116803e+02   2.5166464e-03
   6.1307617e+02   2.5375033e-03
   6.1498431e+02   2.5573669e-03
   6.1689246e+02   2.5762269e-03
   6.1880060e+02   2.5940748e-03
   6.2070874e+02   2.6109041e-03
   6.2261689e+02   2.6267099e-03
   6.2452503e+02   2.6414892e-03
   6.2643317e+02   2.6552406e-03
   6.2834132e+02   2.6679645e-03
   6.3024946e+02   2.6796631e-03
   6.3215760e+02   2.6903401e-03
   6.3406575e+02   2.7000008e-03
   6.3597389e+02   2.7086520e-03
   6.3788203e+02   2.7163022e-03
   6.3979018e+02   2.7229612e-03
   6.4169832e+02   2.7286401e-03
   6.4360646e+02   2.7333515e-03
   6.4551460e+02   2.7371092e-03
   6.4742275e+02   2.7399282e-03
   6.4933089e+02   2.7418244e-03
   6.5123903e+02   2.7428152e-03
   6.5314718e+02   2.7429186e-03
   6.5505532e+02   2.7421536e-03
   6.5696346e+02   2.7405402e-03
   6.5887161e+02   2.7380989e-03
   6.6077975e+02   2.7348512e-03
   6.6268789e+02   2.7308188e-03
   6.6459604e+02   2.7260244e-03
   6.6650418e+02   2.7204910e-03
   6.6841232e+02   2.7142418e-03
   6.7032047e+02   2.7073005e-03
   6.7222861e+02   2.6996912e-03
   6.7413675e+02   2.6914381e-03
   6.7604489e+02   2.6825653e-03
   6.7795304e+02   2.6730974e-03
   6.7986118e+02   2.6630587e-03
   6.8176932e+02   2.6524736e-03
   6.8367747e+02   2.6413663e-03
   6.8558561e+02   2.6297610e-03
   6.8749375e+02   2.6176816e-03
   6.8940190e+02   2.6051518e-03
   6.9131004e+02   2.5921949e-03
   6.9321818e+02   2.5788341e-03
   6.9512633e+02   2.5650921e-03
   6.9703447e+02   2.5509912e-03
   6.9894261e+02   2.5365533e-03
   7.0085076e+02   2.5217997e-03
   7.0275890e+02   2.5067515e-03
   7.0466704e+02   2.4914291e-03
   7.0657519e+02   2.4758524e-03
   7.0848333e+02   2.4600408e-03
   7.1039147e+02   2.4440130e-03
   7.1229961e+02   2.4277873e-03
   7.1420776e+02   2.4113813e-03
   7.1611590e+02   2.3948122e-03
   7.1802404e+02   2.3780963e-03
   7.1993219e+02   2.3612496e-03
   7.2184033e+02   2.3442872e-03
   7.2374847e+02   2.3272239e-03
   7.2565662e+02   2.3100737e-03
   7.2756476e+02   2.2928500e-03
   7.2947290e+02   2.2755658e-03
   7.3138105e+02   2.2582334e-03
   7.3328919e+02   2.2408644e-03
   7.3519733e+02   2.2234700e-03
   7.3710548e+02   2.2060608e-03
   7.3901362e+02   2.1886469e-03
   7.4092176e+02   2.1712378e-03
   7.4282990e+02   2.1538425e-03
   7.4473805e+02   2.1364695e-03
   7.4664619e+02   2.1191268e-03
   7.4855433e+02   2.1018220e-03
   7.5046248e+02   2.0845621e-03
   7.5237062e+02   2.0673539e-03
   7.5427876e+02   2.0502034e-03
   7.5618691e+02   2.0331165e-03
   7.5809505e+02   2.0160987e-03
   7.6000319e+02   1.9991548e-03
   7.6191134e+02   1.9822897e-03
   7.6381948e+02   1.9655075e-03
   7.6572762e+02   1.9488123e-03
   7.6763577e+02   1.9322077e-03
   7.6954391e+02   1.9156972e-03
   7.7145205e+02   1.8992836e-03
   7.7336020e+02   1.8829700e-03
   7.7526834e+02   1.8667587e-03
   7.7717648e+02   1.8506521e-03
   7.7908462e+02   1.8346522e-03
   7.8099277e+02   1.8187610e-03
   7.8290091e+02   1.8029800e-03
   7.8480905e+02   1.7873106e-03
   7.8671720e+02   1.7717542e-03
   7.8862534e+02   1.7563118e-03
   7.9053348e+02   1.7409843e-03
   7.9244163e+02   1.7257726e-03
   7.9434977e+02   1.7106773e-03
   7.9625791e+02   1.6956989e-03
   7.9816606e+02   1.6808378e-03
   8.0007420e+02   1.6660942e-03
   8.0198234e+02   1.6514684e-03
   8.0389049e+02   1.6369604e-03
   8.0579863e+02   1.6225702e-03
   8.0770677e+02   1.6082977e-03
   8.0961491e+02   1.5941427e-03
   8.1152306e+02   1.5801051e-03
   8.1343120e+02   1.5661844e-03
   8.1533934e+02   1.5523804e-03
   8.1724749e+02   1.5386926e-03
   8.1915563e+02   1.5251205e-03
   8.2106377e+02   1.5116637e-03
   8.2297192e+02   1.4983216e-03
   8.2488006e+02   1.4850935e-03
   8.2678820e+02   1.4719790e-03
   8.2869635e+02   1.4589773e-03
   8.3060449e+02   1.4460877e-03
   8.3251263e+02   1.4333096e-03
   8.3442078e+02   1.4206422e-03
   8.3632892e+02   1.4080848e-03
   8.3823706e+02   1.3956366e-03
   8.4014521e+02   1.3832970e-03
   8.4205335e+02   1.3710649e-03
   8.4396149e+02   1.3589398e-03
   8.4586963e+02   1.3469208e-03
   8.4777778e+02   1.3350071e-03
   8.4968592e+02   1.3231978e-03
   8.5159406e+02   1.3114922e-03
   8.5350221e+02   1.2998894e-03
   8.5541035e+02   1.2883886e-03
   8.5731849e+02   1.2769890e-03
   8.5922664e+02   1.2656898e-03
   8.6113478e+02   1.2544900e-03
   8.6304292e+02   1.2433890e-03
   8.6495107e+02   1.2323859e-03
   8.6685921e+02   1.2214798e-03
   8.6876735e+02   1.2106699e-03
   8.7067550e+02   1.1999554e-03
   8.7258364e+02   1.1893356e-03
   8.7449178e+02   1.1788095e-03
   8.7639992e+02   1.1683765e-03
   8.7830807e+02   1.1580356e-03
   8.8021621e+02   1.1477861e-03
   8.8212435e+02   1.1376272e-03
   8.8403250e+02   1.1275581e-03
   8.8594064e+02   1.1175781e-03
   8.8784878e+02   1.1076863e-03
   8.8975693e+02   1.0978820e-03
   8.9166507e+02   1.0881644e-03
   8.9357321e+02   1.0785327e-03
   8.9548136e+02   1.0689863e-03
   8.9738950e+02   1.0595243e-03
   8.9929764e+02   1.0501461e-03
   9.0120579e+02   1.0408508e-03
   9.0311393e+02   1.0316377e-03
   9.0502207e+02   1.0225062e-03
   9.0693022e+02   1.0134555e-03
   9.0883836e+02   1.0044849e-03
   9.1074650e+02   9.9559370e-04
   9.1265464e+02   9.8678117e-04
   9.1456279e+02   9.7804663e-04
   9.1647093e+02   9.6938939e-04
   9.1837907e+02   9.6080878e-04
   9.2028722e+02   9.5230411e-04
   9.2219536e+02   9.4387471e-04
   9.2410350e+02   9.3551992e-04
   9.2601165e+02   9.2723908e-04
   9.2791979e+02   9.1903153e-04
   9.2982793e+02   9.1089663e-04
   9.3173608e+02   9.0283373e-04
   9.3364422e+02   8.9484220e-04
   9.3555236e+02   8.8692141e-04
   9.3746051e+02   8.7907072e-04
   9.3936865e+02   8.7128953e-04
   9.4127679e+02   8.6357721e-04
   9.4318493e+02   8.5593315e-04
   9.4509308e+02   8.4835676e-04
   9.4700122e+02   8.4084742e-04
   9.4890936e+02   8.3340456e-04
   9.5081751e+02   8.2602758e-04
   9.5272565e+02   8.1871589e-04
   9.5463379e+02   8.1146893e-04
   9.5654194e+02   8.0428611e-04
   9.5845008e+02   7.9716687e-04
   9.6035822e+02   7.9011065e-04
   9.6226637e+02   7.8311688e-04
   9.6417451e+02   7.7618503e-04
   9.6608265e+02   7.6931453e-04
   9.6799080e+02   7.6250484e-04
   9.6989894e+02   7.5575543e-04
   9.7180708e+02   7.4906577e-04
   9.7371523e+02   7.4243532e-04
   9.7562337e+02   7.3586356e-04
   9.7753151e+02   7.2934997e-04
   9.7943965e+02   7.2289403e-04
   9.8134780e+02   7.1649525e-04
   9.8325594e+02   7.1015310e-04
   9.8516408e+02   7.0386709e-04
   9.8707223e+02   6.9763672e-04
   9.8898037e+02   6.9146150e-04
   9.9088851e+02   6.8534094e-04
   9.9279666e+02   6.7927456e-04
   9.9470480e+02   6.7326187e-04
   9.9661294e+02   6.6730241e-04
   9.9852109e+02   6.6139570e-04
   1.0004292e+03   6.5554127e-04
   1.0023374e+03   6.4973866e-04
   1.0042455e+03   6.4398742e-04
   1.0061537e+03   6.3828708e-04
   1.0080618e+03   6.3263720e-04
   1.0099699e+03   6.2703733e-04
   1.0118781e+03   6.2148703e-04
   1.0137862e+03   6.1598586e-04
   1.0156944e+03   6.1053338e-04
   1.0176025e+03   6.0512917e-04
   1.0195107e+03   5.9977279e-04
   1.0214188e+03   5.9446382e-04
   1.0233269e+03   5.8920185e-04
   1.0252351e+03   5.8398646e-04
   1.0271432e+03   5.7881723e-04
   1.0290514e+03   5.7369375e-04
   1.0309595e+03   5.6861563e-04
   1.0328677e+03   5.6358245e-04
   1.0347758e+03   5.5859383e-04
   1.0366839e+03   5.5364937e-04
   1.0385921e+03   5.4874867e-04
   1.0405002e+03   5.4389135e-04
   1.0424084e+03   5.3907703e-04
   1.0443165e+03   5.3430532e-04
   1.0462247e+03   5.2957585e-04
   1.0481328e+03   5.2488824e-04
   1.0500410e+03   5.2024212e-04
   1.0519491e+03   5.1563713e-04
   1.0538572e+03   5.1107291e-04
   1.0557654e+03   5.0654908e-04
   1.0576735e+03   5.0206530e-04
   1.0595817e+03   4.9762120e-04
   1.0614898e+03   4.9321644e-04
   1.0633980e+03   4.8885068e-04
   1.0653061e+03   4.8452355e-04
   1.0672142e+03   4.8023473e-04
   1.0691224e+03   4.7598387e-04
   1.0710305e+03   4.7177064e-04
   1.0729387e+03   4.6759470e-04
   1.0748468e+03   4.6345573e-04
   1.0767550e+03   4.5935339e-04
   1.0786631e+03   4.5528736e-04
   1.0805712e+03   4.5125733e-04
   1.0824794e+03   4.4726297e-04
   1.0843875e+03   4.4330396e-04
   1.0862957e+03   4.3938000e-04
   1.0882038e+03   4.3549077e-04
   1.0901120e+03   4.3163597e-04
   1.0920201e+03   4.2781529e-04
   1.0939282e+03   4.2402843e-04
   1.0958364e+03   4.2027509e-04
   1.0977445e+03   4.1655497e-04
   1.0996527e+03   4.1286778e-04
   1.1015608e+03   4.0921323e-04
   1.1034690e+03   4.0559103e-04
   1.1053771e+03   4.0200088e-04
   1.1072852e+03   3.9844252e-04
   1.1091934e+03   3.9491566e-04
   1.1111015e+03   3.9142001e-04
   1.1130097e+03   3.8795531e-04
   1.1149178e+03   3.8452127e-04
   1.1168260e+03   3.8111763e-04
   1.1187341e+03   3.7774412e-04
   1.1206422e+03   3.7440047e-04
   1.1225504e+03   3.7108642e-04
   1.1244585e+03   3.6780170e-04
   1.1263667e+03   3.6454606e-04
   1.1282748e+03   3.6131923e-04
   1.1301830e+03   3.5812097e-04
   1.1320911e+03   3.5495101e-04
   1.1339992e+03   3.5180912e-04
   1.1359074e+03   3.4869504e-04
   1.1378155e+03   3.4560852e-04
   1.1397237e+03   3.4254932e-04
   1.1416318e+03   3.3951720e-04
   1.1435400e+03   3.3651192e-04
   1.1454481e+03   3.3353324e-04
   1.1473563e+03   3.3058093e-04
   1.1492644e+03   3.2765475e-04
   1.1511725e+03   3.2475447e-04
   1.1530807e+03   3.2187987e-04
   1.1549888e+03   3.1903071e-04
   1.1568970e+03   3.1620677e-04
   1.1588051e+03   3.1340782e-04
   1.1607133e+03   3.1063365e-04
   1.1626214e+03   3.0788404e-04
   1.1645295e+03   3.0515876e-04
   1.1664377e+03   3.0245761e-04
   1.1683458e+03   2.9978037e-04
   1.1702540e+03   2.9712683e-04
   1.1721621e+03   2.9449677e-04
   1.1740703e+03   2.9188999e-04
   1.1759784e+03   2.8930629e-04
   1.1778865e+03   2.8674546e-04
   1.1797947e+03   2.8420730e-04
   1.1817028e+03   2.8169160e-04
   1.1836110e+03   2.7919817e-04
   1.1855191e+03   2.7672681e-04
   1.1874273e+03   2.7427733e-04
   1.1893354e+03   2.7184953e-04
   1.1912435e+03   2.6944322e-04
   1.1931517e+03   2.6705821e-04
   1.1950598e+03   2.6469431e-04
   1.1969680e+03   2.6235133e-04
   1.1988761e+03   2.6002910e-04
   1.2007843e+03   2.5772742e-04
   1.2026924e+03   2.5544611e-04
   1.2046005e+03   2.5318500e-04
   1.2065087e+03   2.5094390e-04
   1.2084168e+03   2.4872263e-04
   1.2103250e+03   2.4652103e-04
   1.2122331e+03   2.4433892e-04
   1.2141413e+03   2.4217612e-04
   1.2160494e+03   2.4003247e-04
   1.2179575e+03   2.3790779e-04
   1.2198657e+03   2.3580192e-04
   1.2217738e+03   2.3371469e-04
   1.2236820e+03   2.3164594e-04
   1.2255901e+03   2.2959549e-04
   1.2274983e+03   2.2756320e-04
   1.2294064e+03   2.2554889e-04
   1.2313145e+03   2.2355242e-04
   1.2332227e+03   2.2157362e-04
   1.2351308e+03   2.1961233e-04
   1.2370390e+03   2.1766840e-04
   1.2389471e+03   2.1574168e-04
   1.2408553e+03   2.1383202e-04
   1.2427634e+03   2.1193926e-04
   1.2446716e+03   2.1006325e-04
   1.2465797e+03   2.0820385e-04
   1.2484878e+03   2.0636091e-04
   1.2503960e+03   2.0453428e-04
   1.2523041e+03   2.0272381e-04
   1.2542123e+03   2.0092938e-04
   1.2561204e+03   1.9915083e-04
   1.2580286e+03   1.9738802e-04
   1.2599367e+03   1.9564081e-04
   1.2618448e+03   1.9390907e-04
   1.2637530e+03   1.9219266e-04
   1.2656611e+03   1.9049144e-04
   1.2675693e+03   1.8880529e-04
   1.2694774e+03   1.8713405e-04
   1.2713856e+03   1.8547761e-04
   1.2732937e+03   1.8383583e-04
   1.2752018e+03   1.8220859e-04
   1.2771100e+03   1.8059574e-04
   1.2790181e+03   1.7899718e-04
   1.2809263e+03   1.7741276e-04
   1.2828344e+03   1.7584237e-04
   1.2847426e+03   1.7428588e-04
   1.2866507e+03   1.7274316e-04
   1.2885588e+03   1.7121411e-04
   1.2904670e+03   1.6969858e-04
   1.2923751e+03   1.6819647e-04
   1.2942833e+03   1.6670766e-04
   1.2961914e+03   1.6523203e-04
   1.2980996e+03   1.6376945e-04
   1.3000077e+03   1.6231983e-04
   1.3019158e+03   1.6088303e-04
   1.3038240e+03   1.5945896e-04
   1.3057321e+03   1.5804749e-04
   1.3076403e+03   1.5664851e-04
   1.3095484e+03   1.5526191e-04
   1.3114566e+03   1.5388759e-04
   1.3133647e+03   1.5252544e-04
   1.3152728e+03   1.5117534e-04
   1.3171810e+03   1.4983719e-04
   1.3190891e+03   1.4851089e-04
   1.3209973e+03   1.4719633e-04
   1.3229054e+03   1.4589340e-04
   1.3248136e+03   1.4460200e-04
   1.3267217e+03   1.4332204e-04
   1.3286298e+03   1.4205341e-04
   1.3305380e+03   1.4079600e-04
   1.3324461e+03   1.3954973e-04
   1.3343543e+03   1.3831449e-04
   1.3362624e+03   1.3709018e-04
   1.3381706e+03   1.3587671e-04
   1.3400787e+03   1.3467398e-04
   1.3419869e+03   1.3348190e-04
   1.3438950e+03   1.3230036e-04
   1.3458031e+03   1.3112929e-04
   1.3477113e+03   1.2996858e-04
   1.3496194e+03   1.2881815e-04
   1.3515276e+03   1.2767790e-04
   1.3534357e+03   1.2654774e-04
   1.3553439e+03   1.2542759e-04
   1.3572520e+03   1.2431735e-04
   1.3591601e+03   1.2321694e-04
   1.3610683e+03   1.2212627e-04
   1.3629764e+03   1.2104525e-04
   1.3648846e+03   1.1997380e-04
   1.3667927e+03   1.1891184e-04
   1.3687009e+03   1.1785928e-04
   1.3706090e+03   1.1681603e-04
   1.3725171e+03   1.1578202e-04
   1.3744253e+03   1.1475716e-04
   1.3763334e+03   1.1374137e-04
   1.3782416e+03   1.1273458e-04
   1.3801497e+03   1.1173669e-04
   1.3820579e+03   1.1074764e-04
   1.3839660e+03   1.0976734e-04
   1.3858741e+03   1.0879572e-04
   1.3877823e+03   1.0783270e-04
   1.3896904e+03   1.0687821e-04
   1.3915986e+03   1.0593216e-04
   1.3935067e+03   1.0499449e-04
   1.3954149e+03   1.0406512e-04
   1.3973230e+03   1.0314397e-04
   1.3992311e+03   1.0223098e-04
   1.4011393e+03   1.0132607e-04
   1.4030474e+03   1.0042917e-04
   1.4049556e+03   9.9540209e-05
   1.4068637e+03   9.8659116e-05
   1.4087719e+03   9.7785822e-05
   1.4106800e+03   9.6920259e-05
   1.4125881e+03   9.6062357e-05
   1.4144963e+03   9.5212048e-05
   1.4164044e+03   9.4369267e-05
   1.4183126e+03   9.3533945e-05
   1.4202207e+03   9.2706018e-05
   1.4221289e+03   9.1885418e-05
   1.4240370e+03   9.1072083e-05
   1.4259452e+03   9.0265947e-05
   1.4278533e+03   8.9466946e-05
   1.4297614e+03   8.8675018e-05
   1.4316696e+03   8.7890100e-05
   1.4335777e+03   8.7112130e-05
   1.4354859e+03   8.6341045e-05
   1.4373940e+03   8.5576787e-05
   1.4393022e+03   8.4819293e-05
   1.4412103e+03   8.4068504e-05
   1.4431184e+03   8.3324361e-05
   1.4450266e+03   8.2586805e-05
   1.4469347e+03   8.1855777e-05
   1.4488429e+03   8.1131220e-05
   1.4507510e+03   8.0413077e-05
   1.4526592e+03   7.9701290e-05
   1.4545673e+03   7.8995804e-05
   1.4564754e+03   7.8296563e-05
   1.4583836e+03   7.7603511e-05
   1.4602917e+03   7.6916594e-05
   1.4621999e+03   7.6235756e-05
   1.4641080e+03   7.5560946e-05
   1.4660162e+03   7.4892109e-05
   1.4679243e+03   7.4229192e-05
   1.4698324e+03   7.3572142e-05
   1.4717406e+03   7.2920909e-05
   1.4736487e+03   7.2275441e-05
   1.4755569e+03   7.1635685e-05
   1.4774650e+03   7.1001593e-05
   1.4793732e+03   7.0373113e-05
   1.4812813e+03   6.9750197e-05
   1.4831894e+03   6.9132794e-05
   1.4850976e+03   6.8520856e-05
   1.4870057e+03   6.7914335e-05
   1.4889139e+03   6.7313183e-05
   1.4908220e+03   6.6717351e-05
   1.4927302e+03   6.6126794e-05
   1.4946383e+03   6.5541465e-05
   1.4965464e+03   6.4961316e-05
   1.4984546e+03   6.4386303e-05
   1.5003627e+03   6.3816379e-05
   1.5022709e+03   6.3251500e-05
   1.5041790e+03   6.2691622e-05
   1.5060872e+03   6.2136699e-05
   1.5079953e+03   6.1586688e-05
   1.5099034e+03   6.1041545e-05
   1.5118116e+03   6.0501228e-05
   1.5137197e+03   5.9965694e-05
   1.5156279e+03   5.9434900e-05
   1.5175360e+03   5.8908804e-05
   1.5194442e+03   5.8387366e-05
   1.5213523e+03   5.7870542e-05
   1.5232605e+03   5.7358294e-05
   1.5251686e+03   5.6850580e-05
   1.5270767e+03   5.6347360e-05
   1.5289849e+03   5.5848594e-05
   1.5308930e+03   5.5354243e-05
   1.5328012e+03   5.4864268e-05
   1.5347093e+03   5.4378630e-05
   1.5366175e+03   5.3897290e-05
   1.5385256e+03   5.3420211e-05
   1.5404337e+03   5.2947356e-05
   1.5423419e+03   5.2478685e-05
   1.5442500e+03   5.2014164e-05
   1.5461582e+03   5.1553754e-05
   1.5480663e+03   5.1097419e-05
   1.5499745e+03   5.0645124e-05
   1.5518826e+03   5.0196832e-05
   1.5537907e+03   4.9752508e-05
   1.5556989e+03   4.9312118e-05
   1.5576070e+03   4.8875625e-05
   1.5595152e+03   4.8442996e-05
   1.5614233e+03   4.8014197e-05
   1.5633315e+03   4.7589193e-05
   1.5652396e+03   4.7167951e-05
   1.5671477e+03   4.6750438e-05
   1.5690559e+03   4.6336621e-05
   1.5709640e+03   4.5926466e-05
   1.5728722e+03   4.5519942e-05
   1.5747803e+03   4.5117017e-05
   1.5766885e+03   4.4717658e-05
   1.5785966e+03   4.4321834e-05
   1.5805047e+03   4.3929513e-05
   1.5824129e+03   4.3540666e-05
   1.5843210e+03   4.3155260e-05
   1.5862292e+03   4.2773266e-05
   1.5881373e+03   4.2394653e-05
   1.5900455e+03   4.2019391e-05
   1.5919536e+03   4.1647451e-05
   1.5938617e+03   4.1278803e-05
   1.5957699e+03   4.0913419e-05
   1.5976780e+03   4.0551268e-05
   1.5995862e+03   4.0192324e-05
   1.6014943e+03   3.9836556e-05
   1.6034025e+03   3.9483938e-05
   1.6053106e+03   3.9134441e-05
   1.6072187e+03   3.8788037e-05
   1.6091269e+03   3.8444700e-05
   1.6110350e+03   3.8104402e-05
   1.6129432e+03   3.7767116e-05
   1.6148513e+03   3.7432815e-05
   1.6167595e+03   3.7101474e-05
   1.6186676e+03   3.6773066e-05
   1.6205758e+03   3.6447564e-05
   1.6224839e+03   3.6124944e-05
   1.6243920e+03   3.5805179e-05
   1.6263002e+03   3.5488245e-05
   1.6282083e+03   3.5174116e-05
   1.6301165e+03   3.4862768e-05
   1.6320246e+03   3.4554176e-05
   1.6339328e+03   3.4248315e-05
   1.6358409e+03   3.3945162e-05
   1.6377490e+03   3.3644692e-05
   1.6396572e+03   3.3346882e-05
   1.6415653e+03   3.3051708e-05
   1.6434735e+03   3.2759146e-05
   1.6453816e+03   3.2469175e-05
   1.6472898e+03   3.2181769e-05
   1.6491979e+03   3.1896908e-05
   1.6511060e+03   3.1614569e-05
   1.6530142e+03   3.1334729e-05
   1.6549223e+03   3.1057365e-05
   1.6568305e+03   3.0782457e-05
   1.6587386e+03   3.0509982e-05
   1.6606468e+03   3.0239919e-05
   1.6625549e+03   2.9972247e-05
   1.6644630e+03   2.9706943e-05
   1.6663712e+03   2.9443989e-05
   1.6682793e+03   2.9183361e-05
   1.6701875e+03   2.8925041e-05
   1.6720956e+03   2.8669008e-05
   1.6740038e+03   2.8415240e-05
   1.6759119e+03   2.8163719e-05
   1.6778200e+03   2.7914424e-05
   1.6797282e+03   2.7667336e-05
   1.6816363e+03   2.7422435e-05
   1.6835445e+03   2.7179702e-05
   1.6854526e+03   2.6939117e-05
   1.6873608e+03   2.6700662e-05
   1.6892689e+03   2.6464318e-05
   1.6911770e+03   2.6230066e-05
   1.6930852e+03   2.5997887e-05
   1.6949933e+03   2.5767763e-05
   1.6969015e+03   2.5539677e-05
   1.6988096e+03   2.5313609e-05
   1.7007178e+03   2.5089542e-05
   1.7026259e+03   2.4867459e-05
   1.7045340e+03   2.4647342e-05
   1.7064422e+03   2.4429173e-05
   1.7083503e+03   2.4212935e-05
   1.7102585e+03   2.3998611e-05
   1.7121666e+03   2.3786184e-05
   1.7140748e+03   2.3575638e-05
   1.7159829e+03   2.3366955e-05
   1.7178911e+03   2.3160119e-05
   1.7197992e+03   2.2955115e-05
   1.7217073e+03   2.2751924e-05
   1.7236155e+03   2.2550533e-05
   1.7255236e+03   2.2350924e-05
   1.7274318e+03   2.2153082e-05
   1.7293399e+03   2.1956991e-05
   1.7312481e+03   2.1762636e-05
   1.7331562e+03   2.1570001e-05
   1.7350643e+03   2.1379072e-05
   1.7369725e+03   2.1189832e-05
   1.7388806e+03   2.1002268e-05
   1.7407888e+03   2.0816363e-05
   1.7426969e+03   2.0632105e-05
   1.7446051e+03   2.0449477e-05
   1.7465132e+03   2.0268466e-05
   1.7484213e+03   2.0089057e-05
   1.7503295e+03   1.9911236e-05
   1.7522376e+03   1.9734989e-05
   1.7541458e+03   1.9560302e-05
   1.7560539e+03   1.9387162e-05
   1.7579621e+03   1.9215554e-05
   1.7598702e+03   1.9045465e-05
   1.7617783e+03   1.8876882e-05
   1.7636865e+03   1.8709791e-05
   1.7655946e+03   1.8544178e-05
   1.7675028e+03   1.8380032e-05
   1.7694109e+03   1.8217339e-05
   1.7713191e+03   1.8056086e-05
   1.7732272e+03   1.7896260e-05
   1.7751353e+03   1.7737849e-05
   1.7770435e+03   1.7580840e-05
   1.7789516e+03   1.7425221e-05
   1.7808598e+03   1.7270980e-05
   1.7827679e+03   1.7118103e-05
   1.7846761e+03   1.6966580e-05
   1.7865842e+03   1.6816399e-05
   1.7884923e+03   1.6667546e-05
   1.7904005e+03   1.6520011e-05
   1.7923086e+03   1.6373782e-05
   1.7942168e+03   1.6228848e-05
   1.7961249e+03   1.6085196e-05
   1.7980331e+03   1.5942816e-05
   1.7999412e+03   1.5801696e-05
   1.8018493e+03   1.5661825e-05
   1.8037575e+03   1.5523192e-05
   1.8056656e+03   1.5385787e-05
   1.8075738e+03   1.5249598e-05
   1.8094819e+03   1.5114614e-05
   1.8113901e+03   1.4980825e-05
   1.8132982e+03   1.4848220e-05
   1.8152064e+03   1.4716789e-05
   1.8171145e+03   1.4586522e-05
   1.8190226e+03   1.4457407e-05
   1.8209308e+03   1.4329436e-05
   1.8228389e+03   1.4202597e-05
   1.8247471e+03   1.4076881e-05
   1.8266552e+03   1.3952278e-05
   1.8285634e+03   1.3828777e-05
   1.8304715e+03   1.3706370e-05
   1.8323796e+03   1.3585046e-05
   1.8342878e+03   1.3464797e-05
   1.8361959e+03   1.3345611e-05
   1.8381041e+03   1.3227481e-05
   1.8400122e+03   1.3110396e-05
   1.8419204e+03   1.2994348e-05
   1.8438285e+03   1.2879327e-05
   1.8457366e+03   1.2765324e-05
   1.8476448e+03   1.2652330e-05
   1.8495529e+03   1.2540336e-05
   1.8514611e+03   1.2429334e-05
   1.8533692e+03   1.2319314e-05
   1.8552774e+03   1.2210268e-05
   1.8571855e+03   1.2102187e-05
   1.8590936e+03   1.1995063e-05
   1.8610018e+03   1.1888887e-05
   1.8629099e+03   1.1783651e-05
   1.8648181e+03   1.1679347e-05
   1.8667262e+03   1.1575966e-05
   1.8686344e+03   1.1473499e-05
   1.8705425e+03   1.1371940e-05
   1.8724506e+03   1.1271280e-05
   1.8743588e+03   1.1171511e-05
   1.8762669e+03   1.1072625e-05
   1.8781751e+03   1.0974614e-05
   1.8800832e+03   1.0877471e-05
   1.8819914e+03   1.0781188e-05
   1.8838995e+03   1.0685757e-05
   1.8858076e+03   1.0591170e-05
   1.8877158e+03   1.0497421e-05
   1.8896239e+03   1.0404502e-05
   1.8915321e+03   1.0312405e-05
   1.8934402e+03   1.0221124e-05
   1.8953484e+03   1.0130650e-05
   1.8972565e+03   1.0040977e-05
   1.8991646e+03   9.9520982e-06
   1.9010728e+03   9.8640059e-06
   1.9029809e+03   9.7766934e-06
   1.9048891e+03   9.6901538e-06
   1.9067972e+03   9.6043802e-06
   1.9087054e+03   9.5193658e-06
   1.9106135e+03   9.4351039e-06
   1.9125217e+03   9.3515879e-06
   1.9144298e+03   9.2688111e-06
   1.9163379e+03   9.1867670e-06
   1.9182461e+03   9.1054492e-06
   1.9201542e+03   9.0248511e-06
   1.9220624e+03   8.9449665e-06
   1.9239705e+03   8.8657890e-06
   1.9258787e+03   8.7873124e-06
   1.9277868e+03   8.7095303e-06
   1.9296949e+03   8.6324368e-06
   1.9316031e+03   8.5560257e-06
   1.9335112e+03   8.4802910e-06
   1.9354194e+03   8.4052266e-06
   1.9373275e+03   8.3308266e-06
   1.9392357e+03   8.2570853e-06
   1.9411438e+03   8.1839966e-06
   1.9430519e+03   8.1115549e-06
   1.9449601e+03   8.0397545e-06
   1.9468682e+03   7.9685896e-06
   1.9487764e+03   7.8980546e-06
   1.9506845e+03   7.8281439e-06
   1.9525927e+03   7.7588521e-06
   1.9545008e+03   7.6901737e-06
   1.9564089e+03   7.6221031e-06
   1.9583171e+03   7.5546351e-06
   1.9602252e+03   7.4877643e-06
   1.9621334e+03   7.4214854e-06
   1.9640415e+03   7.3557932e-06
   1.9659497e+03   7.2906824e-06
   1.9678578e+03   7.2261480e-06
   1.9697659e+03   7.1621848e-06
   1.9716741e+03   7.0987878e-06
   1.9735822e+03   7.0359520e-06
   1.9754904e+03   6.9736724e-06
   1.9773985e+03   6.9119440e-06
   1.9793067e+03   6.8507621e-06
   1.9812148e+03   6.7901217e-06
   1.9831229e+03   6.7300181e-06
   1.9850311e+03   6.6704465e-06
   1.9869392e+03   6.6114022e-06
   1.9888474e+03   6.5528805e-06
   1.9907555e+03   6.4948768e-06
   1.9926637e+03   6.4373866e-06
   1.9945718e+03   6.3804053e-06
   1.9964799e+03   6.3239283e-06
   1.9983881e+03   6.2679512e-06
   2.0002962e+03   6.2124697e-06
   2.0022044e+03   6.1574792e-06
   2.0041125e+03   6.1029755e-06
   2.0060207e+03   6.0489542e-06
   2.0079288e+03   5.9954111e-06
   2.0098370e+03   5.9423420e-06
   2.0117451e+03   5.8897426e-06
   2.0136532e+03   5.8376088e-06
   2.0155614e+03   5.7859364e-06
   2.0174695e+03   5.7347215e-06
   2.0193777e+03   5.6839599e-06
   2.0212858e+03   5.6336476e-06
   2.0231940e+03   5.5837806e-06
   2.0251021e+03   5.5343551e-06
   2.0270102e+03   5.4853670e-06
   2.0289184e+03   5.4368126e-06
   2.0308265e+03   5.3886880e-06
   2.0327347e+03   5.3409893e-06
   2.0346428e+03   5.2937129e-06
   2.0365510e+03   5.2468549e-06
   2.0384591e+03   5.2004117e-06
   2.0403672e+03   5.1543796e-06
   2.0422754e+03   5.1087549e-06
   2.0441835e+03   5.0635341e-06
   2.0460917e+03   5.0187136e-06
   2.0479998e+03   4.9742898e-06
   2.0499080e+03   4.9302593e-06
   2.0518161e+03   4.8866185e-06
   2.0537242e+03   4.8433639e-06
   2.0556324e+03   4.8004923e-06
   2.0575405e+03   4.7580001e-06
   2.0594487e+03   4.7158841e-06
   2.0613568e+03   4.6741408e-06
   2.0632650e+03   4.6327671e-06
   2.0651731e+03   4.5917595e-06
   2.0670812e+03   4.5511150e-06
   2.0689894e+03   4.5108302e-06
   2.0708975e+03   4.4709020e-06
   2.0728057e+03   4.4313273e-06
   2.0747138e+03   4.3921028e-06
   2.0766220e+03   4.3532255e-06
   2.0785301e+03   4.3146924e-06
   2.0804382e+03   4.2765004e-06
   2.0823464e+03   4.2386464e-06
   2.0842545e+03   4.2011275e-06
   2.0861627e+03   4.1639406e-06
   2.0880708e+03   4.1270830e-06
   2.0899790e+03   4.0905516e-06
   2.0918871e+03   4.0543436e-06
   2.0937953e+03   4.0184560e-06
   2.0957034e+03   3.9828861e-06
   2.0976115e+03   3.9476311e-06
   2.0995197e+03   3.9126882e-06
   2.1014278e+03   3.8780545e-06
   2.1033360e+03   3.8437274e-06
   2.1052441e+03   3.8097042e-06
   2.1071523e+03   3.7759821e-06
   2.1090604e+03   3.7425585e-06
   2.1109685e+03   3.7094308e-06
   2.1128767e+03   3.6765963e-06
   2.1147848e+03   3.6440524e-06
   2.1166930e+03   3.6117966e-06
   2.1186011e+03   3.5798263e-06
   2.1205093e+03   3.5481390e-06
   2.1224174e+03   3.5167322e-06
   2.1243255e+03   3.4856034e-06
   2.1262337e+03   3.4547502e-06
   2.1281418e+03   3.4241700e-06
   2.1300500e+03   3.3938605e-06
   2.1319581e+03   3.3638193e-06
   2.1338663e+03   3.3340441e-06
   2.1357744e+03   3.3045324e-06
   2.1376825e+03   3.2752819e-06
   2.1395907e+03   3.2462903e-06
   2.1414988e+03   3.2175553e-06
   2.1434070e+03   3.1890747e-06
   2.1453151e+03   3.1608462e-06
   2.1472233e+03   3.1328676e-06
   2.1491314e+03   3.1051366e-06
   2.1510395e+03   3.0776511e-06
   2.1529477e+03   3.0504089e-06
   2.1548558e+03   3.0234078e-06
   2.1567640e+03   2.9966457e-06
   2.1586721e+03   2.9701205e-06
   2.1605803e+03   2.9438301e-06
   2.1624884e+03   2.9177725e-06
   2.1643965e+03   2.8919454e-06
   2.1663047e+03   2.8663470e-06
   2.1682128e+03   2.8409752e-06
   2.1701210e+03   2.8158279e-06
   2.1720291e+03   2.7909032e-06
   2.1739373e+03   2.7661992e-06
   2.1758454e+03   2.7417138e-06
   2.1777535e+03   2.7174452e-06
   2.1796617e+03   2.6933914e-06
   2.1815698e+03   2.6695505e-06
   2.1834780e+03   2.6459206e-06
   2.1853861e+03   2.6224999e-06
   2.1872943e+03   2.5992865e-06
   2.1892024e+03   2.5762786e-06
   2.1911106e+03   2.5534744e-06
   2.1930187e+03   2.5308720e-06
   2.1949268e+03   2.5084696e-06
   2.1968350e+03   2.4862656e-06
   2.1987431e+03   2.4642581e-06
   2.2006513e+03   2.4424454e-06
   2.2025594e+03   2.4208258e-06
   2.2044676e+03   2.3993975e-06
   2.2063757e+03   2.3781590e-06
   2.2082838e+03   2.3571084e-06
   2.2101920e+03   2.3362441e-06
   2.2121001e+03   2.3155646e-06
   2.2140083e+03   2.2950681e-06
   2.2159164e+03   2.2747530e-06
   2.2178246e+03   2.2546177e-06
   2.2197327e+03   2.2346607e-06
   2.2216408e+03   2.2148803e-06
   2.2235490e+03   2.1952750e-06
   2.2254571e+03   2.1758432e-06
   2.2273653e+03   2.1565835e-06
   2.2292734e+03   2.1374942e-06
   2.2311816e+03   2.1185739e-06
   2.2330897e+03   2.0998211e-06
   2.2349978e+03   2.0812342e-06
   2.2369060e+03   2.0628119e-06
   2.2388141e+03   2.0445527e-06
   2.2407223e+03   2.0264551e-06
   2.2426304e+03   2.0085177e-06
   2.2445386e+03   1.9907390e-06
   2.2464467e+03   1.9731177e-06
   2.2483548e+03   1.9556524e-06
   2.2502630e+03   1.9383417e-06
   2.2521711e+03   1.9211842e-06
   2.2540793e+03   1.9041786e-06
   2.2559874e+03   1.8873235e-06
   2.2578956e+03   1.8706177e-06
   2.2598037e+03   1.8540597e-06
   2.2617118e+03   1.8376482e-06
   2.2636200e+03   1.8213820e-06
   2.2655281e+03   1.8052598e-06
   2.2674363e+03   1.7892803e-06
   2.2693444e+03   1.7734423e-06
   2.2712526e+03   1.7577445e-06
   2.2731607e+03   1.7421856e-06
   2.2750688e+03   1.7267644e-06
   2.2769770e+03   1.7114797e-06
   2.2788851e+03   1.6963303e-06
   2.2807933e+03   1.6813150e-06
   2.2827014e+03   1.6664327e-06
   2.2846096e+03   1.6516820e-06
   2.2865177e+03   1.6370619e-06
   2.2884259e+03   1.6225713e-06
   2.2903340e+03   1.6082089e-06
   2.2922421e+03   1.5939736e-06
   2.2941503e+03   1.5798644e-06
   2.2960584e+03   1.5658800e-06
   2.2979666e+03   1.5520194e-06
   2.2998747e+03   1.5382815e-06
   2.3017829e+03   1.5246652e-06
   2.3036910e+03   1.5111694e-06
   2.3055991e+03   1.4977931e-06
   2.3075073e+03   1.4845352e-06
   2.3094154e+03   1.4713947e-06
   2.3113236e+03   1.4583704e-06
   2.3132317e+03   1.4454615e-06
   2.3151399e+03   1.4326668e-06
   2.3170480e+03   1.4199854e-06
   2.3189561e+03   1.4074162e-06
   2.3208643e+03   1.3949583e-06
   2.3227724e+03   1.3826106e-06
   2.3246806e+03   1.3703723e-06
   2.3265887e+03   1.3582422e-06
   2.3284969e+03   1.3462196e-06
   2.3304050e+03   1.3343033e-06
