   3.7084500e+02   3.4831337e-05
   3.7279651e+02   3.6212375e-05
   3.7474802e+02   3.7640212e-05
   3.7669953e+02   3.9116082e-05
   3.7865105e+02   4.0641239e-05
   3.8060256e+02   4.2216955e-05
   3.8255407e+02   4.3844516e-05
   3.8450558e+02   4.5525229e-05
   3.8645709e+02   4.7260416e-05
   3.8840860e+02   4.9051416e-05
   3.9036012e+02   5.0899583e-05
   3.9231163e+02   5.2806286e-05
   3.9426314e+02   5.4772911e-05
   3.9621465e+02   5.6800855e-05
   3.9816616e+02   5.8891530e-05
   4.0011767e+02   6.1046363e-05
   4.0206918e+02   6.3266790e-05
   4.0402070e+02   6.5554261e-05
   4.0597221e+02   6.7910235e-05
   4.0792372e+02   7.0336183e-05
   4.0987523e+02   7.2833583e-05
   4.1182674e+02   7.5403924e-05
   4.1377825e+02   7.8048700e-05
   4.1572976e+02   8.0769414e-05
   4.1768128e+02   8.3567573e-05
   4.1963279e+02   8.6444689e-05
   4.2158430e+02   8.9402279e-05
   4.2353581e+02   9.2441861e-05
   4.2548732e+02   9.5564955e-05
   4.2743883e+02   9.8773083e-05
   4.2939035e+02   1.0206776e-04
   4.3134186e+02   1.0545051e-04
   4.3329337e+02   1.0892285e-04
   4.3524488e+02   1.1248628e-04
   4.3719639e+02   1.1614232e-04
   4.3914790e+02   1.1989245e-04
   4.4109941e+02   1.2373817e-04
   4.4305093e+02   1.2768096e-04
   4.4500244e+02   1.3172228e-04
   4.4695395e+02   1.3586360e-04
   4.4890546e+02   1.4010635e-04
   4.5085697e+02   1.4445196e-04
   4.5280848e+02   1.4890185e-04
   4.5475999e+02   1.5345739e-04
   4.5671151e+02   1.5811996e-04
   4.5866302e+02   1.6289092e-04
   4.6061453e+02   1.6777158e-04
   4.6256604e+02   1.7276324e-04
   4.6451755e+02   1.7786718e-04
   4.6646906e+02   1.8308465e-04
   4.6842058e+02   1.8841686e-04
   4.7037209e+02   1.9386500e-04
   4.7232360e+02   1.9943021e-04
   4.7427511e+02   2.0511361e-04
   4.7622662e+02   2.1091628e-04
   4.7817813e+02   2.1683926e-04
   4.8012964e+02   2.2288356e-04
   4.8208116e+02   2.2905012e-04
   4.8403267e+02   2.3533986e-04
   4.8598418e+02   2.4175365e-04
   4.8793569e+02   2.4829232e-04
   4.8988720e+02   2.5495664e-04
   4.9183871e+02   2.6174733e-04
   4.9379023e+02   2.6866506e-04
   4.9574174e+02   2.7571045e-04
   4.9769325e+02   2.8288406e-04
   4.9964476e+02   2.9018639e-04
   5.0159627e+02   2.9761789e-04
   5.0354778e+02   3.0517895e-04
   5.0549929e+02   3.1286988e-04
   5.0745081e+02   3.2069096e-04
   5.0940232e+02   3.2864236e-04
   5.1135383e+02   3.3672423e-04
   5.1330534e+02   3.4493662e-04
   5.1525685e+02   3.5327952e-04
   5.1720836e+02   3.6175285e-04
   5.1915987e+02   3.7035647e-04
   5.2111139e+02   3.7909014e-04
   5.2306290e+02   3.8795357e-04
   5.2501441e+02   3.9694639e-04
   5.2696592e+02   4.0606814e-04
   5.2891743e+02   4.1531829e-04
   5.3086894e+02   4.2469623e-04
   5.3282046e+02   4.3420128e-04
   5.3477197e+02   4.4383267e-04
   5.3672348e+02   4.5358954e-04
   5.3867499e+02   4.6347096e-04
   5.4062650e+02   4.7347592e-04
   5.4257801e+02   4.8360332e-04
   5.4452952e+02   4.9385197e-04
   5.4648104e+02   5.0422061e-04
   5.4843255e+02   5.1470787e-04
   5.5038406e+02   5.2531233e-04
   5.5233557e+02   5.3603245e-04
   5.5428708e+02   5.4686663e-04
   5.5623859e+02   5.5781316e-04
   5.5819011e+02   5.6887026e-04
   5.6014162e+02   5.8003607e-04
   5.6209313e+02   5.9130863e-04
   5.6404464e+02   6.0268589e-04
   5.6599615e+02   6.1416573e-04
   5.6794766e+02   6.2574594e-04
   5.6989917e+02   6.3742423e-04
   5.7185069e+02   6.4919820e-04
   5.7380220e+02   6.6106541e-04
   5.7575371e+02   6.7302329e-04
   5.7770522e+02   6.8506924e-04
   5.7965673e+02   6.9720052e-04
   5.8160824e+02   7.0941437e-04
   5.8355975e+02   7.2170791e-04
   5.8551127e+02   7.3407820e-04
   5.8746278e+02   7.4652222e-04
   5.8941429e+02   7.5903687e-04
   5.9136580e+02   7.7161899e-04
   5.9331731e+02   7.8426533e-04
   5.9526882e+02   7.9697258e-04
   5.9722034e+02   8.0973737e-04
   5.9917185e+02   8.2255625e-04
   6.0112336e+02   8.3542570e-04
   6.0307487e+02   8.4834217e-04
   6.0502638e+02   8.6130200e-04
   6.0697789e+02   8.7430151e-04
   6.0892940e+02   8.8733695e-04
   6.1088092e+02   9.0040452e-04
   6.1283243e+02   9.1350036e-04
   6.1478394e+02   9.2662056e-04
   6.1673545e+02   9.3976117e-04
   6.1868696e+02   9.5291820e-04
   6.2063847e+02   9.6608761e-04
   6.2258998e+02   9.7926531e-04
   6.2454150e+02   9.9244719e-04
   6.2649301e+02   1.0056291e-03
   6.2844452e+02   1.0188069e-03
   6.3039603e+02   1.0319763e-03
   6.3234754e+02   1.0451331e-03
   6.3429905e+02   1.0582731e-03
   6.3625057e+02   1.0713919e-03
   6.3820208e+02   1.0844854e-03
   6.4015359e+02   1.0975491e-03
   6.4210510e+02   1.1105788e-03
   6.4405661e+02   1.1235701e-03
   6.4600812e+02   1.1365187e-03
   6.4795963e+02   1.1494203e-03
   6.4991115e+02   1.1622705e-03
   6.5186266e+02   1.1750651e-03
   6.5381417e+02   1.1877997e-03
   6.5576568e+02   1.2004700e-03
   6.5771719e+02   1.2130717e-03
   6.5966870e+02   1.2256006e-03
   6.6162022e+02   1.2380524e-03
   6.6357173e+02   1.2504229e-03
   6.6552324e+02   1.2627078e-03
   6.6747475e+02   1.2749031e-03
   6.6942626e+02   1.2870046e-03
   6.7137777e+02   1.2990081e-03
   6.7332928e+02   1.3109096e-03
   6.7528080e+02   1.3227052e-03
   6.7723231e+02   1.3343908e-03
   6.7918382e+02   1.3459625e-03
   6.8113533e+02   1.3574164e-03
   6.8308684e+02   1.3687488e-03
   6.8503835e+02   1.3799558e-03
   6.8698986e+02   1.3910337e-03
   6.8894138e+02   1.4019790e-03
   6.9089289e+02   1.4127880e-03
   6.9284440e+02   1.4234573e-03
   6.9479591e+02   1.4339833e-03
   6.9674742e+02   1.4443627e-03
   6.9869893e+02   1.4545923e-03
   7.0065045e+02   1.4646688e-03
   7.0260196e+02   1.4745890e-03
   7.0455347e+02   1.4843500e-03
   7.0650498e+02   1.4939487e-03
   7.0845649e+02   1.5033822e-03
   7.1040800e+02   1.5126478e-03
   7.1235951e+02   1.5217427e-03
   7.1431103e+02   1.5306643e-03
   7.1626254e+02   1.5394101e-03
   7.1821405e+02   1.5479776e-03
   7.2016556e+02   1.5563644e-03
   7.2211707e+02   1.5645684e-03
   7.2406858e+02   1.5725873e-03
   7.2602010e+02   1.5804192e-03
   7.2797161e+02   1.5880620e-03
   7.2992312e+02   1.5955138e-03
   7.3187463e+02   1.6027730e-03
   7.3382614e+02   1.6098379e-03
   7.3577765e+02   1.6167069e-03
   7.3772916e+02   1.6233786e-03
   7.3968068e+02   1.6298516e-03
   7.4163219e+02   1.6361246e-03
   7.4358370e+02   1.6421966e-03
   7.4553521e+02   1.6480665e-03
   7.4748672e+02   1.6537334e-03
   7.4943823e+02   1.6591963e-03
   7.5138974e+02   1.6644547e-03
   7.5334126e+02   1.6695078e-03
   7.5529277e+02   1.6743552e-03
   7.5724428e+02   1.6789964e-03
   7.5919579e+02   1.6834311e-03
   7.6114730e+02   1.6876591e-03
   7.6309881e+02   1.6916803e-03
   7.6505033e+02   1.6954947e-03
   7.6700184e+02   1.6991023e-03
   7.6895335e+02   1.7025033e-03
   7.7090486e+02   1.7056981e-03
   7.7285637e+02   1.7086869e-03
   7.7480788e+02   1.7114703e-03
   7.7675939e+02   1.7140488e-03
   7.7871091e+02   1.7164230e-03
   7.8066242e+02   1.7185938e-03
   7.8261393e+02   1.7205619e-03
   7.8456544e+02   1.7223283e-03
   7.8651695e+02   1.7238939e-03
   7.8846846e+02   1.7252599e-03
   7.9041997e+02   1.7264275e-03
   7.9237149e+02   1.7273978e-03
   7.9432300e+02   1.7281723e-03
   7.9627451e+02   1.7287523e-03
   7.9822602e+02   1.7291393e-03
   8.0017753e+02   1.7293350e-03
   8.0212904e+02   1.7293408e-03
   8.0408056e+02   1.7291586e-03
   8.0603207e+02   1.7287901e-03
   8.0798358e+02   1.7282371e-03
   8.0993509e+02   1.7275015e-03
   8.1188660e+02   1.7265853e-03
   8.1383811e+02   1.7254905e-03
   8.1578962e+02   1.7242192e-03
   8.1774114e+02   1.7227734e-03
   8.1969265e+02   1.7211555e-03
   8.2164416e+02   1.7193676e-03
   8.2359567e+02   1.7174119e-03
   8.2554718e+02   1.7152909e-03
   8.2749869e+02   1.7130068e-03
   8.2945021e+02   1.7105621e-03
   8.3140172e+02   1.7079593e-03
   8.3335323e+02   1.7052007e-03
   8.3530474e+02   1.7022890e-03
   8.3725625e+02   1.6992267e-03
   8.3920776e+02   1.6960163e-03
   8.4115927e+02   1.6926604e-03
   8.4311079e+02   1.6891618e-03
   8.4506230e+02   1.6855229e-03
   8.4701381e+02   1.6817466e-03
   8.4896532e+02   1.6778355e-03
   8.5091683e+02   1.6737923e-03
   8.5286834e+02   1.6696197e-03
   8.5481985e+02   1.6653205e-03
   8.5677137e+02   1.6608974e-03
   8.5872288e+02   1.6563531e-03
   8.6067439e+02   1.6516905e-03
   8.6262590e+02   1.6469123e-03
   8.6457741e+02   1.6420213e-03
   8.6652892e+02   1.6370201e-03
   8.6848044e+02   1.6319117e-03
   8.7043195e+02   1.6266987e-03
   8.7238346e+02   1.6213839e-03
   8.7433497e+02   1.6159701e-03
   8.7628648e+02   1.6104601e-03
   8.7823799e+02   1.6048564e-03
   8.8018950e+02   1.5991620e-03
   8.8214102e+02   1.5933794e-03
   8.8409253e+02   1.5875114e-03
   8.8604404e+02   1.5815607e-03
   8.8799555e+02   1.5755299e-03
   8.8994706e+02   1.5694217e-03
   8.9189857e+02   1.5632386e-03
   8.9385009e+02   1.5569834e-03
   8.9580160e+02   1.5506585e-03
   8.9775311e+02   1.5442666e-03
   8.9970462e+02   1.5378102e-03
   9.0165613e+02   1.5312918e-03
   9.0360764e+02   1.5247138e-03
   9.0555915e+02   1.5180787e-03
   9.0751067e+02   1.5113891e-03
   9.0946218e+02   1.5046471e-03
   9.1141369e+02   1.4978553e-03
   9.1336520e+02   1.4910159e-03
   9.1531671e+02   1.4841313e-03
   9.1726822e+02   1.4772037e-03
   9.1921973e+02   1.4702353e-03
   9.2117125e+02   1.4632285e-03
   9.2312276e+02   1.4561853e-03
   9.2507427e+02   1.4491079e-03
   9.2702578e+02   1.4419984e-03
   9.2897729e+02   1.4348588e-03
   9.3092880e+02   1.4276912e-03
   9.3288032e+02   1.4204976e-03
   9.3483183e+02   1.4132800e-03
   9.3678334e+02   1.4060402e-03
   9.3873485e+02   1.3987801e-03
   9.4068636e+02   1.3915017e-03
   9.4263787e+02   1.3842067e-03
   9.4458938e+02   1.3768968e-03
   9.4654090e+02   1.3695739e-03
   9.4849241e+02   1.3622396e-03
   9.5044392e+02   1.3548956e-03
   9.5239543e+02   1.3475435e-03
   9.5434694e+02   1.3401849e-03
   9.5629845e+02   1.3328214e-03
   9.5824996e+02   1.3254544e-03
   9.6020148e+02   1.3180855e-03
   9.6215299e+02   1.3107160e-03
   9.6410450e+02   1.3033474e-03
   9.6605601e+02   1.2959811e-03
   9.6800752e+02   1.2886184e-03
   9.6995903e+02   1.2812605e-03
   9.7191055e+02   1.2739088e-03
   9.7386206e+02   1.2665645e-03
   9.7581357e+02   1.2592287e-03
   9.7776508e+02   1.2519026e-03
   9.7971659e+02   1.2445874e-03
   9.8166810e+02   1.2372841e-03
   9.8361961e+02   1.2299937e-03
   9.8557113e+02   1.2227174e-03
   9.8752264e+02   1.2154560e-03
   9.8947415e+02   1.2082106e-03
   9.9142566e+02   1.2009821e-03
   9.9337717e+02   1.1937714e-03
   9.9532868e+02   1.1865792e-03
   9.9728020e+02   1.1794066e-03
   9.9923171e+02   1.1722542e-03
   1.0011832e+03   1.1651228e-03
   1.0031347e+03   1.1580132e-03
   1.0050862e+03   1.1509262e-03
   1.0070378e+03   1.1438624e-03
   1.0089893e+03   1.1368224e-03
   1.0109408e+03   1.1298069e-03
   1.0128923e+03   1.1228165e-03
   1.0148438e+03   1.1158518e-03
   1.0167953e+03   1.1089134e-03
   1.0187468e+03   1.1020018e-03
   1.0206983e+03   1.0951175e-03
   1.0226498e+03   1.0882610e-03
   1.0246014e+03   1.0814327e-03
   1.0265529e+03   1.0746332e-03
   1.0285044e+03   1.0678627e-03
   1.0304559e+03   1.0611218e-03
   1.0324074e+03   1.0544108e-03
   1.0343589e+03   1.0477301e-03
   1.0363104e+03   1.0410799e-03
   1.0382619e+03   1.0344607e-03
   1.0402134e+03   1.0278727e-03
   1.0421650e+03   1.0213162e-03
   1.0441165e+03   1.0147915e-03
   1.0460680e+03   1.0082988e-03
   1.0480195e+03   1.0018384e-03
   1.0499710e+03   9.9541039e-04
   1.0519225e+03   9.8901508e-04
   1.0538740e+03   9.8265261e-04
   1.0558255e+03   9.7632316e-04
   1.0577771e+03   9.7002689e-04
   1.0597286e+03   9.6376392e-04
   1.0616801e+03   9.5753440e-04
   1.0636316e+03   9.5133843e-04
   1.0655831e+03   9.4517611e-04
   1.0675346e+03   9.3904753e-04
   1.0694861e+03   9.3295278e-04
   1.0714376e+03   9.2689191e-04
   1.0733891e+03   9.2086498e-04
   1.0753407e+03   9.1487203e-04
   1.0772922e+03   9.0891310e-04
   1.0792437e+03   9.0298821e-04
   1.0811952e+03   8.9709738e-04
   1.0831467e+03   8.9124060e-04
   1.0850982e+03   8.8541788e-04
   1.0870497e+03   8.7962919e-04
   1.0890012e+03   8.7387453e-04
   1.0909527e+03   8.6815386e-04
   1.0929043e+03   8.6246715e-04
   1.0948558e+03   8.5681434e-04
   1.0968073e+03   8.5119540e-04
   1.0987588e+03   8.4561026e-04
   1.1007103e+03   8.4005886e-04
   1.1026618e+03   8.3454113e-04
   1.1046133e+03   8.2905699e-04
   1.1065648e+03   8.2360636e-04
   1.1085164e+03   8.1818916e-04
   1.1104679e+03   8.1280529e-04
   1.1124194e+03   8.0745466e-04
   1.1143709e+03   8.0213716e-04
   1.1163224e+03   7.9685270e-04
   1.1182739e+03   7.9160115e-04
   1.1202254e+03   7.8638240e-04
   1.1221769e+03   7.8119634e-04
   1.1241284e+03   7.7604285e-04
   1.1260800e+03   7.7092180e-04
   1.1280315e+03   7.6583306e-04
   1.1299830e+03   7.6077650e-04
   1.1319345e+03   7.5575199e-04
   1.1338860e+03   7.5075939e-04
   1.1358375e+03   7.4579856e-04
   1.1377890e+03   7.4086937e-04
   1.1397405e+03   7.3597165e-04
   1.1416920e+03   7.3110528e-04
   1.1436436e+03   7.2627010e-04
   1.1455951e+03   7.2146597e-04
   1.1475466e+03   7.1669272e-04
   1.1494981e+03   7.1195021e-04
   1.1514496e+03   7.0723829e-04
   1.1534011e+03   7.0255679e-04
   1.1553526e+03   6.9790557e-04
   1.1573041e+03   6.9328445e-04
   1.1592557e+03   6.8869329e-04
   1.1612072e+03   6.8413193e-04
   1.1631587e+03   6.7960019e-04
   1.1651102e+03   6.7509793e-04
   1.1670617e+03   6.7062497e-04
   1.1690132e+03   6.6618116e-04
   1.1709647e+03   6.6176633e-04
   1.1729162e+03   6.5738032e-04
   1.1748677e+03   6.5302297e-04
   1.1768193e+03   6.4869410e-04
   1.1787708e+03   6.4439356e-04
   1.1807223e+03   6.4012118e-04
   1.1826738e+03   6.3587679e-04
   1.1846253e+03   6.3166023e-04
   1.1865768e+03   6.2747134e-04
   1.1885283e+03   6.2330994e-04
   1.1904798e+03   6.1917588e-04
   1.1924313e+03   6.1506900e-04
   1.1943829e+03   6.1098911e-04
   1.1963344e+03   6.0693607e-04
   1.1982859e+03   6.0290971e-04
   1.2002374e+03   5.9890986e-04
   1.2021889e+03   5.9493636e-04
   1.2041404e+03   5.9098905e-04
   1.2060919e+03   5.8706776e-04
   1.2080434e+03   5.8317234e-04
   1.2099949e+03   5.7930262e-04
   1.2119465e+03   5.7545844e-04
   1.2138980e+03   5.7163964e-04
   1.2158495e+03   5.6784606e-04
   1.2178010e+03   5.6407754e-04
   1.2197525e+03   5.6033393e-04
   1.2217040e+03   5.5661505e-04
   1.2236555e+03   5.5292077e-04
   1.2256070e+03   5.4925091e-04
   1.2275586e+03   5.4560533e-04
   1.2295101e+03   5.4198387e-04
   1.2314616e+03   5.3838637e-04
   1.2334131e+03   5.3481268e-04
   1.2353646e+03   5.3126265e-04
   1.2373161e+03   5.2773612e-04
   1.2392676e+03   5.2423294e-04
   1.2412191e+03   5.2075296e-04
   1.2431706e+03   5.1729603e-04
   1.2451222e+03   5.1386201e-04
   1.2470737e+03   5.1045073e-04
   1.2490252e+03   5.0706207e-04
   1.2509767e+03   5.0369585e-04
   1.2529282e+03   5.0035195e-04
   1.2548797e+03   4.9703021e-04
   1.2568312e+03   4.9373050e-04
   1.2587827e+03   4.9045266e-04
   1.2607342e+03   4.8719655e-04
   1.2626858e+03   4.8396204e-04
   1.2646373e+03   4.8074897e-04
   1.2665888e+03   4.7755722e-04
   1.2685403e+03   4.7438663e-04
   1.2704918e+03   4.7123707e-04
   1.2724433e+03   4.6810841e-04
   1.2743948e+03   4.6500050e-04
   1.2763463e+03   4.6191320e-04
   1.2782979e+03   4.5884639e-04
   1.2802494e+03   4.5579993e-04
   1.2822009e+03   4.5277368e-04
   1.2841524e+03   4.4976751e-04
   1.2861039e+03   4.4678129e-04
   1.2880554e+03   4.4381489e-04
   1.2900069e+03   4.4086817e-04
   1.2919584e+03   4.3794100e-04
   1.2939099e+03   4.3503327e-04
   1.2958615e+03   4.3214483e-04
   1.2978130e+03   4.2927556e-04
   1.2997645e+03   4.2642533e-04
   1.3017160e+03   4.2359402e-04
   1.3036675e+03   4.2078151e-04
   1.3056190e+03   4.1798766e-04
   1.3075705e+03   4.1521236e-04
   1.3095220e+03   4.1245548e-04
   1.3114735e+03   4.0971691e-04
   1.3134251e+03   4.0699651e-04
   1.3153766e+03   4.0429417e-04
   1.3173281e+03   4.0160976e-04
   1.3192796e+03   3.9894318e-04
   1.3212311e+03   3.9629430e-04
   1.3231826e+03   3.9366301e-04
   1.3251341e+03   3.9104918e-04
   1.3270856e+03   3.8845271e-04
   1.3290372e+03   3.8587347e-04
   1.3309887e+03   3.8331136e-04
   1.3329402e+03   3.8076626e-04
   1.3348917e+03   3.7823806e-04
   1.3368432e+03   3.7572663e-04
   1.3387947e+03   3.7323189e-04
   1.3407462e+03   3.7075371e-04
   1.3426977e+03   3.6829197e-04
   1.3446492e+03   3.6584659e-04
   1.3466008e+03   3.6341744e-04
   1.3485523e+03   3.6100442e-04
   1.3505038e+03   3.5860742e-04
   1.3524553e+03   3.5622633e-04
   1.3544068e+03   3.5386105e-04
   1.3563583e+03   3.5151148e-04
   1.3583098e+03   3.4917750e-04
   1.3602613e+03   3.4685903e-04
   1.3622128e+03   3.4455594e-04
   1.3641644e+03   3.4226815e-04
   1.3661159e+03   3.3999555e-04
   1.3680674e+03   3.3773804e-04
   1.3700189e+03   3.3549552e-04
   1.3719704e+03   3.3326788e-04
   1.3739219e+03   3.3105504e-04
   1.3758734e+03   3.2885689e-04
   1.3778249e+03   3.2667333e-04
   1.3797765e+03   3.2450428e-04
   1.3817280e+03   3.2234962e-04
   1.3836795e+03   3.2020927e-04
   1.3856310e+03   3.1808313e-04
   1.3875825e+03   3.1597111e-04
   1.3895340e+03   3.1387311e-04
   1.3914855e+03   3.1178905e-04
   1.3934370e+03   3.0971882e-04
   1.3953885e+03   3.0766233e-04
   1.3973401e+03   3.0561950e-04
   1.3992916e+03   3.0359024e-04
   1.4012431e+03   3.0157445e-04
   1.4031946e+03   2.9957204e-04
   1.4051461e+03   2.9758293e-04
   1.4070976e+03   2.9560703e-04
   1.4090491e+03   2.9364424e-04
   1.4110006e+03   2.9169449e-04
   1.4129521e+03   2.8975768e-04
   1.4149037e+03   2.8783374e-04
   1.4168552e+03   2.8592257e-04
   1.4188067e+03   2.8402408e-04
   1.4207582e+03   2.8213821e-04
   1.4227097e+03   2.8026485e-04
   1.4246612e+03   2.7840394e-04
   1.4266127e+03   2.7655538e-04
   1.4285642e+03   2.7471909e-04
   1.4305158e+03   2.7289500e-04
   1.4324673e+03   2.7108302e-04
   1.4344188e+03   2.6928307e-04
   1.4363703e+03   2.6749507e-04
   1.4383218e+03   2.6571895e-04
   1.4402733e+03   2.6395461e-04
   1.4422248e+03   2.6220200e-04
   1.4441763e+03   2.6046101e-04
   1.4461278e+03   2.5873159e-04
   1.4480794e+03   2.5701365e-04
   1.4500309e+03   2.5530712e-04
   1.4519824e+03   2.5361192e-04
   1.4539339e+03   2.5192798e-04
   1.4558854e+03   2.5025522e-04
   1.4578369e+03   2.4859356e-04
   1.4597884e+03   2.4694294e-04
   1.4617399e+03   2.4530327e-04
   1.4636914e+03   2.4367450e-04
   1.4656430e+03   2.4205653e-04
   1.4675945e+03   2.4044932e-04
   1.4695460e+03   2.3885277e-04
   1.4714975e+03   2.3726682e-04
   1.4734490e+03   2.3569141e-04
   1.4754005e+03   2.3412645e-04
   1.4773520e+03   2.3257189e-04
   1.4793035e+03   2.3102765e-04
   1.4812551e+03   2.2949366e-04
   1.4832066e+03   2.2796986e-04
   1.4851581e+03   2.2645617e-04
   1.4871096e+03   2.2495254e-04
   1.4890611e+03   2.2345889e-04
   1.4910126e+03   2.2197515e-04
   1.4929641e+03   2.2050127e-04
   1.4949156e+03   2.1903718e-04
   1.4968671e+03   2.1758280e-04
   1.4988187e+03   2.1613809e-04
   1.5007702e+03   2.1470296e-04
   1.5027217e+03   2.1327737e-04
   1.5046732e+03   2.1186124e-04
   1.5066247e+03   2.1045451e-04
   1.5085762e+03   2.0905713e-04
   1.5105277e+03   2.0766902e-04
   1.5124792e+03   2.0629013e-04
   1.5144307e+03   2.0492039e-04
   1.5163823e+03   2.0355975e-04
   1.5183338e+03   2.0220815e-04
   1.5202853e+03   2.0086552e-04
   1.5222368e+03   1.9953180e-04
   1.5241883e+03   1.9820694e-04
   1.5261398e+03   1.9689088e-04
   1.5280913e+03   1.9558355e-04
   1.5300428e+03   1.9428491e-04
   1.5319943e+03   1.9299488e-04
   1.5339459e+03   1.9171343e-04
   1.5358974e+03   1.9044048e-04
   1.5378489e+03   1.8917598e-04
   1.5398004e+03   1.8791988e-04
   1.5417519e+03   1.8667212e-04
   1.5437034e+03   1.8543265e-04
   1.5456549e+03   1.8420141e-04
   1.5476064e+03   1.8297834e-04
   1.5495580e+03   1.8176339e-04
   1.5515095e+03   1.8055651e-04
   1.5534610e+03   1.7935764e-04
   1.5554125e+03   1.7816673e-04
   1.5573640e+03   1.7698373e-04
   1.5593155e+03   1.7580859e-04
   1.5612670e+03   1.7464124e-04
   1.5632185e+03   1.7348165e-04
   1.5651700e+03   1.7232976e-04
   1.5671216e+03   1.7118552e-04
   1.5690731e+03   1.7004887e-04
   1.5710246e+03   1.6891977e-04
   1.5729761e+03   1.6779817e-04
   1.5749276e+03   1.6668402e-04
   1.5768791e+03   1.6557726e-04
   1.5788306e+03   1.6447785e-04
   1.5807821e+03   1.6338575e-04
   1.5827336e+03   1.6230089e-04
   1.5846852e+03   1.6122324e-04
   1.5866367e+03   1.6015274e-04
   1.5885882e+03   1.5908935e-04
   1.5905397e+03   1.5803302e-04
   1.5924912e+03   1.5698370e-04
   1.5944427e+03   1.5594136e-04
   1.5963942e+03   1.5490593e-04
   1.5983457e+03   1.5387738e-04
   1.6002973e+03   1.5285566e-04
   1.6022488e+03   1.5184072e-04
   1.6042003e+03   1.5083252e-04
   1.6061518e+03   1.4983101e-04
   1.6081033e+03   1.4883616e-04
   1.6100548e+03   1.4784791e-04
   1.6120063e+03   1.4686622e-04
   1.6139578e+03   1.4589105e-04
   1.6159093e+03   1.4492236e-04
   1.6178609e+03   1.4396010e-04
   1.6198124e+03   1.4300422e-04
   1.6217639e+03   1.4205470e-04
   1.6237154e+03   1.4111147e-04
   1.6256669e+03   1.4017452e-04
   1.6276184e+03   1.3924378e-04
   1.6295699e+03   1.3831922e-04
   1.6315214e+03   1.3740080e-04
   1.6334729e+03   1.3648848e-04
   1.6354245e+03   1.3558222e-04
   1.6373760e+03   1.3468197e-04
   1.6393275e+03   1.3378771e-04
   1.6412790e+03   1.3289938e-04
   1.6432305e+03   1.3201694e-04
   1.6451820e+03   1.3114037e-04
   1.6471335e+03   1.3026962e-04
   1.6490850e+03   1.2940465e-04
   1.6510366e+03   1.2854542e-04
   1.6529881e+03   1.2769190e-04
   1.6549396e+03   1.2684405e-04
   1.6568911e+03   1.2600182e-04
   1.6588426e+03   1.2516519e-04
   1.6607941e+03   1.2433411e-04
   1.6627456e+03   1.2350855e-04
   1.6646971e+03   1.2268847e-04
   1.6666486e+03   1.2187384e-04
   1.6686002e+03   1.2106462e-04
   1.6705517e+03   1.2026077e-04
   1.6725032e+03   1.1946225e-04
   1.6744547e+03   1.1866904e-04
   1.6764062e+03   1.1788110e-04
   1.6783577e+03   1.1709838e-04
   1.6803092e+03   1.1632087e-04
   1.6822607e+03   1.1554852e-04
   1.6842122e+03   1.1478129e-04
   1.6861638e+03   1.1401916e-04
   1.6881153e+03   1.1326209e-04
   1.6900668e+03   1.1251005e-04
   1.6920183e+03   1.1176300e-04
   1.6939698e+03   1.1102091e-04
   1.6959213e+03   1.1028375e-04
   1.6978728e+03   1.0955148e-04
   1.6998243e+03   1.0882408e-04
   1.7017759e+03   1.0810150e-04
   1.7037274e+03   1.0738372e-04
   1.7056789e+03   1.0667071e-04
   1.7076304e+03   1.0596243e-04
   1.7095819e+03   1.0525886e-04
   1.7115334e+03   1.0455996e-04
   1.7134849e+03   1.0386569e-04
   1.7154364e+03   1.0317604e-04
   1.7173879e+03   1.0249097e-04
   1.7193395e+03   1.0181044e-04
   1.7212910e+03   1.0113444e-04
   1.7232425e+03   1.0046292e-04
   1.7251940e+03   9.9795863e-05
   1.7271455e+03   9.9133234e-05
   1.7290970e+03   9.8475004e-05
   1.7310485e+03   9.7821145e-05
   1.7330000e+03   9.7171628e-05
   1.7349515e+03   9.6526423e-05
   1.7369031e+03   9.5885502e-05
   1.7388546e+03   9.5248837e-05
   1.7408061e+03   9.4616399e-05
   1.7427576e+03   9.3988161e-05
   1.7447091e+03   9.3364094e-05
   1.7466606e+03   9.2744170e-05
   1.7486121e+03   9.2128363e-05
   1.7505636e+03   9.1516645e-05
   1.7525152e+03   9.0908988e-05
   1.7544667e+03   9.0305367e-05
   1.7564182e+03   8.9705753e-05
   1.7583697e+03   8.9110120e-05
   1.7603212e+03   8.8518443e-05
   1.7622727e+03   8.7930694e-05
   1.7642242e+03   8.7346847e-05
   1.7661757e+03   8.6766877e-05
   1.7681272e+03   8.6190759e-05
   1.7700788e+03   8.5618465e-05
   1.7720303e+03   8.5049972e-05
   1.7739818e+03   8.4485253e-05
   1.7759333e+03   8.3924284e-05
   1.7778848e+03   8.3367039e-05
   1.7798363e+03   8.2813495e-05
   1.7817878e+03   8.2263626e-05
   1.7837393e+03   8.1717408e-05
   1.7856908e+03   8.1174817e-05
   1.7876424e+03   8.0635828e-05
   1.7895939e+03   8.0100419e-05
   1.7915454e+03   7.9568564e-05
   1.7934969e+03   7.9040241e-05
   1.7954484e+03   7.8515426e-05
   1.7973999e+03   7.7994095e-05
   1.7993514e+03   7.7476226e-05
   1.8013029e+03   7.6961796e-05
   1.8032544e+03   7.6450781e-05
   1.8052060e+03   7.5943160e-05
   1.8071575e+03   7.5438909e-05
   1.8091090e+03   7.4938006e-05
   1.8110605e+03   7.4440429e-05
   1.8130120e+03   7.3946156e-05
   1.8149635e+03   7.3455165e-05
   1.8169150e+03   7.2967434e-05
   1.8188665e+03   7.2482941e-05
   1.8208181e+03   7.2001665e-05
   1.8227696e+03   7.1523585e-05
   1.8247211e+03   7.1048680e-05
   1.8266726e+03   7.0576927e-05
   1.8286241e+03   7.0108307e-05
   1.8305756e+03   6.9642799e-05
   1.8325271e+03   6.9180381e-05
   1.8344786e+03   6.8721034e-05
   1.8364301e+03   6.8264737e-05
   1.8383817e+03   6.7811469e-05
   1.8403332e+03   6.7361212e-05
   1.8422847e+03   6.6913943e-05
   1.8442362e+03   6.6469645e-05
   1.8461877e+03   6.6028297e-05
   1.8481392e+03   6.5589879e-05
   1.8500907e+03   6.5154372e-05
   1.8520422e+03   6.4721757e-05
   1.8539937e+03   6.4292014e-05
   1.8559453e+03   6.3865125e-05
   1.8578968e+03   6.3441071e-05
   1.8598483e+03   6.3019831e-05
   1.8617998e+03   6.2601389e-05
   1.8637513e+03   6.2185726e-05
   1.8657028e+03   6.1772822e-05
   1.8676543e+03   6.1362660e-05
   1.8696058e+03   6.0955221e-05
   1.8715574e+03   6.0550488e-05
   1.8735089e+03   6.0148442e-05
   1.8754604e+03   5.9749065e-05
   1.8774119e+03   5.9352341e-05
   1.8793634e+03   5.8958250e-05
   1.8813149e+03   5.8566776e-05
   1.8832664e+03   5.8177902e-05
   1.8852179e+03   5.7791609e-05
   1.8871694e+03   5.7407882e-05
   1.8891210e+03   5.7026702e-05
   1.8910725e+03   5.6648054e-05
   1.8930240e+03   5.6271919e-05
   1.8949755e+03   5.5898282e-05
   1.8969270e+03   5.5527126e-05
   1.8988785e+03   5.5158435e-05
   1.9008300e+03   5.4792191e-05
   1.9027815e+03   5.4428379e-05
   1.9047330e+03   5.4066983e-05
   1.9066846e+03   5.3707987e-05
   1.9086361e+03   5.3351374e-05
   1.9105876e+03   5.2997129e-05
   1.9125391e+03   5.2645236e-05
   1.9144906e+03   5.2295680e-05
   1.9164421e+03   5.1948444e-05
   1.9183936e+03   5.1603515e-05
   1.9203451e+03   5.1260875e-05
   1.9222967e+03   5.0920511e-05
   1.9242482e+03   5.0582406e-05
   1.9261997e+03   5.0246547e-05
   1.9281512e+03   4.9912917e-05
   1.9301027e+03   4.9581503e-05
   1.9320542e+03   4.9252290e-05
   1.9340057e+03   4.8925262e-05
   1.9359572e+03   4.8600406e-05
   1.9379087e+03   4.8277706e-05
   1.9398603e+03   4.7957150e-05
   1.9418118e+03   4.7638722e-05
   1.9437633e+03   4.7322408e-05
   1.9457148e+03   4.7008194e-05
   1.9476663e+03   4.6696067e-05
   1.9496178e+03   4.6386012e-05
   1.9515693e+03   4.6078016e-05
   1.9535208e+03   4.5772065e-05
   1.9554723e+03   4.5468146e-05
   1.9574239e+03   4.5166244e-05
   1.9593754e+03   4.4866347e-05
   1.9613269e+03   4.4568441e-05
   1.9632784e+03   4.4272514e-05
   1.9652299e+03   4.3978551e-05
   1.9671814e+03   4.3686540e-05
   1.9691329e+03   4.3396468e-05
   1.9710844e+03   4.3108322e-05
   1.9730360e+03   4.2822089e-05
   1.9749875e+03   4.2537757e-05
   1.9769390e+03   4.2255313e-05
   1.9788905e+03   4.1974744e-05
   1.9808420e+03   4.1696038e-05
   1.9827935e+03   4.1419183e-05
   1.9847450e+03   4.1144166e-05
   1.9866965e+03   4.0870975e-05
   1.9886480e+03   4.0599598e-05
   1.9905996e+03   4.0330023e-05
   1.9925511e+03   4.0062238e-05
   1.9945026e+03   3.9796230e-05
   1.9964541e+03   3.9531990e-05
   1.9984056e+03   3.9269503e-05
   2.0003571e+03   3.9008760e-05
   2.0023086e+03   3.8749747e-05
   2.0042601e+03   3.8492455e-05
   2.0062116e+03   3.8236871e-05
   2.0081632e+03   3.7982984e-05
   2.0101147e+03   3.7730783e-05
   2.0120662e+03   3.7480256e-05
   2.0140177e+03   3.7231393e-05
   2.0159692e+03   3.6984182e-05
   2.0179207e+03   3.6738613e-05
   2.0198722e+03   3.6494674e-05
   2.0218237e+03   3.6252355e-05
   2.0237753e+03   3.6011645e-05
   2.0257268e+03   3.5772533e-05
   2.0276783e+03   3.5535009e-05
   2.0296298e+03   3.5299062e-05
   2.0315813e+03   3.5064681e-05
   2.0335328e+03   3.4831857e-05
   2.0354843e+03   3.4600579e-05
   2.0374358e+03   3.4370836e-05
   2.0393873e+03   3.4142619e-05
   2.0413389e+03   3.3915918e-05
   2.0432904e+03   3.3690721e-05
   2.0452419e+03   3.3467020e-05
   2.0471934e+03   3.3244804e-05
   2.0491449e+03   3.3024063e-05
   2.0510964e+03   3.2804789e-05
   2.0530479e+03   3.2586970e-05
   2.0549994e+03   3.2370597e-05
   2.0569509e+03   3.2155662e-05
   2.0589025e+03   3.1942153e-05
   2.0608540e+03   3.1730062e-05
   2.0628055e+03   3.1519379e-05
   2.0647570e+03   3.1310095e-05
   2.0667085e+03   3.1102201e-05
   2.0686600e+03   3.0895687e-05
   2.0706115e+03   3.0690544e-05
   2.0725630e+03   3.0486764e-05
   2.0745145e+03   3.0284336e-05
   2.0764661e+03   3.0083253e-05
   2.0784176e+03   2.9883505e-05
   2.0803691e+03   2.9685083e-05
   2.0823206e+03   2.9487979e-05
   2.0842721e+03   2.9292183e-05
   2.0862236e+03   2.9097687e-05
   2.0881751e+03   2.8904483e-05
   2.0901266e+03   2.8712562e-05
   2.0920782e+03   2.8521915e-05
   2.0940297e+03   2.8332533e-05
   2.0959812e+03   2.8144410e-05
   2.0979327e+03   2.7957535e-05
   2.0998842e+03   2.7771901e-05
   2.1018357e+03   2.7587500e-05
   2.1037872e+03   2.7404323e-05
   2.1057387e+03   2.7222363e-05
   2.1076902e+03   2.7041611e-05
   2.1096418e+03   2.6862058e-05
   2.1115933e+03   2.6683698e-05
   2.1135448e+03   2.6506523e-05
   2.1154963e+03   2.6330523e-05
   2.1174478e+03   2.6155693e-05
   2.1193993e+03   2.5982023e-05
   2.1213508e+03   2.5809506e-05
   2.1233023e+03   2.5638135e-05
   2.1252538e+03   2.5467902e-05
   2.1272054e+03   2.5298799e-05
   2.1291569e+03   2.5130819e-05
   2.1311084e+03   2.4963954e-05
   2.1330599e+03   2.4798197e-05
   2.1350114e+03   2.4633541e-05
   2.1369629e+03   2.4469978e-05
   2.1389144e+03   2.4307501e-05
   2.1408659e+03   2.4146103e-05
   2.1428175e+03   2.3985776e-05
   2.1447690e+03   2.3826514e-05
   2.1467205e+03   2.3668310e-05
   2.1486720e+03   2.3511156e-05
   2.1506235e+03   2.3355046e-05
   2.1525750e+03   2.3199972e-05
   2.1545265e+03   2.3045927e-05
   2.1564780e+03   2.2892906e-05
   2.1584295e+03   2.2740900e-05
   2.1603811e+03   2.2589904e-05
   2.1623326e+03   2.2439911e-05
   2.1642841e+03   2.2290913e-05
   2.1662356e+03   2.2142905e-05
   2.1681871e+03   2.1995879e-05
   2.1701386e+03   2.1849830e-05
   2.1720901e+03   2.1704751e-05
   2.1740416e+03   2.1560634e-05
   2.1759931e+03   2.1417475e-05
   2.1779447e+03   2.1275266e-05
   2.1798962e+03   2.1134002e-05
   2.1818477e+03   2.0993675e-05
   2.1837992e+03   2.0854280e-05
   2.1857507e+03   2.0715811e-05
   2.1877022e+03   2.0578261e-05
   2.1896537e+03   2.0441625e-05
   2.1916052e+03   2.0305896e-05
   2.1935568e+03   2.0171068e-05
   2.1955083e+03   2.0037135e-05
   2.1974598e+03   1.9904091e-05
   2.1994113e+03   1.9771931e-05
   2.2013628e+03   1.9640648e-05
   2.2033143e+03   1.9510238e-05
   2.2052658e+03   1.9380693e-05
   2.2072173e+03   1.9252008e-05
   2.2091688e+03   1.9124177e-05
   2.2111204e+03   1.8997196e-05
   2.2130719e+03   1.8871057e-05
   2.2150234e+03   1.8745756e-05
   2.2169749e+03   1.8621287e-05
   2.2189264e+03   1.8497645e-05
   2.2208779e+03   1.8374823e-05
   2.2228294e+03   1.8252817e-05
   2.2247809e+03   1.8131621e-05
   2.2267324e+03   1.8011230e-05
   2.2286840e+03   1.7891638e-05
   2.2306355e+03   1.7772841e-05
   2.2325870e+03   1.7654832e-05
   2.2345385e+03   1.7537606e-05
   2.2364900e+03   1.7421159e-05
   2.2384415e+03   1.7305485e-05
   2.2403930e+03   1.7190580e-05
   2.2423445e+03   1.7076437e-05
   2.2442961e+03   1.6963052e-05
   2.2462476e+03   1.6850420e-05
   2.2481991e+03   1.6738535e-05
   2.2501506e+03   1.6627394e-05
   2.2521021e+03   1.6516991e-05
   2.2540536e+03   1.6407320e-05
   2.2560051e+03   1.6298378e-05
   2.2579566e+03   1.6190160e-05
   2.2599081e+03   1.6082659e-05
   2.2618597e+03   1.5975873e-05
   2.2638112e+03   1.5869796e-05
   2.2657627e+03   1.5764423e-05
   2.2677142e+03   1.5659749e-05
   2.2696657e+03   1.5555771e-05
   2.2716172e+03   1.5452483e-05
   2.2735687e+03   1.5349881e-05
   2.2755202e+03   1.5247960e-05
   2.2774717e+03   1.5146716e-05
   2.2794233e+03   1.5046144e-05
   2.2813748e+03   1.4946240e-05
   2.2833263e+03   1.4846999e-05
   2.2852778e+03   1.4748417e-05
   2.2872293e+03   1.4650490e-05
   2.2891808e+03   1.4553213e-05
   2.2911323e+03   1.4456582e-05
   2.2930838e+03   1.4360592e-05
   2.2950354e+03   1.4265240e-05
   2.2969869e+03   1.4170521e-05
   2.2989384e+03   1.4076431e-05
   2.3008899e+03   1.3982966e-05
   2.3028414e+03   1.3890121e-05
   2.3047929e+03   1.3797893e-05
   2.3067444e+03   1.3706277e-05
   2.3086959e+03   1.3615269e-05
   2.3106474e+03   1.3524866e-05
   2.3125990e+03   1.3435063e-05
   2.3145505e+03   1.3345856e-05
   2.3165020e+03   1.3257242e-05
   2.3184535e+03   1.3169216e-05
   2.3204050e+03   1.3081774e-05
