   4.3410000e+02   1.8331305e-04
   4.3643373e+02   1.9235243e-04
   4.3876747e+02   2.0173208e-04
   4.4110120e+02   2.1145873e-04
   4.4343493e+02   2.2153890e-04
   4.4576867e+02   2.3197893e-04
   4.4810240e+02   2.4278486e-04
   4.5043614e+02   2.5396250e-04
   4.5276987e+02   2.6551737e-04
   4.5510360e+02   2.7745468e-04
   4.5743734e+02   2.8977929e-04
   4.5977107e+02   3.0249573e-04
   4.6210480e+02   3.1560815e-04
   4.6443854e+02   3.2912029e-04
   4.6677227e+02   3.4303549e-04
   4.6910601e+02   3.5735664e-04
   4.7143974e+02   3.7208617e-04
   4.7377347e+02   3.8722604e-04
   4.7610721e+02   4.0277768e-04
   4.7844094e+02   4.1874204e-04
   4.8077467e+02   4.3511951e-04
   4.8310841e+02   4.5190990e-04
   4.8544214e+02   4.6911250e-04
   4.8777588e+02   4.8672597e-04
   4.9010961e+02   5.0474837e-04
   4.9244334e+02   5.2317714e-04
   4.9477708e+02   5.4200912e-04
   4.9711081e+02   5.6124045e-04
   4.9944454e+02   5.8086667e-04
   5.0177828e+02   6.0088262e-04
   5.0411201e+02   6.2128249e-04
   5.0644575e+02   6.4205978e-04
   5.0877948e+02   6.6320731e-04
   5.1111321e+02   6.8471722e-04
   5.1344695e+02   7.0658097e-04
   5.1578068e+02   7.2878931e-04
   5.1811441e+02   7.5133233e-04
   5.2044815e+02   7.7419944e-04
   5.2278188e+02   7.9737934e-04
   5.2511562e+02   8.2086011e-04
   5.2744935e+02   8.4462914e-04
   5.2978308e+02   8.6867317e-04
   5.3211682e+02   8.9297832e-04
   5.3445055e+02   9.1753008e-04
   5.3678428e+02   9.4231334e-04
   5.3911802e+02   9.6731239e-04
   5.4145175e+02   9.9251097e-04
   5.4378549e+02   1.0178923e-03
   5.4611922e+02   1.0434389e-03
   5.4845295e+02   1.0691331e-03
   5.5078669e+02   1.0949565e-03
   5.5312042e+02   1.1208903e-03
   5.5545415e+02   1.1469155e-03
   5.5778789e+02   1.1730123e-03
   5.6012162e+02   1.1991610e-03
   5.6245536e+02   1.2253413e-03
   5.6478909e+02   1.2515326e-03
   5.6712282e+02   1.2777142e-03
   5.6945656e+02   1.3038651e-03
   5.7179029e+02   1.3299642e-03
   5.7412402e+02   1.3559901e-03
   5.7645776e+02   1.3819214e-03
   5.7879149e+02   1.4077368e-03
   5.8112523e+02   1.4334145e-03
   5.8345896e+02   1.4589333e-03
   5.8579269e+02   1.4842717e-03
   5.8812643e+02   1.5094083e-03
   5.9046016e+02   1.5343220e-03
   5.9279389e+02   1.5589917e-03
   5.9512763e+02   1.5833967e-03
   5.9746136e+02   1.6075165e-03
   5.9979510e+02   1.6313306e-03
   6.0212883e+02   1.6548193e-03
   6.0446256e+02   1.6779630e-03
   6.0679630e+02   1.7007425e-03
   6.0913003e+02   1.7231391e-03
   6.1146376e+02   1.7451346e-03
   6.1379750e+02   1.7667112e-03
   6.1613123e+02   1.7878516e-03
   6.1846496e+02   1.8085394e-03
   6.2079870e+02   1.8287583e-03
   6.2313243e+02   1.8484931e-03
   6.2546617e+02   1.8677288e-03
   6.2779990e+02   1.8864515e-03
   6.3013363e+02   1.9046477e-03
   6.3246737e+02   1.9223047e-03
   6.3480110e+02   1.9394105e-03
   6.3713483e+02   1.9559539e-03
   6.3946857e+02   1.9719244e-03
   6.4180230e+02   1.9873125e-03
   6.4413604e+02   2.0021092e-03
   6.4646977e+02   2.0163063e-03
   6.4880350e+02   2.0298967e-03
   6.5113724e+02   2.0428738e-03
   6.5347097e+02   2.0552320e-03
   6.5580470e+02   2.0669664e-03
   6.5813844e+02   2.0780730e-03
   6.6047217e+02   2.0885485e-03
   6.6280591e+02   2.0983905e-03
   6.6513964e+02   2.1075974e-03
   6.6747337e+02   2.1161683e-03
   6.6980711e+02   2.1241032e-03
   6.7214084e+02   2.1314028e-03
   6.7447457e+02   2.1380685e-03
   6.7680831e+02   2.1441026e-03
   6.7914204e+02   2.1495079e-03
   6.8147578e+02   2.1542881e-03
   6.8380951e+02   2.1584476e-03
   6.8614324e+02   2.1619912e-03
   6.8847698e+02   2.1649247e-03
   6.9081071e+02   2.1672543e-03
   6.9314444e+02   2.1689869e-03
   6.9547818e+02   2.1701298e-03
   6.9781191e+02   2.1706911e-03
   7.0014565e+02   2.1706794e-03
   7.0247938e+02   2.1701035e-03
   7.0481311e+02   2.1689730e-03
   7.0714685e+02   2.1672979e-03
   7.0948058e+02   2.1650884e-03
   7.1181431e+02   2.1623554e-03
   7.1414805e+02   2.1591098e-03
   7.1648178e+02   2.1553632e-03
   7.1881552e+02   2.1511273e-03
   7.2114925e+02   2.1464140e-03
   7.2348298e+02   2.1412357e-03
   7.2581672e+02   2.1356049e-03
   7.2815045e+02   2.1295342e-03
   7.3048418e+02   2.1230364e-03
   7.3281792e+02   2.1161246e-03
   7.3515165e+02   2.1088119e-03
   7.3748539e+02   2.1011115e-03
   7.3981912e+02   2.0930365e-03
   7.4215285e+02   2.0846004e-03
   7.4448659e+02   2.0758164e-03
   7.4682032e+02   2.0666978e-03
   7.4915405e+02   2.0572580e-03
   7.5148779e+02   2.0475101e-03
   7.5382152e+02   2.0374673e-03
   7.5615526e+02   2.0271427e-03
   7.5848899e+02   2.0165492e-03
   7.6082272e+02   2.0056998e-03
   7.6315646e+02   1.9946070e-03
   7.6549019e+02   1.9832835e-03
   7.6782392e+02   1.9717416e-03
   7.7015766e+02   1.9599935e-03
   7.7249139e+02   1.9480512e-03
   7.7482513e+02   1.9359265e-03
   7.7715886e+02   1.9236308e-03
   7.7949259e+02   1.9111757e-03
   7.8182633e+02   1.8985721e-03
   7.8416006e+02   1.8858308e-03
   7.8649379e+02   1.8729626e-03
   7.8882753e+02   1.8599776e-03
   7.9116126e+02   1.8468860e-03
   7.9349499e+02   1.8336975e-03
   7.9582873e+02   1.8204216e-03
   7.9816246e+02   1.8070676e-03
   8.0049620e+02   1.7936444e-03
   8.0282993e+02   1.7801607e-03
   8.0516366e+02   1.7666249e-03
   8.0749740e+02   1.7530451e-03
   8.0983113e+02   1.7394290e-03
   8.1216486e+02   1.7257843e-03
   8.1449860e+02   1.7121181e-03
   8.1683233e+02   1.6984375e-03
   8.1916607e+02   1.6847491e-03
   8.2149980e+02   1.6710594e-03
   8.2383353e+02   1.6573745e-03
   8.2616727e+02   1.6437003e-03
   8.2850100e+02   1.6300425e-03
   8.3083473e+02   1.6164064e-03
   8.3316847e+02   1.6027971e-03
   8.3550220e+02   1.5892196e-03
   8.3783594e+02   1.5756783e-03
   8.4016967e+02   1.5621778e-03
   8.4250340e+02   1.5487222e-03
   8.4483714e+02   1.5353154e-03
   8.4717087e+02   1.5219611e-03
   8.4950460e+02   1.5086629e-03
   8.5183834e+02   1.4954241e-03
   8.5417207e+02   1.4822477e-03
   8.5650581e+02   1.4691367e-03
   8.5883954e+02   1.4560937e-03
   8.6117327e+02   1.4431214e-03
   8.6350701e+02   1.4302221e-03
   8.6584074e+02   1.4173980e-03
   8.6817447e+02   1.4046511e-03
   8.7050821e+02   1.3919833e-03
   8.7284194e+02   1.3793963e-03
   8.7517568e+02   1.3668918e-03
   8.7750941e+02   1.3544712e-03
   8.7984314e+02   1.3421359e-03
   8.8217688e+02   1.3298869e-03
   8.8451061e+02   1.3177254e-03
   8.8684434e+02   1.3056524e-03
   8.8917808e+02   1.2936687e-03
   8.9151181e+02   1.2817751e-03
   8.9384555e+02   1.2699723e-03
   8.9617928e+02   1.2582607e-03
   8.9851301e+02   1.2466409e-03
   9.0084675e+02   1.2351133e-03
   9.0318048e+02   1.2236781e-03
   9.0551421e+02   1.2123357e-03
   9.0784795e+02   1.2010862e-03
   9.1018168e+02   1.1899297e-03
   9.1251542e+02   1.1788662e-03
   9.1484915e+02   1.1678957e-03
   9.1718288e+02   1.1570182e-03
   9.1951662e+02   1.1462335e-03
   9.2185035e+02   1.1355415e-03
   9.2418408e+02   1.1249419e-03
   9.2651782e+02   1.1144345e-03
   9.2885155e+02   1.1040190e-03
   9.3118529e+02   1.0936951e-03
   9.3351902e+02   1.0834624e-03
   9.3585275e+02   1.0733204e-03
   9.3818649e+02   1.0632689e-03
   9.4052022e+02   1.0533072e-03
   9.4285395e+02   1.0434351e-03
   9.4518769e+02   1.0336518e-03
   9.4752142e+02   1.0239571e-03
   9.4985516e+02   1.0143502e-03
   9.5218889e+02   1.0048306e-03
   9.5452262e+02   9.9539787e-04
   9.5685636e+02   9.8605131e-04
   9.5919009e+02   9.7679036e-04
   9.6152382e+02   9.6761440e-04
   9.6385756e+02   9.5852282e-04
   9.6619129e+02   9.4951501e-04
   9.6852503e+02   9.4059032e-04
   9.7085876e+02   9.3174813e-04
   9.7319249e+02   9.2298779e-04
   9.7552623e+02   9.1430864e-04
   9.7785996e+02   9.0571005e-04
   9.8019369e+02   8.9719135e-04
   9.8252743e+02   8.8875189e-04
   9.8486116e+02   8.8039100e-04
   9.8719489e+02   8.7210804e-04
   9.8952863e+02   8.6390234e-04
   9.9186236e+02   8.5577323e-04
   9.9419610e+02   8.4772007e-04
   9.9652983e+02   8.3974218e-04
   9.9886356e+02   8.3183892e-04
   1.0011973e+03   8.2400963e-04
   1.0035310e+03   8.1625364e-04
   1.0058648e+03   8.0857033e-04
   1.0081985e+03   8.0095902e-04
   1.0105322e+03   7.9341908e-04
   1.0128660e+03   7.8594987e-04
   1.0151997e+03   7.7855075e-04
   1.0175334e+03   7.7122107e-04
   1.0198672e+03   7.6396022e-04
   1.0222009e+03   7.5676755e-04
   1.0245346e+03   7.4964245e-04
   1.0268684e+03   7.4258430e-04
   1.0292021e+03   7.3559248e-04
   1.0315358e+03   7.2866638e-04
   1.0338696e+03   7.2180540e-04
   1.0362033e+03   7.1500893e-04
   1.0385370e+03   7.0827637e-04
   1.0408708e+03   7.0160714e-04
   1.0432045e+03   6.9500063e-04
   1.0455382e+03   6.8845628e-04
   1.0478720e+03   6.8197350e-04
   1.0502057e+03   6.7555172e-04
   1.0525394e+03   6.6919036e-04
   1.0548732e+03   6.6288888e-04
   1.0572069e+03   6.5664669e-04
   1.0595406e+03   6.5046326e-04
   1.0618744e+03   6.4433802e-04
   1.0642081e+03   6.3827045e-04
   1.0665418e+03   6.3225998e-04
   1.0688756e+03   6.2630610e-04
   1.0712093e+03   6.2040827e-04
   1.0735430e+03   6.1456596e-04
   1.0758768e+03   6.0877866e-04
   1.0782105e+03   6.0304584e-04
   1.0805442e+03   5.9736700e-04
   1.0828780e+03   5.9174162e-04
   1.0852117e+03   5.8616921e-04
   1.0875454e+03   5.8064927e-04
   1.0898792e+03   5.7518130e-04
   1.0922129e+03   5.6976482e-04
   1.0945466e+03   5.6439934e-04
   1.0968804e+03   5.5908439e-04
   1.0992141e+03   5.5381948e-04
   1.1015478e+03   5.4860414e-04
   1.1038816e+03   5.4343792e-04
   1.1062153e+03   5.3832034e-04
   1.1085490e+03   5.3325096e-04
   1.1108828e+03   5.2822931e-04
   1.1132165e+03   5.2325494e-04
   1.1155503e+03   5.1832742e-04
   1.1178840e+03   5.1344630e-04
   1.1202177e+03   5.0861115e-04
   1.1225515e+03   5.0382153e-04
   1.1248852e+03   4.9907701e-04
   1.1272189e+03   4.9437717e-04
   1.1295527e+03   4.8972158e-04
   1.1318864e+03   4.8510984e-04
   1.1342201e+03   4.8054153e-04
   1.1365539e+03   4.7601623e-04
   1.1388876e+03   4.7153356e-04
   1.1412213e+03   4.6709309e-04
   1.1435551e+03   4.6269444e-04
   1.1458888e+03   4.5833721e-04
   1.1482225e+03   4.5402102e-04
   1.1505563e+03   4.4974547e-04
   1.1528900e+03   4.4551018e-04
   1.1552237e+03   4.4131478e-04
   1.1575575e+03   4.3715888e-04
   1.1598912e+03   4.3304212e-04
   1.1622249e+03   4.2896413e-04
   1.1645587e+03   4.2492454e-04
   1.1668924e+03   4.2092300e-04
   1.1692261e+03   4.1695913e-04
   1.1715599e+03   4.1303259e-04
   1.1738936e+03   4.0914303e-04
   1.1762273e+03   4.0529010e-04
   1.1785611e+03   4.0147345e-04
   1.1808948e+03   3.9769275e-04
   1.1832285e+03   3.9394764e-04
   1.1855623e+03   3.9023781e-04
   1.1878960e+03   3.8656291e-04
   1.1902297e+03   3.8292261e-04
   1.1925635e+03   3.7931660e-04
   1.1948972e+03   3.7574455e-04
   1.1972309e+03   3.7220613e-04
   1.1995647e+03   3.6870104e-04
   1.2018984e+03   3.6522895e-04
   1.2042321e+03   3.6178956e-04
   1.2065659e+03   3.5838256e-04
   1.2088996e+03   3.5500764e-04
   1.2112333e+03   3.5166451e-04
   1.2135671e+03   3.4835286e-04
   1.2159008e+03   3.4507239e-04
   1.2182345e+03   3.4182282e-04
   1.2205683e+03   3.3860384e-04
   1.2229020e+03   3.3541518e-04
   1.2252357e+03   3.3225655e-04
   1.2275695e+03   3.2912767e-04
   1.2299032e+03   3.2602824e-04
   1.2322369e+03   3.2295801e-04
   1.2345707e+03   3.1991669e-04
   1.2369044e+03   3.1690401e-04
   1.2392381e+03   3.1391970e-04
   1.2415719e+03   3.1096349e-04
   1.2439056e+03   3.0803513e-04
   1.2462393e+03   3.0513433e-04
   1.2485731e+03   3.0226086e-04
   1.2509068e+03   2.9941445e-04
   1.2532405e+03   2.9659484e-04
   1.2555743e+03   2.9380178e-04
   1.2579080e+03   2.9103502e-04
   1.2602417e+03   2.8829432e-04
   1.2625755e+03   2.8557943e-04
   1.2649092e+03   2.8289011e-04
   1.2672429e+03   2.8022611e-04
   1.2695767e+03   2.7758720e-04
   1.2719104e+03   2.7497314e-04
   1.2742441e+03   2.7238370e-04
   1.2765779e+03   2.6981864e-04
   1.2789116e+03   2.6727773e-04
   1.2812453e+03   2.6476076e-04
   1.2835791e+03   2.6226749e-04
   1.2859128e+03   2.5979769e-04
   1.2882465e+03   2.5735116e-04
   1.2905803e+03   2.5492766e-04
   1.2929140e+03   2.5252699e-04
   1.2952477e+03   2.5014892e-04
   1.2975815e+03   2.4779325e-04
   1.2999152e+03   2.4545976e-04
   1.3022489e+03   2.4314825e-04
   1.3045827e+03   2.4085850e-04
   1.3069164e+03   2.3859032e-04
   1.3092502e+03   2.3634349e-04
   1.3115839e+03   2.3411783e-04
   1.3139176e+03   2.3191312e-04
   1.3162514e+03   2.2972918e-04
   1.3185851e+03   2.2756580e-04
   1.3209188e+03   2.2542279e-04
   1.3232526e+03   2.2329997e-04
   1.3255863e+03   2.2119714e-04
   1.3279200e+03   2.1911411e-04
   1.3302538e+03   2.1705069e-04
   1.3325875e+03   2.1500671e-04
   1.3349212e+03   2.1298197e-04
   1.3372550e+03   2.1097630e-04
   1.3395887e+03   2.0898952e-04
   1.3419224e+03   2.0702145e-04
   1.3442562e+03   2.0507192e-04
   1.3465899e+03   2.0314074e-04
   1.3489236e+03   2.0122774e-04
   1.3512574e+03   1.9933277e-04
   1.3535911e+03   1.9745563e-04
   1.3559248e+03   1.9559618e-04
   1.3582586e+03   1.9375423e-04
   1.3605923e+03   1.9192964e-04
   1.3629260e+03   1.9012222e-04
   1.3652598e+03   1.8833182e-04
   1.3675935e+03   1.8655829e-04
   1.3699272e+03   1.8480145e-04
   1.3722610e+03   1.8306116e-04
   1.3745947e+03   1.8133726e-04
   1.3769284e+03   1.7962959e-04
   1.3792622e+03   1.7793801e-04
   1.3815959e+03   1.7626235e-04
   1.3839296e+03   1.7460248e-04
   1.3862634e+03   1.7295823e-04
   1.3885971e+03   1.7132947e-04
   1.3909308e+03   1.6971605e-04
   1.3932646e+03   1.6811782e-04
   1.3955983e+03   1.6653464e-04
   1.3979320e+03   1.6496637e-04
   1.4002658e+03   1.6341287e-04
   1.4025995e+03   1.6187400e-04
   1.4049332e+03   1.6034961e-04
   1.4072670e+03   1.5883959e-04
   1.4096007e+03   1.5734379e-04
   1.4119344e+03   1.5586207e-04
   1.4142682e+03   1.5439430e-04
   1.4166019e+03   1.5294036e-04
   1.4189356e+03   1.5150011e-04
   1.4212694e+03   1.5007342e-04
   1.4236031e+03   1.4866016e-04
   1.4259368e+03   1.4726022e-04
   1.4282706e+03   1.4587346e-04
   1.4306043e+03   1.4449976e-04
   1.4329380e+03   1.4313899e-04
   1.4352718e+03   1.4179104e-04
   1.4376055e+03   1.4045578e-04
   1.4399392e+03   1.3913310e-04
   1.4422730e+03   1.3782287e-04
   1.4446067e+03   1.3652498e-04
   1.4469404e+03   1.3523932e-04
   1.4492742e+03   1.3396576e-04
   1.4516079e+03   1.3270419e-04
   1.4539416e+03   1.3145451e-04
   1.4562754e+03   1.3021659e-04
   1.4586091e+03   1.2899033e-04
   1.4609428e+03   1.2777562e-04
   1.4632766e+03   1.2657234e-04
   1.4656103e+03   1.2538040e-04
   1.4679440e+03   1.2419968e-04
   1.4702778e+03   1.2303009e-04
   1.4726115e+03   1.2187150e-04
   1.4749452e+03   1.2072383e-04
   1.4772790e+03   1.1958696e-04
   1.4796127e+03   1.1846080e-04
   1.4819464e+03   1.1734525e-04
   1.4842802e+03   1.1624020e-04
   1.4866139e+03   1.1514556e-04
   1.4889476e+03   1.1406122e-04
   1.4912814e+03   1.1298710e-04
   1.4936151e+03   1.1192309e-04
   1.4959488e+03   1.1086910e-04
   1.4982826e+03   1.0982504e-04
   1.5006163e+03   1.0879081e-04
   1.5029501e+03   1.0776631e-04
   1.5052838e+03   1.0675147e-04
   1.5076175e+03   1.0574618e-04
   1.5099513e+03   1.0475036e-04
   1.5122850e+03   1.0376392e-04
   1.5146187e+03   1.0278677e-04
   1.5169525e+03   1.0181882e-04
   1.5192862e+03   1.0085998e-04
   1.5216199e+03   9.9910175e-05
   1.5239537e+03   9.8969313e-05
   1.5262874e+03   9.8037311e-05
   1.5286211e+03   9.7114086e-05
   1.5309549e+03   9.6199555e-05
   1.5332886e+03   9.5293636e-05
   1.5356223e+03   9.4396248e-05
   1.5379561e+03   9.3507311e-05
   1.5402898e+03   9.2626746e-05
   1.5426235e+03   9.1754472e-05
   1.5449573e+03   9.0890413e-05
   1.5472910e+03   9.0034491e-05
   1.5496247e+03   8.9186629e-05
   1.5519585e+03   8.8346752e-05
   1.5542922e+03   8.7514783e-05
   1.5566259e+03   8.6690650e-05
   1.5589597e+03   8.5874277e-05
   1.5612934e+03   8.5065592e-05
   1.5636271e+03   8.4264523e-05
   1.5659609e+03   8.3470997e-05
   1.5682946e+03   8.2684944e-05
   1.5706283e+03   8.1906293e-05
   1.5729621e+03   8.1134975e-05
   1.5752958e+03   8.0370921e-05
   1.5776295e+03   7.9614062e-05
   1.5799633e+03   7.8864330e-05
   1.5822970e+03   7.8121658e-05
   1.5846307e+03   7.7385980e-05
   1.5869645e+03   7.6657230e-05
   1.5892982e+03   7.5935343e-05
   1.5916319e+03   7.5220254e-05
   1.5939657e+03   7.4511899e-05
   1.5962994e+03   7.3810215e-05
   1.5986331e+03   7.3115138e-05
   1.6009669e+03   7.2426607e-05
   1.6033006e+03   7.1744560e-05
   1.6056343e+03   7.1068936e-05
   1.6079681e+03   7.0399674e-05
   1.6103018e+03   6.9736715e-05
   1.6126355e+03   6.9079999e-05
   1.6149693e+03   6.8429467e-05
   1.6173030e+03   6.7785061e-05
   1.6196367e+03   6.7146724e-05
   1.6219705e+03   6.6514398e-05
   1.6243042e+03   6.5888026e-05
   1.6266379e+03   6.5267554e-05
   1.6289717e+03   6.4652924e-05
   1.6313054e+03   6.4044082e-05
   1.6336391e+03   6.3440974e-05
   1.6359729e+03   6.2843546e-05
   1.6383066e+03   6.2251743e-05
   1.6406403e+03   6.1665513e-05
   1.6429741e+03   6.1084804e-05
   1.6453078e+03   6.0509564e-05
   1.6476415e+03   5.9939741e-05
   1.6499753e+03   5.9375283e-05
   1.6523090e+03   5.8816142e-05
   1.6546427e+03   5.8262265e-05
   1.6569765e+03   5.7713605e-05
   1.6593102e+03   5.7170111e-05
   1.6616439e+03   5.6631736e-05
   1.6639777e+03   5.6098430e-05
   1.6663114e+03   5.5570147e-05
   1.6686451e+03   5.5046839e-05
   1.6709789e+03   5.4528458e-05
   1.6733126e+03   5.4014959e-05
   1.6756463e+03   5.3506296e-05
   1.6779801e+03   5.3002423e-05
   1.6803138e+03   5.2503295e-05
   1.6826475e+03   5.2008868e-05
   1.6849813e+03   5.1519096e-05
   1.6873150e+03   5.1033937e-05
   1.6896487e+03   5.0553346e-05
   1.6919825e+03   5.0077281e-05
   1.6943162e+03   4.9605699e-05
   1.6966499e+03   4.9138559e-05
   1.6989837e+03   4.8675817e-05
   1.7013174e+03   4.8217433e-05
   1.7036512e+03   4.7763366e-05
   1.7059849e+03   4.7313574e-05
   1.7083186e+03   4.6868019e-05
   1.7106524e+03   4.6426659e-05
   1.7129861e+03   4.5989455e-05
   1.7153198e+03   4.5556369e-05
   1.7176536e+03   4.5127361e-05
   1.7199873e+03   4.4702393e-05
   1.7223210e+03   4.4281427e-05
   1.7246548e+03   4.3864425e-05
   1.7269885e+03   4.3451351e-05
   1.7293222e+03   4.3042166e-05
   1.7316560e+03   4.2636834e-05
   1.7339897e+03   4.2235320e-05
   1.7363234e+03   4.1837587e-05
   1.7386572e+03   4.1443599e-05
   1.7409909e+03   4.1053321e-05
   1.7433246e+03   4.0666719e-05
   1.7456584e+03   4.0283757e-05
   1.7479921e+03   3.9904402e-05
   1.7503258e+03   3.9528619e-05
   1.7526596e+03   3.9156375e-05
   1.7549933e+03   3.8787636e-05
   1.7573270e+03   3.8422370e-05
   1.7596608e+03   3.8060543e-05
   1.7619945e+03   3.7702124e-05
   1.7643282e+03   3.7347080e-05
   1.7666620e+03   3.6995380e-05
   1.7689957e+03   3.6646992e-05
   1.7713294e+03   3.6301884e-05
   1.7736632e+03   3.5960026e-05
   1.7759969e+03   3.5621388e-05
   1.7783306e+03   3.5285938e-05
   1.7806644e+03   3.4953648e-05
   1.7829981e+03   3.4624487e-05
   1.7853318e+03   3.4298425e-05
   1.7876656e+03   3.3975434e-05
   1.7899993e+03   3.3655485e-05
   1.7923330e+03   3.3338548e-05
   1.7946668e+03   3.3024597e-05
   1.7970005e+03   3.2713601e-05
   1.7993342e+03   3.2405535e-05
   1.8016680e+03   3.2100369e-05
   1.8040017e+03   3.1798078e-05
   1.8063354e+03   3.1498633e-05
   1.8086692e+03   3.1202008e-05
   1.8110029e+03   3.0908176e-05
   1.8133366e+03   3.0617111e-05
   1.8156704e+03   3.0328787e-05
   1.8180041e+03   3.0043179e-05
   1.8203378e+03   2.9760260e-05
   1.8226716e+03   2.9480005e-05
   1.8250053e+03   2.9202390e-05
   1.8273390e+03   2.8927388e-05
   1.8296728e+03   2.8654977e-05
   1.8320065e+03   2.8385131e-05
   1.8343402e+03   2.8117826e-05
   1.8366740e+03   2.7853038e-05
   1.8390077e+03   2.7590744e-05
   1.8413414e+03   2.7330919e-05
   1.8436752e+03   2.7073542e-05
   1.8460089e+03   2.6818588e-05
   1.8483426e+03   2.6566036e-05
   1.8506764e+03   2.6315861e-05
   1.8530101e+03   2.6068043e-05
   1.8553438e+03   2.5822558e-05
   1.8576776e+03   2.5579385e-05
   1.8600113e+03   2.5338502e-05
   1.8623450e+03   2.5099887e-05
   1.8646788e+03   2.4863519e-05
   1.8670125e+03   2.4629378e-05
   1.8693462e+03   2.4397441e-05
   1.8716800e+03   2.4167688e-05
   1.8740137e+03   2.3940099e-05
   1.8763474e+03   2.3714653e-05
   1.8786812e+03   2.3491331e-05
   1.8810149e+03   2.3270111e-05
   1.8833486e+03   2.3050974e-05
   1.8856824e+03   2.2833902e-05
   1.8880161e+03   2.2618873e-05
   1.8903498e+03   2.2405869e-05
   1.8926836e+03   2.2194871e-05
   1.8950173e+03   2.1985861e-05
   1.8973511e+03   2.1778818e-05
   1.8996848e+03   2.1573725e-05
   1.9020185e+03   2.1370564e-05
   1.9043523e+03   2.1169315e-05
   1.9066860e+03   2.0969962e-05
   1.9090197e+03   2.0772486e-05
   1.9113535e+03   2.0576870e-05
   1.9136872e+03   2.0383096e-05
   1.9160209e+03   2.0191147e-05
   1.9183547e+03   2.0001005e-05
   1.9206884e+03   1.9812654e-05
   1.9230221e+03   1.9626077e-05
   1.9253559e+03   1.9441257e-05
   1.9276896e+03   1.9258177e-05
   1.9300233e+03   1.9076821e-05
   1.9323571e+03   1.8897173e-05
   1.9346908e+03   1.8719217e-05
   1.9370245e+03   1.8542937e-05
   1.9393583e+03   1.8368316e-05
   1.9416920e+03   1.8195340e-05
   1.9440257e+03   1.8023994e-05
   1.9463595e+03   1.7854260e-05
   1.9486932e+03   1.7686125e-05
   1.9510269e+03   1.7519574e-05
   1.9533607e+03   1.7354590e-05
   1.9556944e+03   1.7191161e-05
   1.9580281e+03   1.7029270e-05
   1.9603619e+03   1.6868904e-05
   1.9626956e+03   1.6710048e-05
   1.9650293e+03   1.6552689e-05
   1.9673631e+03   1.6396811e-05
   1.9696968e+03   1.6242401e-05
   1.9720305e+03   1.6089445e-05
   1.9743643e+03   1.5937929e-05
   1.9766980e+03   1.5787840e-05
   1.9790317e+03   1.5639165e-05
   1.9813655e+03   1.5491890e-05
   1.9836992e+03   1.5346001e-05
   1.9860329e+03   1.5201487e-05
   1.9883667e+03   1.5058333e-05
   1.9907004e+03   1.4916528e-05
   1.9930341e+03   1.4776058e-05
   1.9953679e+03   1.4636910e-05
   1.9977016e+03   1.4499073e-05
   2.0000353e+03   1.4362535e-05
   2.0023691e+03   1.4227281e-05
   2.0047028e+03   1.4093302e-05
   2.0070365e+03   1.3960584e-05
   2.0093703e+03   1.3829116e-05
   2.0117040e+03   1.3698886e-05
   2.0140377e+03   1.3569883e-05
   2.0163715e+03   1.3442094e-05
   2.0187052e+03   1.3315509e-05
   2.0210389e+03   1.3190116e-05
   2.0233727e+03   1.3065903e-05
   2.0257064e+03   1.2942861e-05
   2.0280401e+03   1.2820977e-05
   2.0303739e+03   1.2700241e-05
   2.0327076e+03   1.2580642e-05
   2.0350413e+03   1.2462169e-05
   2.0373751e+03   1.2344811e-05
   2.0397088e+03   1.2228559e-05
   2.0420425e+03   1.2113402e-05
   2.0443763e+03   1.1999329e-05
   2.0467100e+03   1.1886331e-05
   2.0490437e+03   1.1774396e-05
   2.0513775e+03   1.1663516e-05
   2.0537112e+03   1.1553679e-05
   2.0560449e+03   1.1444877e-05
   2.0583787e+03   1.1337100e-05
   2.0607124e+03   1.1230338e-05
   2.0630461e+03   1.1124581e-05
   2.0653799e+03   1.1019820e-05
   2.0677136e+03   1.0916045e-05
   2.0700473e+03   1.0813248e-05
   2.0723811e+03   1.0711419e-05
   2.0747148e+03   1.0610549e-05
   2.0770485e+03   1.0510628e-05
   2.0793823e+03   1.0411649e-05
   2.0817160e+03   1.0313601e-05
   2.0840497e+03   1.0216477e-05
   2.0863835e+03   1.0120268e-05
   2.0887172e+03   1.0024965e-05
   2.0910510e+03   9.9305588e-06
   2.0933847e+03   9.8370419e-06
   2.0957184e+03   9.7444057e-06
   2.0980522e+03   9.6526419e-06
   2.1003859e+03   9.5617422e-06
   2.1027196e+03   9.4716985e-06
   2.1050534e+03   9.3825028e-06
   2.1073871e+03   9.2941470e-06
   2.1097208e+03   9.2066233e-06
   2.1120546e+03   9.1199238e-06
   2.1143883e+03   9.0340408e-06
   2.1167220e+03   8.9489665e-06
   2.1190558e+03   8.8646934e-06
   2.1213895e+03   8.7812139e-06
   2.1237232e+03   8.6985205e-06
   2.1260570e+03   8.6166058e-06
   2.1283907e+03   8.5354626e-06
   2.1307244e+03   8.4550834e-06
   2.1330582e+03   8.3754613e-06
   2.1353919e+03   8.2965889e-06
   2.1377256e+03   8.2184592e-06
   2.1400594e+03   8.1410654e-06
   2.1423931e+03   8.0644003e-06
   2.1447268e+03   7.9884572e-06
   2.1470606e+03   7.9132293e-06
   2.1493943e+03   7.8387098e-06
   2.1517280e+03   7.7648920e-06
   2.1540618e+03   7.6917694e-06
   2.1563955e+03   7.6193354e-06
   2.1587292e+03   7.5475835e-06
   2.1610630e+03   7.4765074e-06
   2.1633967e+03   7.4061005e-06
   2.1657304e+03   7.3363567e-06
   2.1680642e+03   7.2672696e-06
   2.1703979e+03   7.1988332e-06
   2.1727316e+03   7.1310412e-06
   2.1750654e+03   7.0638876e-06
   2.1773991e+03   6.9973664e-06
   2.1797328e+03   6.9314717e-06
   2.1820666e+03   6.8661975e-06
   2.1844003e+03   6.8015379e-06
   2.1867340e+03   6.7374873e-06
   2.1890678e+03   6.6740399e-06
   2.1914015e+03   6.6111899e-06
   2.1937352e+03   6.5489318e-06
   2.1960690e+03   6.4872600e-06
   2.1984027e+03   6.4261690e-06
   2.2007364e+03   6.3656532e-06
   2.2030702e+03   6.3057074e-06
   2.2054039e+03   6.2463260e-06
   2.2077376e+03   6.1875039e-06
   2.2100714e+03   6.1292357e-06
   2.2124051e+03   6.0715162e-06
   2.2147388e+03   6.0143402e-06
   2.2170726e+03   5.9577027e-06
   2.2194063e+03   5.9015985e-06
   2.2217400e+03   5.8460227e-06
   2.2240738e+03   5.7909703e-06
   2.2264075e+03   5.7364362e-06
   2.2287412e+03   5.6824158e-06
   2.2310750e+03   5.6289040e-06
   2.2334087e+03   5.5758962e-06
   2.2357424e+03   5.5233875e-06
   2.2380762e+03   5.4713734e-06
   2.2404099e+03   5.4198490e-06
   2.2427436e+03   5.3688099e-06
   2.2450774e+03   5.3182513e-06
   2.2474111e+03   5.2681690e-06
   2.2497448e+03   5.2185582e-06
   2.2520786e+03   5.1694146e-06
   2.2544123e+03   5.1207338e-06
   2.2567460e+03   5.0725115e-06
   2.2590798e+03   5.0247432e-06
   2.2614135e+03   4.9774248e-06
   2.2637472e+03   4.9305520e-06
   2.2660810e+03   4.8841206e-06
   2.2684147e+03   4.8381265e-06
   2.2707484e+03   4.7925655e-06
   2.2730822e+03   4.7474335e-06
   2.2754159e+03   4.7027265e-06
   2.2777496e+03   4.6584406e-06
   2.2800834e+03   4.6145717e-06
   2.2824171e+03   4.5711159e-06
   2.2847509e+03   4.5280693e-06
   2.2870846e+03   4.4854282e-06
   2.2894183e+03   4.4431885e-06
   2.2917521e+03   4.4013467e-06
   2.2940858e+03   4.3598988e-06
   2.2964195e+03   4.3188413e-06
   2.2987533e+03   4.2781705e-06
   2.3010870e+03   4.2378826e-06
   2.3034207e+03   4.1979741e-06
   2.3057545e+03   4.1584415e-06
   2.3080882e+03   4.1192811e-06
   2.3104219e+03   4.0804895e-06
   2.3127557e+03   4.0420632e-06
   2.3150894e+03   4.0039988e-06
   2.3174231e+03   3.9662928e-06
   2.3197569e+03   3.9289419e-06
   2.3220906e+03   3.8919428e-06
   2.3244243e+03   3.8552920e-06
   2.3267581e+03   3.8189864e-06
   2.3290918e+03   3.7830227e-06
   2.3314255e+03   3.7473977e-06
   2.3337593e+03   3.7121082e-06
   2.3360930e+03   3.6771510e-06
   2.3384267e+03   3.6425229e-06
   2.3407605e+03   3.6082210e-06
   2.3430942e+03   3.5742421e-06
   2.3454279e+03   3.5405832e-06
   2.3477617e+03   3.5072412e-06
   2.3500954e+03   3.4742133e-06
   2.3524291e+03   3.4414963e-06
   2.3547629e+03   3.4090875e-06
   2.3570966e+03   3.3769839e-06
   2.3594303e+03   3.3451825e-06
   2.3617641e+03   3.3136807e-06
   2.3640978e+03   3.2824755e-06
   2.3664315e+03   3.2515642e-06
   2.3687653e+03   3.2209439e-06
   2.3710990e+03   3.1906120e-06
   2.3734327e+03   3.1605658e-06
   2.3757665e+03   3.1308025e-06
   2.3781002e+03   3.1013195e-06
   2.3804339e+03   3.0721141e-06
   2.3827677e+03   3.0431838e-06
   2.3851014e+03   3.0145259e-06
   2.3874351e+03   2.9861378e-06
   2.3897689e+03   2.9580171e-06
   2.3921026e+03   2.9301613e-06
   2.3944363e+03   2.9025677e-06
   2.3967701e+03   2.8752340e-06
   2.3991038e+03   2.8481577e-06
   2.4014375e+03   2.8213364e-06
   2.4037713e+03   2.7947676e-06
   2.4061050e+03   2.7684491e-06
   2.4084387e+03   2.7423784e-06
   2.4107725e+03   2.7165532e-06
   2.4131062e+03   2.6909712e-06
   2.4154399e+03   2.6656301e-06
   2.4177737e+03   2.6405276e-06
   2.4201074e+03   2.6156616e-06
   2.4224411e+03   2.5910297e-06
   2.4247749e+03   2.5666298e-06
   2.4271086e+03   2.5424596e-06
   2.4294423e+03   2.5185171e-06
   2.4317761e+03   2.4948000e-06
   2.4341098e+03   2.4713063e-06
   2.4364435e+03   2.4480338e-06
   2.4387773e+03   2.4249804e-06
   2.4411110e+03   2.4021442e-06
   2.4434447e+03   2.3795230e-06
   2.4457785e+03   2.3571149e-06
   2.4481122e+03   2.3349177e-06
   2.4504459e+03   2.3129296e-06
   2.4527797e+03   2.2911486e-06
   2.4551134e+03   2.2695727e-06
   2.4574471e+03   2.2481999e-06
   2.4597809e+03   2.2270284e-06
   2.4621146e+03   2.2060563e-06
   2.4644483e+03   2.1852817e-06
   2.4667821e+03   2.1647028e-06
   2.4691158e+03   2.1443176e-06
   2.4714495e+03   2.1241244e-06
   2.4737833e+03   2.1041213e-06
   2.4761170e+03   2.0843067e-06
   2.4784508e+03   2.0646786e-06
   2.4807845e+03   2.0452353e-06
   2.4831182e+03   2.0259752e-06
   2.4854520e+03   2.0068964e-06
   2.4877857e+03   1.9879973e-06
   2.4901194e+03   1.9692762e-06
   2.4924532e+03   1.9507314e-06
   2.4947869e+03   1.9323612e-06
   2.4971206e+03   1.9141640e-06
   2.4994544e+03   1.8961381e-06
   2.5017881e+03   1.8782821e-06
   2.5041218e+03   1.8605941e-06
   2.5064556e+03   1.8430728e-06
   2.5087893e+03   1.8257164e-06
   2.5111230e+03   1.8085235e-06
   2.5134568e+03   1.7914925e-06
   2.5157905e+03   1.7746219e-06
   2.5181242e+03   1.7579101e-06
   2.5204580e+03   1.7413557e-06
   2.5227917e+03   1.7249572e-06
   2.5251254e+03   1.7087132e-06
   2.5274592e+03   1.6926221e-06
   2.5297929e+03   1.6766825e-06
   2.5321266e+03   1.6608931e-06
   2.5344604e+03   1.6452523e-06
   2.5367941e+03   1.6297589e-06
   2.5391278e+03   1.6144113e-06
   2.5414616e+03   1.5992083e-06
   2.5437953e+03   1.5841484e-06
   2.5461290e+03   1.5692303e-06
   2.5484628e+03   1.5544528e-06
   2.5507965e+03   1.5398144e-06
   2.5531302e+03   1.5253138e-06
   2.5554640e+03   1.5109498e-06
   2.5577977e+03   1.4967211e-06
   2.5601314e+03   1.4826263e-06
   2.5624652e+03   1.4686643e-06
   2.5647989e+03   1.4548338e-06
   2.5671326e+03   1.4411335e-06
   2.5694664e+03   1.4275622e-06
   2.5718001e+03   1.4141188e-06
   2.5741338e+03   1.4008019e-06
   2.5764676e+03   1.3876104e-06
   2.5788013e+03   1.3745432e-06
   2.5811350e+03   1.3615990e-06
   2.5834688e+03   1.3487767e-06
   2.5858025e+03   1.3360752e-06
   2.5881362e+03   1.3234933e-06
   2.5904700e+03   1.3110298e-06
   2.5928037e+03   1.2986838e-06
   2.5951374e+03   1.2864540e-06
   2.5974712e+03   1.2743393e-06
   2.5998049e+03   1.2623388e-06
   2.6021386e+03   1.2504512e-06
   2.6044724e+03   1.2386756e-06
   2.6068061e+03   1.2270109e-06
   2.6091398e+03   1.2154561e-06
   2.6114736e+03   1.2040100e-06
   2.6138073e+03   1.1926718e-06
   2.6161410e+03   1.1814403e-06
   2.6184748e+03   1.1703146e-06
   2.6208085e+03   1.1592936e-06
   2.6231422e+03   1.1483765e-06
   2.6254760e+03   1.1375621e-06
   2.6278097e+03   1.1268496e-06
   2.6301434e+03   1.1162380e-06
   2.6324772e+03   1.1057263e-06
   2.6348109e+03   1.0953135e-06
   2.6371446e+03   1.0849989e-06
   2.6394784e+03   1.0747814e-06
   2.6418121e+03   1.0646601e-06
   2.6441458e+03   1.0546341e-06
   2.6464796e+03   1.0447025e-06
   2.6488133e+03   1.0348645e-06
   2.6511470e+03   1.0251191e-06
   2.6534808e+03   1.0154654e-06
   2.6558145e+03   1.0059027e-06
   2.6581482e+03   9.9643006e-07
   2.6604820e+03   9.8704660e-07
   2.6628157e+03   9.7775150e-07
   2.6651494e+03   9.6854394e-07
   2.6674832e+03   9.5942308e-07
   2.6698169e+03   9.5038812e-07
   2.6721507e+03   9.4143824e-07
   2.6744844e+03   9.3257264e-07
   2.6768181e+03   9.2379053e-07
   2.6791519e+03   9.1509112e-07
   2.6814856e+03   9.0647364e-07
   2.6838193e+03   8.9793731e-07
   2.6861531e+03   8.8948136e-07
   2.6884868e+03   8.8110504e-07
   2.6908205e+03   8.7280761e-07
   2.6931543e+03   8.6458831e-07
   2.6954880e+03   8.5644641e-07
   2.6978217e+03   8.4838119e-07
   2.7001555e+03   8.4039192e-07
   2.7024892e+03   8.3247788e-07
   2.7048229e+03   8.2463837e-07
   2.7071567e+03   8.1687269e-07
   2.7094904e+03   8.0918013e-07
   2.7118241e+03   8.0156002e-07
   2.7141579e+03   7.9401166e-07
   2.7164916e+03   7.8653439e-07
   2.7188253e+03   7.7912754e-07
   2.7211591e+03   7.7179043e-07
   2.7234928e+03   7.6452242e-07
   2.7258265e+03   7.5732285e-07
   2.7281603e+03   7.5019108e-07
   2.7304940e+03   7.4312647e-07
   2.7328277e+03   7.3612839e-07
   2.7351615e+03   7.2919621e-07
   2.7374952e+03   7.2232932e-07
   2.7398289e+03   7.1552708e-07
   2.7421627e+03   7.0878891e-07
   2.7444964e+03   7.0211419e-07
   2.7468301e+03   6.9550232e-07
   2.7491639e+03   6.8895272e-07
   2.7514976e+03   6.8246480e-07
   2.7538313e+03   6.7603798e-07
   2.7561651e+03   6.6967167e-07
   2.7584988e+03   6.6336532e-07
   2.7608325e+03   6.5711836e-07
   2.7631663e+03   6.5093022e-07
   2.7655000e+03   6.4480036e-07
