   3.7487000e+02   7.5991149e-05
   3.7612920e+02   7.9696943e-05
   3.7738840e+02   8.3556424e-05
   3.7864760e+02   8.7574501e-05
   3.7990680e+02   9.1756165e-05
   3.8116600e+02   9.6106486e-05
   3.8242520e+02   1.0063061e-04
   3.8368439e+02   1.0533377e-04
   3.8494359e+02   1.1022125e-04
   3.8620279e+02   1.1529843e-04
   3.8746199e+02   1.2057073e-04
   3.8872119e+02   1.2604364e-04
   3.8998039e+02   1.3172271e-04
   3.9123959e+02   1.3761355e-04
   3.9249879e+02   1.4372180e-04
   3.9375799e+02   1.5005317e-04
   3.9501719e+02   1.5661338e-04
   3.9627639e+02   1.6340821e-04
   3.9753559e+02   1.7044345e-04
   3.9879478e+02   1.7772492e-04
   4.0005398e+02   1.8525846e-04
   4.0131318e+02   1.9304991e-04
   4.0257238e+02   2.0110513e-04
   4.0383158e+02   2.0942996e-04
   4.0509078e+02   2.1803022e-04
   4.0634998e+02   2.2691176e-04
   4.0760918e+02   2.3608035e-04
   4.0886838e+02   2.4554176e-04
   4.1012758e+02   2.5530170e-04
   4.1138678e+02   2.6536585e-04
   4.1264598e+02   2.7573982e-04
   4.1390518e+02   2.8642916e-04
   4.1516437e+02   2.9743934e-04
   4.1642357e+02   3.0877574e-04
   4.1768277e+02   3.2044367e-04
   4.1894197e+02   3.3244830e-04
   4.2020117e+02   3.4479473e-04
   4.2146037e+02   3.5748790e-04
   4.2271957e+02   3.7053265e-04
   4.2397877e+02   3.8393366e-04
   4.2523797e+02   3.9769546e-04
   4.2649717e+02   4.1182242e-04
   4.2775637e+02   4.2631875e-04
   4.2901557e+02   4.4118846e-04
   4.3027476e+02   4.5643537e-04
   4.3153396e+02   4.7206311e-04
   4.3279316e+02   4.8807509e-04
   4.3405236e+02   5.0447450e-04
   4.3531156e+02   5.2126429e-04
   4.3657076e+02   5.3844718e-04
   4.3782996e+02   5.5602561e-04
   4.3908916e+02   5.7400180e-04
   4.4034836e+02   5.9237765e-04
   4.4160756e+02   6.1115481e-04
   4.4286676e+02   6.3033463e-04
   4.4412596e+02   6.4991815e-04
   4.4538516e+02   6.6990611e-04
   4.4664435e+02   6.9029893e-04
   4.4790355e+02   7.1109670e-04
   4.4916275e+02   7.3229916e-04
   4.5042195e+02   7.5390574e-04
   4.5168115e+02   7.7591549e-04
   4.5294035e+02   7.9832710e-04
   4.5419955e+02   8.2113891e-04
   4.5545875e+02   8.4434888e-04
   4.5671795e+02   8.6795459e-04
   4.5797715e+02   8.9195325e-04
   4.5923635e+02   9.1634164e-04
   4.6049555e+02   9.4111620e-04
   4.6175474e+02   9.6627293e-04
   4.6301394e+02   9.9180745e-04
   4.6427314e+02   1.0177149e-03
   4.6553234e+02   1.0439902e-03
   4.6679154e+02   1.0706277e-03
   4.6805074e+02   1.0976213e-03
   4.6930994e+02   1.1249646e-03
   4.7056914e+02   1.1526508e-03
   4.7182834e+02   1.1806725e-03
   4.7308754e+02   1.2090221e-03
   4.7434674e+02   1.2376915e-03
   4.7560594e+02   1.2666722e-03
   4.7686514e+02   1.2959553e-03
   4.7812433e+02   1.3255315e-03
   4.7938353e+02   1.3553910e-03
   4.8064273e+02   1.3855238e-03
   4.8190193e+02   1.4159193e-03
   4.8316113e+02   1.4465666e-03
   4.8442033e+02   1.4774545e-03
   4.8567953e+02   1.5085714e-03
   4.8693873e+02   1.5399052e-03
   4.8819793e+02   1.5714436e-03
   4.8945713e+02   1.6031740e-03
   4.9071633e+02   1.6350831e-03
   4.9197553e+02   1.6671579e-03
   4.9323472e+02   1.6993844e-03
   4.9449392e+02   1.7317488e-03
   4.9575312e+02   1.7642369e-03
   4.9701232e+02   1.7968340e-03
   4.9827152e+02   1.8295253e-03
   4.9953072e+02   1.8622959e-03
   5.0078992e+02   1.8951304e-03
   5.0204912e+02   1.9280133e-03
   5.0330832e+02   1.9609289e-03
   5.0456752e+02   1.9938612e-03
   5.0582672e+02   2.0267943e-03
   5.0708592e+02   2.0597118e-03
   5.0834512e+02   2.0925973e-03
   5.0960431e+02   2.1254345e-03
   5.1086351e+02   2.1582066e-03
   5.1212271e+02   2.1908969e-03
   5.1338191e+02   2.2234888e-03
   5.1464111e+02   2.2559653e-03
   5.1590031e+02   2.2883097e-03
   5.1715951e+02   2.3205050e-03
   5.1841871e+02   2.3525343e-03
   5.1967791e+02   2.3843810e-03
   5.2093711e+02   2.4160280e-03
   5.2219631e+02   2.4474588e-03
   5.2345551e+02   2.4786566e-03
   5.2471470e+02   2.5096049e-03
   5.2597390e+02   2.5402872e-03
   5.2723310e+02   2.5706872e-03
   5.2849230e+02   2.6007889e-03
   5.2975150e+02   2.6305761e-03
   5.3101070e+02   2.6600331e-03
   5.3226990e+02   2.6891443e-03
   5.3352910e+02   2.7178944e-03
   5.3478830e+02   2.7462683e-03
   5.3604750e+02   2.7742510e-03
   5.3730670e+02   2.8018281e-03
   5.3856590e+02   2.8289852e-03
   5.3982510e+02   2.8557084e-03
   5.4108429e+02   2.8819839e-03
   5.4234349e+02   2.9077986e-03
   5.4360269e+02   2.9331394e-03
   5.4486189e+02   2.9579938e-03
   5.4612109e+02   2.9823495e-03
   5.4738029e+02   3.0061948e-03
   5.4863949e+02   3.0295182e-03
   5.4989869e+02   3.0523087e-03
   5.5115789e+02   3.0745557e-03
   5.5241709e+02   3.0962492e-03
   5.5367629e+02   3.1173794e-03
   5.5493549e+02   3.1379371e-03
   5.5619468e+02   3.1579135e-03
   5.5745388e+02   3.1773004e-03
   5.5871308e+02   3.1960899e-03
   5.5997228e+02   3.2142746e-03
   5.6123148e+02   3.2318479e-03
   5.6249068e+02   3.2488032e-03
   5.6374988e+02   3.2651347e-03
   5.6500908e+02   3.2808372e-03
   5.6626828e+02   3.2959056e-03
   5.6752748e+02   3.3103358e-03
   5.6878668e+02   3.3241237e-03
   5.7004588e+02   3.3372662e-03
   5.7130508e+02   3.3497603e-03
   5.7256427e+02   3.3616038e-03
   5.7382347e+02   3.3727948e-03
   5.7508267e+02   3.3833319e-03
   5.7634187e+02   3.3932144e-03
   5.7760107e+02   3.4024418e-03
   5.7886027e+02   3.4110144e-03
   5.8011947e+02   3.4189327e-03
   5.8137867e+02   3.4261978e-03
   5.8263787e+02   3.4328114e-03
   5.8389707e+02   3.4387754e-03
   5.8515627e+02   3.4440924e-03
   5.8641547e+02   3.4487652e-03
   5.8767466e+02   3.4527972e-03
   5.8893386e+02   3.4561922e-03
   5.9019306e+02   3.4589545e-03
   5.9145226e+02   3.4610886e-03
   5.9271146e+02   3.4625996e-03
   5.9397066e+02   3.4634928e-03
   5.9522986e+02   3.4637741e-03
   5.9648906e+02   3.4634496e-03
   5.9774826e+02   3.4625258e-03
   5.9900746e+02   3.4610096e-03
   6.0026666e+02   3.4589080e-03
   6.0152586e+02   3.4562287e-03
   6.0278506e+02   3.4529793e-03
   6.0404425e+02   3.4491680e-03
   6.0530345e+02   3.4448030e-03
   6.0656265e+02   3.4398931e-03
   6.0782185e+02   3.4344470e-03
   6.0908105e+02   3.4284739e-03
   6.1034025e+02   3.4219830e-03
   6.1159945e+02   3.4149840e-03
   6.1285865e+02   3.4074864e-03
   6.1411785e+02   3.3995003e-03
   6.1537705e+02   3.3910356e-03
   6.1663625e+02   3.3821026e-03
   6.1789545e+02   3.3727117e-03
   6.1915464e+02   3.3628733e-03
   6.2041384e+02   3.3525980e-03
   6.2167304e+02   3.3418965e-03
   6.2293224e+02   3.3307795e-03
   6.2419144e+02   3.3192581e-03
   6.2545064e+02   3.3073429e-03
   6.2670984e+02   3.2950451e-03
   6.2796904e+02   3.2823756e-03
   6.2922824e+02   3.2693455e-03
   6.3048744e+02   3.2559657e-03
   6.3174664e+02   3.2422473e-03
   6.3300584e+02   3.2282013e-03
   6.3426504e+02   3.2138388e-03
   6.3552423e+02   3.1991707e-03
   6.3678343e+02   3.1842080e-03
   6.3804263e+02   3.1689614e-03
   6.3930183e+02   3.1534420e-03
   6.4056103e+02   3.1376603e-03
   6.4182023e+02   3.1216271e-03
   6.4307943e+02   3.1053530e-03
   6.4433863e+02   3.0888484e-03
   6.4559783e+02   3.0721237e-03
   6.4685703e+02   3.0551893e-03
   6.4811623e+02   3.0380553e-03
   6.4937543e+02   3.0207316e-03
   6.5063462e+02   3.0032283e-03
   6.5189382e+02   2.9855551e-03
   6.5315302e+02   2.9677215e-03
   6.5441222e+02   2.9497372e-03
   6.5567142e+02   2.9316113e-03
   6.5693062e+02   2.9133531e-03
   6.5818982e+02   2.8949716e-03
   6.5944902e+02   2.8764757e-03
   6.6070822e+02   2.8578739e-03
   6.6196742e+02   2.8391749e-03
   6.6322662e+02   2.8203868e-03
   6.6448582e+02   2.8015180e-03
   6.6574502e+02   2.7825763e-03
   6.6700421e+02   2.7635695e-03
   6.6826341e+02   2.7445054e-03
   6.6952261e+02   2.7253911e-03
   6.7078181e+02   2.7062342e-03
   6.7204101e+02   2.6870414e-03
   6.7330021e+02   2.6678199e-03
   6.7455941e+02   2.6485761e-03
   6.7581861e+02   2.6293167e-03
   6.7707781e+02   2.6100479e-03
   6.7833701e+02   2.5907759e-03
   6.7959621e+02   2.5715066e-03
   6.8085541e+02   2.5522457e-03
   6.8211460e+02   2.5329989e-03
   6.8337380e+02   2.5137715e-03
   6.8463300e+02   2.4945688e-03
   6.8589220e+02   2.4753957e-03
   6.8715140e+02   2.4562572e-03
   6.8841060e+02   2.4371579e-03
   6.8966980e+02   2.4181023e-03
   6.9092900e+02   2.3990948e-03
   6.9218820e+02   2.3801396e-03
   6.9344740e+02   2.3612407e-03
   6.9470660e+02   2.3424019e-03
   6.9596580e+02   2.3236269e-03
   6.9722499e+02   2.3049193e-03
   6.9848419e+02   2.2862824e-03
   6.9974339e+02   2.2677194e-03
   7.0100259e+02   2.2492336e-03
   7.0226179e+02   2.2308277e-03
   7.0352099e+02   2.2125046e-03
   7.0478019e+02   2.1942669e-03
   7.0603939e+02   2.1761172e-03
   7.0729859e+02   2.1580579e-03
   7.0855779e+02   2.1400912e-03
   7.0981699e+02   2.1222192e-03
   7.1107619e+02   2.1044441e-03
   7.1233539e+02   2.0867676e-03
   7.1359458e+02   2.0691915e-03
   7.1485378e+02   2.0517176e-03
   7.1611298e+02   2.0343474e-03
   7.1737218e+02   2.0170824e-03
   7.1863138e+02   1.9999238e-03
   7.1989058e+02   1.9828730e-03
   7.2114978e+02   1.9659312e-03
   7.2240898e+02   1.9490993e-03
   7.2366818e+02   1.9323783e-03
   7.2492738e+02   1.9157692e-03
   7.2618658e+02   1.8992728e-03
   7.2744578e+02   1.8828897e-03
   7.2870497e+02   1.8666207e-03
   7.2996417e+02   1.8504663e-03
   7.3122337e+02   1.8344269e-03
   7.3248257e+02   1.8185031e-03
   7.3374177e+02   1.8026952e-03
   7.3500097e+02   1.7870035e-03
   7.3626017e+02   1.7714283e-03
   7.3751937e+02   1.7559696e-03
   7.3877857e+02   1.7406277e-03
   7.4003777e+02   1.7254027e-03
   7.4129697e+02   1.7102944e-03
   7.4255617e+02   1.6953030e-03
   7.4381537e+02   1.6804283e-03
   7.4507456e+02   1.6656702e-03
   7.4633376e+02   1.6510286e-03
   7.4759296e+02   1.6365032e-03
   7.4885216e+02   1.6220939e-03
   7.5011136e+02   1.6078003e-03
   7.5137056e+02   1.5936221e-03
   7.5262976e+02   1.5795589e-03
   7.5388896e+02   1.5656105e-03
   7.5514816e+02   1.5517764e-03
   7.5640736e+02   1.5380561e-03
   7.5766656e+02   1.5244492e-03
   7.5892576e+02   1.5109553e-03
   7.6018495e+02   1.4975737e-03
   7.6144415e+02   1.4843041e-03
   7.6270335e+02   1.4711458e-03
   7.6396255e+02   1.4580982e-03
   7.6522175e+02   1.4451609e-03
   7.6648095e+02   1.4323331e-03
   7.6774015e+02   1.4196143e-03
   7.6899935e+02   1.4070038e-03
   7.7025855e+02   1.3945010e-03
   7.7151775e+02   1.3821053e-03
   7.7277695e+02   1.3698159e-03
   7.7403615e+02   1.3576322e-03
   7.7529535e+02   1.3455535e-03
   7.7655454e+02   1.3335791e-03
   7.7781374e+02   1.3217083e-03
   7.7907294e+02   1.3099404e-03
   7.8033214e+02   1.2982747e-03
   7.8159134e+02   1.2867105e-03
   7.8285054e+02   1.2752469e-03
   7.8410974e+02   1.2638834e-03
   7.8536894e+02   1.2526191e-03
   7.8662814e+02   1.2414534e-03
   7.8788734e+02   1.2303854e-03
   7.8914654e+02   1.2194145e-03
   7.9040574e+02   1.2085398e-03
   7.9166493e+02   1.1977608e-03
   7.9292413e+02   1.1870765e-03
   7.9418333e+02   1.1764863e-03
   7.9544253e+02   1.1659894e-03
   7.9670173e+02   1.1555851e-03
   7.9796093e+02   1.1452727e-03
   7.9922013e+02   1.1350513e-03
   8.0047933e+02   1.1249203e-03
   8.0173853e+02   1.1148789e-03
   8.0299773e+02   1.1049263e-03
   8.0425693e+02   1.0950619e-03
   8.0551613e+02   1.0852850e-03
   8.0677533e+02   1.0755947e-03
   8.0803452e+02   1.0659903e-03
   8.0929372e+02   1.0564712e-03
   8.1055292e+02   1.0470367e-03
   8.1181212e+02   1.0376859e-03
   8.1307132e+02   1.0284182e-03
   8.1433052e+02   1.0192329e-03
   8.1558972e+02   1.0101292e-03
   8.1684892e+02   1.0011066e-03
   8.1810812e+02   9.9216422e-04
   8.1936732e+02   9.8330144e-04
   8.2062652e+02   9.7451757e-04
   8.2188572e+02   9.6581191e-04
   8.2314491e+02   9.5718380e-04
   8.2440411e+02   9.4863256e-04
   8.2566331e+02   9.4015751e-04
   8.2692251e+02   9.3175800e-04
   8.2818171e+02   9.2343337e-04
   8.2944091e+02   9.1518297e-04
   8.3070011e+02   9.0700613e-04
   8.3195931e+02   8.9890222e-04
   8.3321851e+02   8.9087059e-04
   8.3447771e+02   8.8291062e-04
   8.3573691e+02   8.7502167e-04
   8.3699611e+02   8.6720311e-04
   8.3825531e+02   8.5945433e-04
   8.3951450e+02   8.5177471e-04
   8.4077370e+02   8.4416363e-04
   8.4203290e+02   8.3662049e-04
   8.4329210e+02   8.2914470e-04
   8.4455130e+02   8.2173565e-04
   8.4581050e+02   8.1439275e-04
   8.4706970e+02   8.0711542e-04
   8.4832890e+02   7.9990307e-04
   8.4958810e+02   7.9275514e-04
   8.5084730e+02   7.8567104e-04
   8.5210650e+02   7.7865021e-04
   8.5336570e+02   7.7169208e-04
   8.5462489e+02   7.6479611e-04
   8.5588409e+02   7.5796173e-04
   8.5714329e+02   7.5118841e-04
   8.5840249e+02   7.4447559e-04
   8.5966169e+02   7.3782273e-04
   8.6092089e+02   7.3122931e-04
   8.6218009e+02   7.2469480e-04
   8.6343929e+02   7.1821866e-04
   8.6469849e+02   7.1180039e-04
   8.6595769e+02   7.0543945e-04
   8.6721689e+02   6.9913535e-04
   8.6847609e+02   6.9288757e-04
   8.6973529e+02   6.8669562e-04
   8.7099448e+02   6.8055899e-04
   8.7225368e+02   6.7447719e-04
   8.7351288e+02   6.6844974e-04
   8.7477208e+02   6.6247614e-04
   8.7603128e+02   6.5655592e-04
   8.7729048e+02   6.5068860e-04
   8.7854968e+02   6.4487371e-04
   8.7980888e+02   6.3911078e-04
   8.8106808e+02   6.3339934e-04
   8.8232728e+02   6.2773894e-04
   8.8358648e+02   6.2212913e-04
   8.8484568e+02   6.1656944e-04
   8.8610487e+02   6.1105943e-04
   8.8736407e+02   6.0559866e-04
   8.8862327e+02   6.0018669e-04
   8.8988247e+02   5.9482308e-04
   8.9114167e+02   5.8950740e-04
   8.9240087e+02   5.8423923e-04
   8.9366007e+02   5.7901813e-04
   8.9491927e+02   5.7384369e-04
   8.9617847e+02   5.6871549e-04
   8.9743767e+02   5.6363312e-04
   8.9869687e+02   5.5859616e-04
   8.9995607e+02   5.5360422e-04
   9.0121527e+02   5.4865689e-04
   9.0247446e+02   5.4375376e-04
   9.0373366e+02   5.3889446e-04
   9.0499286e+02   5.3407858e-04
   9.0625206e+02   5.2930574e-04
   9.0751126e+02   5.2457555e-04
   9.0877046e+02   5.1988763e-04
   9.1002966e+02   5.1524160e-04
   9.1128886e+02   5.1063709e-04
   9.1254806e+02   5.0607374e-04
   9.1380726e+02   5.0155116e-04
   9.1506646e+02   4.9706900e-04
   9.1632566e+02   4.9262689e-04
   9.1758485e+02   4.8822448e-04
   9.1884405e+02   4.8386141e-04
   9.2010325e+02   4.7953734e-04
   9.2136245e+02   4.7525190e-04
   9.2262165e+02   4.7100477e-04
   9.2388085e+02   4.6679559e-04
   9.2514005e+02   4.6262402e-04
   9.2639925e+02   4.5848973e-04
   9.2765845e+02   4.5439239e-04
   9.2891765e+02   4.5033167e-04
   9.3017685e+02   4.4630723e-04
   9.3143605e+02   4.4231876e-04
   9.3269525e+02   4.3836594e-04
   9.3395444e+02   4.3444843e-04
   9.3521364e+02   4.3056594e-04
   9.3647284e+02   4.2671814e-04
   9.3773204e+02   4.2290473e-04
   9.3899124e+02   4.1912540e-04
   9.4025044e+02   4.1537984e-04
   9.4150964e+02   4.1166776e-04
   9.4276884e+02   4.0798885e-04
   9.4402804e+02   4.0434281e-04
   9.4528724e+02   4.0072936e-04
   9.4654644e+02   3.9714820e-04
   9.4780564e+02   3.9359905e-04
   9.4906483e+02   3.9008161e-04
   9.5032403e+02   3.8659560e-04
   9.5158323e+02   3.8314075e-04
   9.5284243e+02   3.7971677e-04
   9.5410163e+02   3.7632340e-04
   9.5536083e+02   3.7296034e-04
   9.5662003e+02   3.6962734e-04
   9.5787923e+02   3.6632413e-04
   9.5913843e+02   3.6305044e-04
   9.6039763e+02   3.5980600e-04
   9.6165683e+02   3.5659056e-04
   9.6291603e+02   3.5340385e-04
   9.6417523e+02   3.5024562e-04
   9.6543442e+02   3.4711561e-04
   9.6669362e+02   3.4401358e-04
   9.6795282e+02   3.4093926e-04
   9.6921202e+02   3.3789242e-04
   9.7047122e+02   3.3487281e-04
   9.7173042e+02   3.3188019e-04
   9.7298962e+02   3.2891431e-04
   9.7424882e+02   3.2597493e-04
   9.7550802e+02   3.2306182e-04
   9.7676722e+02   3.2017474e-04
   9.7802642e+02   3.1731347e-04
   9.7928562e+02   3.1447777e-04
   9.8054481e+02   3.1166740e-04
   9.8180401e+02   3.0888215e-04
   9.8306321e+02   3.0612180e-04
   9.8432241e+02   3.0338611e-04
   9.8558161e+02   3.0067487e-04
   9.8684081e+02   2.9798785e-04
   9.8810001e+02   2.9532485e-04
   9.8935921e+02   2.9268565e-04
   9.9061841e+02   2.9007004e-04
   9.9187761e+02   2.8747780e-04
   9.9313681e+02   2.8490872e-04
   9.9439601e+02   2.8236260e-04
   9.9565521e+02   2.7983924e-04
   9.9691440e+02   2.7733843e-04
   9.9817360e+02   2.7485997e-04
   9.9943280e+02   2.7240365e-04
   1.0006920e+03   2.6996929e-04
   1.0019512e+03   2.6755668e-04
   1.0032104e+03   2.6516563e-04
   1.0044696e+03   2.6279595e-04
   1.0057288e+03   2.6044745e-04
   1.0069880e+03   2.5811993e-04
   1.0082472e+03   2.5581322e-04
   1.0095064e+03   2.5352711e-04
   1.0107656e+03   2.5126144e-04
   1.0120248e+03   2.4901602e-04
   1.0132840e+03   2.4679066e-04
   1.0145432e+03   2.4458519e-04
   1.0158024e+03   2.4239943e-04
   1.0170616e+03   2.4023320e-04
   1.0183208e+03   2.3808633e-04
   1.0195800e+03   2.3595865e-04
   1.0208392e+03   2.3384998e-04
   1.0220984e+03   2.3176016e-04
   1.0233576e+03   2.2968901e-04
   1.0246168e+03   2.2763637e-04
   1.0258760e+03   2.2560207e-04
   1.0271352e+03   2.2358596e-04
   1.0283944e+03   2.2158786e-04
   1.0296536e+03   2.1960761e-04
   1.0309128e+03   2.1764507e-04
   1.0321720e+03   2.1570006e-04
   1.0334312e+03   2.1377243e-04
   1.0346904e+03   2.1186203e-04
   1.0359496e+03   2.0996871e-04
   1.0372088e+03   2.0809230e-04
   1.0384680e+03   2.0623266e-04
   1.0397272e+03   2.0438964e-04
   1.0409864e+03   2.0256309e-04
   1.0422456e+03   2.0075287e-04
   1.0435048e+03   1.9895882e-04
   1.0447640e+03   1.9718080e-04
   1.0460232e+03   1.9541867e-04
   1.0472824e+03   1.9367230e-04
   1.0485416e+03   1.9194152e-04
   1.0498008e+03   1.9022622e-04
   1.0510600e+03   1.8852624e-04
   1.0523192e+03   1.8684146e-04
   1.0535784e+03   1.8517173e-04
   1.0548376e+03   1.8351692e-04
   1.0560968e+03   1.8187690e-04
   1.0573560e+03   1.8025154e-04
   1.0586152e+03   1.7864071e-04
   1.0598744e+03   1.7704426e-04
   1.0611336e+03   1.7546209e-04
   1.0623928e+03   1.7389405e-04
   1.0636520e+03   1.7234003e-04
   1.0649112e+03   1.7079990e-04
   1.0661704e+03   1.6927353e-04
   1.0674296e+03   1.6776080e-04
   1.0686888e+03   1.6626158e-04
   1.0699480e+03   1.6477577e-04
   1.0712072e+03   1.6330323e-04
   1.0724664e+03   1.6184386e-04
   1.0737256e+03   1.6039752e-04
   1.0749848e+03   1.5896411e-04
   1.0762440e+03   1.5754352e-04
   1.0775032e+03   1.5613561e-04
   1.0787624e+03   1.5474029e-04
   1.0800216e+03   1.5335744e-04
   1.0812808e+03   1.5198694e-04
   1.0825399e+03   1.5062869e-04
   1.0837991e+03   1.4928259e-04
   1.0850583e+03   1.4794851e-04
   1.0863175e+03   1.4662635e-04
   1.0875767e+03   1.4531601e-04
   1.0888359e+03   1.4401738e-04
   1.0900951e+03   1.4273035e-04
   1.0913543e+03   1.4145483e-04
   1.0926135e+03   1.4019070e-04
   1.0938727e+03   1.3893787e-04
   1.0951319e+03   1.3769624e-04
   1.0963911e+03   1.3646570e-04
   1.0976503e+03   1.3524616e-04
   1.0989095e+03   1.3403752e-04
   1.1001687e+03   1.3283968e-04
   1.1014279e+03   1.3165254e-04
   1.1026871e+03   1.3047602e-04
   1.1039463e+03   1.2931000e-04
   1.1052055e+03   1.2815441e-04
   1.1064647e+03   1.2700915e-04
   1.1077239e+03   1.2587412e-04
   1.1089831e+03   1.2474923e-04
   1.1102423e+03   1.2363440e-04
   1.1115015e+03   1.2252952e-04
   1.1127607e+03   1.2143453e-04
   1.1140199e+03   1.2034931e-04
   1.1152791e+03   1.1927380e-04
   1.1165383e+03   1.1820790e-04
   1.1177975e+03   1.1715152e-04
   1.1190567e+03   1.1610458e-04
   1.1203159e+03   1.1506700e-04
   1.1215751e+03   1.1403869e-04
   1.1228343e+03   1.1301958e-04
   1.1240935e+03   1.1200956e-04
   1.1253527e+03   1.1100858e-04
   1.1266119e+03   1.1001654e-04
   1.1278711e+03   1.0903337e-04
   1.1291303e+03   1.0805898e-04
   1.1303895e+03   1.0709330e-04
   1.1316487e+03   1.0613625e-04
   1.1329079e+03   1.0518775e-04
   1.1341671e+03   1.0424773e-04
   1.1354263e+03   1.0331611e-04
   1.1366855e+03   1.0239281e-04
   1.1379447e+03   1.0147777e-04
   1.1392039e+03   1.0057090e-04
   1.1404631e+03   9.9672139e-05
   1.1417223e+03   9.8781409e-05
   1.1429815e+03   9.7898638e-05
   1.1442407e+03   9.7023757e-05
   1.1454999e+03   9.6156694e-05
   1.1467591e+03   9.5297380e-05
   1.1480183e+03   9.4445745e-05
   1.1492775e+03   9.3601721e-05
   1.1505367e+03   9.2765239e-05
   1.1517959e+03   9.1936233e-05
   1.1530551e+03   9.1114635e-05
   1.1543143e+03   9.0300380e-05
   1.1555735e+03   8.9493401e-05
   1.1568327e+03   8.8693634e-05
   1.1580919e+03   8.7901014e-05
   1.1593511e+03   8.7115477e-05
   1.1606103e+03   8.6336961e-05
   1.1618695e+03   8.5565402e-05
   1.1631287e+03   8.4800738e-05
   1.1643879e+03   8.4042907e-05
   1.1656471e+03   8.3291849e-05
   1.1669063e+03   8.2547503e-05
   1.1681655e+03   8.1809808e-05
   1.1694247e+03   8.1078706e-05
   1.1706839e+03   8.0354138e-05
   1.1719431e+03   7.9636045e-05
   1.1732023e+03   7.8924369e-05
   1.1744615e+03   7.8219053e-05
   1.1757207e+03   7.7520041e-05
   1.1769799e+03   7.6827275e-05
   1.1782391e+03   7.6140700e-05
   1.1794983e+03   7.5460261e-05
   1.1807575e+03   7.4785902e-05
   1.1820167e+03   7.4117570e-05
   1.1832759e+03   7.3455211e-05
   1.1845351e+03   7.2798771e-05
   1.1857943e+03   7.2148197e-05
   1.1870535e+03   7.1503437e-05
   1.1883127e+03   7.0864439e-05
   1.1895719e+03   7.0231152e-05
   1.1908311e+03   6.9603524e-05
   1.1920903e+03   6.8981505e-05
   1.1933495e+03   6.8365044e-05
   1.1946087e+03   6.7754093e-05
   1.1958679e+03   6.7148601e-05
   1.1971271e+03   6.6548521e-05
   1.1983863e+03   6.5953803e-05
   1.1996455e+03   6.5364400e-05
   1.2009047e+03   6.4780264e-05
   1.2021639e+03   6.4201349e-05
   1.2034231e+03   6.3627607e-05
   1.2046823e+03   6.3058992e-05
   1.2059415e+03   6.2495459e-05
   1.2072007e+03   6.1936962e-05
   1.2084599e+03   6.1383456e-05
   1.2097191e+03   6.0834896e-05
   1.2109783e+03   6.0291239e-05
   1.2122375e+03   5.9752440e-05
   1.2134967e+03   5.9218456e-05
   1.2147559e+03   5.8689244e-05
   1.2160151e+03   5.8164761e-05
   1.2172743e+03   5.7644966e-05
   1.2185335e+03   5.7129816e-05
   1.2197927e+03   5.6619269e-05
   1.2210519e+03   5.6113285e-05
   1.2223111e+03   5.5611823e-05
   1.2235703e+03   5.5114842e-05
   1.2248295e+03   5.4622303e-05
   1.2260887e+03   5.4134165e-05
   1.2273479e+03   5.3650389e-05
   1.2286071e+03   5.3170937e-05
   1.2298663e+03   5.2695769e-05
   1.2311255e+03   5.2224848e-05
   1.2323847e+03   5.1758135e-05
   1.2336439e+03   5.1295593e-05
   1.2349031e+03   5.0837185e-05
   1.2361623e+03   5.0382873e-05
   1.2374215e+03   4.9932621e-05
   1.2386807e+03   4.9486393e-05
   1.2399398e+03   4.9044153e-05
   1.2411990e+03   4.8605865e-05
   1.2424582e+03   4.8171493e-05
   1.2437174e+03   4.7741004e-05
   1.2449766e+03   4.7314361e-05
   1.2462358e+03   4.6891532e-05
   1.2474950e+03   4.6472481e-05
   1.2487542e+03   4.6057174e-05
   1.2500134e+03   4.5645580e-05
   1.2512726e+03   4.5237663e-05
   1.2525318e+03   4.4833392e-05
   1.2537910e+03   4.4432734e-05
   1.2550502e+03   4.4035656e-05
   1.2563094e+03   4.3642127e-05
   1.2575686e+03   4.3252115e-05
   1.2588278e+03   4.2865588e-05
   1.2600870e+03   4.2482515e-05
   1.2613462e+03   4.2102865e-05
   1.2626054e+03   4.1726609e-05
   1.2638646e+03   4.1353715e-05
   1.2651238e+03   4.0984153e-05
   1.2663830e+03   4.0617894e-05
   1.2676422e+03   4.0254908e-05
   1.2689014e+03   3.9895165e-05
   1.2701606e+03   3.9538638e-05
   1.2714198e+03   3.9185297e-05
   1.2726790e+03   3.8835114e-05
   1.2739382e+03   3.8488060e-05
   1.2751974e+03   3.8144107e-05
   1.2764566e+03   3.7803228e-05
   1.2777158e+03   3.7465396e-05
   1.2789750e+03   3.7130582e-05
   1.2802342e+03   3.6798761e-05
   1.2814934e+03   3.6469905e-05
   1.2827526e+03   3.6143988e-05
   1.2840118e+03   3.5820983e-05
   1.2852710e+03   3.5500866e-05
   1.2865302e+03   3.5183608e-05
   1.2877894e+03   3.4869186e-05
   1.2890486e+03   3.4557574e-05
   1.2903078e+03   3.4248747e-05
   1.2915670e+03   3.3942679e-05
   1.2928262e+03   3.3639347e-05
   1.2940854e+03   3.3338726e-05
   1.2953446e+03   3.3040791e-05
   1.2966038e+03   3.2745518e-05
   1.2978630e+03   3.2452884e-05
   1.2991222e+03   3.2162866e-05
   1.3003814e+03   3.1875439e-05
   1.3016406e+03   3.1590581e-05
   1.3028998e+03   3.1308268e-05
   1.3041590e+03   3.1028479e-05
   1.3054182e+03   3.0751190e-05
   1.3066774e+03   3.0476378e-05
   1.3079366e+03   3.0204023e-05
   1.3091958e+03   2.9934102e-05
   1.3104550e+03   2.9666592e-05
   1.3117142e+03   2.9401474e-05
   1.3129734e+03   2.9138725e-05
   1.3142326e+03   2.8878323e-05
   1.3154918e+03   2.8620249e-05
   1.3167510e+03   2.8364481e-05
   1.3180102e+03   2.8110999e-05
   1.3192694e+03   2.7859782e-05
   1.3205286e+03   2.7610810e-05
   1.3217878e+03   2.7364064e-05
   1.3230470e+03   2.7119522e-05
   1.3243062e+03   2.6877165e-05
   1.3255654e+03   2.6636975e-05
   1.3268246e+03   2.6398931e-05
   1.3280838e+03   2.6163014e-05
   1.3293430e+03   2.5929205e-05
   1.3306022e+03   2.5697486e-05
   1.3318614e+03   2.5467838e-05
   1.3331206e+03   2.5240242e-05
   1.3343798e+03   2.5014680e-05
   1.3356390e+03   2.4791134e-05
   1.3368982e+03   2.4569585e-05
   1.3381574e+03   2.4350017e-05
   1.3394166e+03   2.4132410e-05
   1.3406758e+03   2.3916748e-05
   1.3419350e+03   2.3703014e-05
   1.3431942e+03   2.3491189e-05
   1.3444534e+03   2.3281258e-05
   1.3457126e+03   2.3073203e-05
   1.3469718e+03   2.2867006e-05
   1.3482310e+03   2.2662653e-05
   1.3494902e+03   2.2460126e-05
   1.3507494e+03   2.2259409e-05
   1.3520086e+03   2.2060485e-05
   1.3532678e+03   2.1863339e-05
   1.3545270e+03   2.1667955e-05
   1.3557862e+03   2.1474317e-05
   1.3570454e+03   2.1282410e-05
   1.3583046e+03   2.1092217e-05
   1.3595638e+03   2.0903725e-05
   1.3608230e+03   2.0716916e-05
   1.3620822e+03   2.0531778e-05
   1.3633414e+03   2.0348293e-05
   1.3646006e+03   2.0166449e-05
   1.3658598e+03   1.9986229e-05
   1.3671190e+03   1.9807620e-05
   1.3683782e+03   1.9630607e-05
   1.3696374e+03   1.9455176e-05
   1.3708966e+03   1.9281313e-05
   1.3721558e+03   1.9109003e-05
   1.3734150e+03   1.8938234e-05
   1.3746742e+03   1.8768990e-05
   1.3759334e+03   1.8601259e-05
   1.3771926e+03   1.8435027e-05
   1.3784518e+03   1.8270281e-05
   1.3797110e+03   1.8107006e-05
   1.3809702e+03   1.7945191e-05
   1.3822294e+03   1.7784822e-05
   1.3834886e+03   1.7625886e-05
   1.3847478e+03   1.7468371e-05
   1.3860070e+03   1.7312263e-05
   1.3872662e+03   1.7157550e-05
   1.3885254e+03   1.7004220e-05
   1.3897846e+03   1.6852260e-05
   1.3910438e+03   1.6701658e-05
   1.3923030e+03   1.6552402e-05
   1.3935622e+03   1.6404479e-05
   1.3948214e+03   1.6257879e-05
   1.3960806e+03   1.6112589e-05
   1.3973397e+03   1.5968597e-05
   1.3985989e+03   1.5825892e-05
   1.3998581e+03   1.5684462e-05
   1.4011173e+03   1.5544297e-05
   1.4023765e+03   1.5405383e-05
   1.4036357e+03   1.5267711e-05
   1.4048949e+03   1.5131270e-05
   1.4061541e+03   1.4996048e-05
   1.4074133e+03   1.4862034e-05
   1.4086725e+03   1.4729218e-05
   1.4099317e+03   1.4597589e-05
   1.4111909e+03   1.4467136e-05
   1.4124501e+03   1.4337849e-05
   1.4137093e+03   1.4209717e-05
   1.4149685e+03   1.4082731e-05
   1.4162277e+03   1.3956879e-05
   1.4174869e+03   1.3832152e-05
   1.4187461e+03   1.3708539e-05
   1.4200053e+03   1.3586031e-05
   1.4212645e+03   1.3464618e-05
   1.4225237e+03   1.3344290e-05
   1.4237829e+03   1.3225038e-05
   1.4250421e+03   1.3106851e-05
   1.4263013e+03   1.2989720e-05
   1.4275605e+03   1.2873636e-05
   1.4288197e+03   1.2758590e-05
   1.4300789e+03   1.2644571e-05
   1.4313381e+03   1.2531572e-05
   1.4325973e+03   1.2419582e-05
   1.4338565e+03   1.2308593e-05
   1.4351157e+03   1.2198596e-05
   1.4363749e+03   1.2089582e-05
   1.4376341e+03   1.1981542e-05
   1.4388933e+03   1.1874468e-05
   1.4401525e+03   1.1768350e-05
   1.4414117e+03   1.1663181e-05
   1.4426709e+03   1.1558952e-05
   1.4439301e+03   1.1455654e-05
   1.4451893e+03   1.1353280e-05
   1.4464485e+03   1.1251820e-05
   1.4477077e+03   1.1151267e-05
   1.4489669e+03   1.1051612e-05
   1.4502261e+03   1.0952849e-05
   1.4514853e+03   1.0854967e-05
   1.4527445e+03   1.0757961e-05
   1.4540037e+03   1.0661821e-05
   1.4552629e+03   1.0566541e-05
   1.4565221e+03   1.0472112e-05
   1.4577813e+03   1.0378527e-05
   1.4590405e+03   1.0285778e-05
   1.4602997e+03   1.0193858e-05
   1.4615589e+03   1.0102759e-05
   1.4628181e+03   1.0012475e-05
   1.4640773e+03   9.9229975e-06
   1.4653365e+03   9.8343196e-06
   1.4665957e+03   9.7464342e-06
   1.4678549e+03   9.6593342e-06
   1.4691141e+03   9.5730125e-06
   1.4703733e+03   9.4874623e-06
   1.4716325e+03   9.4026766e-06
   1.4728917e+03   9.3186486e-06
   1.4741509e+03   9.2353715e-06
   1.4754101e+03   9.1528387e-06
   1.4766693e+03   9.0710434e-06
   1.4779285e+03   8.9899791e-06
   1.4791877e+03   8.9096392e-06
   1.4804469e+03   8.8300173e-06
   1.4817061e+03   8.7511069e-06
   1.4829653e+03   8.6729017e-06
   1.4842245e+03   8.5953954e-06
   1.4854837e+03   8.5185818e-06
   1.4867429e+03   8.4424546e-06
   1.4880021e+03   8.3670077e-06
   1.4892613e+03   8.2922351e-06
   1.4905205e+03   8.2181307e-06
   1.4917797e+03   8.1446885e-06
   1.4930389e+03   8.0719026e-06
   1.4942981e+03   7.9997672e-06
   1.4955573e+03   7.9282765e-06
   1.4968165e+03   7.8574246e-06
   1.4980757e+03   7.7872059e-06
   1.4993349e+03   7.7176147e-06
   1.5005941e+03   7.6486455e-06
   1.5018533e+03   7.5802926e-06
   1.5031125e+03   7.5125505e-06
   1.5043717e+03   7.4454138e-06
   1.5056309e+03   7.3788771e-06
   1.5068901e+03   7.3129350e-06
   1.5081493e+03   7.2475822e-06
   1.5094085e+03   7.1828134e-06
   1.5106677e+03   7.1186235e-06
   1.5119269e+03   7.0550071e-06
   1.5131861e+03   6.9919593e-06
   1.5144453e+03   6.9294750e-06
   1.5157045e+03   6.8675490e-06
   1.5169637e+03   6.8061764e-06
   1.5182229e+03   6.7453523e-06
   1.5194821e+03   6.6850718e-06
   1.5207413e+03   6.6253299e-06
   1.5220005e+03   6.5661220e-06
   1.5232597e+03   6.5074432e-06
   1.5245189e+03   6.4492887e-06
   1.5257781e+03   6.3916540e-06
   1.5270373e+03   6.3345343e-06
   1.5282965e+03   6.2779251e-06
   1.5295557e+03   6.2218217e-06
   1.5308149e+03   6.1662198e-06
   1.5320741e+03   6.1111147e-06
   1.5333333e+03   6.0565021e-06
   1.5345925e+03   6.0023775e-06
   1.5358517e+03   5.9487367e-06
   1.5371109e+03   5.8955752e-06
   1.5383701e+03   5.8428888e-06
   1.5396293e+03   5.7906732e-06
   1.5408885e+03   5.7389242e-06
   1.5421477e+03   5.6876377e-06
   1.5434069e+03   5.6368096e-06
   1.5446661e+03   5.5864356e-06
   1.5459253e+03   5.5365119e-06
   1.5471845e+03   5.4870343e-06
   1.5484437e+03   5.4379988e-06
   1.5497029e+03   5.3894016e-06
   1.5509621e+03   5.3412386e-06
   1.5522213e+03   5.2935061e-06
   1.5534805e+03   5.2462001e-06
   1.5547396e+03   5.1993169e-06
   1.5559988e+03   5.1528527e-06
   1.5572580e+03   5.1068037e-06
   1.5585172e+03   5.0611662e-06
   1.5597764e+03   5.0159365e-06
   1.5610356e+03   4.9711111e-06
   1.5622948e+03   4.9266862e-06
   1.5635540e+03   4.8826584e-06
   1.5648132e+03   4.8390240e-06
   1.5660724e+03   4.7957796e-06
   1.5673316e+03   4.7529216e-06
   1.5685908e+03   4.7104466e-06
   1.5698500e+03   4.6683512e-06
   1.5711092e+03   4.6266320e-06
   1.5723684e+03   4.5852856e-06
   1.5736276e+03   4.5443088e-06
   1.5748868e+03   4.5036981e-06
   1.5761460e+03   4.4634503e-06
   1.5774052e+03   4.4235622e-06
   1.5786644e+03   4.3840306e-06
   1.5799236e+03   4.3448522e-06
   1.5811828e+03   4.3060240e-06
   1.5824420e+03   4.2675428e-06
   1.5837012e+03   4.2294055e-06
   1.5849604e+03   4.1916089e-06
   1.5862196e+03   4.1541502e-06
   1.5874788e+03   4.1170262e-06
   1.5887380e+03   4.0802340e-06
   1.5899972e+03   4.0437705e-06
   1.5912564e+03   4.0076329e-06
   1.5925156e+03   3.9718183e-06
   1.5937748e+03   3.9363237e-06
   1.5950340e+03   3.9011464e-06
   1.5962932e+03   3.8662834e-06
   1.5975524e+03   3.8317319e-06
   1.5988116e+03   3.7974893e-06
   1.6000708e+03   3.7635526e-06
   1.6013300e+03   3.7299192e-06
   1.6025892e+03   3.6965864e-06
   1.6038484e+03   3.6635515e-06
   1.6051076e+03   3.6308118e-06
   1.6063668e+03   3.5983647e-06
   1.6076260e+03   3.5662075e-06
   1.6088852e+03   3.5343377e-06
   1.6101444e+03   3.5027527e-06
   1.6114036e+03   3.4714500e-06
   1.6126628e+03   3.4404270e-06
   1.6139220e+03   3.4096813e-06
   1.6151812e+03   3.3792103e-06
   1.6164404e+03   3.3490117e-06
   1.6176996e+03   3.3190829e-06
   1.6189588e+03   3.2894216e-06
   1.6202180e+03   3.2600253e-06
   1.6214772e+03   3.2308917e-06
   1.6227364e+03   3.2020185e-06
   1.6239956e+03   3.1734034e-06
   1.6252548e+03   3.1450439e-06
   1.6265140e+03   3.1169379e-06
   1.6277732e+03   3.0890831e-06
   1.6290324e+03   3.0614772e-06
   1.6302916e+03   3.0341180e-06
   1.6315508e+03   3.0070032e-06
   1.6328100e+03   2.9801308e-06
