   4.1390000e+02   2.0898942e-04
   4.1502923e+02   2.1142667e-04
   4.1615846e+02   2.1388564e-04
   4.1728769e+02   2.1636641e-04
   4.1841692e+02   2.1886910e-04
   4.1954615e+02   2.2139379e-04
   4.2067538e+02   2.2394058e-04
   4.2180460e+02   2.2650956e-04
   4.2293383e+02   2.2910083e-04
   4.2406306e+02   2.3171449e-04
   4.2519229e+02   2.3435061e-04
   4.2632152e+02   2.3700930e-04
   4.2745075e+02   2.3969064e-04
   4.2857998e+02   2.4239472e-04
   4.2970921e+02   2.4512162e-04
   4.3083844e+02   2.4787144e-04
   4.3196767e+02   2.5064425e-04
   4.3309690e+02   2.5344015e-04
   4.3422613e+02   2.5625921e-04
   4.3535536e+02   2.5910151e-04
   4.3648458e+02   2.6196714e-04
   4.3761381e+02   2.6485617e-04
   4.3874304e+02   2.6776868e-04
   4.3987227e+02   2.7070474e-04
   4.4100150e+02   2.7366443e-04
   4.4213073e+02   2.7664783e-04
   4.4325996e+02   2.7965500e-04
   4.4438919e+02   2.8268602e-04
   4.4551842e+02   2.8574095e-04
   4.4664765e+02   2.8881986e-04
   4.4777688e+02   2.9192282e-04
   4.4890611e+02   2.9504989e-04
   4.5003534e+02   2.9820114e-04
   4.5116456e+02   3.0137662e-04
   4.5229379e+02   3.0457640e-04
   4.5342302e+02   3.0780053e-04
   4.5455225e+02   3.1104907e-04
   4.5568148e+02   3.1432207e-04
   4.5681071e+02   3.1761959e-04
   4.5793994e+02   3.2094169e-04
   4.5906917e+02   3.2428840e-04
   4.6019840e+02   3.2765977e-04
   4.6132763e+02   3.3105586e-04
   4.6245686e+02   3.3447671e-04
   4.6358609e+02   3.3792236e-04
   4.6471532e+02   3.4139284e-04
   4.6584454e+02   3.4488821e-04
   4.6697377e+02   3.4840849e-04
   4.6810300e+02   3.5195372e-04
   4.6923223e+02   3.5552393e-04
   4.7036146e+02   3.5911916e-04
   4.7149069e+02   3.6273943e-04
   4.7261992e+02   3.6638477e-04
   4.7374915e+02   3.7005521e-04
   4.7487838e+02   3.7375077e-04
   4.7600761e+02   3.7747146e-04
   4.7713684e+02   3.8121731e-04
   4.7826607e+02   3.8498834e-04
   4.7939530e+02   3.8878456e-04
   4.8052452e+02   3.9260597e-04
   4.8165375e+02   3.9645260e-04
   4.8278298e+02   4.0032445e-04
   4.8391221e+02   4.0422152e-04
   4.8504144e+02   4.0814382e-04
   4.8617067e+02   4.1209135e-04
   4.8729990e+02   4.1606410e-04
   4.8842913e+02   4.2006209e-04
   4.8955836e+02   4.2408528e-04
   4.9068759e+02   4.2813369e-04
   4.9181682e+02   4.3220730e-04
   4.9294605e+02   4.3630610e-04
   4.9407528e+02   4.4043006e-04
   4.9520450e+02   4.4457918e-04
   4.9633373e+02   4.4875344e-04
   4.9746296e+02   4.5295280e-04
   4.9859219e+02   4.5717724e-04
   4.9972142e+02   4.6142675e-04
   5.0085065e+02   4.6570127e-04
   5.0197988e+02   4.7000080e-04
   5.0310911e+02   4.7432528e-04
   5.0423834e+02   4.7867467e-04
   5.0536757e+02   4.8304895e-04
   5.0649680e+02   4.8744806e-04
   5.0762603e+02   4.9187196e-04
   5.0875526e+02   4.9632060e-04
   5.0988448e+02   5.0079393e-04
   5.1101371e+02   5.0529190e-04
   5.1214294e+02   5.0981444e-04
   5.1327217e+02   5.1436150e-04
   5.1440140e+02   5.1893301e-04
   5.1553063e+02   5.2352892e-04
   5.1665986e+02   5.2814914e-04
   5.1778909e+02   5.3279362e-04
   5.1891832e+02   5.3746228e-04
   5.2004755e+02   5.4215504e-04
   5.2117678e+02   5.4687182e-04
   5.2230601e+02   5.5161254e-04
   5.2343524e+02   5.5637712e-04
   5.2456446e+02   5.6116546e-04
   5.2569369e+02   5.6597749e-04
   5.2682292e+02   5.7081309e-04
   5.2795215e+02   5.7567218e-04
   5.2908138e+02   5.8055466e-04
   5.3021061e+02   5.8546042e-04
   5.3133984e+02   5.9038936e-04
   5.3246907e+02   5.9534137e-04
   5.3359830e+02   6.0031634e-04
   5.3472753e+02   6.0531416e-04
   5.3585676e+02   6.1033470e-04
   5.3698599e+02   6.1537785e-04
   5.3811522e+02   6.2044348e-04
   5.3924444e+02   6.2553147e-04
   5.4037367e+02   6.3064169e-04
   5.4150290e+02   6.3577400e-04
   5.4263213e+02   6.4092827e-04
   5.4376136e+02   6.4610436e-04
   5.4489059e+02   6.5130213e-04
   5.4601982e+02   6.5652144e-04
   5.4714905e+02   6.6176213e-04
   5.4827828e+02   6.6702406e-04
   5.4940751e+02   6.7230707e-04
   5.5053674e+02   6.7761100e-04
   5.5166597e+02   6.8293570e-04
   5.5279520e+02   6.8828100e-04
   5.5392442e+02   6.9364673e-04
   5.5505365e+02   6.9903273e-04
   5.5618288e+02   7.0443882e-04
   5.5731211e+02   7.0986483e-04
   5.5844134e+02   7.1531057e-04
   5.5957057e+02   7.2077587e-04
   5.6069980e+02   7.2626054e-04
   5.6182903e+02   7.3176440e-04
   5.6295826e+02   7.3728724e-04
   5.6408749e+02   7.4282889e-04
   5.6521672e+02   7.4838913e-04
   5.6634595e+02   7.5396777e-04
   5.6747518e+02   7.5956461e-04
   5.6860440e+02   7.6517943e-04
   5.6973363e+02   7.7081203e-04
   5.7086286e+02   7.7646220e-04
   5.7199209e+02   7.8212972e-04
   5.7312132e+02   7.8781437e-04
   5.7425055e+02   7.9351592e-04
   5.7537978e+02   7.9923416e-04
   5.7650901e+02   8.0496886e-04
   5.7763824e+02   8.1071977e-04
   5.7876747e+02   8.1648668e-04
   5.7989670e+02   8.2226934e-04
   5.8102593e+02   8.2806750e-04
   5.8215516e+02   8.3388094e-04
   5.8328438e+02   8.3970939e-04
   5.8441361e+02   8.4555262e-04
   5.8554284e+02   8.5141036e-04
   5.8667207e+02   8.5728237e-04
   5.8780130e+02   8.6316838e-04
   5.8893053e+02   8.6906813e-04
   5.9005976e+02   8.7498136e-04
   5.9118899e+02   8.8090781e-04
   5.9231822e+02   8.8684719e-04
   5.9344745e+02   8.9279924e-04
   5.9457668e+02   8.9876368e-04
   5.9570591e+02   9.0474024e-04
   5.9683514e+02   9.1072863e-04
   5.9796436e+02   9.1672856e-04
   5.9909359e+02   9.2273975e-04
   6.0022282e+02   9.2876191e-04
   6.0135205e+02   9.3479475e-04
   6.0248128e+02   9.4083797e-04
   6.0361051e+02   9.4689127e-04
   6.0473974e+02   9.5295434e-04
   6.0586897e+02   9.5902690e-04
   6.0699820e+02   9.6510862e-04
   6.0812743e+02   9.7119921e-04
   6.0925666e+02   9.7729834e-04
   6.1038589e+02   9.8340571e-04
   6.1151512e+02   9.8952099e-04
   6.1264434e+02   9.9564388e-04
   6.1377357e+02   1.0017740e-03
   6.1490280e+02   1.0079111e-03
   6.1603203e+02   1.0140549e-03
   6.1716126e+02   1.0202049e-03
   6.1829049e+02   1.0263609e-03
   6.1941972e+02   1.0325225e-03
   6.2054895e+02   1.0386894e-03
   6.2167818e+02   1.0448612e-03
   6.2280741e+02   1.0510377e-03
   6.2393664e+02   1.0572184e-03
   6.2506587e+02   1.0634030e-03
   6.2619510e+02   1.0695912e-03
   6.2732432e+02   1.0757827e-03
   6.2845355e+02   1.0819769e-03
   6.2958278e+02   1.0881737e-03
   6.3071201e+02   1.0943727e-03
   6.3184124e+02   1.1005734e-03
   6.3297047e+02   1.1067756e-03
   6.3409970e+02   1.1129789e-03
   6.3522893e+02   1.1191828e-03
   6.3635816e+02   1.1253871e-03
   6.3748739e+02   1.1315914e-03
   6.3861662e+02   1.1377952e-03
   6.3974585e+02   1.1439983e-03
   6.4087508e+02   1.1502002e-03
   6.4200430e+02   1.1564006e-03
   6.4313353e+02   1.1625991e-03
   6.4426276e+02   1.1687953e-03
   6.4539199e+02   1.1749888e-03
   6.4652122e+02   1.1811793e-03
   6.4765045e+02   1.1873663e-03
   6.4877968e+02   1.1935495e-03
   6.4990891e+02   1.1997285e-03
   6.5103814e+02   1.2059029e-03
   6.5216737e+02   1.2120723e-03
   6.5329660e+02   1.2182363e-03
   6.5442583e+02   1.2243946e-03
   6.5555506e+02   1.2305466e-03
   6.5668428e+02   1.2366921e-03
   6.5781351e+02   1.2428306e-03
   6.5894274e+02   1.2489618e-03
   6.6007197e+02   1.2550852e-03
   6.6120120e+02   1.2612004e-03
   6.6233043e+02   1.2673071e-03
   6.6345966e+02   1.2734048e-03
   6.6458889e+02   1.2794931e-03
   6.6571812e+02   1.2855716e-03
   6.6684735e+02   1.2916400e-03
   6.6797658e+02   1.2976977e-03
   6.6910581e+02   1.3037445e-03
   6.7023504e+02   1.3097798e-03
   6.7136426e+02   1.3158034e-03
   6.7249349e+02   1.3218147e-03
   6.7362272e+02   1.3278133e-03
   6.7475195e+02   1.3337989e-03
   6.7588118e+02   1.3397711e-03
   6.7701041e+02   1.3457294e-03
   6.7813964e+02   1.3516734e-03
   6.7926887e+02   1.3576027e-03
   6.8039810e+02   1.3635169e-03
   6.8152733e+02   1.3694156e-03
   6.8265656e+02   1.3752984e-03
   6.8378579e+02   1.3811648e-03
   6.8491502e+02   1.3870144e-03
   6.8604424e+02   1.3928469e-03
   6.8717347e+02   1.3986618e-03
   6.8830270e+02   1.4044587e-03
   6.8943193e+02   1.4102372e-03
   6.9056116e+02   1.4159968e-03
   6.9169039e+02   1.4217372e-03
   6.9281962e+02   1.4274580e-03
   6.9394885e+02   1.4331587e-03
   6.9507808e+02   1.4388389e-03
   6.9620731e+02   1.4444982e-03
   6.9733654e+02   1.4501363e-03
   6.9846577e+02   1.4557526e-03
   6.9959499e+02   1.4613468e-03
   7.0072422e+02   1.4669185e-03
   7.0185345e+02   1.4724672e-03
   7.0298268e+02   1.4779926e-03
   7.0411191e+02   1.4834942e-03
   7.0524114e+02   1.4889717e-03
   7.0637037e+02   1.4944246e-03
   7.0749960e+02   1.4998525e-03
   7.0862883e+02   1.5052551e-03
   7.0975806e+02   1.5106318e-03
   7.1088729e+02   1.5159824e-03
   7.1201652e+02   1.5213064e-03
   7.1314575e+02   1.5266035e-03
   7.1427497e+02   1.5318731e-03
   7.1540420e+02   1.5371150e-03
   7.1653343e+02   1.5423287e-03
   7.1766266e+02   1.5475138e-03
   7.1879189e+02   1.5526699e-03
   7.1992112e+02   1.5577967e-03
   7.2105035e+02   1.5628938e-03
   7.2217958e+02   1.5679607e-03
   7.2330881e+02   1.5729971e-03
   7.2443804e+02   1.5780026e-03
   7.2556727e+02   1.5829768e-03
   7.2669650e+02   1.5879193e-03
   7.2782573e+02   1.5928298e-03
   7.2895495e+02   1.5977079e-03
   7.3008418e+02   1.6025531e-03
   7.3121341e+02   1.6073652e-03
   7.3234264e+02   1.6121437e-03
   7.3347187e+02   1.6168883e-03
   7.3460110e+02   1.6215986e-03
   7.3573033e+02   1.6262742e-03
   7.3685956e+02   1.6309148e-03
   7.3798879e+02   1.6355201e-03
   7.3911802e+02   1.6400895e-03
   7.4024725e+02   1.6446229e-03
   7.4137648e+02   1.6491199e-03
   7.4250571e+02   1.6535800e-03
   7.4363493e+02   1.6580030e-03
   7.4476416e+02   1.6623885e-03
   7.4589339e+02   1.6667362e-03
   7.4702262e+02   1.6710456e-03
   7.4815185e+02   1.6753165e-03
   7.4928108e+02   1.6795486e-03
   7.5041031e+02   1.6837415e-03
   7.5153954e+02   1.6878948e-03
   7.5266877e+02   1.6920083e-03
   7.5379800e+02   1.6960817e-03
   7.5492723e+02   1.7001145e-03
   7.5605646e+02   1.7041065e-03
   7.5718569e+02   1.7080574e-03
   7.5831491e+02   1.7119668e-03
   7.5944414e+02   1.7158344e-03
   7.6057337e+02   1.7196601e-03
   7.6170260e+02   1.7234433e-03
   7.6283183e+02   1.7271839e-03
   7.6396106e+02   1.7308815e-03
   7.6509029e+02   1.7345359e-03
   7.6621952e+02   1.7381467e-03
   7.6734875e+02   1.7417137e-03
   7.6847798e+02   1.7452365e-03
   7.6960721e+02   1.7487150e-03
   7.7073644e+02   1.7521488e-03
   7.7186567e+02   1.7555377e-03
   7.7299489e+02   1.7588813e-03
   7.7412412e+02   1.7621795e-03
   7.7525335e+02   1.7654320e-03
   7.7638258e+02   1.7686384e-03
   7.7751181e+02   1.7717987e-03
   7.7864104e+02   1.7749124e-03
   7.7977027e+02   1.7779793e-03
   7.8089950e+02   1.7809993e-03
   7.8202873e+02   1.7839721e-03
   7.8315796e+02   1.7868974e-03
   7.8428719e+02   1.7897750e-03
   7.8541642e+02   1.7926047e-03
   7.8654565e+02   1.7953862e-03
   7.8767487e+02   1.7981194e-03
   7.8880410e+02   1.8008041e-03
   7.8993333e+02   1.8034399e-03
   7.9106256e+02   1.8060268e-03
   7.9219179e+02   1.8085644e-03
   7.9332102e+02   1.8110527e-03
   7.9445025e+02   1.8134914e-03
   7.9557948e+02   1.8158803e-03
   7.9670871e+02   1.8182193e-03
   7.9783794e+02   1.8205081e-03
   7.9896717e+02   1.8227467e-03
   8.0009640e+02   1.8249347e-03
   8.0122563e+02   1.8270721e-03
   8.0235485e+02   1.8291586e-03
   8.0348408e+02   1.8311942e-03
   8.0461331e+02   1.8331787e-03
   8.0574254e+02   1.8351119e-03
   8.0687177e+02   1.8369936e-03
   8.0800100e+02   1.8388238e-03
   8.0913023e+02   1.8406023e-03
   8.1025946e+02   1.8423289e-03
   8.1138869e+02   1.8440036e-03
   8.1251792e+02   1.8456262e-03
   8.1364715e+02   1.8471966e-03
   8.1477638e+02   1.8487147e-03
   8.1590561e+02   1.8501803e-03
   8.1703483e+02   1.8515934e-03
   8.1816406e+02   1.8529539e-03
   8.1929329e+02   1.8542616e-03
   8.2042252e+02   1.8555166e-03
   8.2155175e+02   1.8567186e-03
   8.2268098e+02   1.8578676e-03
   8.2381021e+02   1.8589636e-03
   8.2493944e+02   1.8600065e-03
   8.2606867e+02   1.8609961e-03
   8.2719790e+02   1.8619325e-03
   8.2832713e+02   1.8628155e-03
   8.2945636e+02   1.8636452e-03
   8.3058559e+02   1.8644214e-03
   8.3171481e+02   1.8651442e-03
   8.3284404e+02   1.8658135e-03
   8.3397327e+02   1.8664292e-03
   8.3510250e+02   1.8669914e-03
   8.3623173e+02   1.8675000e-03
   8.3736096e+02   1.8679549e-03
   8.3849019e+02   1.8683562e-03
   8.3961942e+02   1.8687039e-03
   8.4074865e+02   1.8689979e-03
   8.4187788e+02   1.8692383e-03
   8.4300711e+02   1.8694250e-03
   8.4413634e+02   1.8695581e-03
   8.4526557e+02   1.8696376e-03
   8.4639479e+02   1.8696634e-03
   8.4752402e+02   1.8696357e-03
   8.4865325e+02   1.8695544e-03
   8.4978248e+02   1.8694196e-03
   8.5091171e+02   1.8692313e-03
   8.5204094e+02   1.8689895e-03
   8.5317017e+02   1.8686944e-03
   8.5429940e+02   1.8683459e-03
   8.5542863e+02   1.8679441e-03
   8.5655786e+02   1.8674890e-03
   8.5768709e+02   1.8669808e-03
   8.5881632e+02   1.8664195e-03
   8.5994555e+02   1.8658052e-03
   8.6107477e+02   1.8651379e-03
   8.6220400e+02   1.8644177e-03
   8.6333323e+02   1.8636447e-03
   8.6446246e+02   1.8628191e-03
   8.6559169e+02   1.8619409e-03
   8.6672092e+02   1.8610101e-03
   8.6785015e+02   1.8600270e-03
   8.6897938e+02   1.8589916e-03
   8.7010861e+02   1.8579041e-03
   8.7123784e+02   1.8567645e-03
   8.7236707e+02   1.8555730e-03
   8.7349630e+02   1.8543297e-03
   8.7462553e+02   1.8530347e-03
   8.7575475e+02   1.8516882e-03
   8.7688398e+02   1.8502903e-03
   8.7801321e+02   1.8488412e-03
   8.7914244e+02   1.8473410e-03
   8.8027167e+02   1.8457898e-03
   8.8140090e+02   1.8441879e-03
   8.8253013e+02   1.8425354e-03
   8.8365936e+02   1.8408324e-03
   8.8478859e+02   1.8390791e-03
   8.8591782e+02   1.8372757e-03
   8.8704705e+02   1.8354224e-03
   8.8817628e+02   1.8335193e-03
   8.8930551e+02   1.8315667e-03
   8.9043473e+02   1.8295647e-03
   8.9156396e+02   1.8275136e-03
   8.9269319e+02   1.8254134e-03
   8.9382242e+02   1.8232645e-03
   8.9495165e+02   1.8210671e-03
   8.9608088e+02   1.8188212e-03
   8.9721011e+02   1.8165273e-03
   8.9833934e+02   1.8141853e-03
   8.9946857e+02   1.8117957e-03
   9.0059780e+02   1.8093587e-03
   9.0172703e+02   1.8068743e-03
   9.0285626e+02   1.8043430e-03
   9.0398549e+02   1.8017648e-03
   9.0511471e+02   1.7991402e-03
   9.0624394e+02   1.7964692e-03
   9.0737317e+02   1.7937522e-03
   9.0850240e+02   1.7909893e-03
   9.0963163e+02   1.7881809e-03
   9.1076086e+02   1.7853273e-03
   9.1189009e+02   1.7824286e-03
   9.1301932e+02   1.7794851e-03
   9.1414855e+02   1.7764971e-03
   9.1527778e+02   1.7734650e-03
   9.1640701e+02   1.7703888e-03
   9.1753624e+02   1.7672690e-03
   9.1866547e+02   1.7641057e-03
   9.1979469e+02   1.7608994e-03
   9.2092392e+02   1.7576502e-03
   9.2205315e+02   1.7543585e-03
   9.2318238e+02   1.7510245e-03
   9.2431161e+02   1.7476485e-03
   9.2544084e+02   1.7442309e-03
   9.2657007e+02   1.7407720e-03
   9.2769930e+02   1.7372720e-03
   9.2882853e+02   1.7337312e-03
   9.2995776e+02   1.7301500e-03
   9.3108699e+02   1.7265286e-03
   9.3221622e+02   1.7228675e-03
   9.3334545e+02   1.7191668e-03
   9.3447467e+02   1.7154270e-03
   9.3560390e+02   1.7116482e-03
   9.3673313e+02   1.7078310e-03
   9.3786236e+02   1.7039755e-03
   9.3899159e+02   1.7000822e-03
   9.4012082e+02   1.6961513e-03
   9.4125005e+02   1.6921831e-03
   9.4237928e+02   1.6881781e-03
   9.4350851e+02   1.6841366e-03
   9.4463774e+02   1.6800588e-03
   9.4576697e+02   1.6759451e-03
   9.4689620e+02   1.6717960e-03
   9.4802543e+02   1.6676116e-03
   9.4915465e+02   1.6633924e-03
   9.5028388e+02   1.6591388e-03
   9.5141311e+02   1.6548509e-03
   9.5254234e+02   1.6505294e-03
   9.5367157e+02   1.6461743e-03
   9.5480080e+02   1.6417862e-03
   9.5593003e+02   1.6373654e-03
   9.5705926e+02   1.6329123e-03
   9.5818849e+02   1.6284271e-03
   9.5931772e+02   1.6239103e-03
   9.6044695e+02   1.6193622e-03
   9.6157618e+02   1.6147833e-03
   9.6270541e+02   1.6101738e-03
   9.6383463e+02   1.6055341e-03
   9.6496386e+02   1.6008646e-03
   9.6609309e+02   1.5961657e-03
   9.6722232e+02   1.5914377e-03
   9.6835155e+02   1.5866810e-03
   9.6948078e+02   1.5818960e-03
   9.7061001e+02   1.5770831e-03
   9.7173924e+02   1.5722426e-03
   9.7286847e+02   1.5673749e-03
   9.7399770e+02   1.5624804e-03
   9.7512693e+02   1.5575595e-03
   9.7625616e+02   1.5526125e-03
   9.7738539e+02   1.5476398e-03
   9.7851461e+02   1.5426418e-03
   9.7964384e+02   1.5376189e-03
   9.8077307e+02   1.5325714e-03
   9.8190230e+02   1.5274998e-03
   9.8303153e+02   1.5224045e-03
   9.8416076e+02   1.5172857e-03
   9.8528999e+02   1.5121439e-03
   9.8641922e+02   1.5069795e-03
   9.8754845e+02   1.5017929e-03
   9.8867768e+02   1.4965843e-03
   9.8980691e+02   1.4913544e-03
   9.9093614e+02   1.4861033e-03
   9.9206537e+02   1.4808315e-03
   9.9319459e+02   1.4755394e-03
   9.9432382e+02   1.4702273e-03
   9.9545305e+02   1.4648957e-03
   9.9658228e+02   1.4595449e-03
   9.9771151e+02   1.4541754e-03
   9.9884074e+02   1.4487874e-03
   9.9996997e+02   1.4433814e-03
   1.0010992e+03   1.4379578e-03
   1.0022284e+03   1.4325169e-03
   1.0033577e+03   1.4270592e-03
   1.0044869e+03   1.4215849e-03
   1.0056161e+03   1.4160946e-03
   1.0067453e+03   1.4105885e-03
   1.0078746e+03   1.4050671e-03
   1.0090038e+03   1.3995308e-03
   1.0101330e+03   1.3939798e-03
   1.0112623e+03   1.3884146e-03
   1.0123915e+03   1.3828357e-03
   1.0135207e+03   1.3772432e-03
   1.0146499e+03   1.3716377e-03
   1.0157792e+03   1.3660195e-03
   1.0169084e+03   1.3603890e-03
   1.0180376e+03   1.3547466e-03
   1.0191669e+03   1.3490926e-03
   1.0202961e+03   1.3434274e-03
   1.0214253e+03   1.3377513e-03
   1.0225546e+03   1.3320648e-03
   1.0236838e+03   1.3263683e-03
   1.0248130e+03   1.3206620e-03
   1.0259422e+03   1.3149463e-03
   1.0270715e+03   1.3092217e-03
   1.0282007e+03   1.3034885e-03
   1.0293299e+03   1.2977470e-03
   1.0304592e+03   1.2919976e-03
   1.0315884e+03   1.2862408e-03
   1.0327176e+03   1.2804767e-03
   1.0338468e+03   1.2747058e-03
   1.0349761e+03   1.2689285e-03
   1.0361053e+03   1.2631451e-03
   1.0372345e+03   1.2573560e-03
   1.0383638e+03   1.2515614e-03
   1.0394930e+03   1.2457619e-03
   1.0406222e+03   1.2399576e-03
   1.0417515e+03   1.2341490e-03
   1.0428807e+03   1.2283364e-03
   1.0440099e+03   1.2225202e-03
   1.0451391e+03   1.2167007e-03
   1.0462684e+03   1.2108782e-03
   1.0473976e+03   1.2050531e-03
   1.0485268e+03   1.1992257e-03
   1.0496561e+03   1.1933964e-03
   1.0507853e+03   1.1875654e-03
   1.0519145e+03   1.1817332e-03
   1.0530437e+03   1.1759001e-03
   1.0541730e+03   1.1700663e-03
   1.0553022e+03   1.1642322e-03
   1.0564314e+03   1.1583982e-03
   1.0575607e+03   1.1525645e-03
   1.0586899e+03   1.1467315e-03
   1.0598191e+03   1.1408995e-03
   1.0609483e+03   1.1350688e-03
   1.0620776e+03   1.1292397e-03
   1.0632068e+03   1.1234126e-03
   1.0643360e+03   1.1175877e-03
   1.0654653e+03   1.1117654e-03
   1.0665945e+03   1.1059459e-03
   1.0677237e+03   1.1001297e-03
   1.0688530e+03   1.0943169e-03
   1.0699822e+03   1.0885078e-03
   1.0711114e+03   1.0827029e-03
   1.0722406e+03   1.0769023e-03
   1.0733699e+03   1.0711064e-03
   1.0744991e+03   1.0653154e-03
   1.0756283e+03   1.0595296e-03
   1.0767576e+03   1.0537494e-03
   1.0778868e+03   1.0479750e-03
   1.0790160e+03   1.0422067e-03
   1.0801452e+03   1.0364447e-03
   1.0812745e+03   1.0306894e-03
   1.0824037e+03   1.0249410e-03
   1.0835329e+03   1.0191998e-03
   1.0846622e+03   1.0134660e-03
   1.0857914e+03   1.0077400e-03
   1.0869206e+03   1.0020219e-03
   1.0880498e+03   9.9631216e-04
   1.0891791e+03   9.9061088e-04
   1.0903083e+03   9.8491837e-04
   1.0914375e+03   9.7923489e-04
   1.0925668e+03   9.7356067e-04
   1.0936960e+03   9.6789598e-04
   1.0948252e+03   9.6224106e-04
   1.0959545e+03   9.5659615e-04
   1.0970837e+03   9.5096150e-04
   1.0982129e+03   9.4533734e-04
   1.0993421e+03   9.3972392e-04
   1.1004714e+03   9.3412145e-04
   1.1016006e+03   9.2853018e-04
   1.1027298e+03   9.2295034e-04
   1.1038591e+03   9.1738215e-04
   1.1049883e+03   9.1182583e-04
   1.1061175e+03   9.0628160e-04
   1.1072467e+03   9.0074969e-04
   1.1083760e+03   8.9523031e-04
   1.1095052e+03   8.8972366e-04
   1.1106344e+03   8.8422997e-04
   1.1117637e+03   8.7874944e-04
   1.1128929e+03   8.7328227e-04
   1.1140221e+03   8.6782867e-04
   1.1151514e+03   8.6238883e-04
   1.1162806e+03   8.5696296e-04
   1.1174098e+03   8.5155124e-04
   1.1185390e+03   8.4615388e-04
   1.1196683e+03   8.4077105e-04
   1.1207975e+03   8.3540294e-04
   1.1219267e+03   8.3004975e-04
   1.1230560e+03   8.2471164e-04
   1.1241852e+03   8.1938880e-04
   1.1253144e+03   8.1408141e-04
   1.1264436e+03   8.0878963e-04
   1.1275729e+03   8.0351364e-04
   1.1287021e+03   7.9825360e-04
   1.1298313e+03   7.9300968e-04
   1.1309606e+03   7.8778205e-04
   1.1320898e+03   7.8257086e-04
   1.1332190e+03   7.7737627e-04
   1.1343482e+03   7.7219844e-04
   1.1354775e+03   7.6703751e-04
   1.1366067e+03   7.6189364e-04
   1.1377359e+03   7.5676697e-04
   1.1388652e+03   7.5165765e-04
   1.1399944e+03   7.4656582e-04
   1.1411236e+03   7.4149161e-04
   1.1422529e+03   7.3643517e-04
   1.1433821e+03   7.3139663e-04
   1.1445113e+03   7.2637612e-04
   1.1456405e+03   7.2137377e-04
   1.1467698e+03   7.1638970e-04
   1.1478990e+03   7.1142403e-04
   1.1490282e+03   7.0647690e-04
   1.1501575e+03   7.0154841e-04
   1.1512867e+03   6.9663869e-04
   1.1524159e+03   6.9174784e-04
   1.1535451e+03   6.8687598e-04
   1.1546744e+03   6.8202322e-04
   1.1558036e+03   6.7718966e-04
   1.1569328e+03   6.7237540e-04
   1.1580621e+03   6.6758055e-04
   1.1591913e+03   6.6280521e-04
   1.1603205e+03   6.5804946e-04
   1.1614497e+03   6.5331341e-04
   1.1625790e+03   6.4859715e-04
   1.1637082e+03   6.4390076e-04
   1.1648374e+03   6.3922433e-04
   1.1659667e+03   6.3456794e-04
   1.1670959e+03   6.2993168e-04
   1.1682251e+03   6.2531563e-04
   1.1693544e+03   6.2071986e-04
   1.1704836e+03   6.1614445e-04
   1.1716128e+03   6.1158946e-04
   1.1727420e+03   6.0705498e-04
   1.1738713e+03   6.0254106e-04
   1.1750005e+03   5.9804777e-04
   1.1761297e+03   5.9357518e-04
   1.1772590e+03   5.8912334e-04
   1.1783882e+03   5.8469232e-04
   1.1795174e+03   5.8028217e-04
   1.1806466e+03   5.7589294e-04
   1.1817759e+03   5.7152469e-04
   1.1829051e+03   5.6717747e-04
   1.1840343e+03   5.6285132e-04
   1.1851636e+03   5.5854629e-04
   1.1862928e+03   5.5426242e-04
   1.1874220e+03   5.4999976e-04
   1.1885513e+03   5.4575833e-04
   1.1896805e+03   5.4153819e-04
   1.1908097e+03   5.3733936e-04
   1.1919389e+03   5.3316188e-04
   1.1930682e+03   5.2900578e-04
   1.1941974e+03   5.2487108e-04
   1.1953266e+03   5.2075782e-04
   1.1964559e+03   5.1666602e-04
   1.1975851e+03   5.1259569e-04
   1.1987143e+03   5.0854687e-04
   1.1998435e+03   5.0451957e-04
   1.2009728e+03   5.0051381e-04
   1.2021020e+03   4.9652959e-04
   1.2032312e+03   4.9256695e-04
   1.2043605e+03   4.8862588e-04
   1.2054897e+03   4.8470639e-04
   1.2066189e+03   4.8080850e-04
   1.2077481e+03   4.7693221e-04
   1.2088774e+03   4.7307753e-04
   1.2100066e+03   4.6924445e-04
   1.2111358e+03   4.6543297e-04
   1.2122651e+03   4.6164310e-04
   1.2133943e+03   4.5787483e-04
   1.2145235e+03   4.5412815e-04
   1.2156528e+03   4.5040307e-04
   1.2167820e+03   4.4669957e-04
   1.2179112e+03   4.4301764e-04
   1.2190404e+03   4.3935727e-04
   1.2201697e+03   4.3571845e-04
   1.2212989e+03   4.3210116e-04
   1.2224281e+03   4.2850539e-04
   1.2235574e+03   4.2493111e-04
   1.2246866e+03   4.2137832e-04
   1.2258158e+03   4.1784698e-04
   1.2269450e+03   4.1433708e-04
   1.2280743e+03   4.1084859e-04
   1.2292035e+03   4.0738148e-04
   1.2303327e+03   4.0393574e-04
   1.2314620e+03   4.0051133e-04
   1.2325912e+03   3.9710821e-04
   1.2337204e+03   3.9372637e-04
   1.2348496e+03   3.9036577e-04
   1.2359789e+03   3.8702637e-04
   1.2371081e+03   3.8370814e-04
   1.2382373e+03   3.8041104e-04
   1.2393666e+03   3.7713503e-04
   1.2404958e+03   3.7388008e-04
   1.2416250e+03   3.7064614e-04
   1.2427543e+03   3.6743318e-04
   1.2438835e+03   3.6424114e-04
   1.2450127e+03   3.6106999e-04
   1.2461419e+03   3.5791968e-04
   1.2472712e+03   3.5479017e-04
   1.2484004e+03   3.5168140e-04
   1.2495296e+03   3.4859333e-04
   1.2506589e+03   3.4552590e-04
   1.2517881e+03   3.4247907e-04
   1.2529173e+03   3.3945279e-04
   1.2540465e+03   3.3644699e-04
   1.2551758e+03   3.3346164e-04
   1.2563050e+03   3.3049666e-04
   1.2574342e+03   3.2755201e-04
   1.2585635e+03   3.2462762e-04
   1.2596927e+03   3.2172344e-04
   1.2608219e+03   3.1883941e-04
   1.2619512e+03   3.1597548e-04
   1.2630804e+03   3.1313156e-04
   1.2642096e+03   3.1030762e-04
   1.2653388e+03   3.0750358e-04
   1.2664681e+03   3.0471937e-04
   1.2675973e+03   3.0195494e-04
   1.2687265e+03   2.9921022e-04
   1.2698558e+03   2.9648514e-04
   1.2709850e+03   2.9377964e-04
   1.2721142e+03   2.9109364e-04
   1.2732434e+03   2.8842708e-04
   1.2743727e+03   2.8577989e-04
   1.2755019e+03   2.8315199e-04
   1.2766311e+03   2.8054332e-04
   1.2777604e+03   2.7795381e-04
   1.2788896e+03   2.7538337e-04
   1.2800188e+03   2.7283195e-04
   1.2811480e+03   2.7029946e-04
   1.2822773e+03   2.6778583e-04
   1.2834065e+03   2.6529099e-04
   1.2845357e+03   2.6281486e-04
   1.2856650e+03   2.6035736e-04
   1.2867942e+03   2.5791841e-04
   1.2879234e+03   2.5549795e-04
   1.2890527e+03   2.5309588e-04
   1.2901819e+03   2.5071214e-04
   1.2913111e+03   2.4834664e-04
   1.2924403e+03   2.4599930e-04
   1.2935696e+03   2.4367004e-04
   1.2946988e+03   2.4135879e-04
   1.2958280e+03   2.3906545e-04
   1.2969573e+03   2.3678996e-04
   1.2980865e+03   2.3453222e-04
   1.2992157e+03   2.3229216e-04
   1.3003449e+03   2.3006969e-04
   1.3014742e+03   2.2786472e-04
   1.3026034e+03   2.2567718e-04
   1.3037326e+03   2.2350698e-04
   1.3048619e+03   2.2135404e-04
   1.3059911e+03   2.1921827e-04
   1.3071203e+03   2.1709958e-04
   1.3082495e+03   2.1499789e-04
   1.3093788e+03   2.1291312e-04
   1.3105080e+03   2.1084518e-04
   1.3116372e+03   2.0879398e-04
   1.3127665e+03   2.0675944e-04
   1.3138957e+03   2.0474146e-04
   1.3150249e+03   2.0273997e-04
   1.3161542e+03   2.0075487e-04
   1.3172834e+03   1.9878608e-04
   1.3184126e+03   1.9683350e-04
   1.3195418e+03   1.9489706e-04
   1.3206711e+03   1.9297666e-04
   1.3218003e+03   1.9107222e-04
   1.3229295e+03   1.8918364e-04
   1.3240588e+03   1.8731084e-04
   1.3251880e+03   1.8545373e-04
   1.3263172e+03   1.8361222e-04
   1.3274464e+03   1.8178623e-04
   1.3285757e+03   1.7997565e-04
   1.3297049e+03   1.7818040e-04
   1.3308341e+03   1.7640040e-04
   1.3319634e+03   1.7463556e-04
   1.3330926e+03   1.7288578e-04
   1.3342218e+03   1.7115097e-04
   1.3353511e+03   1.6943105e-04
   1.3364803e+03   1.6772593e-04
   1.3376095e+03   1.6603551e-04
   1.3387387e+03   1.6435971e-04
   1.3398680e+03   1.6269844e-04
   1.3409972e+03   1.6105160e-04
   1.3421264e+03   1.5941912e-04
   1.3432557e+03   1.5780089e-04
   1.3443849e+03   1.5619683e-04
   1.3455141e+03   1.5460686e-04
   1.3466433e+03   1.5303087e-04
   1.3477726e+03   1.5146878e-04
   1.3489018e+03   1.4992051e-04
   1.3500310e+03   1.4838596e-04
   1.3511603e+03   1.4686505e-04
   1.3522895e+03   1.4535767e-04
   1.3534187e+03   1.4386376e-04
   1.3545479e+03   1.4238321e-04
   1.3556772e+03   1.4091594e-04
   1.3568064e+03   1.3946186e-04
   1.3579356e+03   1.3802088e-04
   1.3590649e+03   1.3659291e-04
   1.3601941e+03   1.3517787e-04
   1.3613233e+03   1.3377567e-04
   1.3624526e+03   1.3238622e-04
   1.3635818e+03   1.3100942e-04
   1.3647110e+03   1.2964520e-04
   1.3658402e+03   1.2829347e-04
   1.3669695e+03   1.2695414e-04
   1.3680987e+03   1.2562712e-04
   1.3692279e+03   1.2431233e-04
   1.3703572e+03   1.2300967e-04
   1.3714864e+03   1.2171907e-04
   1.3726156e+03   1.2044044e-04
   1.3737448e+03   1.1917369e-04
   1.3748741e+03   1.1791873e-04
   1.3760033e+03   1.1667548e-04
   1.3771325e+03   1.1544386e-04
   1.3782618e+03   1.1422378e-04
   1.3793910e+03   1.1301516e-04
   1.3805202e+03   1.1181790e-04
   1.3816494e+03   1.1063194e-04
   1.3827787e+03   1.0945718e-04
   1.3839079e+03   1.0829354e-04
   1.3850371e+03   1.0714093e-04
   1.3861664e+03   1.0599928e-04
   1.3872956e+03   1.0486850e-04
   1.3884248e+03   1.0374851e-04
   1.3895541e+03   1.0263922e-04
   1.3906833e+03   1.0154056e-04
   1.3918125e+03   1.0045244e-04
   1.3929417e+03   9.9374784e-05
   1.3940710e+03   9.8307509e-05
   1.3952002e+03   9.7250535e-05
   1.3963294e+03   9.6203781e-05
   1.3974587e+03   9.5167167e-05
   1.3985879e+03   9.4140613e-05
   1.3997171e+03   9.3124041e-05
   1.4008463e+03   9.2117372e-05
   1.4019756e+03   9.1120527e-05
   1.4031048e+03   9.0133427e-05
   1.4042340e+03   8.9155995e-05
   1.4053633e+03   8.8188153e-05
   1.4064925e+03   8.7229824e-05
   1.4076217e+03   8.6280931e-05
   1.4087510e+03   8.5341398e-05
   1.4098802e+03   8.4411148e-05
   1.4110094e+03   8.3490107e-05
   1.4121386e+03   8.2578197e-05
   1.4132679e+03   8.1675345e-05
   1.4143971e+03   8.0781475e-05
   1.4155263e+03   7.9896513e-05
   1.4166556e+03   7.9020386e-05
   1.4177848e+03   7.8153019e-05
   1.4189140e+03   7.7294340e-05
   1.4200432e+03   7.6444276e-05
   1.4211725e+03   7.5602754e-05
   1.4223017e+03   7.4769703e-05
   1.4234309e+03   7.3945050e-05
   1.4245602e+03   7.3128724e-05
   1.4256894e+03   7.2320655e-05
   1.4268186e+03   7.1520772e-05
   1.4279478e+03   7.0729005e-05
   1.4290771e+03   6.9945284e-05
   1.4302063e+03   6.9169539e-05
   1.4313355e+03   6.8401703e-05
   1.4324648e+03   6.7641706e-05
   1.4335940e+03   6.6889480e-05
   1.4347232e+03   6.6144957e-05
   1.4358525e+03   6.5408071e-05
   1.4369817e+03   6.4678754e-05
   1.4381109e+03   6.3956939e-05
   1.4392401e+03   6.3242561e-05
   1.4403694e+03   6.2535553e-05
   1.4414986e+03   6.1835851e-05
   1.4426278e+03   6.1143390e-05
   1.4437571e+03   6.0458104e-05
   1.4448863e+03   5.9779930e-05
   1.4460155e+03   5.9108804e-05
   1.4471447e+03   5.8444662e-05
   1.4482740e+03   5.7787442e-05
   1.4494032e+03   5.7137082e-05
   1.4505324e+03   5.6493518e-05
   1.4516617e+03   5.5856690e-05
   1.4527909e+03   5.5226535e-05
   1.4539201e+03   5.4602994e-05
   1.4550493e+03   5.3986006e-05
   1.4561786e+03   5.3375510e-05
   1.4573078e+03   5.2771446e-05
   1.4584370e+03   5.2173756e-05
   1.4595663e+03   5.1582381e-05
   1.4606955e+03   5.0997262e-05
   1.4618247e+03   5.0418340e-05
   1.4629540e+03   4.9845559e-05
   1.4640832e+03   4.9278861e-05
   1.4652124e+03   4.8718189e-05
   1.4663416e+03   4.8163487e-05
   1.4674709e+03   4.7614698e-05
   1.4686001e+03   4.7071767e-05
   1.4697293e+03   4.6534638e-05
   1.4708586e+03   4.6003257e-05
   1.4719878e+03   4.5477569e-05
   1.4731170e+03   4.4957520e-05
   1.4742462e+03   4.4443057e-05
   1.4753755e+03   4.3934125e-05
   1.4765047e+03   4.3430672e-05
   1.4776339e+03   4.2932646e-05
   1.4787632e+03   4.2439994e-05
   1.4798924e+03   4.1952665e-05
   1.4810216e+03   4.1470607e-05
   1.4821509e+03   4.0993769e-05
   1.4832801e+03   4.0522101e-05
   1.4844093e+03   4.0055552e-05
   1.4855385e+03   3.9594073e-05
   1.4866678e+03   3.9137615e-05
   1.4877970e+03   3.8686127e-05
   1.4889262e+03   3.8239562e-05
   1.4900555e+03   3.7797871e-05
   1.4911847e+03   3.7361006e-05
   1.4923139e+03   3.6928921e-05
   1.4934431e+03   3.6501566e-05
   1.4945724e+03   3.6078897e-05
   1.4957016e+03   3.5660866e-05
   1.4968308e+03   3.5247427e-05
   1.4979601e+03   3.4838535e-05
   1.4990893e+03   3.4434144e-05
   1.5002185e+03   3.4034210e-05
   1.5013477e+03   3.3638688e-05
   1.5024770e+03   3.3247533e-05
   1.5036062e+03   3.2860702e-05
   1.5047354e+03   3.2478152e-05
   1.5058647e+03   3.2099838e-05
   1.5069939e+03   3.1725720e-05
   1.5081231e+03   3.1355753e-05
   1.5092524e+03   3.0989896e-05
   1.5103816e+03   3.0628107e-05
   1.5115108e+03   3.0270346e-05
   1.5126400e+03   2.9916570e-05
   1.5137693e+03   2.9566739e-05
   1.5148985e+03   2.9220814e-05
   1.5160277e+03   2.8878753e-05
   1.5171570e+03   2.8540518e-05
   1.5182862e+03   2.8206069e-05
   1.5194154e+03   2.7875367e-05
   1.5205446e+03   2.7548374e-05
   1.5216739e+03   2.7225050e-05
   1.5228031e+03   2.6905360e-05
   1.5239323e+03   2.6589264e-05
   1.5250616e+03   2.6276725e-05
   1.5261908e+03   2.5967707e-05
   1.5273200e+03   2.5662173e-05
   1.5284492e+03   2.5360086e-05
   1.5295785e+03   2.5061411e-05
   1.5307077e+03   2.4766112e-05
   1.5318369e+03   2.4474153e-05
   1.5329662e+03   2.4185500e-05
   1.5340954e+03   2.3900118e-05
   1.5352246e+03   2.3617973e-05
   1.5363539e+03   2.3339030e-05
   1.5374831e+03   2.3063255e-05
   1.5386123e+03   2.2790616e-05
   1.5397415e+03   2.2521079e-05
   1.5408708e+03   2.2254611e-05
   1.5420000e+03   2.1991179e-05
