   4.6020000e+02   3.3923563e-05
   4.6176366e+02   3.5194631e-05
   4.6332733e+02   3.6507172e-05
   4.6489099e+02   3.7862287e-05
   4.6645465e+02   3.9261093e-05
   4.6801832e+02   4.0704726e-05
   4.6958198e+02   4.2194344e-05
   4.7114565e+02   4.3731122e-05
   4.7270931e+02   4.5316255e-05
   4.7427297e+02   4.6950956e-05
   4.7583664e+02   4.8636459e-05
   4.7740030e+02   5.0374013e-05
   4.7896396e+02   5.2164888e-05
   4.8052763e+02   5.4010373e-05
   4.8209129e+02   5.5911774e-05
   4.8365495e+02   5.7870415e-05
   4.8521862e+02   5.9887637e-05
   4.8678228e+02   6.1964800e-05
   4.8834595e+02   6.4103280e-05
   4.8990961e+02   6.6304471e-05
   4.9147327e+02   6.8569781e-05
   4.9303694e+02   7.0900637e-05
   4.9460060e+02   7.3298481e-05
   4.9616426e+02   7.5764769e-05
   4.9772793e+02   7.8300974e-05
   4.9929159e+02   8.0908580e-05
   5.0085526e+02   8.3589090e-05
   5.0241892e+02   8.6344017e-05
   5.0398258e+02   8.9174887e-05
   5.0554625e+02   9.2083240e-05
   5.0710991e+02   9.5070627e-05
   5.0867357e+02   9.8138609e-05
   5.1023724e+02   1.0128876e-04
   5.1180090e+02   1.0452266e-04
   5.1336456e+02   1.0784191e-04
   5.1492823e+02   1.1124809e-04
   5.1649189e+02   1.1474283e-04
   5.1805556e+02   1.1832773e-04
   5.1961922e+02   1.2200442e-04
   5.2118288e+02   1.2577453e-04
   5.2274655e+02   1.2963967e-04
   5.2431021e+02   1.3360149e-04
   5.2587387e+02   1.3766162e-04
   5.2743754e+02   1.4182171e-04
   5.2900120e+02   1.4608338e-04
   5.3056486e+02   1.5044829e-04
   5.3212853e+02   1.5491805e-04
   5.3369219e+02   1.5949432e-04
   5.3525586e+02   1.6417872e-04
   5.3681952e+02   1.6897287e-04
   5.3838318e+02   1.7387840e-04
   5.3994685e+02   1.7889693e-04
   5.4151051e+02   1.8403004e-04
   5.4307417e+02   1.8927935e-04
   5.4463784e+02   1.9464643e-04
   5.4620150e+02   2.0013287e-04
   5.4776517e+02   2.0574021e-04
   5.4932883e+02   2.1147001e-04
   5.5089249e+02   2.1732379e-04
   5.5245616e+02   2.2330306e-04
   5.5401982e+02   2.2940933e-04
   5.5558348e+02   2.3564407e-04
   5.5714715e+02   2.4200871e-04
   5.5871081e+02   2.4850471e-04
   5.6027447e+02   2.5513345e-04
   5.6183814e+02   2.6189633e-04
   5.6340180e+02   2.6879469e-04
   5.6496547e+02   2.7582986e-04
   5.6652913e+02   2.8300312e-04
   5.6809279e+02   2.9031575e-04
   5.6965646e+02   2.9776897e-04
   5.7122012e+02   3.0536397e-04
   5.7278378e+02   3.1310191e-04
   5.7434745e+02   3.2098391e-04
   5.7591111e+02   3.2901105e-04
   5.7747477e+02   3.3718437e-04
   5.7903844e+02   3.4550486e-04
   5.8060210e+02   3.5397348e-04
   5.8216577e+02   3.6259113e-04
   5.8372943e+02   3.7135867e-04
   5.8529309e+02   3.8027692e-04
   5.8685676e+02   3.8934663e-04
   5.8842042e+02   3.9856851e-04
   5.8998408e+02   4.0794321e-04
   5.9154775e+02   4.1747134e-04
   5.9311141e+02   4.2715344e-04
   5.9467508e+02   4.3698999e-04
   5.9623874e+02   4.4698142e-04
   5.9780240e+02   4.5712809e-04
   5.9936607e+02   4.6743031e-04
   6.0092973e+02   4.7788832e-04
   6.0249339e+02   4.8850228e-04
   6.0405706e+02   4.9927232e-04
   6.0562072e+02   5.1019845e-04
   6.0718438e+02   5.2128067e-04
   6.0874805e+02   5.3251885e-04
   6.1031171e+02   5.4391285e-04
   6.1187538e+02   5.5546239e-04
   6.1343904e+02   5.6716718e-04
   6.1500270e+02   5.7902681e-04
   6.1656637e+02   5.9104080e-04
   6.1813003e+02   6.0320862e-04
   6.1969369e+02   6.1552964e-04
   6.2125736e+02   6.2800314e-04
   6.2282102e+02   6.4062834e-04
   6.2438468e+02   6.5340436e-04
   6.2594835e+02   6.6633027e-04
   6.2751201e+02   6.7940502e-04
   6.2907568e+02   6.9262749e-04
   6.3063934e+02   7.0599648e-04
   6.3220300e+02   7.1951070e-04
   6.3376667e+02   7.3316878e-04
   6.3533033e+02   7.4696926e-04
   6.3689399e+02   7.6091058e-04
   6.3845766e+02   7.7499112e-04
   6.4002132e+02   7.8920915e-04
   6.4158498e+02   8.0356286e-04
   6.4314865e+02   8.1805035e-04
   6.4471231e+02   8.3266963e-04
   6.4627598e+02   8.4741863e-04
   6.4783964e+02   8.6229520e-04
   6.4940330e+02   8.7729706e-04
   6.5096697e+02   8.9242189e-04
   6.5253063e+02   9.0766725e-04
   6.5409429e+02   9.2303063e-04
   6.5565796e+02   9.3850943e-04
   6.5722162e+02   9.5410095e-04
   6.5878529e+02   9.6980242e-04
   6.6034895e+02   9.8561097e-04
   6.6191261e+02   1.0015237e-03
   6.6347628e+02   1.0175375e-03
   6.6503994e+02   1.0336492e-03
   6.6660360e+02   1.0498558e-03
   6.6816727e+02   1.0661538e-03
   6.6973093e+02   1.0825400e-03
   6.7129459e+02   1.0990109e-03
   6.7285826e+02   1.1155630e-03
   6.7442192e+02   1.1321926e-03
   6.7598559e+02   1.1488961e-03
   6.7754925e+02   1.1656698e-03
   6.7911291e+02   1.1825097e-03
   6.8067658e+02   1.1994121e-03
   6.8224024e+02   1.2163729e-03
   6.8380390e+02   1.2333881e-03
   6.8536757e+02   1.2504536e-03
   6.8693123e+02   1.2675652e-03
   6.8849489e+02   1.2847187e-03
   6.9005856e+02   1.3019098e-03
   6.9162222e+02   1.3191341e-03
   6.9318589e+02   1.3363872e-03
   6.9474955e+02   1.3536647e-03
   6.9631321e+02   1.3709620e-03
   6.9787688e+02   1.3882745e-03
   6.9944054e+02   1.4055977e-03
   7.0100420e+02   1.4229268e-03
   7.0256787e+02   1.4402571e-03
   7.0413153e+02   1.4575839e-03
   7.0569520e+02   1.4749024e-03
   7.0725886e+02   1.4922077e-03
   7.0882252e+02   1.5094950e-03
   7.1038619e+02   1.5267594e-03
   7.1194985e+02   1.5439959e-03
   7.1351351e+02   1.5611996e-03
   7.1507718e+02   1.5783656e-03
   7.1664084e+02   1.5954887e-03
   7.1820450e+02   1.6125640e-03
   7.1976817e+02   1.6295866e-03
   7.2133183e+02   1.6465512e-03
   7.2289550e+02   1.6634529e-03
   7.2445916e+02   1.6802866e-03
   7.2602282e+02   1.6970473e-03
   7.2758649e+02   1.7137299e-03
   7.2915015e+02   1.7303293e-03
   7.3071381e+02   1.7468405e-03
   7.3227748e+02   1.7632585e-03
   7.3384114e+02   1.7795781e-03
   7.3540480e+02   1.7957944e-03
   7.3696847e+02   1.8119024e-03
   7.3853213e+02   1.8278972e-03
   7.4009580e+02   1.8437736e-03
   7.4165946e+02   1.8595270e-03
   7.4322312e+02   1.8751522e-03
   7.4478679e+02   1.8906445e-03
   7.4635045e+02   1.9059990e-03
   7.4791411e+02   1.9212110e-03
   7.4947778e+02   1.9362757e-03
   7.5104144e+02   1.9511884e-03
   7.5260511e+02   1.9659444e-03
   7.5416877e+02   1.9805392e-03
   7.5573243e+02   1.9949681e-03
   7.5729610e+02   2.0092268e-03
   7.5885976e+02   2.0233107e-03
   7.6042342e+02   2.0372154e-03
   7.6198709e+02   2.0509368e-03
   7.6355075e+02   2.0644704e-03
   7.6511441e+02   2.0778122e-03
   7.6667808e+02   2.0909581e-03
   7.6824174e+02   2.1039040e-03
   7.6980541e+02   2.1166459e-03
   7.7136907e+02   2.1291800e-03
   7.7293273e+02   2.1415026e-03
   7.7449640e+02   2.1536098e-03
   7.7606006e+02   2.1654981e-03
   7.7762372e+02   2.1771640e-03
   7.7918739e+02   2.1886040e-03
   7.8075105e+02   2.1998147e-03
   7.8231471e+02   2.2107930e-03
   7.8387838e+02   2.2215355e-03
   7.8544204e+02   2.2320394e-03
   7.8700571e+02   2.2423016e-03
   7.8856937e+02   2.2523192e-03
   7.9013303e+02   2.2620895e-03
   7.9169670e+02   2.2716099e-03
   7.9326036e+02   2.2808777e-03
   7.9482402e+02   2.2898906e-03
   7.9638769e+02   2.2986462e-03
   7.9795135e+02   2.3071423e-03
   7.9951502e+02   2.3153768e-03
   8.0107868e+02   2.3233476e-03
   8.0264234e+02   2.3310529e-03
   8.0420601e+02   2.3384909e-03
   8.0576967e+02   2.3456599e-03
   8.0733333e+02   2.3525584e-03
   8.0889700e+02   2.3591849e-03
   8.1046066e+02   2.3655381e-03
   8.1202432e+02   2.3716168e-03
   8.1358799e+02   2.3774199e-03
   8.1515165e+02   2.3829464e-03
   8.1671532e+02   2.3881955e-03
   8.1827898e+02   2.3931663e-03
   8.1984264e+02   2.3978584e-03
   8.2140631e+02   2.4022711e-03
   8.2296997e+02   2.4064041e-03
   8.2453363e+02   2.4102571e-03
   8.2609730e+02   2.4138299e-03
   8.2766096e+02   2.4171224e-03
   8.2922462e+02   2.4201347e-03
   8.3078829e+02   2.4228671e-03
   8.3235195e+02   2.4253196e-03
   8.3391562e+02   2.4274928e-03
   8.3547928e+02   2.4293872e-03
   8.3704294e+02   2.4310034e-03
   8.3860661e+02   2.4323420e-03
   8.4017027e+02   2.4334039e-03
   8.4173393e+02   2.4341901e-03
   8.4329760e+02   2.4347016e-03
   8.4486126e+02   2.4349395e-03
   8.4642492e+02   2.4349051e-03
   8.4798859e+02   2.4345997e-03
   8.4955225e+02   2.4340248e-03
   8.5111592e+02   2.4331818e-03
   8.5267958e+02   2.4320725e-03
   8.5424324e+02   2.4306986e-03
   8.5580691e+02   2.4290618e-03
   8.5737057e+02   2.4271642e-03
   8.5893423e+02   2.4250077e-03
   8.6049790e+02   2.4225944e-03
   8.6206156e+02   2.4199264e-03
   8.6362523e+02   2.4170061e-03
   8.6518889e+02   2.4138358e-03
   8.6675255e+02   2.4104179e-03
   8.6831622e+02   2.4067548e-03
   8.6987988e+02   2.4028492e-03
   8.7144354e+02   2.3987037e-03
   8.7300721e+02   2.3943210e-03
   8.7457087e+02   2.3897039e-03
   8.7613453e+02   2.3848553e-03
   8.7769820e+02   2.3797780e-03
   8.7926186e+02   2.3744750e-03
   8.8082553e+02   2.3689494e-03
   8.8238919e+02   2.3632042e-03
   8.8395285e+02   2.3572425e-03
   8.8551652e+02   2.3510677e-03
   8.8708018e+02   2.3446829e-03
   8.8864384e+02   2.3380914e-03
   8.9020751e+02   2.3312965e-03
   8.9177117e+02   2.3243017e-03
   8.9333483e+02   2.3171103e-03
   8.9489850e+02   2.3097258e-03
   8.9646216e+02   2.3021517e-03
   8.9802583e+02   2.2943916e-03
   8.9958949e+02   2.2864489e-03
   9.0115315e+02   2.2783272e-03
   9.0271682e+02   2.2700303e-03
   9.0428048e+02   2.2615616e-03
   9.0584414e+02   2.2529250e-03
   9.0740781e+02   2.2441240e-03
   9.0897147e+02   2.2351623e-03
   9.1053514e+02   2.2260436e-03
   9.1209880e+02   2.2167717e-03
   9.1366246e+02   2.2073504e-03
   9.1522613e+02   2.1977832e-03
   9.1678979e+02   2.1880741e-03
   9.1835345e+02   2.1782267e-03
   9.1991712e+02   2.1682448e-03
   9.2148078e+02   2.1581321e-03
   9.2304444e+02   2.1478924e-03
   9.2460811e+02   2.1375294e-03
   9.2617177e+02   2.1270470e-03
   9.2773544e+02   2.1164487e-03
   9.2929910e+02   2.1057384e-03
   9.3086276e+02   2.0949197e-03
   9.3242643e+02   2.0839963e-03
   9.3399009e+02   2.0729720e-03
   9.3555375e+02   2.0618503e-03
   9.3711742e+02   2.0506350e-03
   9.3868108e+02   2.0393296e-03
   9.4024474e+02   2.0279379e-03
   9.4180841e+02   2.0164632e-03
   9.4337207e+02   2.0049093e-03
   9.4493574e+02   1.9932795e-03
   9.4649940e+02   1.9815776e-03
   9.4806306e+02   1.9698068e-03
   9.4962673e+02   1.9579707e-03
   9.5119039e+02   1.9460727e-03
   9.5275405e+02   1.9341161e-03
   9.5431772e+02   1.9221042e-03
   9.5588138e+02   1.9100405e-03
   9.5744505e+02   1.8979282e-03
   9.5900871e+02   1.8857705e-03
   9.6057237e+02   1.8735706e-03
   9.6213604e+02   1.8613316e-03
   9.6369970e+02   1.8490568e-03
   9.6526336e+02   1.8367491e-03
   9.6682703e+02   1.8244116e-03
   9.6839069e+02   1.8120474e-03
   9.6995435e+02   1.7996592e-03
   9.7151802e+02   1.7872502e-03
   9.7308168e+02   1.7748230e-03
   9.7464535e+02   1.7623806e-03
   9.7620901e+02   1.7499257e-03
   9.7777267e+02   1.7374610e-03
   9.7933634e+02   1.7249893e-03
   9.8090000e+02   1.7125131e-03
   9.8246366e+02   1.7000350e-03
   9.8402733e+02   1.6875576e-03
   9.8559099e+02   1.6750834e-03
   9.8715465e+02   1.6626148e-03
   9.8871832e+02   1.6501541e-03
   9.9028198e+02   1.6377038e-03
   9.9184565e+02   1.6252662e-03
   9.9340931e+02   1.6128434e-03
   9.9497297e+02   1.6004377e-03
   9.9653664e+02   1.5880512e-03
   9.9810030e+02   1.5756861e-03
   9.9966396e+02   1.5633443e-03
   1.0012276e+03   1.5510279e-03
   1.0027913e+03   1.5387389e-03
   1.0043550e+03   1.5264791e-03
   1.0059186e+03   1.5142504e-03
   1.0074823e+03   1.5020546e-03
   1.0090459e+03   1.4898934e-03
   1.0106096e+03   1.4777687e-03
   1.0121733e+03   1.4656820e-03
   1.0137369e+03   1.4536349e-03
   1.0153006e+03   1.4416291e-03
   1.0168643e+03   1.4296660e-03
   1.0184279e+03   1.4177472e-03
   1.0199916e+03   1.4058740e-03
   1.0215553e+03   1.3940479e-03
   1.0231189e+03   1.3822702e-03
   1.0246826e+03   1.3705422e-03
   1.0262462e+03   1.3588651e-03
   1.0278099e+03   1.3472401e-03
   1.0293736e+03   1.3356685e-03
   1.0309372e+03   1.3241514e-03
   1.0325009e+03   1.3126897e-03
   1.0340646e+03   1.3012847e-03
   1.0356282e+03   1.2899372e-03
   1.0371919e+03   1.2786482e-03
   1.0387556e+03   1.2674187e-03
   1.0403192e+03   1.2562495e-03
   1.0418829e+03   1.2451414e-03
   1.0434465e+03   1.2340954e-03
   1.0450102e+03   1.2231120e-03
   1.0465739e+03   1.2121922e-03
   1.0481375e+03   1.2013364e-03
   1.0497012e+03   1.1905455e-03
   1.0512649e+03   1.1798201e-03
   1.0528285e+03   1.1691606e-03
   1.0543922e+03   1.1585677e-03
   1.0559559e+03   1.1480419e-03
   1.0575195e+03   1.1375837e-03
   1.0590832e+03   1.1271936e-03
   1.0606468e+03   1.1168719e-03
   1.0622105e+03   1.1066191e-03
   1.0637742e+03   1.0964355e-03
   1.0653378e+03   1.0863214e-03
   1.0669015e+03   1.0762772e-03
   1.0684652e+03   1.0663032e-03
   1.0700288e+03   1.0563996e-03
   1.0715925e+03   1.0465666e-03
   1.0731562e+03   1.0368044e-03
   1.0747198e+03   1.0271132e-03
   1.0762835e+03   1.0174932e-03
   1.0778471e+03   1.0079445e-03
   1.0794108e+03   9.9846715e-04
   1.0809745e+03   9.8906126e-04
   1.0825381e+03   9.7972689e-04
   1.0841018e+03   9.7046407e-04
   1.0856655e+03   9.6127283e-04
   1.0872291e+03   9.5215316e-04
   1.0887928e+03   9.4310502e-04
   1.0903565e+03   9.3412839e-04
   1.0919201e+03   9.2522319e-04
   1.0934838e+03   9.1638934e-04
   1.0950474e+03   9.0762675e-04
   1.0966111e+03   8.9893531e-04
   1.0981748e+03   8.9031487e-04
   1.0997384e+03   8.8176530e-04
   1.1013021e+03   8.7328643e-04
   1.1028658e+03   8.6487808e-04
   1.1044294e+03   8.5654007e-04
   1.1059931e+03   8.4827219e-04
   1.1075568e+03   8.4007422e-04
   1.1091204e+03   8.3194592e-04
   1.1106841e+03   8.2388706e-04
   1.1122477e+03   8.1589739e-04
   1.1138114e+03   8.0797662e-04
   1.1153751e+03   8.0012450e-04
   1.1169387e+03   7.9234072e-04
   1.1185024e+03   7.8462500e-04
   1.1200661e+03   7.7697702e-04
   1.1216297e+03   7.6939647e-04
   1.1231934e+03   7.6188303e-04
   1.1247571e+03   7.5443635e-04
   1.1263207e+03   7.4705611e-04
   1.1278844e+03   7.3974194e-04
   1.1294480e+03   7.3249350e-04
   1.1310117e+03   7.2531041e-04
   1.1325754e+03   7.1819232e-04
   1.1341390e+03   7.1113885e-04
   1.1357027e+03   7.0414961e-04
   1.1372664e+03   6.9722422e-04
   1.1388300e+03   6.9036229e-04
   1.1403937e+03   6.8356341e-04
   1.1419574e+03   6.7682719e-04
   1.1435210e+03   6.7015323e-04
   1.1450847e+03   6.6354111e-04
   1.1466483e+03   6.5699042e-04
   1.1482120e+03   6.5050075e-04
   1.1497757e+03   6.4407167e-04
   1.1513393e+03   6.3770277e-04
   1.1529030e+03   6.3139361e-04
   1.1544667e+03   6.2514377e-04
   1.1560303e+03   6.1895283e-04
   1.1575940e+03   6.1282034e-04
   1.1591577e+03   6.0674588e-04
   1.1607213e+03   6.0072902e-04
   1.1622850e+03   5.9476931e-04
   1.1638486e+03   5.8886632e-04
   1.1654123e+03   5.8301961e-04
   1.1669760e+03   5.7722875e-04
   1.1685396e+03   5.7149329e-04
   1.1701033e+03   5.6581280e-04
   1.1716670e+03   5.6018684e-04
   1.1732306e+03   5.5461496e-04
   1.1747943e+03   5.4909673e-04
   1.1763580e+03   5.4363171e-04
   1.1779216e+03   5.3821946e-04
   1.1794853e+03   5.3285954e-04
   1.1810489e+03   5.2755151e-04
   1.1826126e+03   5.2229495e-04
   1.1841763e+03   5.1708940e-04
   1.1857399e+03   5.1193445e-04
   1.1873036e+03   5.0682964e-04
   1.1888673e+03   5.0177456e-04
   1.1904309e+03   4.9676877e-04
   1.1919946e+03   4.9181185e-04
   1.1935583e+03   4.8690336e-04
   1.1951219e+03   4.8204287e-04
   1.1966856e+03   4.7722997e-04
   1.1982492e+03   4.7246423e-04
   1.1998129e+03   4.6774523e-04
   1.2013766e+03   4.6307256e-04
   1.2029402e+03   4.5844578e-04
   1.2045039e+03   4.5386450e-04
   1.2060676e+03   4.4932830e-04
   1.2076312e+03   4.4483676e-04
   1.2091949e+03   4.4038949e-04
   1.2107586e+03   4.3598606e-04
   1.2123222e+03   4.3162609e-04
   1.2138859e+03   4.2730917e-04
   1.2154495e+03   4.2303490e-04
   1.2170132e+03   4.1880288e-04
   1.2185769e+03   4.1461272e-04
   1.2201405e+03   4.1046404e-04
   1.2217042e+03   4.0635644e-04
   1.2232679e+03   4.0228953e-04
   1.2248315e+03   3.9826294e-04
   1.2263952e+03   3.9427628e-04
   1.2279589e+03   3.9032918e-04
   1.2295225e+03   3.8642126e-04
   1.2310862e+03   3.8255215e-04
   1.2326498e+03   3.7872147e-04
   1.2342135e+03   3.7492887e-04
   1.2357772e+03   3.7117397e-04
   1.2373408e+03   3.6745643e-04
   1.2389045e+03   3.6377587e-04
   1.2404682e+03   3.6013195e-04
   1.2420318e+03   3.5652430e-04
   1.2435955e+03   3.5295259e-04
   1.2451592e+03   3.4941646e-04
   1.2467228e+03   3.4591557e-04
   1.2482865e+03   3.4244958e-04
   1.2498502e+03   3.3901814e-04
   1.2514138e+03   3.3562094e-04
   1.2529775e+03   3.3225762e-04
   1.2545411e+03   3.2892786e-04
   1.2561048e+03   3.2563134e-04
   1.2576685e+03   3.2236772e-04
   1.2592321e+03   3.1913669e-04
   1.2607958e+03   3.1593794e-04
   1.2623595e+03   3.1277113e-04
   1.2639231e+03   3.0963596e-04
   1.2654868e+03   3.0653212e-04
   1.2670505e+03   3.0345931e-04
   1.2686141e+03   3.0041720e-04
   1.2701778e+03   2.9740551e-04
   1.2717414e+03   2.9442394e-04
   1.2733051e+03   2.9147218e-04
   1.2748688e+03   2.8854995e-04
   1.2764324e+03   2.8565695e-04
   1.2779961e+03   2.8279289e-04
   1.2795598e+03   2.7995748e-04
   1.2811234e+03   2.7715046e-04
   1.2826871e+03   2.7437152e-04
   1.2842508e+03   2.7162040e-04
   1.2858144e+03   2.6889681e-04
   1.2873781e+03   2.6620050e-04
   1.2889417e+03   2.6353117e-04
   1.2905054e+03   2.6088858e-04
   1.2920691e+03   2.5827244e-04
   1.2936327e+03   2.5568251e-04
   1.2951964e+03   2.5311852e-04
   1.2967601e+03   2.5058020e-04
   1.2983237e+03   2.4806731e-04
   1.2998874e+03   2.4557960e-04
   1.3014511e+03   2.4311680e-04
   1.3030147e+03   2.4067868e-04
   1.3045784e+03   2.3826499e-04
   1.3061420e+03   2.3587548e-04
   1.3077057e+03   2.3350992e-04
   1.3092694e+03   2.3116806e-04
   1.3108330e+03   2.2884967e-04
   1.3123967e+03   2.2655451e-04
   1.3139604e+03   2.2428235e-04
   1.3155240e+03   2.2203297e-04
   1.3170877e+03   2.1980614e-04
   1.3186514e+03   2.1760162e-04
   1.3202150e+03   2.1541920e-04
   1.3217787e+03   2.1325866e-04
   1.3233423e+03   2.1111978e-04
   1.3249060e+03   2.0900234e-04
   1.3264697e+03   2.0690612e-04
   1.3280333e+03   2.0483092e-04
   1.3295970e+03   2.0277653e-04
   1.3311607e+03   2.0074273e-04
   1.3327243e+03   1.9872932e-04
   1.3342880e+03   1.9673611e-04
   1.3358517e+03   1.9476287e-04
   1.3374153e+03   1.9280942e-04
   1.3389790e+03   1.9087556e-04
   1.3405426e+03   1.8896109e-04
   1.3421063e+03   1.8706582e-04
   1.3436700e+03   1.8518955e-04
   1.3452336e+03   1.8333209e-04
   1.3467973e+03   1.8149326e-04
   1.3483610e+03   1.7967287e-04
   1.3499246e+03   1.7787074e-04
   1.3514883e+03   1.7608668e-04
   1.3530520e+03   1.7432051e-04
   1.3546156e+03   1.7257205e-04
   1.3561793e+03   1.7084112e-04
   1.3577429e+03   1.6912756e-04
   1.3593066e+03   1.6743118e-04
   1.3608703e+03   1.6575181e-04
   1.3624339e+03   1.6408928e-04
   1.3639976e+03   1.6244343e-04
   1.3655613e+03   1.6081408e-04
   1.3671249e+03   1.5920108e-04
   1.3686886e+03   1.5760425e-04
   1.3702523e+03   1.5602344e-04
   1.3718159e+03   1.5445848e-04
   1.3733796e+03   1.5290922e-04
   1.3749432e+03   1.5137549e-04
   1.3765069e+03   1.4985715e-04
   1.3780706e+03   1.4835404e-04
   1.3796342e+03   1.4686600e-04
   1.3811979e+03   1.4539289e-04
   1.3827616e+03   1.4393455e-04
   1.3843252e+03   1.4249084e-04
   1.3858889e+03   1.4106161e-04
   1.3874526e+03   1.3964671e-04
   1.3890162e+03   1.3824600e-04
   1.3905799e+03   1.3685935e-04
   1.3921435e+03   1.3548660e-04
   1.3937072e+03   1.3412762e-04
   1.3952709e+03   1.3278227e-04
   1.3968345e+03   1.3145042e-04
   1.3983982e+03   1.3013192e-04
   1.3999619e+03   1.2882665e-04
   1.4015255e+03   1.2753447e-04
   1.4030892e+03   1.2625525e-04
   1.4046529e+03   1.2498886e-04
   1.4062165e+03   1.2373517e-04
   1.4077802e+03   1.2249406e-04
   1.4093438e+03   1.2126540e-04
   1.4109075e+03   1.2004906e-04
   1.4124712e+03   1.1884492e-04
   1.4140348e+03   1.1765286e-04
   1.4155985e+03   1.1647275e-04
   1.4171622e+03   1.1530448e-04
   1.4187258e+03   1.1414793e-04
   1.4202895e+03   1.1300298e-04
   1.4218532e+03   1.1186952e-04
   1.4234168e+03   1.1074742e-04
   1.4249805e+03   1.0963658e-04
   1.4265441e+03   1.0853688e-04
   1.4281078e+03   1.0744821e-04
   1.4296715e+03   1.0637046e-04
   1.4312351e+03   1.0530352e-04
   1.4327988e+03   1.0424729e-04
   1.4343625e+03   1.0320164e-04
   1.4359261e+03   1.0216649e-04
   1.4374898e+03   1.0114172e-04
   1.4390535e+03   1.0012722e-04
   1.4406171e+03   9.9122905e-05
   1.4421808e+03   9.8128661e-05
   1.4437444e+03   9.7144390e-05
   1.4453081e+03   9.6169991e-05
   1.4468718e+03   9.5205366e-05
   1.4484354e+03   9.4250417e-05
   1.4499991e+03   9.3305046e-05
   1.4515628e+03   9.2369158e-05
   1.4531264e+03   9.1442656e-05
   1.4546901e+03   9.0525448e-05
   1.4562538e+03   8.9617440e-05
   1.4578174e+03   8.8718540e-05
   1.4593811e+03   8.7828656e-05
   1.4609447e+03   8.6947698e-05
   1.4625084e+03   8.6075576e-05
   1.4640721e+03   8.5212202e-05
   1.4656357e+03   8.4357488e-05
   1.4671994e+03   8.3511347e-05
   1.4687631e+03   8.2673693e-05
   1.4703267e+03   8.1844441e-05
   1.4718904e+03   8.1023507e-05
   1.4734541e+03   8.0210807e-05
   1.4750177e+03   7.9406259e-05
   1.4765814e+03   7.8609781e-05
   1.4781450e+03   7.7821292e-05
   1.4797087e+03   7.7040712e-05
   1.4812724e+03   7.6267961e-05
   1.4828360e+03   7.5502961e-05
   1.4843997e+03   7.4745635e-05
   1.4859634e+03   7.3995904e-05
   1.4875270e+03   7.3253694e-05
   1.4890907e+03   7.2518929e-05
   1.4906544e+03   7.1791534e-05
   1.4922180e+03   7.1071434e-05
   1.4937817e+03   7.0358558e-05
   1.4953453e+03   6.9652832e-05
   1.4969090e+03   6.8954185e-05
   1.4984727e+03   6.8262545e-05
   1.5000363e+03   6.7577843e-05
   1.5016000e+03   6.6900009e-05
   1.5031637e+03   6.6228974e-05
   1.5047273e+03   6.5564669e-05
   1.5062910e+03   6.4907028e-05
   1.5078547e+03   6.4255983e-05
   1.5094183e+03   6.3611468e-05
   1.5109820e+03   6.2973419e-05
   1.5125456e+03   6.2341769e-05
   1.5141093e+03   6.1716454e-05
   1.5156730e+03   6.1097412e-05
   1.5172366e+03   6.0484580e-05
   1.5188003e+03   5.9877894e-05
   1.5203640e+03   5.9277293e-05
   1.5219276e+03   5.8682717e-05
   1.5234913e+03   5.8094105e-05
   1.5250550e+03   5.7511396e-05
   1.5266186e+03   5.6934533e-05
   1.5281823e+03   5.6363455e-05
   1.5297459e+03   5.5798106e-05
   1.5313096e+03   5.5238428e-05
   1.5328733e+03   5.4684363e-05
   1.5344369e+03   5.4135856e-05
   1.5360006e+03   5.3592850e-05
   1.5375643e+03   5.3055291e-05
   1.5391279e+03   5.2523124e-05
   1.5406916e+03   5.1996295e-05
   1.5422553e+03   5.1474750e-05
   1.5438189e+03   5.0958437e-05
   1.5453826e+03   5.0447302e-05
   1.5469462e+03   4.9941295e-05
   1.5485099e+03   4.9440362e-05
   1.5500736e+03   4.8944455e-05
   1.5516372e+03   4.8453521e-05
   1.5532009e+03   4.7967512e-05
   1.5547646e+03   4.7486378e-05
   1.5563282e+03   4.7010069e-05
   1.5578919e+03   4.6538538e-05
   1.5594556e+03   4.6071737e-05
   1.5610192e+03   4.5609618e-05
   1.5625829e+03   4.5152135e-05
   1.5641465e+03   4.4699240e-05
   1.5657102e+03   4.4250887e-05
   1.5672739e+03   4.3807032e-05
   1.5688375e+03   4.3367629e-05
   1.5704012e+03   4.2932634e-05
   1.5719649e+03   4.2502001e-05
   1.5735285e+03   4.2075688e-05
   1.5750922e+03   4.1653651e-05
   1.5766559e+03   4.1235848e-05
   1.5782195e+03   4.0822235e-05
   1.5797832e+03   4.0412771e-05
   1.5813468e+03   4.0007413e-05
   1.5829105e+03   3.9606122e-05
   1.5844742e+03   3.9208856e-05
   1.5860378e+03   3.8815575e-05
   1.5876015e+03   3.8426238e-05
   1.5891652e+03   3.8040807e-05
   1.5907288e+03   3.7659241e-05
   1.5922925e+03   3.7281503e-05
   1.5938562e+03   3.6907554e-05
   1.5954198e+03   3.6537356e-05
   1.5969835e+03   3.6170871e-05
   1.5985471e+03   3.5808062e-05
   1.6001108e+03   3.5448892e-05
   1.6016745e+03   3.5093324e-05
   1.6032381e+03   3.4741323e-05
   1.6048018e+03   3.4392853e-05
   1.6063655e+03   3.4047879e-05
   1.6079291e+03   3.3706364e-05
   1.6094928e+03   3.3368275e-05
   1.6110565e+03   3.3033577e-05
   1.6126201e+03   3.2702236e-05
   1.6141838e+03   3.2374219e-05
   1.6157474e+03   3.2049492e-05
   1.6173111e+03   3.1728022e-05
   1.6188748e+03   3.1409777e-05
   1.6204384e+03   3.1094723e-05
   1.6220021e+03   3.0782830e-05
   1.6235658e+03   3.0474065e-05
   1.6251294e+03   3.0168398e-05
   1.6266931e+03   2.9865796e-05
   1.6282568e+03   2.9566229e-05
   1.6298204e+03   2.9269668e-05
   1.6313841e+03   2.8976081e-05
   1.6329477e+03   2.8685438e-05
   1.6345114e+03   2.8397711e-05
   1.6360751e+03   2.8112870e-05
   1.6376387e+03   2.7830886e-05
   1.6392024e+03   2.7551731e-05
   1.6407661e+03   2.7275375e-05
   1.6423297e+03   2.7001792e-05
   1.6438934e+03   2.6730952e-05
   1.6454571e+03   2.6462830e-05
   1.6470207e+03   2.6197396e-05
   1.6485844e+03   2.5934625e-05
   1.6501480e+03   2.5674490e-05
   1.6517117e+03   2.5416964e-05
   1.6532754e+03   2.5162021e-05
   1.6548390e+03   2.4909636e-05
   1.6564027e+03   2.4659781e-05
   1.6579664e+03   2.4412433e-05
   1.6595300e+03   2.4167566e-05
   1.6610937e+03   2.3925156e-05
   1.6626574e+03   2.3685176e-05
   1.6642210e+03   2.3447604e-05
   1.6657847e+03   2.3212414e-05
   1.6673483e+03   2.2979584e-05
   1.6689120e+03   2.2749089e-05
   1.6704757e+03   2.2520906e-05
   1.6720393e+03   2.2295012e-05
   1.6736030e+03   2.2071384e-05
   1.6751667e+03   2.1849998e-05
   1.6767303e+03   2.1630834e-05
   1.6782940e+03   2.1413867e-05
   1.6798577e+03   2.1199077e-05
   1.6814213e+03   2.0986442e-05
   1.6829850e+03   2.0775939e-05
   1.6845486e+03   2.0567547e-05
   1.6861123e+03   2.0361246e-05
   1.6876760e+03   2.0157014e-05
   1.6892396e+03   1.9954831e-05
   1.6908033e+03   1.9754675e-05
   1.6923670e+03   1.9556528e-05
   1.6939306e+03   1.9360368e-05
   1.6954943e+03   1.9166175e-05
   1.6970580e+03   1.8973930e-05
   1.6986216e+03   1.8783614e-05
   1.7001853e+03   1.8595206e-05
   1.7017489e+03   1.8408688e-05
   1.7033126e+03   1.8224041e-05
   1.7048763e+03   1.8041247e-05
   1.7064399e+03   1.7860285e-05
   1.7080036e+03   1.7681139e-05
   1.7095673e+03   1.7503790e-05
   1.7111309e+03   1.7328219e-05
   1.7126946e+03   1.7154410e-05
   1.7142583e+03   1.6982344e-05
   1.7158219e+03   1.6812004e-05
   1.7173856e+03   1.6643372e-05
   1.7189492e+03   1.6476432e-05
   1.7205129e+03   1.6311167e-05
   1.7220766e+03   1.6147559e-05
   1.7236402e+03   1.5985592e-05
   1.7252039e+03   1.5825250e-05
   1.7267676e+03   1.5666516e-05
   1.7283312e+03   1.5509374e-05
   1.7298949e+03   1.5353809e-05
   1.7314586e+03   1.5199803e-05
   1.7330222e+03   1.5047343e-05
   1.7345859e+03   1.4896412e-05
   1.7361495e+03   1.4746995e-05
   1.7377132e+03   1.4599076e-05
   1.7392769e+03   1.4452641e-05
   1.7408405e+03   1.4307675e-05
   1.7424042e+03   1.4164163e-05
   1.7439679e+03   1.4022090e-05
   1.7455315e+03   1.3881443e-05
   1.7470952e+03   1.3742206e-05
   1.7486589e+03   1.3604366e-05
   1.7502225e+03   1.3467909e-05
   1.7517862e+03   1.3332820e-05
   1.7533498e+03   1.3199086e-05
   1.7549135e+03   1.3066694e-05
   1.7564772e+03   1.2935629e-05
   1.7580408e+03   1.2805879e-05
   1.7596045e+03   1.2677431e-05
   1.7611682e+03   1.2550271e-05
   1.7627318e+03   1.2424386e-05
   1.7642955e+03   1.2299765e-05
   1.7658592e+03   1.2176393e-05
   1.7674228e+03   1.2054258e-05
   1.7689865e+03   1.1933349e-05
   1.7705502e+03   1.1813653e-05
   1.7721138e+03   1.1695157e-05
   1.7736775e+03   1.1577849e-05
   1.7752411e+03   1.1461719e-05
   1.7768048e+03   1.1346753e-05
   1.7783685e+03   1.1232940e-05
   1.7799321e+03   1.1120269e-05
   1.7814958e+03   1.1008728e-05
   1.7830595e+03   1.0898306e-05
   1.7846231e+03   1.0788991e-05
   1.7861868e+03   1.0680773e-05
   1.7877505e+03   1.0573640e-05
   1.7893141e+03   1.0467582e-05
   1.7908778e+03   1.0362588e-05
   1.7924414e+03   1.0258647e-05
   1.7940051e+03   1.0155748e-05
   1.7955688e+03   1.0053882e-05
   1.7971324e+03   9.9530372e-06
   1.7986961e+03   9.8532041e-06
   1.8002598e+03   9.7543723e-06
   1.8018234e+03   9.6565318e-06
   1.8033871e+03   9.5596727e-06
   1.8049508e+03   9.4637852e-06
   1.8065144e+03   9.3688594e-06
   1.8080781e+03   9.2748858e-06
   1.8096417e+03   9.1818548e-06
   1.8112054e+03   9.0897569e-06
   1.8127691e+03   8.9985828e-06
   1.8143327e+03   8.9083232e-06
   1.8158964e+03   8.8189690e-06
   1.8174601e+03   8.7305110e-06
   1.8190237e+03   8.6429403e-06
   1.8205874e+03   8.5562480e-06
   1.8221511e+03   8.4704252e-06
   1.8237147e+03   8.3854633e-06
   1.8252784e+03   8.3013535e-06
   1.8268420e+03   8.2180874e-06
   1.8284057e+03   8.1356566e-06
   1.8299694e+03   8.0540525e-06
   1.8315330e+03   7.9732669e-06
   1.8330967e+03   7.8932917e-06
   1.8346604e+03   7.8141187e-06
   1.8362240e+03   7.7357398e-06
   1.8377877e+03   7.6581470e-06
   1.8393514e+03   7.5813326e-06
   1.8409150e+03   7.5052886e-06
   1.8424787e+03   7.4300074e-06
   1.8440423e+03   7.3554813e-06
   1.8456060e+03   7.2817027e-06
   1.8471697e+03   7.2086642e-06
   1.8487333e+03   7.1363582e-06
   1.8502970e+03   7.0647776e-06
   1.8518607e+03   6.9939149e-06
   1.8534243e+03   6.9237629e-06
   1.8549880e+03   6.8543147e-06
   1.8565517e+03   6.7855630e-06
   1.8581153e+03   6.7175010e-06
   1.8596790e+03   6.6501216e-06
   1.8612426e+03   6.5834181e-06
   1.8628063e+03   6.5173836e-06
   1.8643700e+03   6.4520115e-06
   1.8659336e+03   6.3872951e-06
   1.8674973e+03   6.3232278e-06
   1.8690610e+03   6.2598032e-06
   1.8706246e+03   6.1970147e-06
   1.8721883e+03   6.1348561e-06
   1.8737520e+03   6.0733209e-06
   1.8753156e+03   6.0124029e-06
   1.8768793e+03   5.9520960e-06
   1.8784429e+03   5.8923939e-06
   1.8800066e+03   5.8332907e-06
   1.8815703e+03   5.7747804e-06
   1.8831339e+03   5.7168569e-06
   1.8846976e+03   5.6595144e-06
   1.8862613e+03   5.6027471e-06
   1.8878249e+03   5.5465492e-06
   1.8893886e+03   5.4909149e-06
   1.8909523e+03   5.4358387e-06
   1.8925159e+03   5.3813150e-06
   1.8940796e+03   5.3273381e-06
   1.8956432e+03   5.2739027e-06
   1.8972069e+03   5.2210032e-06
   1.8987706e+03   5.1686343e-06
   1.9003342e+03   5.1167908e-06
   1.9018979e+03   5.0654672e-06
   1.9034616e+03   5.0146584e-06
   1.9050252e+03   4.9643593e-06
   1.9065889e+03   4.9145647e-06
   1.9081526e+03   4.8652695e-06
   1.9097162e+03   4.8164688e-06
   1.9112799e+03   4.7681576e-06
   1.9128435e+03   4.7203310e-06
   1.9144072e+03   4.6729841e-06
   1.9159709e+03   4.6261120e-06
   1.9175345e+03   4.5797102e-06
   1.9190982e+03   4.5337738e-06
   1.9206619e+03   4.4882981e-06
   1.9222255e+03   4.4432786e-06
   1.9237892e+03   4.3987106e-06
   1.9253529e+03   4.3545897e-06
   1.9269165e+03   4.3109113e-06
   1.9284802e+03   4.2676711e-06
   1.9300438e+03   4.2248645e-06
   1.9316075e+03   4.1824874e-06
   1.9331712e+03   4.1405352e-06
   1.9347348e+03   4.0990039e-06
   1.9362985e+03   4.0578892e-06
   1.9378622e+03   4.0171869e-06
   1.9394258e+03   3.9768928e-06
   1.9409895e+03   3.9370029e-06
   1.9425532e+03   3.8975131e-06
   1.9441168e+03   3.8584194e-06
   1.9456805e+03   3.8197178e-06
   1.9472441e+03   3.7814044e-06
   1.9488078e+03   3.7434753e-06
   1.9503715e+03   3.7059267e-06
   1.9519351e+03   3.6687547e-06
   1.9534988e+03   3.6319555e-06
   1.9550625e+03   3.5955255e-06
   1.9566261e+03   3.5594608e-06
   1.9581898e+03   3.5237580e-06
   1.9597535e+03   3.4884132e-06
   1.9613171e+03   3.4534229e-06
   1.9628808e+03   3.4187836e-06
   1.9644444e+03   3.3844918e-06
   1.9660081e+03   3.3505439e-06
   1.9675718e+03   3.3169365e-06
   1.9691354e+03   3.2836663e-06
   1.9706991e+03   3.2507297e-06
   1.9722628e+03   3.2181235e-06
   1.9738264e+03   3.1858444e-06
   1.9753901e+03   3.1538890e-06
   1.9769538e+03   3.1222542e-06
   1.9785174e+03   3.0909367e-06
   1.9800811e+03   3.0599333e-06
   1.9816447e+03   3.0292408e-06
   1.9832084e+03   2.9988563e-06
   1.9847721e+03   2.9687765e-06
   1.9863357e+03   2.9389984e-06
   1.9878994e+03   2.9095190e-06
   1.9894631e+03   2.8803353e-06
   1.9910267e+03   2.8514443e-06
   1.9925904e+03   2.8228431e-06
   1.9941541e+03   2.7945288e-06
   1.9957177e+03   2.7664985e-06
   1.9972814e+03   2.7387494e-06
   1.9988450e+03   2.7112786e-06
   2.0004087e+03   2.6840833e-06
   2.0019724e+03   2.6571608e-06
   2.0035360e+03   2.6305084e-06
   2.0050997e+03   2.6041233e-06
   2.0066634e+03   2.5780028e-06
   2.0082270e+03   2.5521444e-06
   2.0097907e+03   2.5265453e-06
   2.0113544e+03   2.5012030e-06
   2.0129180e+03   2.4761148e-06
   2.0144817e+03   2.4512784e-06
   2.0160453e+03   2.4266910e-06
   2.0176090e+03   2.4023503e-06
   2.0191727e+03   2.3782537e-06
   2.0207363e+03   2.3543988e-06
   2.0223000e+03   2.3307832e-06
