   4.3360000e+02   1.5880538e-04
   4.3573954e+02   1.6959072e-04
   4.3787908e+02   1.8093892e-04
   4.4001862e+02   1.9286615e-04
   4.4215816e+02   2.0538805e-04
   4.4429770e+02   2.1851969e-04
   4.4643724e+02   2.3227545e-04
   4.4857678e+02   2.4666897e-04
   4.5071632e+02   2.6171303e-04
   4.5285586e+02   2.7741949e-04
   4.5499540e+02   2.9379920e-04
   4.5713493e+02   3.1086188e-04
   4.5927447e+02   3.2861611e-04
   4.6141401e+02   3.4706915e-04
   4.6355355e+02   3.6622693e-04
   4.6569309e+02   3.8609396e-04
   4.6783263e+02   4.0667321e-04
   4.6997217e+02   4.2796611e-04
   4.7211171e+02   4.4997240e-04
   4.7425125e+02   4.7269013e-04
   4.7639079e+02   4.9611558e-04
   4.7853033e+02   5.2024320e-04
   4.8066987e+02   5.4506556e-04
   4.8280941e+02   5.7057335e-04
   4.8494895e+02   5.9675529e-04
   4.8708849e+02   6.2359813e-04
   4.8922803e+02   6.5108666e-04
   4.9136757e+02   6.7920366e-04
   4.9350711e+02   7.0792991e-04
   4.9564665e+02   7.3724422e-04
   4.9778619e+02   7.6712342e-04
   4.9992573e+02   7.9754242e-04
   5.0206527e+02   8.2847420e-04
   5.0420480e+02   8.5988990e-04
   5.0634434e+02   8.9175883e-04
   5.0848388e+02   9.2404859e-04
   5.1062342e+02   9.5672509e-04
   5.1276296e+02   9.8975266e-04
   5.1490250e+02   1.0230941e-03
   5.1704204e+02   1.0567109e-03
   5.1918158e+02   1.0905632e-03
   5.2132112e+02   1.1246098e-03
   5.2346066e+02   1.1588088e-03
   5.2560020e+02   1.1931170e-03
   5.2773974e+02   1.2274906e-03
   5.2987928e+02   1.2618851e-03
   5.3201882e+02   1.2962553e-03
   5.3415836e+02   1.3305560e-03
   5.3629790e+02   1.3647413e-03
   5.3843744e+02   1.3987655e-03
   5.4057698e+02   1.4325829e-03
   5.4271652e+02   1.4661479e-03
   5.4485606e+02   1.4994155e-03
   5.4699560e+02   1.5323409e-03
   5.4913514e+02   1.5648802e-03
   5.5127467e+02   1.5969901e-03
   5.5341421e+02   1.6286285e-03
   5.5555375e+02   1.6597540e-03
   5.5769329e+02   1.6903267e-03
   5.5983283e+02   1.7203079e-03
   5.6197237e+02   1.7496604e-03
   5.6411191e+02   1.7783485e-03
   5.6625145e+02   1.8063382e-03
   5.6839099e+02   1.8335973e-03
   5.7053053e+02   1.8600952e-03
   5.7267007e+02   1.8858036e-03
   5.7480961e+02   1.9106960e-03
   5.7694915e+02   1.9347478e-03
   5.7908869e+02   1.9579367e-03
   5.8122823e+02   1.9802425e-03
   5.8336777e+02   2.0016473e-03
   5.8550731e+02   2.0221351e-03
   5.8764685e+02   2.0416923e-03
   5.8978639e+02   2.0603075e-03
   5.9192593e+02   2.0779716e-03
   5.9406547e+02   2.0946774e-03
   5.9620501e+02   2.1104202e-03
   5.9834454e+02   2.1251971e-03
   6.0048408e+02   2.1390077e-03
   6.0262362e+02   2.1518532e-03
   6.0476316e+02   2.1637370e-03
   6.0690270e+02   2.1746645e-03
   6.0904224e+02   2.1846427e-03
   6.1118178e+02   2.1936807e-03
   6.1332132e+02   2.2017890e-03
   6.1546086e+02   2.2089799e-03
   6.1760040e+02   2.2152671e-03
   6.1973994e+02   2.2206657e-03
   6.2187948e+02   2.2251924e-03
   6.2401902e+02   2.2288647e-03
   6.2615856e+02   2.2317017e-03
   6.2829810e+02   2.2337232e-03
   6.3043764e+02   2.2349501e-03
   6.3257718e+02   2.2354040e-03
   6.3471672e+02   2.2351074e-03
   6.3685626e+02   2.2340835e-03
   6.3899580e+02   2.2323557e-03
   6.4113534e+02   2.2299481e-03
   6.4327487e+02   2.2268853e-03
   6.4541441e+02   2.2231917e-03
   6.4755395e+02   2.2188924e-03
   6.4969349e+02   2.2140123e-03
   6.5183303e+02   2.2085763e-03
   6.5397257e+02   2.2026094e-03
   6.5611211e+02   2.1961364e-03
   6.5825165e+02   2.1891819e-03
   6.6039119e+02   2.1817701e-03
   6.6253073e+02   2.1739252e-03
   6.6467027e+02   2.1656707e-03
   6.6680981e+02   2.1570299e-03
   6.6894935e+02   2.1480256e-03
   6.7108889e+02   2.1386799e-03
   6.7322843e+02   2.1290146e-03
   6.7536797e+02   2.1190508e-03
   6.7750751e+02   2.1088090e-03
   6.7964705e+02   2.0983092e-03
   6.8178659e+02   2.0875705e-03
   6.8392613e+02   2.0766117e-03
   6.8606567e+02   2.0654505e-03
   6.8820521e+02   2.0541042e-03
   6.9034474e+02   2.0425894e-03
   6.9248428e+02   2.0309219e-03
   6.9462382e+02   2.0191168e-03
   6.9676336e+02   2.0071888e-03
   6.9890290e+02   1.9951515e-03
   7.0104244e+02   1.9830181e-03
   7.0318198e+02   1.9708011e-03
   7.0532152e+02   1.9585122e-03
   7.0746106e+02   1.9461627e-03
   7.0960060e+02   1.9337631e-03
   7.1174014e+02   1.9213234e-03
   7.1387968e+02   1.9088530e-03
   7.1601922e+02   1.8963606e-03
   7.1815876e+02   1.8838545e-03
   7.2029830e+02   1.8713424e-03
   7.2243784e+02   1.8588316e-03
   7.2457738e+02   1.8463287e-03
   7.2671692e+02   1.8338400e-03
   7.2885646e+02   1.8213714e-03
   7.3099600e+02   1.8089282e-03
   7.3313554e+02   1.7965153e-03
   7.3527508e+02   1.7841375e-03
   7.3741461e+02   1.7717988e-03
   7.3955415e+02   1.7595032e-03
   7.4169369e+02   1.7472543e-03
   7.4383323e+02   1.7350553e-03
   7.4597277e+02   1.7229091e-03
   7.4811231e+02   1.7108184e-03
   7.5025185e+02   1.6987857e-03
   7.5239139e+02   1.6868131e-03
   7.5453093e+02   1.6749027e-03
   7.5667047e+02   1.6630561e-03
   7.5881001e+02   1.6512750e-03
   7.6094955e+02   1.6395607e-03
   7.6308909e+02   1.6279145e-03
   7.6522863e+02   1.6163374e-03
   7.6736817e+02   1.6048304e-03
   7.6950771e+02   1.5933942e-03
   7.7164725e+02   1.5820296e-03
   7.7378679e+02   1.5707370e-03
   7.7592633e+02   1.5595169e-03
   7.7806587e+02   1.5483698e-03
   7.8020541e+02   1.5372959e-03
   7.8234494e+02   1.5262953e-03
   7.8448448e+02   1.5153682e-03
   7.8662402e+02   1.5045148e-03
   7.8876356e+02   1.4937349e-03
   7.9090310e+02   1.4830285e-03
   7.9304264e+02   1.4723956e-03
   7.9518218e+02   1.4618360e-03
   7.9732172e+02   1.4513495e-03
   7.9946126e+02   1.4409360e-03
   8.0160080e+02   1.4305951e-03
   8.0374034e+02   1.4203266e-03
   8.0587988e+02   1.4101302e-03
   8.0801942e+02   1.4000056e-03
   8.1015896e+02   1.3899524e-03
   8.1229850e+02   1.3799703e-03
   8.1443804e+02   1.3700590e-03
   8.1657758e+02   1.3602180e-03
   8.1871712e+02   1.3504469e-03
   8.2085666e+02   1.3407453e-03
   8.2299620e+02   1.3311129e-03
   8.2513574e+02   1.3215491e-03
   8.2727528e+02   1.3120537e-03
   8.2941481e+02   1.3026261e-03
   8.3155435e+02   1.2932658e-03
   8.3369389e+02   1.2839726e-03
   8.3583343e+02   1.2747459e-03
   8.3797297e+02   1.2655852e-03
   8.4011251e+02   1.2564902e-03
   8.4225205e+02   1.2474604e-03
   8.4439159e+02   1.2384953e-03
   8.4653113e+02   1.2295946e-03
   8.4867067e+02   1.2207577e-03
   8.5081021e+02   1.2119842e-03
   8.5294975e+02   1.2032737e-03
   8.5508929e+02   1.1946257e-03
   8.5722883e+02   1.1860398e-03
   8.5936837e+02   1.1775156e-03
   8.6150791e+02   1.1690526e-03
   8.6364745e+02   1.1606504e-03
   8.6578699e+02   1.1523085e-03
   8.6792653e+02   1.1440266e-03
   8.7006607e+02   1.1358042e-03
   8.7220561e+02   1.1276408e-03
   8.7434515e+02   1.1195361e-03
   8.7648468e+02   1.1114896e-03
   8.7862422e+02   1.1035010e-03
   8.8076376e+02   1.0955697e-03
   8.8290330e+02   1.0876955e-03
   8.8504284e+02   1.0798778e-03
   8.8718238e+02   1.0721164e-03
   8.8932192e+02   1.0644107e-03
   8.9146146e+02   1.0567603e-03
   8.9360100e+02   1.0491650e-03
   8.9574054e+02   1.0416243e-03
   8.9788008e+02   1.0341377e-03
   9.0001962e+02   1.0267050e-03
   9.0215916e+02   1.0193256e-03
   9.0429870e+02   1.0119993e-03
   9.0643824e+02   1.0047257e-03
   9.0857778e+02   9.9750435e-04
   9.1071732e+02   9.9033489e-04
   9.1285686e+02   9.8321696e-04
   9.1499640e+02   9.7615019e-04
   9.1713594e+02   9.6913422e-04
   9.1927548e+02   9.6216867e-04
   9.2141502e+02   9.5525318e-04
   9.2355455e+02   9.4838739e-04
   9.2569409e+02   9.4157096e-04
   9.2783363e+02   9.3480351e-04
   9.2997317e+02   9.2808471e-04
   9.3211271e+02   9.2141420e-04
   9.3425225e+02   9.1479163e-04
   9.3639179e+02   9.0821665e-04
   9.3853133e+02   9.0168894e-04
   9.4067087e+02   8.9520814e-04
   9.4281041e+02   8.8877393e-04
   9.4494995e+02   8.8238595e-04
   9.4708949e+02   8.7604389e-04
   9.4922903e+02   8.6974742e-04
   9.5136857e+02   8.6349620e-04
   9.5350811e+02   8.5728991e-04
   9.5564765e+02   8.5112822e-04
   9.5778719e+02   8.4501082e-04
   9.5992673e+02   8.3893740e-04
   9.6206627e+02   8.3290762e-04
   9.6420581e+02   8.2692118e-04
   9.6634535e+02   8.2097777e-04
   9.6848488e+02   8.1507707e-04
   9.7062442e+02   8.0921879e-04
   9.7276396e+02   8.0340261e-04
   9.7490350e+02   7.9762824e-04
   9.7704304e+02   7.9189537e-04
   9.7918258e+02   7.8620370e-04
   9.8132212e+02   7.8055294e-04
   9.8346166e+02   7.7494279e-04
   9.8560120e+02   7.6937297e-04
   9.8774074e+02   7.6384318e-04
   9.8988028e+02   7.5835314e-04
   9.9201982e+02   7.5290255e-04
   9.9415936e+02   7.4749114e-04
   9.9629890e+02   7.4211862e-04
   9.9843844e+02   7.3678472e-04
   1.0005780e+03   7.3148916e-04
   1.0027175e+03   7.2623165e-04
   1.0048571e+03   7.2101194e-04
   1.0069966e+03   7.1582974e-04
   1.0091361e+03   7.1068478e-04
   1.0112757e+03   7.0557681e-04
   1.0134152e+03   7.0050555e-04
   1.0155548e+03   6.9547073e-04
   1.0176943e+03   6.9047211e-04
   1.0198338e+03   6.8550941e-04
   1.0219734e+03   6.8058238e-04
   1.0241129e+03   6.7569076e-04
   1.0262525e+03   6.7083431e-04
   1.0283920e+03   6.6601275e-04
   1.0305315e+03   6.6122585e-04
   1.0326711e+03   6.5647336e-04
   1.0348106e+03   6.5175502e-04
   1.0369502e+03   6.4707060e-04
   1.0390897e+03   6.4241985e-04
   1.0412292e+03   6.3780252e-04
   1.0433688e+03   6.3321838e-04
   1.0455083e+03   6.2866719e-04
   1.0476478e+03   6.2414871e-04
   1.0497874e+03   6.1966270e-04
   1.0519269e+03   6.1520894e-04
   1.0540665e+03   6.1078719e-04
   1.0562060e+03   6.0639721e-04
   1.0583455e+03   6.0203880e-04
   1.0604851e+03   5.9771170e-04
   1.0626246e+03   5.9341571e-04
   1.0647642e+03   5.8915060e-04
   1.0669037e+03   5.8491614e-04
   1.0690432e+03   5.8071211e-04
   1.0711828e+03   5.7653830e-04
   1.0733223e+03   5.7239449e-04
   1.0754619e+03   5.6828046e-04
   1.0776014e+03   5.6419601e-04
   1.0797409e+03   5.6014091e-04
   1.0818805e+03   5.5611495e-04
   1.0840200e+03   5.5211793e-04
   1.0861596e+03   5.4814964e-04
   1.0882991e+03   5.4420987e-04
   1.0904386e+03   5.4029842e-04
   1.0925782e+03   5.3641508e-04
   1.0947177e+03   5.3255965e-04
   1.0968573e+03   5.2873193e-04
   1.0989968e+03   5.2493172e-04
   1.1011363e+03   5.2115883e-04
   1.1032759e+03   5.1741305e-04
   1.1054154e+03   5.1369420e-04
   1.1075550e+03   5.1000207e-04
   1.1096945e+03   5.0633649e-04
   1.1118340e+03   5.0269724e-04
   1.1139736e+03   4.9908416e-04
   1.1161131e+03   4.9549704e-04
   1.1182527e+03   4.9193571e-04
   1.1203922e+03   4.8839997e-04
   1.1225317e+03   4.8488964e-04
   1.1246713e+03   4.8140455e-04
   1.1268108e+03   4.7794450e-04
   1.1289504e+03   4.7450932e-04
   1.1310899e+03   4.7109884e-04
   1.1332294e+03   4.6771286e-04
   1.1353690e+03   4.6435122e-04
   1.1375085e+03   4.6101375e-04
   1.1396480e+03   4.5770026e-04
   1.1417876e+03   4.5441058e-04
   1.1439271e+03   4.5114455e-04
   1.1460667e+03   4.4790200e-04
   1.1482062e+03   4.4468275e-04
   1.1503457e+03   4.4148664e-04
   1.1524853e+03   4.3831350e-04
   1.1546248e+03   4.3516316e-04
   1.1567644e+03   4.3203547e-04
   1.1589039e+03   4.2893026e-04
   1.1610434e+03   4.2584737e-04
   1.1631830e+03   4.2278663e-04
   1.1653225e+03   4.1974790e-04
   1.1674621e+03   4.1673100e-04
   1.1696016e+03   4.1373579e-04
   1.1717411e+03   4.1076211e-04
   1.1738807e+03   4.0780979e-04
   1.1760202e+03   4.0487870e-04
   1.1781598e+03   4.0196868e-04
   1.1802993e+03   3.9907957e-04
   1.1824388e+03   3.9621123e-04
   1.1845784e+03   3.9336350e-04
   1.1867179e+03   3.9053624e-04
   1.1888575e+03   3.8772930e-04
   1.1909970e+03   3.8494253e-04
   1.1931365e+03   3.8217580e-04
   1.1952761e+03   3.7942895e-04
   1.1974156e+03   3.7670184e-04
   1.1995552e+03   3.7399434e-04
   1.2016947e+03   3.7130629e-04
   1.2038342e+03   3.6863756e-04
   1.2059738e+03   3.6598802e-04
   1.2081133e+03   3.6335752e-04
   1.2102529e+03   3.6074592e-04
   1.2123924e+03   3.5815310e-04
   1.2145319e+03   3.5557891e-04
   1.2166715e+03   3.5302322e-04
   1.2188110e+03   3.5048590e-04
   1.2209506e+03   3.4796682e-04
   1.2230901e+03   3.4546584e-04
   1.2252296e+03   3.4298284e-04
   1.2273692e+03   3.4051769e-04
   1.2295087e+03   3.3807025e-04
   1.2316482e+03   3.3564041e-04
   1.2337878e+03   3.3322803e-04
   1.2359273e+03   3.3083298e-04
   1.2380669e+03   3.2845515e-04
   1.2402064e+03   3.2609442e-04
   1.2423459e+03   3.2375065e-04
   1.2444855e+03   3.2142372e-04
   1.2466250e+03   3.1911352e-04
   1.2487646e+03   3.1681992e-04
   1.2509041e+03   3.1454281e-04
   1.2530436e+03   3.1228207e-04
   1.2551832e+03   3.1003757e-04
   1.2573227e+03   3.0780921e-04
   1.2594623e+03   3.0559686e-04
   1.2616018e+03   3.0340042e-04
   1.2637413e+03   3.0121976e-04
   1.2658809e+03   2.9905477e-04
   1.2680204e+03   2.9690534e-04
   1.2701600e+03   2.9477137e-04
   1.2722995e+03   2.9265273e-04
   1.2744390e+03   2.9054932e-04
   1.2765786e+03   2.8846102e-04
   1.2787181e+03   2.8638774e-04
   1.2808577e+03   2.8432936e-04
   1.2829972e+03   2.8228577e-04
   1.2851367e+03   2.8025687e-04
   1.2872763e+03   2.7824255e-04
   1.2894158e+03   2.7624271e-04
   1.2915554e+03   2.7425724e-04
   1.2936949e+03   2.7228605e-04
   1.2958344e+03   2.7032902e-04
   1.2979740e+03   2.6838606e-04
   1.3001135e+03   2.6645706e-04
   1.3022531e+03   2.6454193e-04
   1.3043926e+03   2.6264056e-04
   1.3065321e+03   2.6075286e-04
   1.3086717e+03   2.5887872e-04
   1.3108112e+03   2.5701806e-04
   1.3129508e+03   2.5517077e-04
   1.3150903e+03   2.5333675e-04
   1.3172298e+03   2.5151592e-04
   1.3193694e+03   2.4970817e-04
   1.3215089e+03   2.4791342e-04
   1.3236484e+03   2.4613157e-04
   1.3257880e+03   2.4436252e-04
   1.3279275e+03   2.4260619e-04
   1.3300671e+03   2.4086249e-04
   1.3322066e+03   2.3913131e-04
   1.3343461e+03   2.3741258e-04
   1.3364857e+03   2.3570620e-04
   1.3386252e+03   2.3401209e-04
   1.3407648e+03   2.3233015e-04
   1.3429043e+03   2.3066030e-04
   1.3450438e+03   2.2900245e-04
   1.3471834e+03   2.2735652e-04
   1.3493229e+03   2.2572242e-04
   1.3514625e+03   2.2410006e-04
   1.3536020e+03   2.2248936e-04
   1.3557415e+03   2.2089024e-04
   1.3578811e+03   2.1930262e-04
   1.3600206e+03   2.1772640e-04
   1.3621602e+03   2.1616152e-04
   1.3642997e+03   2.1460788e-04
   1.3664392e+03   2.1306541e-04
   1.3685788e+03   2.1153402e-04
   1.3707183e+03   2.1001364e-04
   1.3728579e+03   2.0850419e-04
   1.3749974e+03   2.0700559e-04
   1.3771369e+03   2.0551775e-04
   1.3792765e+03   2.0404062e-04
   1.3814160e+03   2.0257410e-04
   1.3835556e+03   2.0111811e-04
   1.3856951e+03   1.9967260e-04
   1.3878346e+03   1.9823747e-04
   1.3899742e+03   1.9681266e-04
   1.3921137e+03   1.9539809e-04
   1.3942533e+03   1.9399369e-04
   1.3963928e+03   1.9259938e-04
   1.3985323e+03   1.9121509e-04
   1.4006719e+03   1.8984075e-04
   1.4028114e+03   1.8847629e-04
   1.4049510e+03   1.8712163e-04
   1.4070905e+03   1.8577672e-04
   1.4092300e+03   1.8444146e-04
   1.4113696e+03   1.8311581e-04
   1.4135091e+03   1.8179968e-04
   1.4156486e+03   1.8049302e-04
   1.4177882e+03   1.7919574e-04
   1.4199277e+03   1.7790779e-04
   1.4220673e+03   1.7662910e-04
   1.4242068e+03   1.7535959e-04
   1.4263463e+03   1.7409921e-04
   1.4284859e+03   1.7284789e-04
   1.4306254e+03   1.7160557e-04
   1.4327650e+03   1.7037217e-04
   1.4349045e+03   1.6914764e-04
   1.4370440e+03   1.6793190e-04
   1.4391836e+03   1.6672491e-04
   1.4413231e+03   1.6552659e-04
   1.4434627e+03   1.6433689e-04
   1.4456022e+03   1.6315573e-04
   1.4477417e+03   1.6198307e-04
   1.4498813e+03   1.6081883e-04
   1.4520208e+03   1.5966296e-04
   1.4541604e+03   1.5851540e-04
   1.4562999e+03   1.5737609e-04
   1.4584394e+03   1.5624496e-04
   1.4605790e+03   1.5512197e-04
   1.4627185e+03   1.5400704e-04
   1.4648581e+03   1.5290013e-04
   1.4669976e+03   1.5180118e-04
   1.4691371e+03   1.5071012e-04
   1.4712767e+03   1.4962691e-04
   1.4734162e+03   1.4855148e-04
   1.4755558e+03   1.4748378e-04
   1.4776953e+03   1.4642376e-04
   1.4798348e+03   1.4537135e-04
   1.4819744e+03   1.4432651e-04
   1.4841139e+03   1.4328918e-04
   1.4862535e+03   1.4225930e-04
   1.4883930e+03   1.4123683e-04
   1.4905325e+03   1.4022170e-04
   1.4926721e+03   1.3921387e-04
   1.4948116e+03   1.3821329e-04
   1.4969512e+03   1.3721989e-04
   1.4990907e+03   1.3623364e-04
   1.5012302e+03   1.3525448e-04
   1.5033698e+03   1.3428235e-04
   1.5055093e+03   1.3331721e-04
   1.5076488e+03   1.3235900e-04
   1.5097884e+03   1.3140769e-04
   1.5119279e+03   1.3046321e-04
   1.5140675e+03   1.2952552e-04
   1.5162070e+03   1.2859456e-04
   1.5183465e+03   1.2767030e-04
   1.5204861e+03   1.2675269e-04
   1.5226256e+03   1.2584166e-04
   1.5247652e+03   1.2493719e-04
   1.5269047e+03   1.2403922e-04
   1.5290442e+03   1.2314770e-04
   1.5311838e+03   1.2226259e-04
   1.5333233e+03   1.2138384e-04
   1.5354629e+03   1.2051140e-04
   1.5376024e+03   1.1964524e-04
   1.5397419e+03   1.1878530e-04
   1.5418815e+03   1.1793154e-04
   1.5440210e+03   1.1708392e-04
   1.5461606e+03   1.1624239e-04
   1.5483001e+03   1.1540691e-04
   1.5504396e+03   1.1457744e-04
   1.5525792e+03   1.1375392e-04
   1.5547187e+03   1.1293633e-04
   1.5568583e+03   1.1212461e-04
   1.5589978e+03   1.1131873e-04
   1.5611373e+03   1.1051863e-04
   1.5632769e+03   1.0972429e-04
   1.5654164e+03   1.0893566e-04
   1.5675560e+03   1.0815270e-04
   1.5696955e+03   1.0737536e-04
   1.5718350e+03   1.0660361e-04
   1.5739746e+03   1.0583741e-04
   1.5761141e+03   1.0507671e-04
   1.5782537e+03   1.0432148e-04
   1.5803932e+03   1.0357168e-04
   1.5825327e+03   1.0282727e-04
   1.5846723e+03   1.0208821e-04
   1.5868118e+03   1.0135446e-04
   1.5889514e+03   1.0062599e-04
   1.5910909e+03   9.9902750e-05
   1.5932304e+03   9.9184710e-05
   1.5953700e+03   9.8471830e-05
   1.5975095e+03   9.7764073e-05
   1.5996490e+03   9.7061404e-05
   1.6017886e+03   9.6363785e-05
   1.6039281e+03   9.5671180e-05
   1.6060677e+03   9.4983553e-05
   1.6082072e+03   9.4300869e-05
   1.6103467e+03   9.3623091e-05
   1.6124863e+03   9.2950184e-05
   1.6146258e+03   9.2282114e-05
   1.6167654e+03   9.1618846e-05
   1.6189049e+03   9.0960345e-05
   1.6210444e+03   9.0306576e-05
   1.6231840e+03   8.9657507e-05
   1.6253235e+03   8.9013103e-05
   1.6274631e+03   8.8373330e-05
   1.6296026e+03   8.7738156e-05
   1.6317421e+03   8.7107547e-05
   1.6338817e+03   8.6481470e-05
   1.6360212e+03   8.5859894e-05
   1.6381608e+03   8.5242784e-05
   1.6403003e+03   8.4630110e-05
   1.6424398e+03   8.4021840e-05
   1.6445794e+03   8.3417942e-05
   1.6467189e+03   8.2818384e-05
   1.6488585e+03   8.2223135e-05
   1.6509980e+03   8.1632165e-05
   1.6531375e+03   8.1045442e-05
   1.6552771e+03   8.0462936e-05
   1.6574166e+03   7.9884617e-05
   1.6595562e+03   7.9310454e-05
   1.6616957e+03   7.8740418e-05
   1.6638352e+03   7.8174480e-05
   1.6659748e+03   7.7612608e-05
   1.6681143e+03   7.7054776e-05
   1.6702539e+03   7.6500952e-05
   1.6723934e+03   7.5951109e-05
   1.6745329e+03   7.5405219e-05
   1.6766725e+03   7.4863251e-05
   1.6788120e+03   7.4325179e-05
   1.6809516e+03   7.3790975e-05
   1.6830911e+03   7.3260609e-05
   1.6852306e+03   7.2734056e-05
   1.6873702e+03   7.2211288e-05
   1.6895097e+03   7.1692276e-05
   1.6916492e+03   7.1176995e-05
   1.6937888e+03   7.0665418e-05
   1.6959283e+03   7.0157517e-05
   1.6980679e+03   6.9653267e-05
   1.7002074e+03   6.9152642e-05
   1.7023469e+03   6.8655614e-05
   1.7044865e+03   6.8162159e-05
   1.7066260e+03   6.7672250e-05
   1.7087656e+03   6.7185863e-05
   1.7109051e+03   6.6702971e-05
   1.7130446e+03   6.6223550e-05
   1.7151842e+03   6.5747575e-05
   1.7173237e+03   6.5275021e-05
   1.7194633e+03   6.4805864e-05
   1.7216028e+03   6.4340078e-05
   1.7237423e+03   6.3877641e-05
   1.7258819e+03   6.3418526e-05
   1.7280214e+03   6.2962712e-05
   1.7301610e+03   6.2510174e-05
   1.7323005e+03   6.2060889e-05
   1.7344400e+03   6.1614832e-05
   1.7365796e+03   6.1171982e-05
   1.7387191e+03   6.0732315e-05
   1.7408587e+03   6.0295807e-05
   1.7429982e+03   5.9862437e-05
   1.7451377e+03   5.9432182e-05
   1.7472773e+03   5.9005019e-05
   1.7494168e+03   5.8580927e-05
   1.7515564e+03   5.8159882e-05
   1.7536959e+03   5.7741864e-05
   1.7558354e+03   5.7326850e-05
   1.7579750e+03   5.6914819e-05
   1.7601145e+03   5.6505750e-05
   1.7622541e+03   5.6099621e-05
   1.7643936e+03   5.5696410e-05
   1.7665331e+03   5.5296098e-05
   1.7686727e+03   5.4898663e-05
   1.7708122e+03   5.4504084e-05
   1.7729518e+03   5.4112342e-05
   1.7750913e+03   5.3723415e-05
   1.7772308e+03   5.3337283e-05
   1.7793704e+03   5.2953927e-05
   1.7815099e+03   5.2573326e-05
   1.7836494e+03   5.2195461e-05
   1.7857890e+03   5.1820311e-05
   1.7879285e+03   5.1447858e-05
   1.7900681e+03   5.1078081e-05
   1.7922076e+03   5.0710963e-05
   1.7943471e+03   5.0346483e-05
   1.7964867e+03   4.9984623e-05
   1.7986262e+03   4.9625363e-05
   1.8007658e+03   4.9268686e-05
   1.8029053e+03   4.8914573e-05
   1.8050448e+03   4.8563004e-05
   1.8071844e+03   4.8213962e-05
   1.8093239e+03   4.7867429e-05
   1.8114635e+03   4.7523387e-05
   1.8136030e+03   4.7181818e-05
   1.8157425e+03   4.6842703e-05
   1.8178821e+03   4.6506026e-05
   1.8200216e+03   4.6171769e-05
   1.8221612e+03   4.5839914e-05
   1.8243007e+03   4.5510444e-05
   1.8264402e+03   4.5183342e-05
   1.8285798e+03   4.4858592e-05
   1.8307193e+03   4.4536175e-05
   1.8328589e+03   4.4216076e-05
   1.8349984e+03   4.3898277e-05
   1.8371379e+03   4.3582763e-05
   1.8392775e+03   4.3269516e-05
   1.8414170e+03   4.2958521e-05
   1.8435566e+03   4.2649761e-05
   1.8456961e+03   4.2343220e-05
   1.8478356e+03   4.2038883e-05
   1.8499752e+03   4.1736732e-05
   1.8521147e+03   4.1436754e-05
   1.8542543e+03   4.1138931e-05
   1.8563938e+03   4.0843249e-05
   1.8585333e+03   4.0549693e-05
   1.8606729e+03   4.0258246e-05
   1.8628124e+03   3.9968894e-05
   1.8649520e+03   3.9681622e-05
   1.8670915e+03   3.9396414e-05
   1.8692310e+03   3.9113256e-05
   1.8713706e+03   3.8832134e-05
   1.8735101e+03   3.8553032e-05
   1.8756496e+03   3.8275936e-05
   1.8777892e+03   3.8000831e-05
   1.8799287e+03   3.7727704e-05
   1.8820683e+03   3.7456540e-05
   1.8842078e+03   3.7187325e-05
   1.8863473e+03   3.6920045e-05
   1.8884869e+03   3.6654686e-05
   1.8906264e+03   3.6391234e-05
   1.8927660e+03   3.6129676e-05
   1.8949055e+03   3.5869997e-05
   1.8970450e+03   3.5612185e-05
   1.8991846e+03   3.5356226e-05
   1.9013241e+03   3.5102107e-05
   1.9034637e+03   3.4849814e-05
   1.9056032e+03   3.4599335e-05
   1.9077427e+03   3.4350656e-05
   1.9098823e+03   3.4103764e-05
   1.9120218e+03   3.3858646e-05
   1.9141614e+03   3.3615291e-05
   1.9163009e+03   3.3373684e-05
   1.9184404e+03   3.3133814e-05
   1.9205800e+03   3.2895669e-05
   1.9227195e+03   3.2659234e-05
   1.9248591e+03   3.2424499e-05
   1.9269986e+03   3.2191452e-05
   1.9291381e+03   3.1960079e-05
   1.9312777e+03   3.1730369e-05
   1.9334172e+03   3.1502310e-05
   1.9355568e+03   3.1275890e-05
   1.9376963e+03   3.1051098e-05
   1.9398358e+03   3.0827922e-05
   1.9419754e+03   3.0606349e-05
   1.9441149e+03   3.0386369e-05
   1.9462545e+03   3.0167970e-05
   1.9483940e+03   2.9951141e-05
   1.9505335e+03   2.9735870e-05
   1.9526731e+03   2.9522147e-05
   1.9548126e+03   2.9309959e-05
   1.9569522e+03   2.9099297e-05
   1.9590917e+03   2.8890149e-05
   1.9612312e+03   2.8682504e-05
   1.9633708e+03   2.8476351e-05
   1.9655103e+03   2.8271680e-05
   1.9676498e+03   2.8068480e-05
   1.9697894e+03   2.7866741e-05
   1.9719289e+03   2.7666452e-05
   1.9740685e+03   2.7467602e-05
   1.9762080e+03   2.7270181e-05
   1.9783475e+03   2.7074179e-05
   1.9804871e+03   2.6879587e-05
   1.9826266e+03   2.6686392e-05
   1.9847662e+03   2.6494587e-05
   1.9869057e+03   2.6304159e-05
   1.9890452e+03   2.6115101e-05
   1.9911848e+03   2.5927401e-05
   1.9933243e+03   2.5741051e-05
   1.9954639e+03   2.5556040e-05
   1.9976034e+03   2.5372358e-05
   1.9997429e+03   2.5189997e-05
   2.0018825e+03   2.5008946e-05
   2.0040220e+03   2.4829197e-05
   2.0061616e+03   2.4650740e-05
   2.0083011e+03   2.4473565e-05
   2.0104406e+03   2.4297664e-05
   2.0125802e+03   2.4123027e-05
   2.0147197e+03   2.3949645e-05
   2.0168593e+03   2.3777509e-05
   2.0189988e+03   2.3606611e-05
   2.0211383e+03   2.3436941e-05
   2.0232779e+03   2.3268490e-05
   2.0254174e+03   2.3101250e-05
   2.0275570e+03   2.2935212e-05
   2.0296965e+03   2.2770368e-05
   2.0318360e+03   2.2606708e-05
   2.0339756e+03   2.2444225e-05
   2.0361151e+03   2.2282909e-05
   2.0382547e+03   2.2122753e-05
   2.0403942e+03   2.1963748e-05
   2.0425337e+03   2.1805886e-05
   2.0446733e+03   2.1649158e-05
   2.0468128e+03   2.1493557e-05
   2.0489524e+03   2.1339074e-05
   2.0510919e+03   2.1185702e-05
   2.0532314e+03   2.1033432e-05
   2.0553710e+03   2.0882256e-05
   2.0575105e+03   2.0732167e-05
   2.0596501e+03   2.0583157e-05
   2.0617896e+03   2.0435217e-05
   2.0639291e+03   2.0288341e-05
   2.0660687e+03   2.0142521e-05
   2.0682082e+03   1.9997749e-05
   2.0703477e+03   1.9854017e-05
   2.0724873e+03   1.9711318e-05
   2.0746268e+03   1.9569645e-05
   2.0767664e+03   1.9428990e-05
   2.0789059e+03   1.9289346e-05
   2.0810454e+03   1.9150706e-05
   2.0831850e+03   1.9013062e-05
   2.0853245e+03   1.8876408e-05
   2.0874641e+03   1.8740736e-05
   2.0896036e+03   1.8606038e-05
   2.0917431e+03   1.8472309e-05
   2.0938827e+03   1.8339542e-05
   2.0960222e+03   1.8207728e-05
   2.0981618e+03   1.8076862e-05
   2.1003013e+03   1.7946936e-05
   2.1024408e+03   1.7817944e-05
   2.1045804e+03   1.7689880e-05
   2.1067199e+03   1.7562736e-05
   2.1088595e+03   1.7436505e-05
   2.1109990e+03   1.7311182e-05
   2.1131385e+03   1.7186760e-05
   2.1152781e+03   1.7063232e-05
   2.1174176e+03   1.6940591e-05
   2.1195572e+03   1.6818833e-05
   2.1216967e+03   1.6697949e-05
   2.1238362e+03   1.6577934e-05
   2.1259758e+03   1.6458782e-05
   2.1281153e+03   1.6340486e-05
   2.1302549e+03   1.6223041e-05
   2.1323944e+03   1.6106439e-05
   2.1345339e+03   1.5990676e-05
   2.1366735e+03   1.5875744e-05
   2.1388130e+03   1.5761639e-05
   2.1409526e+03   1.5648354e-05
   2.1430921e+03   1.5535883e-05
   2.1452316e+03   1.5424220e-05
   2.1473712e+03   1.5313360e-05
   2.1495107e+03   1.5203297e-05
   2.1516503e+03   1.5094025e-05
   2.1537898e+03   1.4985538e-05
   2.1559293e+03   1.4877831e-05
   2.1580689e+03   1.4770898e-05
   2.1602084e+03   1.4664734e-05
   2.1623479e+03   1.4559333e-05
   2.1644875e+03   1.4454689e-05
   2.1666270e+03   1.4350797e-05
   2.1687666e+03   1.4247652e-05
   2.1709061e+03   1.4145249e-05
   2.1730456e+03   1.4043581e-05
   2.1751852e+03   1.3942645e-05
   2.1773247e+03   1.3842433e-05
   2.1794643e+03   1.3742942e-05
   2.1816038e+03   1.3644166e-05
   2.1837433e+03   1.3546100e-05
   2.1858829e+03   1.3448739e-05
   2.1880224e+03   1.3352077e-05
   2.1901620e+03   1.3256111e-05
   2.1923015e+03   1.3160834e-05
   2.1944410e+03   1.3066242e-05
   2.1965806e+03   1.2972329e-05
   2.1987201e+03   1.2879092e-05
   2.2008597e+03   1.2786525e-05
   2.2029992e+03   1.2694623e-05
   2.2051387e+03   1.2603382e-05
   2.2072783e+03   1.2512796e-05
   2.2094178e+03   1.2422862e-05
   2.2115574e+03   1.2333574e-05
   2.2136969e+03   1.2244927e-05
   2.2158364e+03   1.2156918e-05
   2.2179760e+03   1.2069542e-05
   2.2201155e+03   1.1982793e-05
   2.2222551e+03   1.1896668e-05
   2.2243946e+03   1.1811162e-05
   2.2265341e+03   1.1726270e-05
   2.2286737e+03   1.1641989e-05
   2.2308132e+03   1.1558313e-05
   2.2329528e+03   1.1475239e-05
   2.2350923e+03   1.1392762e-05
   2.2372318e+03   1.1310878e-05
   2.2393714e+03   1.1229582e-05
   2.2415109e+03   1.1148870e-05
   2.2436505e+03   1.1068739e-05
   2.2457900e+03   1.0989184e-05
   2.2479295e+03   1.0910200e-05
   2.2500691e+03   1.0831784e-05
   2.2522086e+03   1.0753932e-05
   2.2543481e+03   1.0676639e-05
   2.2564877e+03   1.0599902e-05
   2.2586272e+03   1.0523716e-05
   2.2607668e+03   1.0448078e-05
   2.2629063e+03   1.0372983e-05
   2.2650458e+03   1.0298428e-05
   2.2671854e+03   1.0224410e-05
   2.2693249e+03   1.0150923e-05
   2.2714645e+03   1.0077964e-05
   2.2736040e+03   1.0005530e-05
   2.2757435e+03   9.9336158e-06
   2.2778831e+03   9.8622190e-06
   2.2800226e+03   9.7913353e-06
   2.2821622e+03   9.7209611e-06
   2.2843017e+03   9.6510926e-06
   2.2864412e+03   9.5817264e-06
   2.2885808e+03   9.5128587e-06
   2.2907203e+03   9.4444860e-06
   2.2928599e+03   9.3766047e-06
   2.2949994e+03   9.3092113e-06
   2.2971389e+03   9.2423023e-06
   2.2992785e+03   9.1758742e-06
   2.3014180e+03   9.1099236e-06
   2.3035576e+03   9.0444469e-06
   2.3056971e+03   8.9794409e-06
   2.3078366e+03   8.9149020e-06
   2.3099762e+03   8.8508271e-06
   2.3121157e+03   8.7872127e-06
   2.3142553e+03   8.7240555e-06
   2.3163948e+03   8.6613522e-06
   2.3185343e+03   8.5990996e-06
   2.3206739e+03   8.5372945e-06
   2.3228134e+03   8.4759335e-06
   2.3249530e+03   8.4150136e-06
   2.3270925e+03   8.3545316e-06
   2.3292320e+03   8.2944842e-06
   2.3313716e+03   8.2348685e-06
   2.3335111e+03   8.1756812e-06
   2.3356507e+03   8.1169193e-06
   2.3377902e+03   8.0585798e-06
   2.3399297e+03   8.0006595e-06
   2.3420693e+03   7.9431556e-06
   2.3442088e+03   7.8860650e-06
   2.3463483e+03   7.8293847e-06
   2.3484879e+03   7.7731118e-06
   2.3506274e+03   7.7172434e-06
   2.3527670e+03   7.6617764e-06
   2.3549065e+03   7.6067082e-06
   2.3570460e+03   7.5520358e-06
   2.3591856e+03   7.4977563e-06
   2.3613251e+03   7.4438669e-06
   2.3634647e+03   7.3903649e-06
   2.3656042e+03   7.3372474e-06
   2.3677437e+03   7.2845117e-06
   2.3698833e+03   7.2321550e-06
   2.3720228e+03   7.1801746e-06
   2.3741624e+03   7.1285678e-06
   2.3763019e+03   7.0773320e-06
   2.3784414e+03   7.0264644e-06
   2.3805810e+03   6.9759624e-06
   2.3827205e+03   6.9258233e-06
   2.3848601e+03   6.8760447e-06
   2.3869996e+03   6.8266238e-06
   2.3891391e+03   6.7775582e-06
   2.3912787e+03   6.7288451e-06
   2.3934182e+03   6.6804823e-06
   2.3955578e+03   6.6324670e-06
   2.3976973e+03   6.5847968e-06
   2.3998368e+03   6.5374692e-06
   2.4019764e+03   6.4904818e-06
   2.4041159e+03   6.4438322e-06
   2.4062555e+03   6.3975178e-06
   2.4083950e+03   6.3515363e-06
   2.4105345e+03   6.3058852e-06
   2.4126741e+03   6.2605623e-06
   2.4148136e+03   6.2155652e-06
   2.4169532e+03   6.1708914e-06
   2.4190927e+03   6.1265388e-06
   2.4212322e+03   6.0825049e-06
   2.4233718e+03   6.0387875e-06
   2.4255113e+03   5.9953843e-06
   2.4276509e+03   5.9522931e-06
   2.4297904e+03   5.9095116e-06
   2.4319299e+03   5.8670376e-06
   2.4340695e+03   5.8248689e-06
   2.4362090e+03   5.7830032e-06
   2.4383485e+03   5.7414385e-06
   2.4404881e+03   5.7001725e-06
   2.4426276e+03   5.6592031e-06
   2.4447672e+03   5.6185281e-06
   2.4469067e+03   5.5781455e-06
   2.4490462e+03   5.5380532e-06
   2.4511858e+03   5.4982490e-06
   2.4533253e+03   5.4587309e-06
   2.4554649e+03   5.4194968e-06
   2.4576044e+03   5.3805447e-06
   2.4597439e+03   5.3418726e-06
   2.4618835e+03   5.3034784e-06
   2.4640230e+03   5.2653602e-06
   2.4661626e+03   5.2275160e-06
   2.4683021e+03   5.1899437e-06
   2.4704416e+03   5.1526415e-06
   2.4725812e+03   5.1156075e-06
   2.4747207e+03   5.0788395e-06
   2.4768603e+03   5.0423359e-06
   2.4789998e+03   5.0060946e-06
   2.4811393e+03   4.9701138e-06
   2.4832789e+03   4.9343916e-06
   2.4854184e+03   4.8989262e-06
   2.4875580e+03   4.8637157e-06
   2.4896975e+03   4.8287582e-06
   2.4918370e+03   4.7940520e-06
   2.4939766e+03   4.7595952e-06
   2.4961161e+03   4.7253861e-06
   2.4982557e+03   4.6914229e-06
   2.5003952e+03   4.6577038e-06
   2.5025347e+03   4.6242270e-06
   2.5046743e+03   4.5909908e-06
   2.5068138e+03   4.5579936e-06
   2.5089534e+03   4.5252334e-06
   2.5110929e+03   4.4927088e-06
   2.5132324e+03   4.4604179e-06
   2.5153720e+03   4.4283591e-06
   2.5175115e+03   4.3965307e-06
   2.5196511e+03   4.3649311e-06
   2.5217906e+03   4.3335586e-06
   2.5239301e+03   4.3024116e-06
   2.5260697e+03   4.2714884e-06
   2.5282092e+03   4.2407876e-06
   2.5303487e+03   4.2103073e-06
   2.5324883e+03   4.1800462e-06
   2.5346278e+03   4.1500025e-06
   2.5367674e+03   4.1201748e-06
   2.5389069e+03   4.0905615e-06
   2.5410464e+03   4.0611610e-06
   2.5431860e+03   4.0319718e-06
   2.5453255e+03   4.0029924e-06
   2.5474651e+03   3.9742213e-06
   2.5496046e+03   3.9456570e-06
   2.5517441e+03   3.9172980e-06
   2.5538837e+03   3.8891428e-06
   2.5560232e+03   3.8611900e-06
   2.5581628e+03   3.8334381e-06
   2.5603023e+03   3.8058856e-06
   2.5624418e+03   3.7785312e-06
   2.5645814e+03   3.7513734e-06
   2.5667209e+03   3.7244108e-06
   2.5688605e+03   3.6976420e-06
   2.5710000e+03   3.6710655e-06
