   4.5830000e+02   5.8985877e-05
   4.6122402e+02   6.2429907e-05
   4.6414805e+02   6.6041103e-05
   4.6707207e+02   6.9825357e-05
   4.6999610e+02   7.3788638e-05
   4.7292012e+02   7.7936976e-05
   4.7584414e+02   8.2276461e-05
   4.7876817e+02   8.6813229e-05
   4.8169219e+02   9.1553456e-05
   4.8461622e+02   9.6503347e-05
   4.8754024e+02   1.0166912e-04
   4.9046426e+02   1.0705702e-04
   4.9338829e+02   1.1267326e-04
   4.9631231e+02   1.1852405e-04
   4.9923634e+02   1.2461558e-04
   5.0216036e+02   1.3095398e-04
   5.0508438e+02   1.3754535e-04
   5.0800841e+02   1.4439570e-04
   5.1093243e+02   1.5151097e-04
   5.1385646e+02   1.5889698e-04
   5.1678048e+02   1.6655945e-04
   5.1970450e+02   1.7450399e-04
   5.2262853e+02   1.8273603e-04
   5.2555255e+02   1.9126085e-04
   5.2847658e+02   2.0008357e-04
   5.3140060e+02   2.0920910e-04
   5.3432462e+02   2.1864213e-04
   5.3724865e+02   2.2838712e-04
   5.4017267e+02   2.3844831e-04
   5.4309670e+02   2.4882965e-04
   5.4602072e+02   2.5953482e-04
   5.4894474e+02   2.7056718e-04
   5.5186877e+02   2.8192982e-04
   5.5479279e+02   2.9362544e-04
   5.5771682e+02   3.0565644e-04
   5.6064084e+02   3.1802483e-04
   5.6356486e+02   3.3073223e-04
   5.6648889e+02   3.4377988e-04
   5.6941291e+02   3.5716859e-04
   5.7233694e+02   3.7089875e-04
   5.7526096e+02   3.8497031e-04
   5.7818498e+02   3.9938276e-04
   5.8110901e+02   4.1413511e-04
   5.8403303e+02   4.2922589e-04
   5.8695706e+02   4.4465316e-04
   5.8988108e+02   4.6041444e-04
   5.9280511e+02   4.7650675e-04
   5.9572913e+02   4.9292660e-04
   5.9865315e+02   5.0966995e-04
   6.0157718e+02   5.2673222e-04
   6.0450120e+02   5.4410831e-04
   6.0742523e+02   5.6179255e-04
   6.1034925e+02   5.7977873e-04
   6.1327327e+02   5.9806007e-04
   6.1619730e+02   6.1662925e-04
   6.1912132e+02   6.3547840e-04
   6.2204535e+02   6.5459908e-04
   6.2496937e+02   6.7398232e-04
   6.2789339e+02   6.9361859e-04
   6.3081742e+02   7.1349782e-04
   6.3374144e+02   7.3360944e-04
   6.3666547e+02   7.5394231e-04
   6.3958949e+02   7.7448481e-04
   6.4251351e+02   7.9522482e-04
   6.4543754e+02   8.1614970e-04
   6.4836156e+02   8.3724638e-04
   6.5128559e+02   8.5850129e-04
   6.5420961e+02   8.7990045e-04
   6.5713363e+02   9.0142944e-04
   6.6005766e+02   9.2307344e-04
   6.6298168e+02   9.4481725e-04
   6.6590571e+02   9.6664531e-04
   6.6882973e+02   9.8854172e-04
   6.7175375e+02   1.0104903e-03
   6.7467778e+02   1.0324744e-03
   6.7760180e+02   1.0544774e-03
   6.8052583e+02   1.0764823e-03
   6.8344985e+02   1.0984719e-03
   6.8637387e+02   1.1204287e-03
   6.8929790e+02   1.1423352e-03
   6.9222192e+02   1.1641738e-03
   6.9514595e+02   1.1859267e-03
   6.9806997e+02   1.2075762e-03
   7.0099399e+02   1.2291044e-03
   7.0391802e+02   1.2504934e-03
   7.0684204e+02   1.2717255e-03
   7.0976607e+02   1.2927830e-03
   7.1269009e+02   1.3136482e-03
   7.1561411e+02   1.3343036e-03
   7.1853814e+02   1.3547320e-03
   7.2146216e+02   1.3749162e-03
   7.2438619e+02   1.3948393e-03
   7.2731021e+02   1.4144847e-03
   7.3023423e+02   1.4338360e-03
   7.3315826e+02   1.4528771e-03
   7.3608228e+02   1.4715923e-03
   7.3900631e+02   1.4899664e-03
   7.4193033e+02   1.5079844e-03
   7.4485435e+02   1.5256318e-03
   7.4777838e+02   1.5428945e-03
   7.5070240e+02   1.5597590e-03
   7.5362643e+02   1.5762122e-03
   7.5655045e+02   1.5922415e-03
   7.5947447e+02   1.6078349e-03
   7.6239850e+02   1.6229809e-03
   7.6532252e+02   1.6376687e-03
   7.6824655e+02   1.6518879e-03
   7.7117057e+02   1.6656288e-03
   7.7409459e+02   1.6788824e-03
   7.7701862e+02   1.6916403e-03
   7.7994264e+02   1.7038945e-03
   7.8286667e+02   1.7156381e-03
   7.8579069e+02   1.7268645e-03
   7.8871471e+02   1.7375678e-03
   7.9163874e+02   1.7477429e-03
   7.9456276e+02   1.7573853e-03
   7.9748679e+02   1.7664912e-03
   8.0041081e+02   1.7750575e-03
   8.0333483e+02   1.7830816e-03
   8.0625886e+02   1.7905618e-03
   8.0918288e+02   1.7974968e-03
   8.1210691e+02   1.8038862e-03
   8.1503093e+02   1.8097302e-03
   8.1795495e+02   1.8150295e-03
   8.2087898e+02   1.8197854e-03
   8.2380300e+02   1.8240001e-03
   8.2672703e+02   1.8276762e-03
   8.2965105e+02   1.8308168e-03
   8.3257508e+02   1.8334258e-03
   8.3549910e+02   1.8355075e-03
   8.3842312e+02   1.8370667e-03
   8.4134715e+02   1.8381089e-03
   8.4427117e+02   1.8386400e-03
   8.4719520e+02   1.8386664e-03
   8.5011922e+02   1.8381949e-03
   8.5304324e+02   1.8372328e-03
   8.5596727e+02   1.8357879e-03
   8.5889129e+02   1.8338682e-03
   8.6181532e+02   1.8314823e-03
   8.6473934e+02   1.8286391e-03
   8.6766336e+02   1.8253476e-03
   8.7058739e+02   1.8216175e-03
   8.7351141e+02   1.8174585e-03
   8.7643544e+02   1.8128806e-03
   8.7935946e+02   1.8078943e-03
   8.8228348e+02   1.8025099e-03
   8.8520751e+02   1.7967381e-03
   8.8813153e+02   1.7905900e-03
   8.9105556e+02   1.7840765e-03
   8.9397958e+02   1.7772088e-03
   8.9690360e+02   1.7699981e-03
   8.9982763e+02   1.7624558e-03
   9.0275165e+02   1.7545934e-03
   9.0567568e+02   1.7464223e-03
   9.0859970e+02   1.7379541e-03
   9.1152372e+02   1.7292002e-03
   9.1444775e+02   1.7201721e-03
   9.1737177e+02   1.7108813e-03
   9.2029580e+02   1.7013392e-03
   9.2321982e+02   1.6915571e-03
   9.2614384e+02   1.6815464e-03
   9.2906787e+02   1.6713182e-03
   9.3199189e+02   1.6608836e-03
   9.3491592e+02   1.6502535e-03
   9.3783994e+02   1.6394388e-03
   9.4076396e+02   1.6284501e-03
   9.4368799e+02   1.6172978e-03
   9.4661201e+02   1.6059925e-03
   9.4953604e+02   1.5945441e-03
   9.5246006e+02   1.5829626e-03
   9.5538408e+02   1.5712579e-03
   9.5830811e+02   1.5594394e-03
   9.6123213e+02   1.5475166e-03
   9.6415616e+02   1.5354985e-03
   9.6708018e+02   1.5233941e-03
   9.7000420e+02   1.5112120e-03
   9.7292823e+02   1.4989608e-03
   9.7585225e+02   1.4866485e-03
   9.7877628e+02   1.4742831e-03
   9.8170030e+02   1.4618725e-03
   9.8462432e+02   1.4494240e-03
   9.8754835e+02   1.4369449e-03
   9.9047237e+02   1.4244423e-03
   9.9339640e+02   1.4119228e-03
   9.9632042e+02   1.3993931e-03
   9.9924444e+02   1.3868592e-03
   1.0021685e+03   1.3743274e-03
   1.0050925e+03   1.3618034e-03
   1.0080165e+03   1.3492926e-03
   1.0109405e+03   1.3368006e-03
   1.0138646e+03   1.3243323e-03
   1.0167886e+03   1.3118925e-03
   1.0197126e+03   1.2994861e-03
   1.0226366e+03   1.2871173e-03
   1.0255607e+03   1.2747904e-03
   1.0284847e+03   1.2625093e-03
   1.0314087e+03   1.2502779e-03
   1.0343327e+03   1.2380998e-03
   1.0372568e+03   1.2259783e-03
   1.0401808e+03   1.2139166e-03
   1.0431048e+03   1.2019177e-03
   1.0460288e+03   1.1899845e-03
   1.0489529e+03   1.1781197e-03
   1.0518769e+03   1.1663256e-03
   1.0548009e+03   1.1546046e-03
   1.0577249e+03   1.1429589e-03
   1.0606489e+03   1.1313905e-03
   1.0635730e+03   1.1199012e-03
   1.0664970e+03   1.1084928e-03
   1.0694210e+03   1.0971667e-03
   1.0723450e+03   1.0859245e-03
   1.0752691e+03   1.0747675e-03
   1.0781931e+03   1.0636967e-03
   1.0811171e+03   1.0527135e-03
   1.0840411e+03   1.0418185e-03
   1.0869652e+03   1.0310128e-03
   1.0898892e+03   1.0202971e-03
   1.0928132e+03   1.0096720e-03
   1.0957372e+03   9.9913801e-04
   1.0986613e+03   9.8869571e-04
   1.1015853e+03   9.7834544e-04
   1.1045093e+03   9.6808751e-04
   1.1074333e+03   9.5792213e-04
   1.1103574e+03   9.4784948e-04
   1.1132814e+03   9.3786963e-04
   1.1162054e+03   9.2798262e-04
   1.1191294e+03   9.1818841e-04
   1.1220535e+03   9.0848690e-04
   1.1249775e+03   8.9887797e-04
   1.1279015e+03   8.8936140e-04
   1.1308255e+03   8.7993695e-04
   1.1337495e+03   8.7060435e-04
   1.1366736e+03   8.6136326e-04
   1.1395976e+03   8.5221332e-04
   1.1425216e+03   8.4315413e-04
   1.1454456e+03   8.3418526e-04
   1.1483697e+03   8.2530624e-04
   1.1512937e+03   8.1651657e-04
   1.1542177e+03   8.0781575e-04
   1.1571417e+03   7.9920322e-04
   1.1600658e+03   7.9067843e-04
   1.1629898e+03   7.8224079e-04
   1.1659138e+03   7.7388969e-04
   1.1688378e+03   7.6562451e-04
   1.1717619e+03   7.5744463e-04
   1.1746859e+03   7.4934939e-04
   1.1776099e+03   7.4133813e-04
   1.1805339e+03   7.3341018e-04
   1.1834580e+03   7.2556486e-04
   1.1863820e+03   7.1780148e-04
   1.1893060e+03   7.1011934e-04
   1.1922300e+03   7.0251774e-04
   1.1951541e+03   6.9499598e-04
   1.1980781e+03   6.8755333e-04
   1.2010021e+03   6.8018910e-04
   1.2039261e+03   6.7290254e-04
   1.2068502e+03   6.6569296e-04
   1.2097742e+03   6.5855962e-04
   1.2126982e+03   6.5150181e-04
   1.2156222e+03   6.4451880e-04
   1.2185462e+03   6.3760987e-04
   1.2214703e+03   6.3077430e-04
   1.2243943e+03   6.2401138e-04
   1.2273183e+03   6.1732038e-04
   1.2302423e+03   6.1070060e-04
   1.2331664e+03   6.0415132e-04
   1.2360904e+03   5.9767183e-04
   1.2390144e+03   5.9126144e-04
   1.2419384e+03   5.8491943e-04
   1.2448625e+03   5.7864512e-04
   1.2477865e+03   5.7243781e-04
   1.2507105e+03   5.6629681e-04
   1.2536345e+03   5.6022145e-04
   1.2565586e+03   5.5421103e-04
   1.2594826e+03   5.4826490e-04
   1.2624066e+03   5.4238237e-04
   1.2653306e+03   5.3656280e-04
   1.2682547e+03   5.3080551e-04
   1.2711787e+03   5.2510986e-04
   1.2741027e+03   5.1947521e-04
   1.2770267e+03   5.1390090e-04
   1.2799508e+03   5.0838631e-04
   1.2828748e+03   5.0293080e-04
   1.2857988e+03   4.9753375e-04
   1.2887228e+03   4.9219455e-04
   1.2916468e+03   4.8691257e-04
   1.2945709e+03   4.8168722e-04
   1.2974949e+03   4.7651789e-04
   1.3004189e+03   4.7140399e-04
   1.3033429e+03   4.6634493e-04
   1.3062670e+03   4.6134012e-04
   1.3091910e+03   4.5638898e-04
   1.3121150e+03   4.5149095e-04
   1.3150390e+03   4.4664546e-04
   1.3179631e+03   4.4185195e-04
   1.3208871e+03   4.3710985e-04
   1.3238111e+03   4.3241863e-04
   1.3267351e+03   4.2777775e-04
   1.3296592e+03   4.2318665e-04
   1.3325832e+03   4.1864481e-04
   1.3355072e+03   4.1415170e-04
   1.3384312e+03   4.0970681e-04
   1.3413553e+03   4.0530961e-04
   1.3442793e+03   4.0095959e-04
   1.3472033e+03   3.9665625e-04
   1.3501273e+03   3.9239909e-04
   1.3530514e+03   3.8818762e-04
   1.3559754e+03   3.8402134e-04
   1.3588994e+03   3.7989977e-04
   1.3618234e+03   3.7582243e-04
   1.3647474e+03   3.7178884e-04
   1.3676715e+03   3.6779855e-04
   1.3705955e+03   3.6385107e-04
   1.3735195e+03   3.5994597e-04
   1.3764435e+03   3.5608277e-04
   1.3793676e+03   3.5226103e-04
   1.3822916e+03   3.4848031e-04
   1.3852156e+03   3.4474016e-04
   1.3881396e+03   3.4104016e-04
   1.3910637e+03   3.3737986e-04
   1.3939877e+03   3.3375885e-04
   1.3969117e+03   3.3017670e-04
   1.3998357e+03   3.2663299e-04
   1.4027598e+03   3.2312732e-04
   1.4056838e+03   3.1965928e-04
   1.4086078e+03   3.1622845e-04
   1.4115318e+03   3.1283445e-04
   1.4144559e+03   3.0947687e-04
   1.4173799e+03   3.0615533e-04
   1.4203039e+03   3.0286944e-04
   1.4232279e+03   2.9961881e-04
   1.4261520e+03   2.9640307e-04
   1.4290760e+03   2.9322185e-04
   1.4320000e+03   2.9007476e-04
   1.4349240e+03   2.8696146e-04
   1.4378480e+03   2.8388157e-04
   1.4407721e+03   2.8083473e-04
   1.4436961e+03   2.7782060e-04
   1.4466201e+03   2.7483881e-04
   1.4495441e+03   2.7188903e-04
   1.4524682e+03   2.6897091e-04
   1.4553922e+03   2.6608411e-04
   1.4583162e+03   2.6322829e-04
   1.4612402e+03   2.6040312e-04
   1.4641643e+03   2.5760827e-04
   1.4670883e+03   2.5484342e-04
   1.4700123e+03   2.5210824e-04
   1.4729363e+03   2.4940242e-04
   1.4758604e+03   2.4672564e-04
   1.4787844e+03   2.4407759e-04
   1.4817084e+03   2.4145796e-04
   1.4846324e+03   2.3886645e-04
   1.4875565e+03   2.3630275e-04
   1.4904805e+03   2.3376657e-04
   1.4934045e+03   2.3125760e-04
   1.4963285e+03   2.2877557e-04
   1.4992526e+03   2.2632017e-04
   1.5021766e+03   2.2389113e-04
   1.5051006e+03   2.2148816e-04
   1.5080246e+03   2.1911097e-04
   1.5109486e+03   2.1675931e-04
   1.5138727e+03   2.1443288e-04
   1.5167967e+03   2.1213142e-04
   1.5197207e+03   2.0985466e-04
   1.5226447e+03   2.0760234e-04
   1.5255688e+03   2.0537419e-04
   1.5284928e+03   2.0316995e-04
   1.5314168e+03   2.0098938e-04
   1.5343408e+03   1.9883220e-04
   1.5372649e+03   1.9669818e-04
   1.5401889e+03   1.9458707e-04
   1.5431129e+03   1.9249861e-04
   1.5460369e+03   1.9043256e-04
   1.5489610e+03   1.8838869e-04
   1.5518850e+03   1.8636676e-04
   1.5548090e+03   1.8436653e-04
   1.5577330e+03   1.8238777e-04
   1.5606571e+03   1.8043024e-04
   1.5635811e+03   1.7849372e-04
   1.5665051e+03   1.7657799e-04
   1.5694291e+03   1.7468282e-04
   1.5723532e+03   1.7280799e-04
   1.5752772e+03   1.7095328e-04
   1.5782012e+03   1.6911848e-04
   1.5811252e+03   1.6730337e-04
   1.5840492e+03   1.6550774e-04
   1.5869733e+03   1.6373138e-04
   1.5898973e+03   1.6197409e-04
   1.5928213e+03   1.6023566e-04
   1.5957453e+03   1.5851588e-04
   1.5986694e+03   1.5681457e-04
   1.6015934e+03   1.5513151e-04
   1.6045174e+03   1.5346652e-04
   1.6074414e+03   1.5181940e-04
   1.6103655e+03   1.5018996e-04
   1.6132895e+03   1.4857800e-04
   1.6162135e+03   1.4698335e-04
   1.6191375e+03   1.4540581e-04
   1.6220616e+03   1.4384520e-04
   1.6249856e+03   1.4230134e-04
   1.6279096e+03   1.4077406e-04
   1.6308336e+03   1.3926316e-04
   1.6337577e+03   1.3776848e-04
   1.6366817e+03   1.3628984e-04
   1.6396057e+03   1.3482708e-04
   1.6425297e+03   1.3338001e-04
   1.6454538e+03   1.3194847e-04
   1.6483778e+03   1.3053230e-04
   1.6513018e+03   1.2913132e-04
   1.6542258e+03   1.2774539e-04
   1.6571498e+03   1.2637432e-04
   1.6600739e+03   1.2501798e-04
   1.6629979e+03   1.2367619e-04
   1.6659219e+03   1.2234880e-04
   1.6688459e+03   1.2103566e-04
   1.6717700e+03   1.1973661e-04
   1.6746940e+03   1.1845150e-04
   1.6776180e+03   1.1718019e-04
   1.6805420e+03   1.1592252e-04
   1.6834661e+03   1.1467835e-04
   1.6863901e+03   1.1344753e-04
   1.6893141e+03   1.1222993e-04
   1.6922381e+03   1.1102539e-04
   1.6951622e+03   1.0983378e-04
   1.6980862e+03   1.0865496e-04
   1.7010102e+03   1.0748879e-04
   1.7039342e+03   1.0633514e-04
   1.7068583e+03   1.0519387e-04
   1.7097823e+03   1.0406484e-04
   1.7127063e+03   1.0294794e-04
   1.7156303e+03   1.0184302e-04
   1.7185544e+03   1.0074996e-04
   1.7214784e+03   9.9668638e-05
   1.7244024e+03   9.8598917e-05
   1.7273264e+03   9.7540678e-05
   1.7302505e+03   9.6493796e-05
   1.7331745e+03   9.5458150e-05
   1.7360985e+03   9.4433619e-05
   1.7390225e+03   9.3420084e-05
   1.7419465e+03   9.2417428e-05
   1.7448706e+03   9.1425533e-05
   1.7477946e+03   9.0444283e-05
   1.7507186e+03   8.9473565e-05
   1.7536426e+03   8.8513266e-05
   1.7565667e+03   8.7563273e-05
   1.7594907e+03   8.6623476e-05
   1.7624147e+03   8.5693766e-05
   1.7653387e+03   8.4774034e-05
   1.7682628e+03   8.3864174e-05
   1.7711868e+03   8.2964079e-05
   1.7741108e+03   8.2073644e-05
   1.7770348e+03   8.1192766e-05
   1.7799589e+03   8.0321343e-05
   1.7828829e+03   7.9459272e-05
   1.7858069e+03   7.8606454e-05
   1.7887309e+03   7.7762789e-05
   1.7916550e+03   7.6928178e-05
   1.7945790e+03   7.6102526e-05
   1.7975030e+03   7.5285735e-05
   1.8004270e+03   7.4477710e-05
   1.8033511e+03   7.3678358e-05
   1.8062751e+03   7.2887584e-05
   1.8091991e+03   7.2105299e-05
   1.8121231e+03   7.1331409e-05
   1.8150471e+03   7.0565825e-05
   1.8179712e+03   6.9808458e-05
   1.8208952e+03   6.9059220e-05
   1.8238192e+03   6.8318023e-05
   1.8267432e+03   6.7584781e-05
   1.8296673e+03   6.6859409e-05
   1.8325913e+03   6.6141822e-05
   1.8355153e+03   6.5431937e-05
   1.8384393e+03   6.4729671e-05
   1.8413634e+03   6.4034942e-05
   1.8442874e+03   6.3347669e-05
   1.8472114e+03   6.2667773e-05
   1.8501354e+03   6.1995174e-05
   1.8530595e+03   6.1329794e-05
   1.8559835e+03   6.0671555e-05
   1.8589075e+03   6.0020381e-05
   1.8618315e+03   5.9376196e-05
   1.8647556e+03   5.8738925e-05
   1.8676796e+03   5.8108493e-05
   1.8706036e+03   5.7484828e-05
   1.8735276e+03   5.6867857e-05
   1.8764517e+03   5.6257507e-05
   1.8793757e+03   5.5653708e-05
   1.8822997e+03   5.5056389e-05
   1.8852237e+03   5.4465481e-05
   1.8881477e+03   5.3880916e-05
   1.8910718e+03   5.3302624e-05
   1.8939958e+03   5.2730539e-05
   1.8969198e+03   5.2164594e-05
   1.8998438e+03   5.1604724e-05
   1.9027679e+03   5.1050862e-05
   1.9056919e+03   5.0502944e-05
   1.9086159e+03   4.9960908e-05
   1.9115399e+03   4.9424689e-05
   1.9144640e+03   4.8894225e-05
   1.9173880e+03   4.8369454e-05
   1.9203120e+03   4.7850316e-05
   1.9232360e+03   4.7336749e-05
   1.9261601e+03   4.6828695e-05
   1.9290841e+03   4.6326093e-05
   1.9320081e+03   4.5828886e-05
   1.9349321e+03   4.5337014e-05
   1.9378562e+03   4.4850423e-05
   1.9407802e+03   4.4369053e-05
   1.9437042e+03   4.3892850e-05
   1.9466282e+03   4.3421758e-05
   1.9495523e+03   4.2955722e-05
   1.9524763e+03   4.2494688e-05
   1.9554003e+03   4.2038603e-05
   1.9583243e+03   4.1587412e-05
   1.9612483e+03   4.1141064e-05
   1.9641724e+03   4.0699506e-05
   1.9670964e+03   4.0262687e-05
   1.9700204e+03   3.9830557e-05
   1.9729444e+03   3.9403065e-05
   1.9758685e+03   3.8980161e-05
   1.9787925e+03   3.8561795e-05
   1.9817165e+03   3.8147920e-05
   1.9846405e+03   3.7738487e-05
   1.9875646e+03   3.7333449e-05
   1.9904886e+03   3.6932757e-05
   1.9934126e+03   3.6536366e-05
   1.9963366e+03   3.6144230e-05
   1.9992607e+03   3.5756302e-05
   2.0021847e+03   3.5372538e-05
   2.0051087e+03   3.4992892e-05
   2.0080327e+03   3.4617322e-05
   2.0109568e+03   3.4245782e-05
   2.0138808e+03   3.3878230e-05
   2.0168048e+03   3.3514622e-05
   2.0197288e+03   3.3154917e-05
   2.0226529e+03   3.2799073e-05
   2.0255769e+03   3.2447048e-05
   2.0285009e+03   3.2098801e-05
   2.0314249e+03   3.1754292e-05
   2.0343489e+03   3.1413481e-05
   2.0372730e+03   3.1076327e-05
   2.0401970e+03   3.0742792e-05
   2.0431210e+03   3.0412836e-05
   2.0460450e+03   3.0086422e-05
   2.0489691e+03   2.9763512e-05
   2.0518931e+03   2.9444067e-05
   2.0548171e+03   2.9128050e-05
   2.0577411e+03   2.8815425e-05
   2.0606652e+03   2.8506156e-05
   2.0635892e+03   2.8200206e-05
   2.0665132e+03   2.7897539e-05
   2.0694372e+03   2.7598121e-05
   2.0723613e+03   2.7301917e-05
   2.0752853e+03   2.7008892e-05
   2.0782093e+03   2.6719012e-05
   2.0811333e+03   2.6432242e-05
   2.0840574e+03   2.6148551e-05
   2.0869814e+03   2.5867905e-05
   2.0899054e+03   2.5590270e-05
   2.0928294e+03   2.5315616e-05
   2.0957535e+03   2.5043909e-05
   2.0986775e+03   2.4775118e-05
   2.1016015e+03   2.4509213e-05
   2.1045255e+03   2.4246161e-05
   2.1074495e+03   2.3985932e-05
   2.1103736e+03   2.3728497e-05
   2.1132976e+03   2.3473824e-05
   2.1162216e+03   2.3221885e-05
   2.1191456e+03   2.2972650e-05
   2.1220697e+03   2.2726090e-05
   2.1249937e+03   2.2482176e-05
   2.1279177e+03   2.2240880e-05
   2.1308417e+03   2.2002173e-05
   2.1337658e+03   2.1766029e-05
   2.1366898e+03   2.1532419e-05
   2.1396138e+03   2.1301317e-05
   2.1425378e+03   2.1072694e-05
   2.1454619e+03   2.0846526e-05
   2.1483859e+03   2.0622785e-05
   2.1513099e+03   2.0401445e-05
   2.1542339e+03   2.0182481e-05
   2.1571580e+03   1.9965867e-05
   2.1600820e+03   1.9751578e-05
   2.1630060e+03   1.9539589e-05
   2.1659300e+03   1.9329875e-05
   2.1688541e+03   1.9122412e-05
   2.1717781e+03   1.8917175e-05
   2.1747021e+03   1.8714141e-05
   2.1776261e+03   1.8513287e-05
   2.1805502e+03   1.8314588e-05
   2.1834742e+03   1.8118022e-05
   2.1863982e+03   1.7923565e-05
   2.1893222e+03   1.7731195e-05
   2.1922462e+03   1.7540891e-05
   2.1951703e+03   1.7352628e-05
   2.1980943e+03   1.7166386e-05
   2.2010183e+03   1.6982143e-05
   2.2039423e+03   1.6799878e-05
   2.2068664e+03   1.6619569e-05
   2.2097904e+03   1.6441195e-05
   2.2127144e+03   1.6264735e-05
   2.2156384e+03   1.6090169e-05
   2.2185625e+03   1.5917477e-05
   2.2214865e+03   1.5746638e-05
   2.2244105e+03   1.5577633e-05
   2.2273345e+03   1.5410442e-05
   2.2302586e+03   1.5245045e-05
   2.2331826e+03   1.5081424e-05
   2.2361066e+03   1.4919558e-05
   2.2390306e+03   1.4759430e-05
   2.2419547e+03   1.4601020e-05
   2.2448787e+03   1.4444311e-05
   2.2478027e+03   1.4289283e-05
   2.2507267e+03   1.4135920e-05
   2.2536508e+03   1.3984202e-05
   2.2565748e+03   1.3834113e-05
   2.2594988e+03   1.3685635e-05
   2.2624228e+03   1.3538750e-05
   2.2653468e+03   1.3393441e-05
   2.2682709e+03   1.3249693e-05
   2.2711949e+03   1.3107487e-05
   2.2741189e+03   1.2966807e-05
   2.2770429e+03   1.2827637e-05
   2.2799670e+03   1.2689961e-05
   2.2828910e+03   1.2553763e-05
   2.2858150e+03   1.2419026e-05
   2.2887390e+03   1.2285735e-05
   2.2916631e+03   1.2153875e-05
   2.2945871e+03   1.2023431e-05
   2.2975111e+03   1.1894386e-05
   2.3004351e+03   1.1766726e-05
   2.3033592e+03   1.1640437e-05
   2.3062832e+03   1.1515502e-05
   2.3092072e+03   1.1391909e-05
   2.3121312e+03   1.1269642e-05
   2.3150553e+03   1.1148688e-05
   2.3179793e+03   1.1029031e-05
   2.3209033e+03   1.0910659e-05
   2.3238273e+03   1.0793558e-05
   2.3267514e+03   1.0677713e-05
   2.3296754e+03   1.0563111e-05
   2.3325994e+03   1.0449740e-05
   2.3355234e+03   1.0337585e-05
   2.3384474e+03   1.0226634e-05
   2.3413715e+03   1.0116874e-05
   2.3442955e+03   1.0008292e-05
   2.3472195e+03   9.9008754e-06
   2.3501435e+03   9.7946115e-06
   2.3530676e+03   9.6894882e-06
   2.3559916e+03   9.5854931e-06
   2.3589156e+03   9.4826142e-06
   2.3618396e+03   9.3808395e-06
   2.3647637e+03   9.2801570e-06
   2.3676877e+03   9.1805552e-06
   2.3706117e+03   9.0820224e-06
   2.3735357e+03   8.9845471e-06
   2.3764598e+03   8.8881180e-06
   2.3793838e+03   8.7927239e-06
   2.3823078e+03   8.6983536e-06
   2.3852318e+03   8.6049961e-06
   2.3881559e+03   8.5126406e-06
   2.3910799e+03   8.4212764e-06
   2.3940039e+03   8.3308928e-06
   2.3969279e+03   8.2414792e-06
   2.3998520e+03   8.1530253e-06
   2.4027760e+03   8.0655207e-06
   2.4057000e+03   7.9789553e-06
   2.4086240e+03   7.8933190e-06
   2.4115480e+03   7.8086018e-06
   2.4144721e+03   7.7247938e-06
   2.4173961e+03   7.6418854e-06
   2.4203201e+03   7.5598667e-06
   2.4232441e+03   7.4787284e-06
   2.4261682e+03   7.3984609e-06
   2.4290922e+03   7.3190549e-06
   2.4320162e+03   7.2405012e-06
   2.4349402e+03   7.1627905e-06
   2.4378643e+03   7.0859139e-06
   2.4407883e+03   7.0098624e-06
   2.4437123e+03   6.9346271e-06
   2.4466363e+03   6.8601994e-06
   2.4495604e+03   6.7865704e-06
   2.4524844e+03   6.7137317e-06
   2.4554084e+03   6.6416747e-06
   2.4583324e+03   6.5703911e-06
   2.4612565e+03   6.4998726e-06
   2.4641805e+03   6.4301110e-06
   2.4671045e+03   6.3610980e-06
   2.4700285e+03   6.2928258e-06
   2.4729526e+03   6.2252864e-06
   2.4758766e+03   6.1584718e-06
   2.4788006e+03   6.0923743e-06
   2.4817246e+03   6.0269862e-06
   2.4846486e+03   5.9622999e-06
   2.4875727e+03   5.8983079e-06
   2.4904967e+03   5.8350027e-06
   2.4934207e+03   5.7723770e-06
   2.4963447e+03   5.7104234e-06
   2.4992688e+03   5.6491347e-06
   2.5021928e+03   5.5885038e-06
   2.5051168e+03   5.5285237e-06
   2.5080408e+03   5.4691873e-06
   2.5109649e+03   5.4104877e-06
   2.5138889e+03   5.3524182e-06
   2.5168129e+03   5.2949719e-06
   2.5197369e+03   5.2381422e-06
   2.5226610e+03   5.1819224e-06
   2.5255850e+03   5.1263060e-06
   2.5285090e+03   5.0712865e-06
   2.5314330e+03   5.0168575e-06
   2.5343571e+03   4.9630128e-06
   2.5372811e+03   4.9097459e-06
   2.5402051e+03   4.8570507e-06
   2.5431291e+03   4.8049211e-06
   2.5460532e+03   4.7533509e-06
   2.5489772e+03   4.7023343e-06
   2.5519012e+03   4.6518652e-06
   2.5548252e+03   4.6019378e-06
   2.5577492e+03   4.5525462e-06
   2.5606733e+03   4.5036848e-06
   2.5635973e+03   4.4553478e-06
   2.5665213e+03   4.4075295e-06
   2.5694453e+03   4.3602245e-06
   2.5723694e+03   4.3134272e-06
   2.5752934e+03   4.2671322e-06
   2.5782174e+03   4.2213340e-06
   2.5811414e+03   4.1760274e-06
   2.5840655e+03   4.1312071e-06
   2.5869895e+03   4.0868677e-06
   2.5899135e+03   4.0430043e-06
   2.5928375e+03   3.9996117e-06
   2.5957616e+03   3.9566848e-06
   2.5986856e+03   3.9142186e-06
   2.6016096e+03   3.8722081e-06
   2.6045336e+03   3.8306486e-06
   2.6074577e+03   3.7895351e-06
   2.6103817e+03   3.7488629e-06
   2.6133057e+03   3.7086272e-06
   2.6162297e+03   3.6688234e-06
   2.6191538e+03   3.6294467e-06
   2.6220778e+03   3.5904927e-06
   2.6250018e+03   3.5519567e-06
   2.6279258e+03   3.5138344e-06
   2.6308498e+03   3.4761212e-06
   2.6337739e+03   3.4388128e-06
   2.6366979e+03   3.4019048e-06
   2.6396219e+03   3.3653929e-06
   2.6425459e+03   3.3292729e-06
   2.6454700e+03   3.2935406e-06
   2.6483940e+03   3.2581918e-06
   2.6513180e+03   3.2232223e-06
   2.6542420e+03   3.1886282e-06
   2.6571661e+03   3.1544054e-06
   2.6600901e+03   3.1205499e-06
   2.6630141e+03   3.0870577e-06
   2.6659381e+03   3.0539250e-06
   2.6688622e+03   3.0211480e-06
   2.6717862e+03   2.9887227e-06
   2.6747102e+03   2.9566454e-06
   2.6776342e+03   2.9249124e-06
   2.6805583e+03   2.8935200e-06
   2.6834823e+03   2.8624645e-06
   2.6864063e+03   2.8317423e-06
   2.6893303e+03   2.8013498e-06
   2.6922544e+03   2.7712836e-06
   2.6951784e+03   2.7415400e-06
   2.6981024e+03   2.7121157e-06
   2.7010264e+03   2.6830072e-06
   2.7039505e+03   2.6542111e-06
   2.7068745e+03   2.6257240e-06
   2.7097985e+03   2.5975427e-06
   2.7127225e+03   2.5696639e-06
   2.7156465e+03   2.5420843e-06
   2.7185706e+03   2.5148007e-06
   2.7214946e+03   2.4878099e-06
   2.7244186e+03   2.4611088e-06
   2.7273426e+03   2.4346943e-06
   2.7302667e+03   2.4085632e-06
   2.7331907e+03   2.3827127e-06
   2.7361147e+03   2.3571396e-06
   2.7390387e+03   2.3318409e-06
   2.7419628e+03   2.3068138e-06
   2.7448868e+03   2.2820553e-06
   2.7478108e+03   2.2575625e-06
   2.7507348e+03   2.2333326e-06
   2.7536589e+03   2.2093628e-06
   2.7565829e+03   2.1856502e-06
   2.7595069e+03   2.1621921e-06
   2.7624309e+03   2.1389858e-06
   2.7653550e+03   2.1160285e-06
   2.7682790e+03   2.0933177e-06
   2.7712030e+03   2.0708506e-06
   2.7741270e+03   2.0486246e-06
   2.7770511e+03   2.0266372e-06
   2.7799751e+03   2.0048857e-06
   2.7828991e+03   1.9833677e-06
   2.7858231e+03   1.9620807e-06
   2.7887471e+03   1.9410221e-06
   2.7916712e+03   1.9201896e-06
   2.7945952e+03   1.8995806e-06
   2.7975192e+03   1.8791929e-06
   2.8004432e+03   1.8590239e-06
   2.8033673e+03   1.8390714e-06
   2.8062913e+03   1.8193331e-06
   2.8092153e+03   1.7998066e-06
   2.8121393e+03   1.7804897e-06
   2.8150634e+03   1.7613801e-06
   2.8179874e+03   1.7424756e-06
   2.8209114e+03   1.7237740e-06
   2.8238354e+03   1.7052731e-06
   2.8267595e+03   1.6869708e-06
   2.8296835e+03   1.6688650e-06
   2.8326075e+03   1.6509534e-06
   2.8355315e+03   1.6332341e-06
   2.8384556e+03   1.6157050e-06
   2.8413796e+03   1.5983640e-06
   2.8443036e+03   1.5812091e-06
   2.8472276e+03   1.5642383e-06
   2.8501517e+03   1.5474497e-06
   2.8530757e+03   1.5308413e-06
   2.8559997e+03   1.5144111e-06
   2.8589237e+03   1.4981573e-06
   2.8618477e+03   1.4820779e-06
   2.8647718e+03   1.4661711e-06
   2.8676958e+03   1.4504350e-06
   2.8706198e+03   1.4348678e-06
   2.8735438e+03   1.4194677e-06
   2.8764679e+03   1.4042329e-06
   2.8793919e+03   1.3891616e-06
   2.8823159e+03   1.3742520e-06
   2.8852399e+03   1.3595025e-06
   2.8881640e+03   1.3449113e-06
   2.8910880e+03   1.3304766e-06
   2.8940120e+03   1.3161969e-06
   2.8969360e+03   1.3020705e-06
   2.8998601e+03   1.2880957e-06
   2.9027841e+03   1.2742708e-06
   2.9057081e+03   1.2605944e-06
   2.9086321e+03   1.2470647e-06
   2.9115562e+03   1.2336802e-06
   2.9144802e+03   1.2204394e-06
   2.9174042e+03   1.2073407e-06
   2.9203282e+03   1.1943826e-06
   2.9232523e+03   1.1815636e-06
   2.9261763e+03   1.1688821e-06
   2.9291003e+03   1.1563368e-06
   2.9320243e+03   1.1439261e-06
   2.9349483e+03   1.1316486e-06
   2.9378724e+03   1.1195028e-06
   2.9407964e+03   1.1074875e-06
   2.9437204e+03   1.0956011e-06
   2.9466444e+03   1.0838422e-06
   2.9495685e+03   1.0722096e-06
   2.9524925e+03   1.0607018e-06
   2.9554165e+03   1.0493175e-06
   2.9583405e+03   1.0380555e-06
   2.9612646e+03   1.0269142e-06
   2.9641886e+03   1.0158926e-06
   2.9671126e+03   1.0049893e-06
   2.9700366e+03   9.9420294e-07
   2.9729607e+03   9.8353238e-07
   2.9758847e+03   9.7297636e-07
   2.9788087e+03   9.6253362e-07
   2.9817327e+03   9.5220297e-07
   2.9846568e+03   9.4198319e-07
   2.9875808e+03   9.3187310e-07
   2.9905048e+03   9.2187151e-07
   2.9934288e+03   9.1197728e-07
   2.9963529e+03   9.0218923e-07
   2.9992769e+03   8.9250624e-07
   3.0022009e+03   8.8292717e-07
   3.0051249e+03   8.7345092e-07
   3.0080489e+03   8.6407637e-07
   3.0109730e+03   8.5480243e-07
   3.0138970e+03   8.4562803e-07
   3.0168210e+03   8.3655210e-07
   3.0197450e+03   8.2757357e-07
   3.0226691e+03   8.1869141e-07
   3.0255931e+03   8.0990458e-07
   3.0285171e+03   8.0121206e-07
   3.0314411e+03   7.9261284e-07
   3.0343652e+03   7.8410590e-07
   3.0372892e+03   7.7569027e-07
   3.0402132e+03   7.6736496e-07
   3.0431372e+03   7.5912901e-07
   3.0460613e+03   7.5098145e-07
   3.0489853e+03   7.4292134e-07
   3.0519093e+03   7.3494773e-07
   3.0548333e+03   7.2705970e-07
   3.0577574e+03   7.1925634e-07
   3.0606814e+03   7.1153672e-07
   3.0636054e+03   7.0389996e-07
   3.0665294e+03   6.9634516e-07
   3.0694535e+03   6.8887145e-07
   3.0723775e+03   6.8147795e-07
   3.0753015e+03   6.7416380e-07
   3.0782255e+03   6.6692815e-07
   3.0811495e+03   6.5977016e-07
   3.0840736e+03   6.5268900e-07
   3.0869976e+03   6.4568384e-07
   3.0899216e+03   6.3875386e-07
   3.0928456e+03   6.3189826e-07
   3.0957697e+03   6.2511624e-07
   3.0986937e+03   6.1840701e-07
   3.1016177e+03   6.1176979e-07
   3.1045417e+03   6.0520380e-07
   3.1074658e+03   5.9870829e-07
   3.1103898e+03   5.9228249e-07
   3.1133138e+03   5.8592565e-07
   3.1162378e+03   5.7963705e-07
   3.1191619e+03   5.7341593e-07
   3.1220859e+03   5.6726159e-07
   3.1250099e+03   5.6117330e-07
   3.1279339e+03   5.5515035e-07
   3.1308580e+03   5.4919205e-07
   3.1337820e+03   5.4329770e-07
   3.1367060e+03   5.3746661e-07
   3.1396300e+03   5.3169810e-07
   3.1425541e+03   5.2599151e-07
   3.1454781e+03   5.2034616e-07
   3.1484021e+03   5.1476140e-07
   3.1513261e+03   5.0923658e-07
   3.1542502e+03   5.0377106e-07
   3.1571742e+03   4.9836420e-07
   3.1600982e+03   4.9301537e-07
   3.1630222e+03   4.8772395e-07
   3.1659462e+03   4.8248932e-07
   3.1688703e+03   4.7731087e-07
   3.1717943e+03   4.7218800e-07
   3.1747183e+03   4.6712012e-07
   3.1776423e+03   4.6210662e-07
   3.1805664e+03   4.5714694e-07
   3.1834904e+03   4.5224048e-07
   3.1864144e+03   4.4738669e-07
   3.1893384e+03   4.4258499e-07
   3.1922625e+03   4.3783482e-07
   3.1951865e+03   4.3313564e-07
   3.1981105e+03   4.2848690e-07
   3.2010345e+03   4.2388804e-07
   3.2039586e+03   4.1933855e-07
   3.2068826e+03   4.1483788e-07
   3.2098066e+03   4.1038552e-07
   3.2127306e+03   4.0598095e-07
   3.2156547e+03   4.0162365e-07
   3.2185787e+03   3.9731311e-07
   3.2215027e+03   3.9304884e-07
   3.2244267e+03   3.8883034e-07
   3.2273508e+03   3.8465711e-07
   3.2302748e+03   3.8052867e-07
   3.2331988e+03   3.7644454e-07
   3.2361228e+03   3.7240425e-07
   3.2390468e+03   3.6840732e-07
   3.2419709e+03   3.6445329e-07
   3.2448949e+03   3.6054169e-07
   3.2478189e+03   3.5667208e-07
   3.2507429e+03   3.5284400e-07
   3.2536670e+03   3.4905701e-07
   3.2565910e+03   3.4531066e-07
   3.2595150e+03   3.4160452e-07
   3.2624390e+03   3.3793815e-07
   3.2653631e+03   3.3431114e-07
   3.2682871e+03   3.3072305e-07
   3.2712111e+03   3.2717348e-07
   3.2741351e+03   3.2366200e-07
   3.2770592e+03   3.2018821e-07
   3.2799832e+03   3.1675170e-07
   3.2829072e+03   3.1335208e-07
   3.2858312e+03   3.0998894e-07
   3.2887553e+03   3.0666190e-07
   3.2916793e+03   3.0337057e-07
   3.2946033e+03   3.0011456e-07
   3.2975273e+03   2.9689350e-07
   3.3004514e+03   2.9370701e-07
   3.3033754e+03   2.9055472e-07
   3.3062994e+03   2.8743626e-07
   3.3092234e+03   2.8435127e-07
   3.3121474e+03   2.8129939e-07
   3.3150715e+03   2.7828027e-07
   3.3179955e+03   2.7529355e-07
   3.3209195e+03   2.7233889e-07
   3.3238435e+03   2.6941594e-07
   3.3267676e+03   2.6652436e-07
   3.3296916e+03   2.6366381e-07
   3.3326156e+03   2.6083397e-07
   3.3355396e+03   2.5803450e-07
   3.3384637e+03   2.5526507e-07
   3.3413877e+03   2.5252537e-07
   3.3443117e+03   2.4981507e-07
   3.3472357e+03   2.4713386e-07
   3.3501598e+03   2.4448143e-07
   3.3530838e+03   2.4185747e-07
   3.3560078e+03   2.3926167e-07
   3.3589318e+03   2.3669373e-07
   3.3618559e+03   2.3415335e-07
   3.3647799e+03   2.3164023e-07
   3.3677039e+03   2.2915409e-07
   3.3706279e+03   2.2669463e-07
   3.3735520e+03   2.2426157e-07
   3.3764760e+03   2.2185462e-07
   3.3794000e+03   2.1947350e-07
