   4.5389000e+02   1.1652323e-04
   4.5583722e+02   1.2524012e-04
   4.5778443e+02   1.3448613e-04
   4.5973165e+02   1.4428306e-04
   4.6167887e+02   1.5465280e-04
   4.6362609e+02   1.6561727e-04
   4.6557330e+02   1.7719833e-04
   4.6752052e+02   1.8941774e-04
   4.6946774e+02   2.0229704e-04
   4.7141495e+02   2.1585747e-04
   4.7336217e+02   2.3011993e-04
   4.7530939e+02   2.4510481e-04
   4.7725661e+02   2.6083197e-04
   4.7920382e+02   2.7732058e-04
   4.8115104e+02   2.9458909e-04
   4.8309826e+02   3.1265505e-04
   4.8504548e+02   3.3153506e-04
   4.8699269e+02   3.5124465e-04
   4.8893991e+02   3.7179818e-04
   4.9088713e+02   3.9320872e-04
   4.9283434e+02   4.1548796e-04
   4.9478156e+02   4.3864610e-04
   4.9672878e+02   4.6269177e-04
   4.9867600e+02   4.8763188e-04
   5.0062321e+02   5.1347158e-04
   5.0257043e+02   5.4021413e-04
   5.0451765e+02   5.6786084e-04
   5.0646486e+02   5.9641093e-04
   5.0841208e+02   6.2586155e-04
   5.1035930e+02   6.5620761e-04
   5.1230652e+02   6.8744176e-04
   5.1425373e+02   7.1955435e-04
   5.1620095e+02   7.5253332e-04
   5.1814817e+02   7.8636424e-04
   5.2009539e+02   8.2103019e-04
   5.2204260e+02   8.5651181e-04
   5.2398982e+02   8.9278724e-04
   5.2593704e+02   9.2983214e-04
   5.2788425e+02   9.6761969e-04
   5.2983147e+02   1.0061206e-03
   5.3177869e+02   1.0453032e-03
   5.3372591e+02   1.0851333e-03
   5.3567312e+02   1.1255745e-03
   5.3762034e+02   1.1665880e-03
   5.3956756e+02   1.2081329e-03
   5.4151477e+02   1.2501662e-03
   5.4346199e+02   1.2926427e-03
   5.4540921e+02   1.3355154e-03
   5.4735643e+02   1.3787355e-03
   5.4930364e+02   1.4222525e-03
   5.5125086e+02   1.4660142e-03
   5.5319808e+02   1.5099673e-03
   5.5514530e+02   1.5540569e-03
   5.5709251e+02   1.5982272e-03
   5.5903973e+02   1.6424214e-03
   5.6098695e+02   1.6865819e-03
   5.6293416e+02   1.7306506e-03
   5.6488138e+02   1.7745690e-03
   5.6682860e+02   1.8182781e-03
   5.6877582e+02   1.8617191e-03
   5.7072303e+02   1.9048334e-03
   5.7267025e+02   1.9475624e-03
   5.7461747e+02   1.9898482e-03
   5.7656468e+02   2.0316336e-03
   5.7851190e+02   2.0728622e-03
   5.8045912e+02   2.1134788e-03
   5.8240634e+02   2.1534292e-03
   5.8435355e+02   2.1926606e-03
   5.8630077e+02   2.2311219e-03
   5.8824799e+02   2.2687637e-03
   5.9019521e+02   2.3055382e-03
   5.9214242e+02   2.3413999e-03
   5.9408964e+02   2.3763053e-03
   5.9603686e+02   2.4102130e-03
   5.9798407e+02   2.4430841e-03
   5.9993129e+02   2.4748822e-03
   6.0187851e+02   2.5055733e-03
   6.0382573e+02   2.5351261e-03
   6.0577294e+02   2.5635120e-03
   6.0772016e+02   2.5907051e-03
   6.0966738e+02   2.6166821e-03
   6.1161459e+02   2.6414230e-03
   6.1356181e+02   2.6649100e-03
   6.1550903e+02   2.6871288e-03
   6.1745625e+02   2.7080673e-03
   6.1940346e+02   2.7277166e-03
   6.2135068e+02   2.7460706e-03
   6.2329790e+02   2.7631257e-03
   6.2524512e+02   2.7788813e-03
   6.2719233e+02   2.7933392e-03
   6.2913955e+02   2.8065039e-03
   6.3108677e+02   2.8183825e-03
   6.3303398e+02   2.8289843e-03
   6.3498120e+02   2.8383211e-03
   6.3692842e+02   2.8464069e-03
   6.3887564e+02   2.8532577e-03
   6.4082285e+02   2.8588918e-03
   6.4277007e+02   2.8633291e-03
   6.4471729e+02   2.8665916e-03
   6.4666450e+02   2.8687026e-03
   6.4861172e+02   2.8696874e-03
   6.5055894e+02   2.8695722e-03
   6.5250616e+02   2.8683850e-03
   6.5445337e+02   2.8661547e-03
   6.5640059e+02   2.8629112e-03
   6.5834781e+02   2.8586854e-03
   6.6029503e+02   2.8535090e-03
   6.6224224e+02   2.8474145e-03
   6.6418946e+02   2.8404346e-03
   6.6613668e+02   2.8326028e-03
   6.6808389e+02   2.8239526e-03
   6.7003111e+02   2.8145181e-03
   6.7197833e+02   2.8043330e-03
   6.7392555e+02   2.7934315e-03
   6.7587276e+02   2.7818473e-03
   6.7781998e+02   2.7696142e-03
   6.7976720e+02   2.7567656e-03
   6.8171441e+02   2.7433345e-03
   6.8366163e+02   2.7293535e-03
   6.8560885e+02   2.7148549e-03
   6.8755607e+02   2.6998701e-03
   6.8950328e+02   2.6844301e-03
   6.9145050e+02   2.6685651e-03
   6.9339772e+02   2.6523047e-03
   6.9534493e+02   2.6356776e-03
   6.9729215e+02   2.6187119e-03
   6.9923937e+02   2.6014346e-03
   7.0118659e+02   2.5838720e-03
   7.0313380e+02   2.5660495e-03
   7.0508102e+02   2.5479916e-03
   7.0702824e+02   2.5297218e-03
   7.0897546e+02   2.5112629e-03
   7.1092267e+02   2.4926364e-03
   7.1286989e+02   2.4738632e-03
   7.1481711e+02   2.4549631e-03
   7.1676432e+02   2.4359552e-03
   7.1871154e+02   2.4168574e-03
   7.2065876e+02   2.3976869e-03
   7.2260598e+02   2.3784600e-03
   7.2455319e+02   2.3591919e-03
   7.2650041e+02   2.3398973e-03
   7.2844763e+02   2.3205899e-03
   7.3039484e+02   2.3012826e-03
   7.3234206e+02   2.2819875e-03
   7.3428928e+02   2.2627160e-03
   7.3623650e+02   2.2434786e-03
   7.3818371e+02   2.2242854e-03
   7.4013093e+02   2.2051455e-03
   7.4207815e+02   2.1860677e-03
   7.4402537e+02   2.1670597e-03
   7.4597258e+02   2.1481291e-03
   7.4791980e+02   2.1292826e-03
   7.4986702e+02   2.1105264e-03
   7.5181423e+02   2.0918663e-03
   7.5376145e+02   2.0733075e-03
   7.5570867e+02   2.0548549e-03
   7.5765589e+02   2.0365127e-03
   7.5960310e+02   2.0182849e-03
   7.6155032e+02   2.0001750e-03
   7.6349754e+02   1.9821862e-03
   7.6544475e+02   1.9643213e-03
   7.6739197e+02   1.9465829e-03
   7.6933919e+02   1.9289730e-03
   7.7128641e+02   1.9114937e-03
   7.7323362e+02   1.8941466e-03
   7.7518084e+02   1.8769331e-03
   7.7712806e+02   1.8598544e-03
   7.7907528e+02   1.8429114e-03
   7.8102249e+02   1.8261050e-03
   7.8296971e+02   1.8094358e-03
   7.8491693e+02   1.7929041e-03
   7.8686414e+02   1.7765103e-03
   7.8881136e+02   1.7602546e-03
   7.9075858e+02   1.7441368e-03
   7.9270580e+02   1.7281571e-03
   7.9465301e+02   1.7123150e-03
   7.9660023e+02   1.6966104e-03
   7.9854745e+02   1.6810428e-03
   8.0049466e+02   1.6656118e-03
   8.0244188e+02   1.6503168e-03
   8.0438910e+02   1.6351573e-03
   8.0633632e+02   1.6201325e-03
   8.0828353e+02   1.6052418e-03
   8.1023075e+02   1.5904844e-03
   8.1217797e+02   1.5758595e-03
   8.1412519e+02   1.5613662e-03
   8.1607240e+02   1.5470037e-03
   8.1801962e+02   1.5327711e-03
   8.1996684e+02   1.5186675e-03
   8.2191405e+02   1.5046919e-03
   8.2386127e+02   1.4908433e-03
   8.2580849e+02   1.4771209e-03
   8.2775571e+02   1.4635235e-03
   8.2970292e+02   1.4500502e-03
   8.3165014e+02   1.4367001e-03
   8.3359736e+02   1.4234720e-03
   8.3554457e+02   1.4103650e-03
   8.3749179e+02   1.3973780e-03
   8.3943901e+02   1.3845101e-03
   8.4138623e+02   1.3717602e-03
   8.4333344e+02   1.3591272e-03
   8.4528066e+02   1.3466103e-03
   8.4722788e+02   1.3342082e-03
   8.4917510e+02   1.3219201e-03
   8.5112231e+02   1.3097450e-03
   8.5306953e+02   1.2976817e-03
   8.5501675e+02   1.2857294e-03
   8.5696396e+02   1.2738870e-03
   8.5891118e+02   1.2621535e-03
   8.6085840e+02   1.2505280e-03
   8.6280562e+02   1.2390095e-03
   8.6475283e+02   1.2275969e-03
   8.6670005e+02   1.2162894e-03
   8.6864727e+02   1.2050860e-03
   8.7059448e+02   1.1939857e-03
   8.7254170e+02   1.1829877e-03
   8.7448892e+02   1.1720908e-03
   8.7643614e+02   1.1612944e-03
   8.7838335e+02   1.1505973e-03
   8.8033057e+02   1.1399987e-03
   8.8227779e+02   1.1294978e-03
   8.8422501e+02   1.1190935e-03
   8.8617222e+02   1.1087851e-03
   8.8811944e+02   1.0985716e-03
   8.9006666e+02   1.0884522e-03
   8.9201387e+02   1.0784260e-03
   8.9396109e+02   1.0684921e-03
   8.9590831e+02   1.0586498e-03
   8.9785553e+02   1.0488980e-03
   8.9980274e+02   1.0392362e-03
   9.0174996e+02   1.0296633e-03
   9.0369718e+02   1.0201785e-03
   9.0564439e+02   1.0107812e-03
   9.0759161e+02   1.0014704e-03
   9.0953883e+02   9.9224536e-04
   9.1148605e+02   9.8310530e-04
   9.1343326e+02   9.7404943e-04
   9.1538048e+02   9.6507699e-04
   9.1732770e+02   9.5618719e-04
   9.1927491e+02   9.4737927e-04
   9.2122213e+02   9.3865249e-04
   9.2316935e+02   9.3000610e-04
   9.2511657e+02   9.2143935e-04
   9.2706378e+02   9.1295152e-04
   9.2901100e+02   9.0454187e-04
   9.3095822e+02   8.9620968e-04
   9.3290544e+02   8.8795425e-04
   9.3485265e+02   8.7977486e-04
   9.3679987e+02   8.7167081e-04
   9.3874709e+02   8.6364142e-04
   9.4069430e+02   8.5568599e-04
   9.4264152e+02   8.4780383e-04
   9.4458874e+02   8.3999429e-04
   9.4653596e+02   8.3225668e-04
   9.4848317e+02   8.2459035e-04
   9.5043039e+02   8.1699464e-04
   9.5237761e+02   8.0946889e-04
   9.5432482e+02   8.0201247e-04
   9.5627204e+02   7.9462473e-04
   9.5821926e+02   7.8730505e-04
   9.6016648e+02   7.8005279e-04
   9.6211369e+02   7.7286733e-04
   9.6406091e+02   7.6574806e-04
   9.6600813e+02   7.5869437e-04
   9.6795535e+02   7.5170566e-04
   9.6990256e+02   7.4478132e-04
   9.7184978e+02   7.3792077e-04
   9.7379700e+02   7.3112341e-04
   9.7574421e+02   7.2438867e-04
   9.7769143e+02   7.1771597e-04
   9.7963865e+02   7.1110472e-04
   9.8158587e+02   7.0455438e-04
   9.8353308e+02   6.9806438e-04
   9.8548030e+02   6.9163416e-04
   9.8742752e+02   6.8526317e-04
   9.8937473e+02   6.7895087e-04
   9.9132195e+02   6.7269672e-04
   9.9326917e+02   6.6650017e-04
   9.9521639e+02   6.6036070e-04
   9.9716360e+02   6.5427779e-04
   9.9911082e+02   6.4825091e-04
   1.0010580e+03   6.4227955e-04
   1.0030053e+03   6.3636319e-04
   1.0049525e+03   6.3050133e-04
   1.0068997e+03   6.2469347e-04
   1.0088469e+03   6.1893910e-04
   1.0107941e+03   6.1323775e-04
   1.0127413e+03   6.0758891e-04
   1.0146886e+03   6.0199210e-04
   1.0166358e+03   5.9644685e-04
   1.0185830e+03   5.9095268e-04
   1.0205302e+03   5.8550912e-04
   1.0224774e+03   5.8011570e-04
   1.0244246e+03   5.7477197e-04
   1.0263719e+03   5.6947746e-04
   1.0283191e+03   5.6423171e-04
   1.0302663e+03   5.5903429e-04
   1.0322135e+03   5.5388475e-04
   1.0341607e+03   5.4878264e-04
   1.0361079e+03   5.4372753e-04
   1.0380552e+03   5.3871898e-04
   1.0400024e+03   5.3375657e-04
   1.0419496e+03   5.2883987e-04
   1.0438968e+03   5.2396847e-04
   1.0458440e+03   5.1914193e-04
   1.0477913e+03   5.1435985e-04
   1.0497385e+03   5.0962183e-04
   1.0516857e+03   5.0492745e-04
   1.0536329e+03   5.0027631e-04
   1.0555801e+03   4.9566801e-04
   1.0575273e+03   4.9110217e-04
   1.0594746e+03   4.8657838e-04
   1.0614218e+03   4.8209626e-04
   1.0633690e+03   4.7765543e-04
   1.0653162e+03   4.7325551e-04
   1.0672634e+03   4.6889612e-04
   1.0692106e+03   4.6457688e-04
   1.0711579e+03   4.6029743e-04
   1.0731051e+03   4.5605740e-04
   1.0750523e+03   4.5185643e-04
   1.0769995e+03   4.4769415e-04
   1.0789467e+03   4.4357022e-04
   1.0808939e+03   4.3948427e-04
   1.0828412e+03   4.3543596e-04
   1.0847884e+03   4.3142494e-04
   1.0867356e+03   4.2745087e-04
   1.0886828e+03   4.2351341e-04
   1.0906300e+03   4.1961222e-04
   1.0925772e+03   4.1574696e-04
   1.0945245e+03   4.1191730e-04
   1.0964717e+03   4.0812293e-04
   1.0984189e+03   4.0436350e-04
   1.1003661e+03   4.0063871e-04
   1.1023133e+03   3.9694823e-04
   1.1042606e+03   3.9329174e-04
   1.1062078e+03   3.8966893e-04
   1.1081550e+03   3.8607950e-04
   1.1101022e+03   3.8252312e-04
   1.1120494e+03   3.7899951e-04
   1.1139966e+03   3.7550836e-04
   1.1159439e+03   3.7204936e-04
   1.1178911e+03   3.6862223e-04
   1.1198383e+03   3.6522667e-04
   1.1217855e+03   3.6186238e-04
   1.1237327e+03   3.5852909e-04
   1.1256799e+03   3.5522650e-04
   1.1276272e+03   3.5195433e-04
   1.1295744e+03   3.4871230e-04
   1.1315216e+03   3.4550014e-04
   1.1334688e+03   3.4231756e-04
   1.1354160e+03   3.3916430e-04
   1.1373632e+03   3.3604009e-04
   1.1393105e+03   3.3294466e-04
   1.1412577e+03   3.2987774e-04
   1.1432049e+03   3.2683907e-04
   1.1451521e+03   3.2382839e-04
   1.1470993e+03   3.2084545e-04
   1.1490465e+03   3.1788998e-04
   1.1509938e+03   3.1496174e-04
   1.1529410e+03   3.1206047e-04
   1.1548882e+03   3.0918592e-04
   1.1568354e+03   3.0633785e-04
   1.1587826e+03   3.0351602e-04
   1.1607298e+03   3.0072019e-04
   1.1626771e+03   2.9795010e-04
   1.1646243e+03   2.9520553e-04
   1.1665715e+03   2.9248625e-04
   1.1685187e+03   2.8979201e-04
   1.1704659e+03   2.8712259e-04
   1.1724132e+03   2.8447776e-04
   1.1743604e+03   2.8185730e-04
   1.1763076e+03   2.7926097e-04
   1.1782548e+03   2.7668856e-04
   1.1802020e+03   2.7413984e-04
   1.1821492e+03   2.7161460e-04
   1.1840965e+03   2.6911262e-04
   1.1860437e+03   2.6663369e-04
   1.1879909e+03   2.6417759e-04
   1.1899381e+03   2.6174412e-04
   1.1918853e+03   2.5933307e-04
   1.1938325e+03   2.5694422e-04
   1.1957798e+03   2.5457738e-04
   1.1977270e+03   2.5223234e-04
   1.1996742e+03   2.4990890e-04
   1.2016214e+03   2.4760687e-04
   1.2035686e+03   2.4532603e-04
   1.2055158e+03   2.4306621e-04
   1.2074631e+03   2.4082721e-04
   1.2094103e+03   2.3860883e-04
   1.2113575e+03   2.3641088e-04
   1.2133047e+03   2.3423319e-04
   1.2152519e+03   2.3207555e-04
   1.2171991e+03   2.2993778e-04
   1.2191464e+03   2.2781971e-04
   1.2210936e+03   2.2572115e-04
   1.2230408e+03   2.2364192e-04
   1.2249880e+03   2.2158184e-04
   1.2269352e+03   2.1954074e-04
   1.2288825e+03   2.1751844e-04
   1.2308297e+03   2.1551477e-04
   1.2327769e+03   2.1352956e-04
   1.2347241e+03   2.1156263e-04
   1.2366713e+03   2.0961382e-04
   1.2386185e+03   2.0768296e-04
   1.2405658e+03   2.0576989e-04
   1.2425130e+03   2.0387444e-04
   1.2444602e+03   2.0199645e-04
   1.2464074e+03   2.0013576e-04
   1.2483546e+03   1.9829221e-04
   1.2503018e+03   1.9646564e-04
   1.2522491e+03   1.9465590e-04
   1.2541963e+03   1.9286283e-04
   1.2561435e+03   1.9108627e-04
   1.2580907e+03   1.8932608e-04
   1.2600379e+03   1.8758210e-04
   1.2619851e+03   1.8585419e-04
   1.2639324e+03   1.8414219e-04
   1.2658796e+03   1.8244597e-04
   1.2678268e+03   1.8076537e-04
   1.2697740e+03   1.7910025e-04
   1.2717212e+03   1.7745046e-04
   1.2736684e+03   1.7581588e-04
   1.2756157e+03   1.7419635e-04
   1.2775629e+03   1.7259174e-04
   1.2795101e+03   1.7100191e-04
   1.2814573e+03   1.6942673e-04
   1.2834045e+03   1.6786605e-04
   1.2853518e+03   1.6631976e-04
   1.2872990e+03   1.6478770e-04
   1.2892462e+03   1.6326976e-04
   1.2911934e+03   1.6176580e-04
   1.2931406e+03   1.6027569e-04
   1.2950878e+03   1.5879932e-04
   1.2970351e+03   1.5733654e-04
   1.2989823e+03   1.5588723e-04
   1.3009295e+03   1.5445127e-04
   1.3028767e+03   1.5302855e-04
   1.3048239e+03   1.5161892e-04
   1.3067711e+03   1.5022229e-04
   1.3087184e+03   1.4883851e-04
   1.3106656e+03   1.4746749e-04
   1.3126128e+03   1.4610909e-04
   1.3145600e+03   1.4476321e-04
   1.3165072e+03   1.4342972e-04
   1.3184544e+03   1.4210852e-04
   1.3204017e+03   1.4079949e-04
   1.3223489e+03   1.3950251e-04
   1.3242961e+03   1.3821748e-04
   1.3262433e+03   1.3694429e-04
   1.3281905e+03   1.3568283e-04
   1.3301377e+03   1.3443299e-04
   1.3320850e+03   1.3319466e-04
   1.3340322e+03   1.3196774e-04
   1.3359794e+03   1.3075212e-04
   1.3379266e+03   1.2954769e-04
   1.3398738e+03   1.2835436e-04
   1.3418211e+03   1.2717203e-04
   1.3437683e+03   1.2600058e-04
   1.3457155e+03   1.2483993e-04
   1.3476627e+03   1.2368997e-04
   1.3496099e+03   1.2255060e-04
   1.3515571e+03   1.2142172e-04
   1.3535044e+03   1.2030324e-04
   1.3554516e+03   1.1919507e-04
   1.3573988e+03   1.1809711e-04
   1.3593460e+03   1.1700925e-04
   1.3612932e+03   1.1593142e-04
   1.3632404e+03   1.1486352e-04
   1.3651877e+03   1.1380546e-04
   1.3671349e+03   1.1275714e-04
   1.3690821e+03   1.1171847e-04
   1.3710293e+03   1.1068938e-04
   1.3729765e+03   1.0966976e-04
   1.3749237e+03   1.0865954e-04
   1.3768710e+03   1.0765862e-04
   1.3788182e+03   1.0666693e-04
   1.3807654e+03   1.0568436e-04
   1.3827126e+03   1.0471085e-04
   1.3846598e+03   1.0374631e-04
   1.3866070e+03   1.0279065e-04
   1.3885543e+03   1.0184379e-04
   1.3905015e+03   1.0090566e-04
   1.3924487e+03   9.9976167e-05
   1.3943959e+03   9.9055237e-05
   1.3963431e+03   9.8142790e-05
   1.3982904e+03   9.7238747e-05
   1.4002376e+03   9.6343033e-05
   1.4021848e+03   9.5455569e-05
   1.4041320e+03   9.4576280e-05
   1.4060792e+03   9.3705091e-05
   1.4080264e+03   9.2841926e-05
   1.4099737e+03   9.1986713e-05
   1.4119209e+03   9.1139377e-05
   1.4138681e+03   9.0299847e-05
   1.4158153e+03   8.9468050e-05
   1.4177625e+03   8.8643915e-05
   1.4197097e+03   8.7827371e-05
   1.4216570e+03   8.7018350e-05
   1.4236042e+03   8.6216780e-05
   1.4255514e+03   8.5422594e-05
   1.4274986e+03   8.4635724e-05
   1.4294458e+03   8.3856102e-05
   1.4313930e+03   8.3083662e-05
   1.4333403e+03   8.2318336e-05
   1.4352875e+03   8.1560061e-05
   1.4372347e+03   8.0808771e-05
   1.4391819e+03   8.0064401e-05
   1.4411291e+03   7.9326887e-05
   1.4430763e+03   7.8596168e-05
   1.4450236e+03   7.7872179e-05
   1.4469708e+03   7.7154860e-05
   1.4489180e+03   7.6444148e-05
   1.4508652e+03   7.5739982e-05
   1.4528124e+03   7.5042303e-05
   1.4547596e+03   7.4351051e-05
   1.4567069e+03   7.3666167e-05
   1.4586541e+03   7.2987591e-05
   1.4606013e+03   7.2315266e-05
   1.4625485e+03   7.1649133e-05
   1.4644957e+03   7.0989137e-05
   1.4664430e+03   7.0335221e-05
   1.4683902e+03   6.9687328e-05
   1.4703374e+03   6.9045403e-05
   1.4722846e+03   6.8409392e-05
   1.4742318e+03   6.7779239e-05
   1.4761790e+03   6.7154890e-05
   1.4781263e+03   6.6536293e-05
   1.4800735e+03   6.5923394e-05
   1.4820207e+03   6.5316140e-05
   1.4839679e+03   6.4714481e-05
   1.4859151e+03   6.4118363e-05
   1.4878623e+03   6.3527737e-05
   1.4898096e+03   6.2942551e-05
   1.4917568e+03   6.2362756e-05
   1.4937040e+03   6.1788302e-05
   1.4956512e+03   6.1219139e-05
   1.4975984e+03   6.0655218e-05
   1.4995456e+03   6.0096493e-05
   1.5014929e+03   5.9542914e-05
   1.5034401e+03   5.8994435e-05
   1.5053873e+03   5.8451007e-05
   1.5073345e+03   5.7912586e-05
   1.5092817e+03   5.7379124e-05
   1.5112289e+03   5.6850576e-05
   1.5131762e+03   5.6326897e-05
   1.5151234e+03   5.5808042e-05
   1.5170706e+03   5.5293966e-05
   1.5190178e+03   5.4784626e-05
   1.5209650e+03   5.4279977e-05
   1.5229123e+03   5.3779977e-05
   1.5248595e+03   5.3284583e-05
   1.5268067e+03   5.2793752e-05
   1.5287539e+03   5.2307442e-05
   1.5307011e+03   5.1825612e-05
   1.5326483e+03   5.1348221e-05
   1.5345956e+03   5.0875227e-05
   1.5365428e+03   5.0406590e-05
   1.5384900e+03   4.9942269e-05
   1.5404372e+03   4.9482226e-05
   1.5423844e+03   4.9026421e-05
   1.5443316e+03   4.8574814e-05
   1.5462789e+03   4.8127367e-05
   1.5482261e+03   4.7684042e-05
   1.5501733e+03   4.7244800e-05
   1.5521205e+03   4.6809605e-05
   1.5540677e+03   4.6378418e-05
   1.5560149e+03   4.5951203e-05
   1.5579622e+03   4.5527924e-05
   1.5599094e+03   4.5108543e-05
   1.5618566e+03   4.4693026e-05
   1.5638038e+03   4.4281336e-05
   1.5657510e+03   4.3873438e-05
   1.5676982e+03   4.3469298e-05
   1.5696455e+03   4.3068881e-05
   1.5715927e+03   4.2672152e-05
   1.5735399e+03   4.2279077e-05
   1.5754871e+03   4.1889624e-05
   1.5774343e+03   4.1503757e-05
   1.5793816e+03   4.1121446e-05
   1.5813288e+03   4.0742655e-05
   1.5832760e+03   4.0367354e-05
   1.5852232e+03   3.9995510e-05
   1.5871704e+03   3.9627092e-05
   1.5891176e+03   3.9262067e-05
   1.5910649e+03   3.8900404e-05
   1.5930121e+03   3.8542073e-05
   1.5949593e+03   3.8187043e-05
   1.5969065e+03   3.7835283e-05
   1.5988537e+03   3.7486763e-05
   1.6008009e+03   3.7141454e-05
   1.6027482e+03   3.6799326e-05
   1.6046954e+03   3.6460349e-05
   1.6066426e+03   3.6124494e-05
   1.6085898e+03   3.5791733e-05
   1.6105370e+03   3.5462038e-05
   1.6124842e+03   3.5135379e-05
   1.6144315e+03   3.4811730e-05
   1.6163787e+03   3.4491061e-05
   1.6183259e+03   3.4173347e-05
   1.6202731e+03   3.3858559e-05
   1.6222203e+03   3.3546671e-05
   1.6241675e+03   3.3237656e-05
   1.6261148e+03   3.2931487e-05
   1.6280620e+03   3.2628139e-05
   1.6300092e+03   3.2327585e-05
   1.6319564e+03   3.2029799e-05
   1.6339036e+03   3.1734757e-05
   1.6358509e+03   3.1442432e-05
   1.6377981e+03   3.1152800e-05
   1.6397453e+03   3.0865836e-05
   1.6416925e+03   3.0581515e-05
   1.6436397e+03   3.0299814e-05
   1.6455869e+03   3.0020707e-05
   1.6475342e+03   2.9744171e-05
   1.6494814e+03   2.9470183e-05
   1.6514286e+03   2.9198718e-05
   1.6533758e+03   2.8929754e-05
   1.6553230e+03   2.8663268e-05
   1.6572702e+03   2.8399236e-05
   1.6592175e+03   2.8137637e-05
   1.6611647e+03   2.7878447e-05
   1.6631119e+03   2.7621644e-05
   1.6650591e+03   2.7367208e-05
   1.6670063e+03   2.7115115e-05
   1.6689535e+03   2.6865344e-05
   1.6709008e+03   2.6617874e-05
   1.6728480e+03   2.6372683e-05
   1.6747952e+03   2.6129751e-05
   1.6767424e+03   2.5889057e-05
   1.6786896e+03   2.5650580e-05
   1.6806368e+03   2.5414300e-05
   1.6825841e+03   2.5180196e-05
   1.6845313e+03   2.4948248e-05
   1.6864785e+03   2.4718438e-05
   1.6884257e+03   2.4490744e-05
   1.6903729e+03   2.4265147e-05
   1.6923202e+03   2.4041629e-05
   1.6942674e+03   2.3820169e-05
   1.6962146e+03   2.3600750e-05
   1.6981618e+03   2.3383352e-05
   1.7001090e+03   2.3167956e-05
   1.7020562e+03   2.2954544e-05
   1.7040035e+03   2.2743098e-05
   1.7059507e+03   2.2533600e-05
   1.7078979e+03   2.2326032e-05
   1.7098451e+03   2.2120376e-05
   1.7117923e+03   2.1916614e-05
   1.7137395e+03   2.1714729e-05
   1.7156868e+03   2.1514704e-05
   1.7176340e+03   2.1316521e-05
   1.7195812e+03   2.1120164e-05
   1.7215284e+03   2.0925616e-05
   1.7234756e+03   2.0732859e-05
   1.7254228e+03   2.0541879e-05
   1.7273701e+03   2.0352657e-05
   1.7293173e+03   2.0165179e-05
   1.7312645e+03   1.9979427e-05
   1.7332117e+03   1.9795387e-05
   1.7351589e+03   1.9613041e-05
   1.7371061e+03   1.9432376e-05
   1.7390534e+03   1.9253375e-05
   1.7410006e+03   1.9076022e-05
   1.7429478e+03   1.8900303e-05
   1.7448950e+03   1.8726203e-05
   1.7468422e+03   1.8553707e-05
   1.7487894e+03   1.8382799e-05
   1.7507367e+03   1.8213466e-05
   1.7526839e+03   1.8045693e-05
   1.7546311e+03   1.7879465e-05
   1.7565783e+03   1.7714768e-05
   1.7585255e+03   1.7551589e-05
   1.7604728e+03   1.7389912e-05
   1.7624200e+03   1.7229725e-05
   1.7643672e+03   1.7071013e-05
   1.7663144e+03   1.6913764e-05
   1.7682616e+03   1.6757963e-05
   1.7702088e+03   1.6603597e-05
   1.7721561e+03   1.6450653e-05
   1.7741033e+03   1.6299117e-05
   1.7760505e+03   1.6148978e-05
   1.7779977e+03   1.6000222e-05
   1.7799449e+03   1.5852836e-05
   1.7818921e+03   1.5706807e-05
   1.7838394e+03   1.5562124e-05
   1.7857866e+03   1.5418774e-05
   1.7877338e+03   1.5276744e-05
   1.7896810e+03   1.5136022e-05
   1.7916282e+03   1.4996596e-05
   1.7935754e+03   1.4858455e-05
   1.7955227e+03   1.4721587e-05
   1.7974699e+03   1.4585979e-05
   1.7994171e+03   1.4451620e-05
   1.8013643e+03   1.4318499e-05
   1.8033115e+03   1.4186604e-05
   1.8052587e+03   1.4055924e-05
   1.8072060e+03   1.3926448e-05
   1.8091532e+03   1.3798165e-05
   1.8111004e+03   1.3671063e-05
   1.8130476e+03   1.3545132e-05
   1.8149948e+03   1.3420361e-05
   1.8169421e+03   1.3296739e-05
   1.8188893e+03   1.3174256e-05
   1.8208365e+03   1.3052902e-05
   1.8227837e+03   1.2932665e-05
   1.8247309e+03   1.2813535e-05
   1.8266781e+03   1.2695504e-05
   1.8286254e+03   1.2578559e-05
   1.8305726e+03   1.2462692e-05
   1.8325198e+03   1.2347891e-05
   1.8344670e+03   1.2234149e-05
   1.8364142e+03   1.2121454e-05
   1.8383614e+03   1.2009797e-05
   1.8403087e+03   1.1899169e-05
   1.8422559e+03   1.1789560e-05
   1.8442031e+03   1.1680960e-05
   1.8461503e+03   1.1573361e-05
   1.8480975e+03   1.1466753e-05
   1.8500447e+03   1.1361127e-05
   1.8519920e+03   1.1256474e-05
   1.8539392e+03   1.1152785e-05
   1.8558864e+03   1.1050051e-05
   1.8578336e+03   1.0948264e-05
   1.8597808e+03   1.0847414e-05
   1.8617280e+03   1.0747493e-05
   1.8636753e+03   1.0648492e-05
   1.8656225e+03   1.0550404e-05
   1.8675697e+03   1.0453219e-05
   1.8695169e+03   1.0356929e-05
   1.8714641e+03   1.0261526e-05
   1.8734114e+03   1.0167002e-05
   1.8753586e+03   1.0073349e-05
   1.8773058e+03   9.9805579e-06
   1.8792530e+03   9.8886220e-06
   1.8812002e+03   9.7975330e-06
   1.8831474e+03   9.7072830e-06
   1.8850947e+03   9.6178644e-06
   1.8870419e+03   9.5292694e-06
   1.8889891e+03   9.4414905e-06
   1.8909363e+03   9.3545203e-06
   1.8928835e+03   9.2683511e-06
   1.8948307e+03   9.1829757e-06
   1.8967780e+03   9.0983867e-06
   1.8987252e+03   9.0145769e-06
   1.9006724e+03   8.9315391e-06
   1.9026196e+03   8.8492663e-06
   1.9045668e+03   8.7677513e-06
   1.9065140e+03   8.6869871e-06
   1.9084613e+03   8.6069669e-06
   1.9104085e+03   8.5276839e-06
   1.9123557e+03   8.4491311e-06
   1.9143029e+03   8.3713019e-06
   1.9162501e+03   8.2941897e-06
   1.9181973e+03   8.2177878e-06
   1.9201446e+03   8.1420896e-06
   1.9220918e+03   8.0670887e-06
   1.9240390e+03   7.9927788e-06
   1.9259862e+03   7.9191533e-06
   1.9279334e+03   7.8462060e-06
   1.9298807e+03   7.7739307e-06
   1.9318279e+03   7.7023211e-06
   1.9337751e+03   7.6313712e-06
   1.9357223e+03   7.5610748e-06
   1.9376695e+03   7.4914260e-06
   1.9396167e+03   7.4224187e-06
   1.9415640e+03   7.3540471e-06
   1.9435112e+03   7.2863053e-06
   1.9454584e+03   7.2191875e-06
   1.9474056e+03   7.1526879e-06
   1.9493528e+03   7.0868010e-06
   1.9513000e+03   7.0215209e-06
   1.9532473e+03   6.9568421e-06
   1.9551945e+03   6.8927592e-06
   1.9571417e+03   6.8292665e-06
   1.9590889e+03   6.7663588e-06
   1.9610361e+03   6.7040304e-06
   1.9629833e+03   6.6422763e-06
   1.9649306e+03   6.5810909e-06
   1.9668778e+03   6.5204692e-06
   1.9688250e+03   6.4604059e-06
   1.9707722e+03   6.4008959e-06
   1.9727194e+03   6.3419340e-06
   1.9746666e+03   6.2835153e-06
   1.9766139e+03   6.2256347e-06
   1.9785611e+03   6.1682873e-06
   1.9805083e+03   6.1114681e-06
   1.9824555e+03   6.0551723e-06
   1.9844027e+03   5.9993951e-06
   1.9863499e+03   5.9441317e-06
   1.9882972e+03   5.8893773e-06
   1.9902444e+03   5.8351273e-06
   1.9921916e+03   5.7813770e-06
   1.9941388e+03   5.7281219e-06
   1.9960860e+03   5.6753573e-06
   1.9980333e+03   5.6230787e-06
   1.9999805e+03   5.5712817e-06
   2.0019277e+03   5.5199619e-06
   2.0038749e+03   5.4691148e-06
   2.0058221e+03   5.4187360e-06
   2.0077693e+03   5.3688213e-06
   2.0097166e+03   5.3193664e-06
   2.0116638e+03   5.2703671e-06
   2.0136110e+03   5.2218191e-06
   2.0155582e+03   5.1737183e-06
   2.0175054e+03   5.1260606e-06
   2.0194526e+03   5.0788419e-06
   2.0213999e+03   5.0320581e-06
   2.0233471e+03   4.9857053e-06
   2.0252943e+03   4.9397795e-06
   2.0272415e+03   4.8942767e-06
   2.0291887e+03   4.8491931e-06
   2.0311359e+03   4.8045248e-06
   2.0330832e+03   4.7602679e-06
   2.0350304e+03   4.7164187e-06
   2.0369776e+03   4.6729734e-06
   2.0389248e+03   4.6299283e-06
   2.0408720e+03   4.5872797e-06
   2.0428192e+03   4.5450240e-06
   2.0447665e+03   4.5031575e-06
   2.0467137e+03   4.4616767e-06
   2.0486609e+03   4.4205779e-06
   2.0506081e+03   4.3798578e-06
   2.0525553e+03   4.3395127e-06
   2.0545026e+03   4.2995393e-06
   2.0564498e+03   4.2599341e-06
   2.0583970e+03   4.2206937e-06
   2.0603442e+03   4.1818148e-06
   2.0622914e+03   4.1432940e-06
   2.0642386e+03   4.1051280e-06
   2.0661859e+03   4.0673137e-06
   2.0681331e+03   4.0298476e-06
   2.0700803e+03   3.9927267e-06
   2.0720275e+03   3.9559477e-06
   2.0739747e+03   3.9195074e-06
   2.0759219e+03   3.8834029e-06
   2.0778692e+03   3.8476309e-06
   2.0798164e+03   3.8121885e-06
   2.0817636e+03   3.7770725e-06
   2.0837108e+03   3.7422800e-06
   2.0856580e+03   3.7078080e-06
   2.0876052e+03   3.6736535e-06
   2.0895525e+03   3.6398137e-06
   2.0914997e+03   3.6062855e-06
   2.0934469e+03   3.5730662e-06
   2.0953941e+03   3.5401529e-06
   2.0973413e+03   3.5075428e-06
   2.0992885e+03   3.4752331e-06
   2.1012358e+03   3.4432210e-06
   2.1031830e+03   3.4115037e-06
   2.1051302e+03   3.3800787e-06
   2.1070774e+03   3.3489431e-06
   2.1090246e+03   3.3180943e-06
   2.1109719e+03   3.2875297e-06
   2.1129191e+03   3.2572466e-06
   2.1148663e+03   3.2272425e-06
   2.1168135e+03   3.1975147e-06
   2.1187607e+03   3.1680608e-06
   2.1207079e+03   3.1388782e-06
   2.1226552e+03   3.1099644e-06
   2.1246024e+03   3.0813170e-06
   2.1265496e+03   3.0529334e-06
   2.1284968e+03   3.0248114e-06
   2.1304440e+03   2.9969483e-06
   2.1323912e+03   2.9693419e-06
   2.1343385e+03   2.9419898e-06
   2.1362857e+03   2.9148897e-06
   2.1382329e+03   2.8880392e-06
   2.1401801e+03   2.8614360e-06
   2.1421273e+03   2.8350779e-06
   2.1440745e+03   2.8089626e-06
   2.1460218e+03   2.7830878e-06
   2.1479690e+03   2.7574514e-06
   2.1499162e+03   2.7320511e-06
   2.1518634e+03   2.7068848e-06
   2.1538106e+03   2.6819504e-06
   2.1557578e+03   2.6572456e-06
   2.1577051e+03   2.6327684e-06
   2.1596523e+03   2.6085166e-06
   2.1615995e+03   2.5844883e-06
   2.1635467e+03   2.5606813e-06
   2.1654939e+03   2.5370935e-06
   2.1674412e+03   2.5137231e-06
   2.1693884e+03   2.4905680e-06
   2.1713356e+03   2.4676261e-06
   2.1732828e+03   2.4448955e-06
   2.1752300e+03   2.4223744e-06
   2.1771772e+03   2.4000607e-06
   2.1791245e+03   2.3779525e-06
   2.1810717e+03   2.3560480e-06
   2.1830189e+03   2.3343453e-06
   2.1849661e+03   2.3128425e-06
   2.1869133e+03   2.2915377e-06
   2.1888605e+03   2.2704292e-06
   2.1908078e+03   2.2495152e-06
   2.1927550e+03   2.2287937e-06
   2.1947022e+03   2.2082632e-06
   2.1966494e+03   2.1879218e-06
   2.1985966e+03   2.1677678e-06
   2.2005438e+03   2.1477994e-06
   2.2024911e+03   2.1280149e-06
   2.2044383e+03   2.1084127e-06
   2.2063855e+03   2.0889911e-06
   2.2083327e+03   2.0697483e-06
   2.2102799e+03   2.0506828e-06
   2.2122271e+03   2.0317930e-06
   2.2141744e+03   2.0130771e-06
   2.2161216e+03   1.9945336e-06
   2.2180688e+03   1.9761610e-06
   2.2200160e+03   1.9579576e-06
   2.2219632e+03   1.9399219e-06
   2.2239105e+03   1.9220523e-06
   2.2258577e+03   1.9043473e-06
   2.2278049e+03   1.8868054e-06
   2.2297521e+03   1.8694251e-06
   2.2316993e+03   1.8522049e-06
   2.2336465e+03   1.8351433e-06
   2.2355938e+03   1.8182389e-06
   2.2375410e+03   1.8014902e-06
   2.2394882e+03   1.7848957e-06
   2.2414354e+03   1.7684542e-06
   2.2433826e+03   1.7521641e-06
   2.2453298e+03   1.7360240e-06
   2.2472771e+03   1.7200326e-06
   2.2492243e+03   1.7041885e-06
   2.2511715e+03   1.6884904e-06
   2.2531187e+03   1.6729369e-06
   2.2550659e+03   1.6575266e-06
   2.2570131e+03   1.6422583e-06
   2.2589604e+03   1.6271306e-06
   2.2609076e+03   1.6121423e-06
   2.2628548e+03   1.5972921e-06
   2.2648020e+03   1.5825786e-06
   2.2667492e+03   1.5680007e-06
   2.2686964e+03   1.5535571e-06
   2.2706437e+03   1.5392465e-06
   2.2725909e+03   1.5250677e-06
   2.2745381e+03   1.5110195e-06
   2.2764853e+03   1.4971008e-06
   2.2784325e+03   1.4833102e-06
   2.2803797e+03   1.4696467e-06
   2.2823270e+03   1.4561091e-06
   2.2842742e+03   1.4426961e-06
   2.2862214e+03   1.4294067e-06
   2.2881686e+03   1.4162398e-06
   2.2901158e+03   1.4031941e-06
   2.2920631e+03   1.3902685e-06
   2.2940103e+03   1.3774621e-06
   2.2959575e+03   1.3647736e-06
   2.2979047e+03   1.3522020e-06
   2.2998519e+03   1.3397462e-06
   2.3017991e+03   1.3274051e-06
   2.3037464e+03   1.3151777e-06
   2.3056936e+03   1.3030630e-06
   2.3076408e+03   1.2910598e-06
   2.3095880e+03   1.2791672e-06
   2.3115352e+03   1.2673841e-06
   2.3134824e+03   1.2557096e-06
   2.3154297e+03   1.2441427e-06
   2.3173769e+03   1.2326822e-06
   2.3193241e+03   1.2213274e-06
   2.3212713e+03   1.2100771e-06
   2.3232185e+03   1.1989305e-06
   2.3251657e+03   1.1878866e-06
   2.3271130e+03   1.1769443e-06
   2.3290602e+03   1.1661029e-06
   2.3310074e+03   1.1553614e-06
   2.3329546e+03   1.1447188e-06
   2.3349018e+03   1.1341742e-06
   2.3368490e+03   1.1237267e-06
   2.3387963e+03   1.1133755e-06
   2.3407435e+03   1.1031197e-06
   2.3426907e+03   1.0929583e-06
   2.3446379e+03   1.0828905e-06
   2.3465851e+03   1.0729154e-06
   2.3485324e+03   1.0630323e-06
   2.3504796e+03   1.0532402e-06
   2.3524268e+03   1.0435382e-06
   2.3543740e+03   1.0339257e-06
   2.3563212e+03   1.0244017e-06
   2.3582684e+03   1.0149654e-06
   2.3602157e+03   1.0056161e-06
   2.3621629e+03   9.9635282e-07
   2.3641101e+03   9.8717492e-07
   2.3660573e+03   9.7808156e-07
   2.3680045e+03   9.6907196e-07
   2.3699517e+03   9.6014535e-07
   2.3718990e+03   9.5130097e-07
   2.3738462e+03   9.4253806e-07
   2.3757934e+03   9.3385587e-07
   2.3777406e+03   9.2525366e-07
   2.3796878e+03   9.1673069e-07
   2.3816350e+03   9.0828622e-07
   2.3835823e+03   8.9991954e-07
   2.3855295e+03   8.9162994e-07
   2.3874767e+03   8.8341669e-07
   2.3894239e+03   8.7527909e-07
   2.3913711e+03   8.6721646e-07
   2.3933183e+03   8.5922810e-07
   2.3952656e+03   8.5131332e-07
   2.3972128e+03   8.4347144e-07
   2.3991600e+03   8.3570181e-07
