   4.7690000e+02   3.8245012e-05
   4.8126286e+02   4.5979885e-05
   4.8562573e+02   5.5023513e-05
   4.8998859e+02   6.5542541e-05
   4.9435145e+02   7.7714180e-05
   4.9871431e+02   9.1724881e-05
   5.0307718e+02   1.0776858e-04
   5.0744004e+02   1.2604451e-04
   5.1180290e+02   1.4675453e-04
   5.1616577e+02   1.7010002e-04
   5.2052863e+02   1.9627838e-04
   5.2489149e+02   2.2547907e-04
   5.2925435e+02   2.5787937e-04
   5.3361722e+02   2.9363991e-04
   5.3798008e+02   3.3289995e-04
   5.4234294e+02   3.7577267e-04
   5.4670581e+02   4.2234053e-04
   5.5106867e+02   4.7265079e-04
   5.5543153e+02   5.2671142e-04
   5.5979439e+02   5.8448742e-04
   5.6415726e+02   6.4589787e-04
   5.6852012e+02   7.1081361e-04
   5.7288298e+02   7.7905589e-04
   5.7724585e+02   8.5039596e-04
   5.8160871e+02   9.2455563e-04
   5.8597157e+02   1.0012090e-03
   5.9033443e+02   1.0799855e-03
   5.9469730e+02   1.1604731e-03
   5.9906016e+02   1.2422242e-03
   6.0342302e+02   1.3247607e-03
   6.0778589e+02   1.4075809e-03
   6.1214875e+02   1.4901670e-03
   6.1651161e+02   1.5719927e-03
   6.2087447e+02   1.6525313e-03
   6.2523734e+02   1.7312642e-03
   6.2960020e+02   1.8076886e-03
   6.3396306e+02   1.8813257e-03
   6.3832593e+02   1.9517274e-03
   6.4268879e+02   2.0184834e-03
   6.4705165e+02   2.0812266e-03
   6.5141451e+02   2.1396377e-03
   6.5577738e+02   2.1934493e-03
   6.6014024e+02   2.2424479e-03
   6.6450310e+02   2.2864754e-03
   6.6886597e+02   2.3254296e-03
   6.7322883e+02   2.3592626e-03
   6.7759169e+02   2.3879795e-03
   6.8195455e+02   2.4116352e-03
   6.8631742e+02   2.4303308e-03
   6.9068028e+02   2.4442091e-03
   6.9504314e+02   2.4534499e-03
   6.9940601e+02   2.4582647e-03
   7.0376887e+02   2.4588913e-03
   7.0813173e+02   2.4555881e-03
   7.1249459e+02   2.4486291e-03
   7.1685746e+02   2.4382982e-03
   7.2122032e+02   2.4248845e-03
   7.2558318e+02   2.4086781e-03
   7.2994605e+02   2.3899654e-03
   7.3430891e+02   2.3690259e-03
   7.3867177e+02   2.3461294e-03
   7.4303463e+02   2.3215328e-03
   7.4739750e+02   2.2954792e-03
   7.5176036e+02   2.2681952e-03
   7.5612322e+02   2.2398911e-03
   7.6048609e+02   2.2107597e-03
   7.6484895e+02   2.1809762e-03
   7.6921181e+02   2.1506987e-03
   7.7357467e+02   2.1200683e-03
   7.7793754e+02   2.0892102e-03
   7.8230040e+02   2.0582341e-03
   7.8666326e+02   2.0272357e-03
   7.9102613e+02   1.9962974e-03
   7.9538899e+02   1.9654898e-03
   7.9975185e+02   1.9348723e-03
   8.0411471e+02   1.9044949e-03
   8.0847758e+02   1.8743988e-03
   8.1284044e+02   1.8446177e-03
   8.1720330e+02   1.8151786e-03
   8.2156617e+02   1.7861028e-03
   8.2592903e+02   1.7574066e-03
   8.3029189e+02   1.7291025e-03
   8.3465475e+02   1.7011990e-03
   8.3901762e+02   1.6737019e-03
   8.4338048e+02   1.6466147e-03
   8.4774334e+02   1.6199387e-03
   8.5210621e+02   1.5936735e-03
   8.5646907e+02   1.5678178e-03
   8.6083193e+02   1.5423687e-03
   8.6519479e+02   1.5173229e-03
   8.6955766e+02   1.4926764e-03
   8.7392052e+02   1.4684245e-03
   8.7828338e+02   1.4445623e-03
   8.8264625e+02   1.4210846e-03
   8.8700911e+02   1.3979861e-03
   8.9137197e+02   1.3752612e-03
   8.9573483e+02   1.3529044e-03
   9.0009770e+02   1.3309101e-03
   9.0446056e+02   1.3092726e-03
   9.0882342e+02   1.2879863e-03
   9.1318629e+02   1.2670458e-03
   9.1754915e+02   1.2464454e-03
   9.2191201e+02   1.2261798e-03
   9.2627487e+02   1.2062435e-03
   9.3063774e+02   1.1866313e-03
   9.3500060e+02   1.1673378e-03
   9.3936346e+02   1.1483581e-03
   9.4372633e+02   1.1296868e-03
   9.4808919e+02   1.1113191e-03
   9.5245205e+02   1.0932501e-03
   9.5681491e+02   1.0754748e-03
   9.6117778e+02   1.0579886e-03
   9.6554064e+02   1.0407866e-03
   9.6990350e+02   1.0238643e-03
   9.7426637e+02   1.0072172e-03
   9.7862923e+02   9.9084069e-04
   9.8299209e+02   9.7473048e-04
   9.8735495e+02   9.5888221e-04
   9.9171782e+02   9.4329161e-04
   9.9608068e+02   9.2795451e-04
   1.0004435e+03   9.1286677e-04
   1.0048064e+03   8.9802435e-04
   1.0091693e+03   8.8342325e-04
   1.0135321e+03   8.6905956e-04
   1.0178950e+03   8.5492940e-04
   1.0222579e+03   8.4102899e-04
   1.0266207e+03   8.2735459e-04
   1.0309836e+03   8.1390252e-04
   1.0353464e+03   8.0066917e-04
   1.0397093e+03   7.8765098e-04
   1.0440722e+03   7.7484446e-04
   1.0484350e+03   7.6224616e-04
   1.0527979e+03   7.4985270e-04
   1.0571608e+03   7.3766074e-04
   1.0615236e+03   7.2566702e-04
   1.0658865e+03   7.1386830e-04
   1.0702493e+03   7.0226142e-04
   1.0746122e+03   6.9084326e-04
   1.0789751e+03   6.7961074e-04
   1.0833379e+03   6.6856086e-04
   1.0877008e+03   6.5769064e-04
   1.0920637e+03   6.4699716e-04
   1.0964265e+03   6.3647755e-04
   1.1007894e+03   6.2612897e-04
   1.1051523e+03   6.1594866e-04
   1.1095151e+03   6.0593387e-04
   1.1138780e+03   5.9608191e-04
   1.1182408e+03   5.8639013e-04
   1.1226037e+03   5.7685594e-04
   1.1269666e+03   5.6747676e-04
   1.1313294e+03   5.5825008e-04
   1.1356923e+03   5.4917341e-04
   1.1400552e+03   5.4024433e-04
   1.1444180e+03   5.3146043e-04
   1.1487809e+03   5.2281934e-04
   1.1531437e+03   5.1431875e-04
   1.1575066e+03   5.0595637e-04
   1.1618695e+03   4.9772996e-04
   1.1662323e+03   4.8963730e-04
   1.1705952e+03   4.8167622e-04
   1.1749581e+03   4.7384459e-04
   1.1793209e+03   4.6614028e-04
   1.1836838e+03   4.5856125e-04
   1.1880466e+03   4.5110544e-04
   1.1924095e+03   4.4377085e-04
   1.1967724e+03   4.3655552e-04
   1.2011352e+03   4.2945751e-04
   1.2054981e+03   4.2247490e-04
   1.2098610e+03   4.1560583e-04
   1.2142238e+03   4.0884844e-04
   1.2185867e+03   4.0220091e-04
   1.2229495e+03   3.9566148e-04
   1.2273124e+03   3.8922836e-04
   1.2316753e+03   3.8289985e-04
   1.2360381e+03   3.7667423e-04
   1.2404010e+03   3.7054983e-04
   1.2447639e+03   3.6452501e-04
   1.2491267e+03   3.5859815e-04
   1.2534896e+03   3.5276766e-04
   1.2578525e+03   3.4703196e-04
   1.2622153e+03   3.4138952e-04
   1.2665782e+03   3.3583882e-04
   1.2709410e+03   3.3037837e-04
   1.2753039e+03   3.2500671e-04
   1.2796668e+03   3.1972238e-04
   1.2840296e+03   3.1452397e-04
   1.2883925e+03   3.0941008e-04
   1.2927554e+03   3.0437934e-04
   1.2971182e+03   2.9943040e-04
   1.3014811e+03   2.9456192e-04
   1.3058439e+03   2.8977260e-04
   1.3102068e+03   2.8506115e-04
   1.3145697e+03   2.8042630e-04
   1.3189325e+03   2.7586681e-04
   1.3232954e+03   2.7138146e-04
   1.3276583e+03   2.6696903e-04
   1.3320211e+03   2.6262834e-04
   1.3363840e+03   2.5835823e-04
   1.3407468e+03   2.5415755e-04
   1.3451097e+03   2.5002517e-04
   1.3494726e+03   2.4595998e-04
   1.3538354e+03   2.4196088e-04
   1.3581983e+03   2.3802681e-04
   1.3625612e+03   2.3415670e-04
   1.3669240e+03   2.3034951e-04
   1.3712869e+03   2.2660423e-04
   1.3756497e+03   2.2291984e-04
   1.3800126e+03   2.1929536e-04
   1.3843755e+03   2.1572980e-04
   1.3887383e+03   2.1222223e-04
   1.3931012e+03   2.0877168e-04
   1.3974641e+03   2.0537723e-04
   1.4018269e+03   2.0203797e-04
   1.4061898e+03   1.9875301e-04
   1.4105527e+03   1.9552146e-04
   1.4149155e+03   1.9234245e-04
   1.4192784e+03   1.8921513e-04
   1.4236412e+03   1.8613865e-04
   1.4280041e+03   1.8311220e-04
   1.4323670e+03   1.8013495e-04
   1.4367298e+03   1.7720612e-04
   1.4410927e+03   1.7432490e-04
   1.4454556e+03   1.7149053e-04
   1.4498184e+03   1.6870224e-04
   1.4541813e+03   1.6595929e-04
   1.4585441e+03   1.6326093e-04
   1.4629070e+03   1.6060645e-04
   1.4672699e+03   1.5799513e-04
   1.4716327e+03   1.5542627e-04
   1.4759956e+03   1.5289917e-04
   1.4803585e+03   1.5041316e-04
   1.4847213e+03   1.4796757e-04
   1.4890842e+03   1.4556175e-04
   1.4934470e+03   1.4319504e-04
   1.4978099e+03   1.4086681e-04
   1.5021728e+03   1.3857644e-04
   1.5065356e+03   1.3632331e-04
   1.5108985e+03   1.3410681e-04
   1.5152614e+03   1.3192635e-04
   1.5196242e+03   1.2978134e-04
   1.5239871e+03   1.2767121e-04
   1.5283499e+03   1.2559539e-04
   1.5327128e+03   1.2355331e-04
   1.5370757e+03   1.2154444e-04
   1.5414385e+03   1.1956824e-04
   1.5458014e+03   1.1762416e-04
   1.5501643e+03   1.1571169e-04
   1.5545271e+03   1.1383032e-04
   1.5588900e+03   1.1197954e-04
   1.5632529e+03   1.1015885e-04
   1.5676157e+03   1.0836776e-04
   1.5719786e+03   1.0660580e-04
   1.5763414e+03   1.0487248e-04
   1.5807043e+03   1.0316734e-04
   1.5850672e+03   1.0148993e-04
   1.5894300e+03   9.9839792e-05
   1.5937929e+03   9.8216483e-05
   1.5981558e+03   9.6619568e-05
   1.6025186e+03   9.5048618e-05
   1.6068815e+03   9.3503209e-05
   1.6112443e+03   9.1982928e-05
   1.6156072e+03   9.0487365e-05
   1.6199701e+03   8.9016119e-05
   1.6243329e+03   8.7568794e-05
   1.6286958e+03   8.6145002e-05
   1.6330587e+03   8.4744358e-05
   1.6374215e+03   8.3366489e-05
   1.6417844e+03   8.2011022e-05
   1.6461472e+03   8.0677594e-05
   1.6505101e+03   7.9365846e-05
   1.6548730e+03   7.8075426e-05
   1.6592358e+03   7.6805987e-05
   1.6635987e+03   7.5557188e-05
   1.6679616e+03   7.4328694e-05
   1.6723244e+03   7.3120174e-05
   1.6766873e+03   7.1931303e-05
   1.6810502e+03   7.0761762e-05
   1.6854130e+03   6.9611237e-05
   1.6897759e+03   6.8479419e-05
   1.6941387e+03   6.7366003e-05
   1.6985016e+03   6.6270690e-05
   1.7028645e+03   6.5193186e-05
   1.7072273e+03   6.4133201e-05
   1.7115902e+03   6.3090451e-05
   1.7159531e+03   6.2064655e-05
   1.7203159e+03   6.1055537e-05
   1.7246788e+03   6.0062827e-05
   1.7290416e+03   5.9086258e-05
   1.7334045e+03   5.8125566e-05
   1.7377674e+03   5.7180495e-05
   1.7421302e+03   5.6250790e-05
   1.7464931e+03   5.5336201e-05
   1.7508560e+03   5.4436482e-05
   1.7552188e+03   5.3551392e-05
   1.7595817e+03   5.2680693e-05
   1.7639445e+03   5.1824150e-05
   1.7683074e+03   5.0981534e-05
   1.7726703e+03   5.0152619e-05
   1.7770331e+03   4.9337181e-05
   1.7813960e+03   4.8535001e-05
   1.7857589e+03   4.7745864e-05
   1.7901217e+03   4.6969557e-05
   1.7944846e+03   4.6205873e-05
   1.7988474e+03   4.5454606e-05
   1.8032103e+03   4.4715553e-05
   1.8075732e+03   4.3988517e-05
   1.8119360e+03   4.3273302e-05
   1.8162989e+03   4.2569715e-05
   1.8206618e+03   4.1877569e-05
   1.8250246e+03   4.1196676e-05
   1.8293875e+03   4.0526853e-05
   1.8337504e+03   3.9867922e-05
   1.8381132e+03   3.9219704e-05
   1.8424761e+03   3.8582026e-05
   1.8468389e+03   3.7954715e-05
   1.8512018e+03   3.7337604e-05
   1.8555647e+03   3.6730527e-05
   1.8599275e+03   3.6133321e-05
   1.8642904e+03   3.5545824e-05
   1.8686533e+03   3.4967880e-05
   1.8730161e+03   3.4399333e-05
   1.8773790e+03   3.3840029e-05
   1.8817418e+03   3.3289820e-05
   1.8861047e+03   3.2748556e-05
   1.8904676e+03   3.2216093e-05
   1.8948304e+03   3.1692287e-05
   1.8991933e+03   3.1176998e-05
   1.9035562e+03   3.0670087e-05
   1.9079190e+03   3.0171418e-05
   1.9122819e+03   2.9680857e-05
   1.9166447e+03   2.9198272e-05
   1.9210076e+03   2.8723533e-05
   1.9253705e+03   2.8256513e-05
   1.9297333e+03   2.7797087e-05
   1.9340962e+03   2.7345130e-05
   1.9384591e+03   2.6900522e-05
   1.9428219e+03   2.6463143e-05
   1.9471848e+03   2.6032875e-05
   1.9515476e+03   2.5609603e-05
   1.9559105e+03   2.5193213e-05
   1.9602734e+03   2.4783594e-05
   1.9646362e+03   2.4380634e-05
   1.9689991e+03   2.3984226e-05
   1.9733620e+03   2.3594263e-05
   1.9777248e+03   2.3210641e-05
   1.9820877e+03   2.2833256e-05
   1.9864506e+03   2.2462007e-05
   1.9908134e+03   2.2096794e-05
   1.9951763e+03   2.1737519e-05
   1.9995391e+03   2.1384086e-05
   2.0039020e+03   2.1036399e-05
   2.0082649e+03   2.0694366e-05
   2.0126277e+03   2.0357893e-05
   2.0169906e+03   2.0026892e-05
   2.0213535e+03   1.9701272e-05
   2.0257163e+03   1.9380946e-05
   2.0300792e+03   1.9065829e-05
   2.0344420e+03   1.8755835e-05
   2.0388049e+03   1.8450881e-05
   2.0431678e+03   1.8150886e-05
   2.0475306e+03   1.7855768e-05
   2.0518935e+03   1.7565449e-05
   2.0562564e+03   1.7279850e-05
   2.0606192e+03   1.6998894e-05
   2.0649821e+03   1.6722507e-05
   2.0693449e+03   1.6450614e-05
   2.0737078e+03   1.6183141e-05
   2.0780707e+03   1.5920017e-05
   2.0824335e+03   1.5661171e-05
   2.0867964e+03   1.5406534e-05
   2.0911593e+03   1.5156037e-05
   2.0955221e+03   1.4909613e-05
   2.0998850e+03   1.4667196e-05
   2.1042478e+03   1.4428720e-05
   2.1086107e+03   1.4194122e-05
   2.1129736e+03   1.3963337e-05
   2.1173364e+03   1.3736306e-05
   2.1216993e+03   1.3512965e-05
   2.1260622e+03   1.3293256e-05
   2.1304250e+03   1.3077119e-05
   2.1347879e+03   1.2864497e-05
   2.1391508e+03   1.2655331e-05
   2.1435136e+03   1.2449566e-05
   2.1478765e+03   1.2247147e-05
   2.1522393e+03   1.2048019e-05
   2.1566022e+03   1.1852129e-05
   2.1609651e+03   1.1659424e-05
   2.1653279e+03   1.1469851e-05
   2.1696908e+03   1.1283362e-05
   2.1740537e+03   1.1099904e-05
   2.1784165e+03   1.0919429e-05
   2.1827794e+03   1.0741889e-05
   2.1871422e+03   1.0567235e-05
   2.1915051e+03   1.0395421e-05
   2.1958680e+03   1.0226400e-05
   2.2002308e+03   1.0060128e-05
   2.2045937e+03   9.8965588e-06
   2.2089566e+03   9.7356493e-06
   2.2133194e+03   9.5773561e-06
   2.2176823e+03   9.4216366e-06
   2.2220451e+03   9.2684490e-06
   2.2264080e+03   9.1177520e-06
   2.2307709e+03   8.9695052e-06
   2.2351337e+03   8.8236689e-06
   2.2394966e+03   8.6802037e-06
   2.2438595e+03   8.5390711e-06
   2.2482223e+03   8.4002332e-06
   2.2525852e+03   8.2636526e-06
   2.2569480e+03   8.1292928e-06
   2.2613109e+03   7.9971176e-06
   2.2656738e+03   7.8670913e-06
   2.2700366e+03   7.7391793e-06
   2.2743995e+03   7.6133469e-06
   2.2787624e+03   7.4895605e-06
   2.2831252e+03   7.3677867e-06
   2.2874881e+03   7.2479929e-06
   2.2918510e+03   7.1301468e-06
   2.2962138e+03   7.0142168e-06
   2.3005767e+03   6.9001717e-06
   2.3049395e+03   6.7879809e-06
   2.3093024e+03   6.6776142e-06
   2.3136653e+03   6.5690420e-06
   2.3180281e+03   6.4622350e-06
   2.3223910e+03   6.3571647e-06
   2.3267539e+03   6.2538027e-06
   2.3311167e+03   6.1521213e-06
   2.3354796e+03   6.0520931e-06
   2.3398424e+03   5.9536913e-06
   2.3442053e+03   5.8568895e-06
   2.3485682e+03   5.7616615e-06
   2.3529310e+03   5.6679819e-06
   2.3572939e+03   5.5758254e-06
   2.3616568e+03   5.4851673e-06
   2.3660196e+03   5.3959833e-06
   2.3703825e+03   5.3082492e-06
   2.3747453e+03   5.2219417e-06
   2.3791082e+03   5.1370375e-06
   2.3834711e+03   5.0535137e-06
   2.3878339e+03   4.9713479e-06
   2.3921968e+03   4.8905181e-06
   2.3965597e+03   4.8110025e-06
   2.4009225e+03   4.7327798e-06
   2.4052854e+03   4.6558289e-06
   2.4096482e+03   4.5801292e-06
   2.4140111e+03   4.5056602e-06
   2.4183740e+03   4.4324021e-06
   2.4227368e+03   4.3603351e-06
   2.4270997e+03   4.2894398e-06
   2.4314626e+03   4.2196972e-06
   2.4358254e+03   4.1510886e-06
   2.4401883e+03   4.0835955e-06
   2.4445512e+03   4.0171998e-06
   2.4489140e+03   3.9518836e-06
   2.4532769e+03   3.8876294e-06
   2.4576397e+03   3.8244199e-06
   2.4620026e+03   3.7622381e-06
   2.4663655e+03   3.7010674e-06
   2.4707283e+03   3.6408913e-06
   2.4750912e+03   3.5816935e-06
   2.4794541e+03   3.5234583e-06
   2.4838169e+03   3.4661699e-06
   2.4881798e+03   3.4098130e-06
   2.4925426e+03   3.3543724e-06
   2.4969055e+03   3.2998332e-06
   2.5012684e+03   3.2461808e-06
   2.5056312e+03   3.1934007e-06
   2.5099941e+03   3.1414787e-06
   2.5143570e+03   3.0904010e-06
   2.5187198e+03   3.0401538e-06
   2.5230827e+03   2.9907235e-06
   2.5274455e+03   2.9420969e-06
   2.5318084e+03   2.8942610e-06
   2.5361713e+03   2.8472028e-06
   2.5405341e+03   2.8009098e-06
   2.5448970e+03   2.7553694e-06
   2.5492599e+03   2.7105695e-06
   2.5536227e+03   2.6664980e-06
   2.5579856e+03   2.6231430e-06
   2.5623484e+03   2.5804930e-06
   2.5667113e+03   2.5385364e-06
   2.5710742e+03   2.4972620e-06
   2.5754370e+03   2.4566587e-06
   2.5797999e+03   2.4167155e-06
   2.5841628e+03   2.3774218e-06
   2.5885256e+03   2.3387670e-06
   2.5928885e+03   2.3007407e-06
   2.5972514e+03   2.2633326e-06
   2.6016142e+03   2.2265328e-06
   2.6059771e+03   2.1903313e-06
   2.6103399e+03   2.1547184e-06
   2.6147028e+03   2.1196846e-06
   2.6190657e+03   2.0852203e-06
   2.6234285e+03   2.0513165e-06
   2.6277914e+03   2.0179638e-06
   2.6321543e+03   1.9851535e-06
   2.6365171e+03   1.9528766e-06
   2.6408800e+03   1.9211245e-06
   2.6452428e+03   1.8898887e-06
   2.6496057e+03   1.8591608e-06
   2.6539686e+03   1.8289324e-06
   2.6583314e+03   1.7991956e-06
   2.6626943e+03   1.7699422e-06
   2.6670572e+03   1.7411645e-06
   2.6714200e+03   1.7128546e-06
   2.6757829e+03   1.6850051e-06
   2.6801457e+03   1.6576084e-06
   2.6845086e+03   1.6306571e-06
   2.6888715e+03   1.6041440e-06
   2.6932343e+03   1.5780620e-06
   2.6975972e+03   1.5524041e-06
   2.7019601e+03   1.5271634e-06
   2.7063229e+03   1.5023330e-06
   2.7106858e+03   1.4779064e-06
   2.7150486e+03   1.4538769e-06
   2.7194115e+03   1.4302381e-06
   2.7237744e+03   1.4069837e-06
   2.7281372e+03   1.3841074e-06
   2.7325001e+03   1.3616030e-06
   2.7368630e+03   1.3394645e-06
   2.7412258e+03   1.3176860e-06
   2.7455887e+03   1.2962615e-06
   2.7499516e+03   1.2751854e-06
   2.7543144e+03   1.2544520e-06
   2.7586773e+03   1.2340557e-06
   2.7630401e+03   1.2139910e-06
   2.7674030e+03   1.1942526e-06
   2.7717659e+03   1.1748351e-06
   2.7761287e+03   1.1557333e-06
   2.7804916e+03   1.1369421e-06
   2.7848545e+03   1.1184564e-06
   2.7892173e+03   1.1002712e-06
   2.7935802e+03   1.0823818e-06
   2.7979430e+03   1.0647832e-06
   2.8023059e+03   1.0474707e-06
   2.8066688e+03   1.0304398e-06
   2.8110316e+03   1.0136857e-06
   2.8153945e+03   9.9720407e-07
   2.8197574e+03   9.8099039e-07
   2.8241202e+03   9.6504034e-07
   2.8284831e+03   9.4934962e-07
   2.8328459e+03   9.3391402e-07
   2.8372088e+03   9.1872938e-07
   2.8415717e+03   9.0379164e-07
   2.8459345e+03   8.8909677e-07
   2.8502974e+03   8.7464083e-07
   2.8546603e+03   8.6041992e-07
   2.8590231e+03   8.4643024e-07
   2.8633860e+03   8.3266802e-07
   2.8677488e+03   8.1912956e-07
   2.8721117e+03   8.0581122e-07
   2.8764746e+03   7.9270943e-07
   2.8808374e+03   7.7982066e-07
   2.8852003e+03   7.6714145e-07
   2.8895632e+03   7.5466840e-07
   2.8939260e+03   7.4239814e-07
   2.8982889e+03   7.3032739e-07
   2.9026518e+03   7.1845290e-07
   2.9070146e+03   7.0677148e-07
   2.9113775e+03   6.9527999e-07
   2.9157403e+03   6.8397534e-07
   2.9201032e+03   6.7285449e-07
   2.9244661e+03   6.6191446e-07
   2.9288289e+03   6.5115230e-07
   2.9331918e+03   6.4056513e-07
   2.9375547e+03   6.3015010e-07
   2.9419175e+03   6.1990440e-07
   2.9462804e+03   6.0982529e-07
   2.9506432e+03   5.9991006e-07
   2.9550061e+03   5.9015604e-07
   2.9593690e+03   5.8056062e-07
   2.9637318e+03   5.7112121e-07
   2.9680947e+03   5.6183527e-07
   2.9724576e+03   5.5270031e-07
   2.9768204e+03   5.4371389e-07
   2.9811833e+03   5.3487357e-07
   2.9855461e+03   5.2617699e-07
   2.9899090e+03   5.1762181e-07
   2.9942719e+03   5.0920572e-07
   2.9986347e+03   5.0092648e-07
   3.0029976e+03   4.9278185e-07
   3.0073605e+03   4.8476964e-07
   3.0117233e+03   4.7688771e-07
   3.0160862e+03   4.6913393e-07
   3.0204490e+03   4.6150622e-07
   3.0248119e+03   4.5400253e-07
   3.0291748e+03   4.4662084e-07
   3.0335376e+03   4.3935917e-07
   3.0379005e+03   4.3221557e-07
   3.0422634e+03   4.2518812e-07
   3.0466262e+03   4.1827493e-07
   3.0509891e+03   4.1147414e-07
   3.0553520e+03   4.0478393e-07
   3.0597148e+03   3.9820249e-07
   3.0640777e+03   3.9172806e-07
   3.0684405e+03   3.8535891e-07
   3.0728034e+03   3.7909330e-07
   3.0771663e+03   3.7292957e-07
   3.0815291e+03   3.6686606e-07
   3.0858920e+03   3.6090114e-07
   3.0902549e+03   3.5503320e-07
   3.0946177e+03   3.4926067e-07
   3.0989806e+03   3.4358199e-07
   3.1033434e+03   3.3799564e-07
   3.1077063e+03   3.3250013e-07
   3.1120692e+03   3.2709396e-07
   3.1164320e+03   3.2177570e-07
   3.1207949e+03   3.1654391e-07
   3.1251578e+03   3.1139718e-07
   3.1295206e+03   3.0633413e-07
   3.1338835e+03   3.0135340e-07
   3.1382463e+03   2.9645365e-07
   3.1426092e+03   2.9163358e-07
   3.1469721e+03   2.8689187e-07
   3.1513349e+03   2.8222725e-07
   3.1556978e+03   2.7763848e-07
   3.1600607e+03   2.7312432e-07
   3.1644235e+03   2.6868356e-07
   3.1687864e+03   2.6431499e-07
   3.1731492e+03   2.6001746e-07
   3.1775121e+03   2.5578980e-07
   3.1818750e+03   2.5163088e-07
   3.1862378e+03   2.4753958e-07
   3.1906007e+03   2.4351480e-07
   3.1949636e+03   2.3955546e-07
   3.1993264e+03   2.3566050e-07
   3.2036893e+03   2.3182886e-07
   3.2080522e+03   2.2805953e-07
   3.2124150e+03   2.2435148e-07
   3.2167779e+03   2.2070372e-07
   3.2211407e+03   2.1711526e-07
   3.2255036e+03   2.1358516e-07
   3.2298665e+03   2.1011245e-07
   3.2342293e+03   2.0669620e-07
   3.2385922e+03   2.0333550e-07
   3.2429551e+03   2.0002944e-07
   3.2473179e+03   1.9677714e-07
   3.2516808e+03   1.9357771e-07
   3.2560436e+03   1.9043030e-07
   3.2604065e+03   1.8733407e-07
   3.2647694e+03   1.8428818e-07
   3.2691322e+03   1.8129182e-07
   3.2734951e+03   1.7834417e-07
   3.2778580e+03   1.7544445e-07
   3.2822208e+03   1.7259187e-07
   3.2865837e+03   1.6978568e-07
   3.2909465e+03   1.6702511e-07
   3.2953094e+03   1.6430943e-07
   3.2996723e+03   1.6163790e-07
   3.3040351e+03   1.5900981e-07
   3.3083980e+03   1.5642444e-07
   3.3127609e+03   1.5388112e-07
   3.3171237e+03   1.5137914e-07
   3.3214866e+03   1.4891785e-07
   3.3258494e+03   1.4649658e-07
   3.3302123e+03   1.4411467e-07
   3.3345752e+03   1.4177149e-07
   3.3389380e+03   1.3946641e-07
   3.3433009e+03   1.3719880e-07
   3.3476638e+03   1.3496807e-07
   3.3520266e+03   1.3277361e-07
   3.3563895e+03   1.3061482e-07
   3.3607524e+03   1.2849114e-07
   3.3651152e+03   1.2640198e-07
   3.3694781e+03   1.2434680e-07
   3.3738409e+03   1.2232503e-07
   3.3782038e+03   1.2033613e-07
   3.3825667e+03   1.1837957e-07
   3.3869295e+03   1.1645482e-07
   3.3912924e+03   1.1456136e-07
   3.3956553e+03   1.1269869e-07
   3.4000181e+03   1.1086631e-07
   3.4043810e+03   1.0906372e-07
   3.4087438e+03   1.0729044e-07
   3.4131067e+03   1.0554599e-07
   3.4174696e+03   1.0382990e-07
   3.4218324e+03   1.0214172e-07
   3.4261953e+03   1.0048098e-07
   3.4305582e+03   9.8847249e-08
   3.4349210e+03   9.7240078e-08
   3.4392839e+03   9.5659039e-08
   3.4436467e+03   9.4103705e-08
   3.4480096e+03   9.2573661e-08
   3.4523725e+03   9.1068493e-08
   3.4567353e+03   8.9587798e-08
   3.4610982e+03   8.8131178e-08
   3.4654611e+03   8.6698242e-08
   3.4698239e+03   8.5288603e-08
   3.4741868e+03   8.3901885e-08
   3.4785496e+03   8.2537713e-08
   3.4829125e+03   8.1195721e-08
   3.4872754e+03   7.9875549e-08
   3.4916382e+03   7.8576842e-08
   3.4960011e+03   7.7299250e-08
   3.5003640e+03   7.6042431e-08
   3.5047268e+03   7.4806047e-08
   3.5090897e+03   7.3589766e-08
   3.5134526e+03   7.2393260e-08
   3.5178154e+03   7.1216208e-08
   3.5221783e+03   7.0058294e-08
   3.5265411e+03   6.8919207e-08
   3.5309040e+03   6.7798641e-08
   3.5352669e+03   6.6696293e-08
   3.5396297e+03   6.5611870e-08
   3.5439926e+03   6.4545077e-08
   3.5483555e+03   6.3495630e-08
   3.5527183e+03   6.2463246e-08
   3.5570812e+03   6.1447648e-08
   3.5614440e+03   6.0448563e-08
   3.5658069e+03   5.9465721e-08
   3.5701698e+03   5.8498860e-08
   3.5745326e+03   5.7547719e-08
   3.5788955e+03   5.6612043e-08
   3.5832584e+03   5.5691581e-08
   3.5876212e+03   5.4786084e-08
   3.5919841e+03   5.3895309e-08
   3.5963469e+03   5.3019018e-08
   3.6007098e+03   5.2156975e-08
   3.6050727e+03   5.1308948e-08
   3.6094355e+03   5.0474709e-08
   3.6137984e+03   4.9654034e-08
   3.6181613e+03   4.8846702e-08
   3.6225241e+03   4.8052497e-08
   3.6268870e+03   4.7271205e-08
   3.6312498e+03   4.6502616e-08
   3.6356127e+03   4.5746524e-08
   3.6399756e+03   4.5002725e-08
   3.6443384e+03   4.4271020e-08
   3.6487013e+03   4.3551211e-08
   3.6530642e+03   4.2843106e-08
   3.6574270e+03   4.2146515e-08
   3.6617899e+03   4.1461249e-08
   3.6661528e+03   4.0787125e-08
   3.6705156e+03   4.0123961e-08
   3.6748785e+03   3.9471581e-08
   3.6792413e+03   3.8829807e-08
   3.6836042e+03   3.8198468e-08
   3.6879671e+03   3.7577394e-08
   3.6923299e+03   3.6966418e-08
   3.6966928e+03   3.6365376e-08
   3.7010557e+03   3.5774107e-08
   3.7054185e+03   3.5192451e-08
   3.7097814e+03   3.4620252e-08
   3.7141442e+03   3.4057357e-08
   3.7185071e+03   3.3503613e-08
   3.7228700e+03   3.2958874e-08
   3.7272328e+03   3.2422991e-08
   3.7315957e+03   3.1895821e-08
   3.7359586e+03   3.1377223e-08
   3.7403214e+03   3.0867056e-08
   3.7446843e+03   3.0365185e-08
   3.7490471e+03   2.9871473e-08
   3.7534100e+03   2.9385789e-08
   3.7577729e+03   2.8908001e-08
   3.7621357e+03   2.8437982e-08
   3.7664986e+03   2.7975605e-08
   3.7708615e+03   2.7520746e-08
   3.7752243e+03   2.7073283e-08
   3.7795872e+03   2.6633095e-08
   3.7839501e+03   2.6200064e-08
   3.7883129e+03   2.5774073e-08
   3.7926758e+03   2.5355009e-08
   3.7970386e+03   2.4942759e-08
   3.8014015e+03   2.4537211e-08
   3.8057644e+03   2.4138257e-08
   3.8101272e+03   2.3745790e-08
   3.8144901e+03   2.3359704e-08
   3.8188530e+03   2.2979896e-08
   3.8232158e+03   2.2606262e-08
   3.8275787e+03   2.2238704e-08
   3.8319415e+03   2.1877122e-08
   3.8363044e+03   2.1521419e-08
   3.8406673e+03   2.1171499e-08
   3.8450301e+03   2.0827269e-08
   3.8493930e+03   2.0488636e-08
   3.8537559e+03   2.0155508e-08
   3.8581187e+03   1.9827797e-08
   3.8624816e+03   1.9505414e-08
   3.8668444e+03   1.9188273e-08
   3.8712073e+03   1.8876289e-08
   3.8755702e+03   1.8569376e-08
   3.8799330e+03   1.8267454e-08
   3.8842959e+03   1.7970441e-08
   3.8886588e+03   1.7678258e-08
   3.8930216e+03   1.7390824e-08
   3.8973845e+03   1.7108065e-08
   3.9017473e+03   1.6829902e-08
   3.9061102e+03   1.6556263e-08
   3.9104731e+03   1.6287072e-08
   3.9148359e+03   1.6022259e-08
   3.9191988e+03   1.5761751e-08
   3.9235617e+03   1.5505478e-08
   3.9279245e+03   1.5253373e-08
   3.9322874e+03   1.5005366e-08
   3.9366503e+03   1.4761392e-08
   3.9410131e+03   1.4521384e-08
   3.9453760e+03   1.4285279e-08
   3.9497388e+03   1.4053013e-08
   3.9541017e+03   1.3824523e-08
   3.9584646e+03   1.3599748e-08
   3.9628274e+03   1.3378628e-08
   3.9671903e+03   1.3161103e-08
   3.9715532e+03   1.2947115e-08
   3.9759160e+03   1.2736606e-08
   3.9802789e+03   1.2529520e-08
   3.9846417e+03   1.2325801e-08
   3.9890046e+03   1.2125394e-08
   3.9933675e+03   1.1928246e-08
   3.9977303e+03   1.1734303e-08
   4.0020932e+03   1.1543513e-08
   4.0064561e+03   1.1355826e-08
   4.0108189e+03   1.1171190e-08
   4.0151818e+03   1.0989556e-08
   4.0195446e+03   1.0810875e-08
   4.0239075e+03   1.0635100e-08
   4.0282704e+03   1.0462182e-08
   4.0326332e+03   1.0292076e-08
   4.0369961e+03   1.0124736e-08
   4.0413590e+03   9.9601165e-09
   4.0457218e+03   9.7981736e-09
   4.0500847e+03   9.6388638e-09
   4.0544475e+03   9.4821442e-09
   4.0588104e+03   9.3279728e-09
   4.0631733e+03   9.1763080e-09
   4.0675361e+03   9.0271092e-09
   4.0718990e+03   8.8803362e-09
   4.0762619e+03   8.7359496e-09
   4.0806247e+03   8.5939107e-09
   4.0849876e+03   8.4541811e-09
   4.0893505e+03   8.3167235e-09
   4.0937133e+03   8.1815007e-09
   4.0980762e+03   8.0484766e-09
   4.1024390e+03   7.9176154e-09
   4.1068019e+03   7.7888818e-09
   4.1111648e+03   7.6622413e-09
   4.1155276e+03   7.5376599e-09
   4.1198905e+03   7.4151041e-09
   4.1242534e+03   7.2945409e-09
   4.1286162e+03   7.1759380e-09
   4.1329791e+03   7.0592635e-09
   4.1373419e+03   6.9444860e-09
   4.1417048e+03   6.8315746e-09
   4.1460677e+03   6.7204992e-09
   4.1504305e+03   6.6112297e-09
   4.1547934e+03   6.5037368e-09
   4.1591563e+03   6.3979917e-09
   4.1635191e+03   6.2939659e-09
   4.1678820e+03   6.1916314e-09
   4.1722448e+03   6.0909609e-09
   4.1766077e+03   5.9919271e-09
   4.1809706e+03   5.8945036e-09
   4.1853334e+03   5.7986641e-09
   4.1896963e+03   5.7043828e-09
   4.1940592e+03   5.6116345e-09
   4.1984220e+03   5.5203942e-09
   4.2027849e+03   5.4306373e-09
   4.2071477e+03   5.3423399e-09
   4.2115106e+03   5.2554781e-09
   4.2158735e+03   5.1700285e-09
   4.2202363e+03   5.0859683e-09
   4.2245992e+03   5.0032749e-09
   4.2289621e+03   4.9219260e-09
   4.2333249e+03   4.8418997e-09
   4.2376878e+03   4.7631746e-09
   4.2420507e+03   4.6857295e-09
   4.2464135e+03   4.6095436e-09
   4.2507764e+03   4.5345965e-09
   4.2551392e+03   4.4608678e-09
   4.2595021e+03   4.3883380e-09
   4.2638650e+03   4.3169874e-09
   4.2682278e+03   4.2467970e-09
   4.2725907e+03   4.1777477e-09
   4.2769536e+03   4.1098212e-09
   4.2813164e+03   4.0429990e-09
   4.2856793e+03   3.9772634e-09
   4.2900421e+03   3.9125965e-09
   4.2944050e+03   3.8489811e-09
   4.2987679e+03   3.7864000e-09
   4.3031307e+03   3.7248364e-09
   4.3074936e+03   3.6642738e-09
   4.3118565e+03   3.6046959e-09
   4.3162193e+03   3.5460866e-09
   4.3205822e+03   3.4884303e-09
   4.3249450e+03   3.4317115e-09
   4.3293079e+03   3.3759148e-09
   4.3336708e+03   3.3210254e-09
   4.3380336e+03   3.2670284e-09
   4.3423965e+03   3.2139093e-09
   4.3467594e+03   3.1616539e-09
   4.3511222e+03   3.1102482e-09
   4.3554851e+03   3.0596782e-09
   4.3598479e+03   3.0099305e-09
   4.3642108e+03   2.9609917e-09
   4.3685737e+03   2.9128485e-09
   4.3729365e+03   2.8654881e-09
   4.3772994e+03   2.8188978e-09
   4.3816623e+03   2.7730649e-09
   4.3860251e+03   2.7279773e-09
   4.3903880e+03   2.6836227e-09
   4.3947509e+03   2.6399894e-09
   4.3991137e+03   2.5970654e-09
   4.4034766e+03   2.5548394e-09
   4.4078394e+03   2.5132999e-09
   4.4122023e+03   2.4724358e-09
   4.4165652e+03   2.4322362e-09
   4.4209280e+03   2.3926901e-09
   4.4252909e+03   2.3537870e-09
   4.4296538e+03   2.3155165e-09
   4.4340166e+03   2.2778682e-09
   4.4383795e+03   2.2408320e-09
   4.4427423e+03   2.2043981e-09
   4.4471052e+03   2.1685565e-09
   4.4514681e+03   2.1332976e-09
   4.4558309e+03   2.0986120e-09
   4.4601938e+03   2.0644904e-09
   4.4645567e+03   2.0309236e-09
   4.4689195e+03   1.9979025e-09
   4.4732824e+03   1.9654184e-09
   4.4776452e+03   1.9334624e-09
   4.4820081e+03   1.9020259e-09
   4.4863710e+03   1.8711007e-09
   4.4907338e+03   1.8406782e-09
   4.4950967e+03   1.8107503e-09
   4.4994596e+03   1.7813091e-09
   4.5038224e+03   1.7523466e-09
   4.5081853e+03   1.7238549e-09
   4.5125481e+03   1.6958265e-09
   4.5169110e+03   1.6682539e-09
   4.5212739e+03   1.6411295e-09
   4.5256367e+03   1.6144462e-09
   4.5299996e+03   1.5881967e-09
   4.5343625e+03   1.5623740e-09
   4.5387253e+03   1.5369711e-09
   4.5430882e+03   1.5119813e-09
   4.5474511e+03   1.4873978e-09
   4.5518139e+03   1.4632140e-09
   4.5561768e+03   1.4394234e-09
   4.5605396e+03   1.4160196e-09
   4.5649025e+03   1.3929964e-09
   4.5692654e+03   1.3703475e-09
   4.5736282e+03   1.3480668e-09
   4.5779911e+03   1.3261484e-09
   4.5823540e+03   1.3045864e-09
   4.5867168e+03   1.2833749e-09
   4.5910797e+03   1.2625084e-09
   4.5954425e+03   1.2419811e-09
   4.5998054e+03   1.2217875e-09
   4.6041683e+03   1.2019223e-09
   4.6085311e+03   1.1823801e-09
   4.6128940e+03   1.1631556e-09
   4.6172569e+03   1.1442437e-09
   4.6216197e+03   1.1256393e-09
   4.6259826e+03   1.1073374e-09
   4.6303454e+03   1.0893331e-09
   4.6347083e+03   1.0716214e-09
   4.6390712e+03   1.0541978e-09
   4.6434340e+03   1.0370575e-09
   4.6477969e+03   1.0201958e-09
   4.6521598e+03   1.0036083e-09
   4.6565226e+03   9.8729051e-10
   4.6608855e+03   9.7123802e-10
   4.6652483e+03   9.5544653e-10
   4.6696112e+03   9.3991180e-10
   4.6739741e+03   9.2462964e-10
   4.6783369e+03   9.0959597e-10
   4.6826998e+03   8.9480673e-10
   4.6870627e+03   8.8025794e-10
   4.6914255e+03   8.6594571e-10
   4.6957884e+03   8.5186618e-10
   4.7001513e+03   8.3801558e-10
   4.7045141e+03   8.2439017e-10
   4.7088770e+03   8.1098630e-10
   4.7132398e+03   7.9780037e-10
   4.7176027e+03   7.8482882e-10
   4.7219656e+03   7.7206819e-10
   4.7263284e+03   7.5951503e-10
   4.7306913e+03   7.4716597e-10
   4.7350542e+03   7.3501770e-10
   4.7394170e+03   7.2306695e-10
   4.7437799e+03   7.1131051e-10
   4.7481427e+03   6.9974521e-10
   4.7525056e+03   6.8836796e-10
   4.7568685e+03   6.7717569e-10
   4.7612313e+03   6.6616540e-10
   4.7655942e+03   6.5533413e-10
   4.7699571e+03   6.4467897e-10
   4.7743199e+03   6.3419705e-10
   4.7786828e+03   6.2388555e-10
   4.7830456e+03   6.1374171e-10
   4.7874085e+03   6.0376280e-10
   4.7917714e+03   5.9394614e-10
   4.7961342e+03   5.8428909e-10
   4.8004971e+03   5.7478906e-10
   4.8048600e+03   5.6544349e-10
   4.8092228e+03   5.5624987e-10
   4.8135857e+03   5.4720572e-10
   4.8179485e+03   5.3830863e-10
   4.8223114e+03   5.2955620e-10
   4.8266743e+03   5.2094608e-10
   4.8310371e+03   5.1247594e-10
   4.8354000e+03   5.0414353e-10
