   3.7630000e+02   3.0926593e-05
   3.7922252e+02   3.5060707e-05
   3.8214505e+02   3.9673315e-05
   3.8506757e+02   4.4809170e-05
   3.8799009e+02   5.0515806e-05
   3.9091261e+02   5.6843538e-05
   3.9383514e+02   6.3845430e-05
   3.9675766e+02   7.1577238e-05
   3.9968018e+02   8.0097328e-05
   4.0260270e+02   8.9466552e-05
   4.0552523e+02   9.9748093e-05
   4.0844775e+02   1.1100727e-04
   4.1137027e+02   1.2331132e-04
   4.1429279e+02   1.3672909e-04
   4.1721532e+02   1.5133077e-04
   4.2013784e+02   1.6718749e-04
   4.2306036e+02   1.8437096e-04
   4.2598288e+02   2.0295300e-04
   4.2890541e+02   2.2300507e-04
   4.3182793e+02   2.4459774e-04
   4.3475045e+02   2.6780013e-04
   4.3767297e+02   2.9267934e-04
   4.4059550e+02   3.1929978e-04
   4.4351802e+02   3.4772255e-04
   4.4644054e+02   3.7800475e-04
   4.4936306e+02   4.1019881e-04
   4.5228559e+02   4.4435178e-04
   4.5520811e+02   4.8050459e-04
   4.5813063e+02   5.1869143e-04
   4.6105315e+02   5.5893900e-04
   4.6397568e+02   6.0126584e-04
   4.6689820e+02   6.4568176e-04
   4.6982072e+02   6.9218716e-04
   4.7274324e+02   7.4077252e-04
   4.7566577e+02   7.9141789e-04
   4.7858829e+02   8.4409246e-04
   4.8151081e+02   8.9875415e-04
   4.8443333e+02   9.5534940e-04
   4.8735586e+02   1.0138129e-03
   4.9027838e+02   1.0740674e-03
   4.9320090e+02   1.1360241e-03
   4.9612342e+02   1.1995819e-03
   4.9904595e+02   1.2646287e-03
   5.0196847e+02   1.3310406e-03
   5.0489099e+02   1.3986830e-03
   5.0781351e+02   1.4674110e-03
   5.1073604e+02   1.5370697e-03
   5.1365856e+02   1.6074953e-03
   5.1658108e+02   1.6785155e-03
   5.1950360e+02   1.7499508e-03
   5.2242613e+02   1.8216153e-03
   5.2534865e+02   1.8933175e-03
   5.2827117e+02   1.9648619e-03
   5.3119369e+02   2.0360498e-03
   5.3411622e+02   2.1066807e-03
   5.3703874e+02   2.1765535e-03
   5.3996126e+02   2.2454676e-03
   5.4288378e+02   2.3132246e-03
   5.4580631e+02   2.3796289e-03
   5.4872883e+02   2.4444898e-03
   5.5165135e+02   2.5076220e-03
   5.5457387e+02   2.5688470e-03
   5.5749640e+02   2.6279942e-03
   5.6041892e+02   2.6849022e-03
   5.6334144e+02   2.7394195e-03
   5.6626396e+02   2.7914052e-03
   5.6918649e+02   2.8407303e-03
   5.7210901e+02   2.8872779e-03
   5.7503153e+02   2.9309442e-03
   5.7795405e+02   2.9716386e-03
   5.8087658e+02   3.0092841e-03
   5.8379910e+02   3.0438179e-03
   5.8672162e+02   3.0751910e-03
   5.8964414e+02   3.1033686e-03
   5.9256667e+02   3.1283297e-03
   5.9548919e+02   3.1500671e-03
   5.9841171e+02   3.1685871e-03
   6.0133423e+02   3.1839088e-03
   6.0425676e+02   3.1960639e-03
   6.0717928e+02   3.2050958e-03
   6.1010180e+02   3.2110594e-03
   6.1302432e+02   3.2140199e-03
   6.1594685e+02   3.2140523e-03
   6.1886937e+02   3.2112405e-03
   6.2179189e+02   3.2056764e-03
   6.2471441e+02   3.1974590e-03
   6.2763694e+02   3.1866939e-03
   6.3055946e+02   3.1734916e-03
   6.3348198e+02   3.1579674e-03
   6.3640450e+02   3.1402402e-03
   6.3932703e+02   3.1204313e-03
   6.4224955e+02   3.0986642e-03
   6.4517207e+02   3.0750635e-03
   6.4809459e+02   3.0497538e-03
   6.5101712e+02   3.0228598e-03
   6.5393964e+02   2.9945046e-03
   6.5686216e+02   2.9648100e-03
   6.5978468e+02   2.9338954e-03
   6.6270721e+02   2.9018775e-03
   6.6562973e+02   2.8688697e-03
   6.6855225e+02   2.8349819e-03
   6.7147477e+02   2.8003200e-03
   6.7439730e+02   2.7649855e-03
   6.7731982e+02   2.7290759e-03
   6.8024234e+02   2.6926835e-03
   6.8316486e+02   2.6558961e-03
   6.8608739e+02   2.6187967e-03
   6.8900991e+02   2.5814633e-03
   6.9193243e+02   2.5439689e-03
   6.9485495e+02   2.5063818e-03
   6.9777748e+02   2.4687653e-03
   7.0070000e+02   2.4311782e-03
   7.0362252e+02   2.3936744e-03
   7.0654505e+02   2.3563035e-03
   7.0946757e+02   2.3191108e-03
   7.1239009e+02   2.2821375e-03
   7.1531261e+02   2.2454208e-03
   7.1823514e+02   2.2089941e-03
   7.2115766e+02   2.1728872e-03
   7.2408018e+02   2.1371266e-03
   7.2700270e+02   2.1017359e-03
   7.2992523e+02   2.0667352e-03
   7.3284775e+02   2.0321425e-03
   7.3577027e+02   1.9979727e-03
   7.3869279e+02   1.9642387e-03
   7.4161532e+02   1.9309511e-03
   7.4453784e+02   1.8981186e-03
   7.4746036e+02   1.8657480e-03
   7.5038288e+02   1.8338445e-03
   7.5330541e+02   1.8024118e-03
   7.5622793e+02   1.7714523e-03
   7.5915045e+02   1.7409672e-03
   7.6207297e+02   1.7109565e-03
   7.6499550e+02   1.6814193e-03
   7.6791802e+02   1.6523541e-03
   7.7084054e+02   1.6237582e-03
   7.7376306e+02   1.5956285e-03
   7.7668559e+02   1.5679615e-03
   7.7960811e+02   1.5407529e-03
   7.8253063e+02   1.5139980e-03
   7.8545315e+02   1.4876920e-03
   7.8837568e+02   1.4618295e-03
   7.9129820e+02   1.4364052e-03
   7.9422072e+02   1.4114131e-03
   7.9714324e+02   1.3868476e-03
   8.0006577e+02   1.3627024e-03
   8.0298829e+02   1.3389717e-03
   8.0591081e+02   1.3156490e-03
   8.0883333e+02   1.2927284e-03
   8.1175586e+02   1.2702034e-03
   8.1467838e+02   1.2480678e-03
   8.1760090e+02   1.2263155e-03
   8.2052342e+02   1.2049401e-03
   8.2344595e+02   1.1839356e-03
   8.2636847e+02   1.1632957e-03
   8.2929099e+02   1.1430144e-03
   8.3221351e+02   1.1230857e-03
   8.3513604e+02   1.1035035e-03
   8.3805856e+02   1.0842622e-03
   8.4098108e+02   1.0653557e-03
   8.4390360e+02   1.0467785e-03
   8.4682613e+02   1.0285248e-03
   8.4974865e+02   1.0105891e-03
   8.5267117e+02   9.9296586e-04
   8.5559369e+02   9.7564978e-04
   8.5851622e+02   9.5863549e-04
   8.6143874e+02   9.4191777e-04
   8.6436126e+02   9.2549148e-04
   8.6728378e+02   9.0935157e-04
   8.7020631e+02   8.9349304e-04
   8.7312883e+02   8.7791102e-04
   8.7605135e+02   8.6260069e-04
   8.7897387e+02   8.4755733e-04
   8.8189640e+02   8.3277629e-04
   8.8481892e+02   8.1825300e-04
   8.8774144e+02   8.0398297e-04
   8.9066396e+02   7.8996179e-04
   8.9358649e+02   7.7618512e-04
   8.9650901e+02   7.6264870e-04
   8.9943153e+02   7.4934834e-04
   9.0235405e+02   7.3627993e-04
   9.0527658e+02   7.2343943e-04
   9.0819910e+02   7.1082286e-04
   9.1112162e+02   6.9842631e-04
   9.1404414e+02   6.8624596e-04
   9.1696667e+02   6.7427802e-04
   9.1988919e+02   6.6251880e-04
   9.2281171e+02   6.5096465e-04
   9.2573423e+02   6.3961201e-04
   9.2865676e+02   6.2845735e-04
   9.3157928e+02   6.1749723e-04
   9.3450180e+02   6.0672825e-04
   9.3742432e+02   5.9614707e-04
   9.4034685e+02   5.8575043e-04
   9.4326937e+02   5.7553510e-04
   9.4619189e+02   5.6549793e-04
   9.4911441e+02   5.5563580e-04
   9.5203694e+02   5.4594566e-04
   9.5495946e+02   5.3642452e-04
   9.5788198e+02   5.2706942e-04
   9.6080450e+02   5.1787747e-04
   9.6372703e+02   5.0884583e-04
   9.6664955e+02   4.9997170e-04
   9.6957207e+02   4.9125233e-04
   9.7249459e+02   4.8268502e-04
   9.7541712e+02   4.7426712e-04
   9.7833964e+02   4.6599604e-04
   9.8126216e+02   4.5786919e-04
   9.8418468e+02   4.4988408e-04
   9.8710721e+02   4.4203822e-04
   9.9002973e+02   4.3432919e-04
   9.9295225e+02   4.2675461e-04
   9.9587477e+02   4.1931213e-04
   9.9879730e+02   4.1199944e-04
   1.0017198e+03   4.0481428e-04
   1.0046423e+03   3.9775443e-04
   1.0075649e+03   3.9081770e-04
   1.0104874e+03   3.8400194e-04
   1.0134099e+03   3.7730506e-04
   1.0163324e+03   3.7072496e-04
   1.0192550e+03   3.6425962e-04
   1.0221775e+03   3.5790703e-04
   1.0251000e+03   3.5166523e-04
   1.0280225e+03   3.4553228e-04
   1.0309450e+03   3.3950629e-04
   1.0338676e+03   3.3358539e-04
   1.0367901e+03   3.2776775e-04
   1.0397126e+03   3.2205157e-04
   1.0426351e+03   3.1643508e-04
   1.0455577e+03   3.1091654e-04
   1.0484802e+03   3.0549424e-04
   1.0514027e+03   3.0016650e-04
   1.0543252e+03   2.9493168e-04
   1.0572477e+03   2.8978815e-04
   1.0601703e+03   2.8473433e-04
   1.0630928e+03   2.7976864e-04
   1.0660153e+03   2.7488955e-04
   1.0689378e+03   2.7009555e-04
   1.0718604e+03   2.6538516e-04
   1.0747829e+03   2.6075691e-04
   1.0777054e+03   2.5620938e-04
   1.0806279e+03   2.5174116e-04
   1.0835505e+03   2.4735086e-04
   1.0864730e+03   2.4303713e-04
   1.0893955e+03   2.3879863e-04
   1.0923180e+03   2.3463405e-04
   1.0952405e+03   2.3054209e-04
   1.0981631e+03   2.2652150e-04
   1.1010856e+03   2.2257103e-04
   1.1040081e+03   2.1868945e-04
   1.1069306e+03   2.1487556e-04
   1.1098532e+03   2.1112819e-04
   1.1127757e+03   2.0744617e-04
   1.1156982e+03   2.0382837e-04
   1.1186207e+03   2.0027366e-04
   1.1215432e+03   1.9678094e-04
   1.1244658e+03   1.9334913e-04
   1.1273883e+03   1.8997718e-04
   1.1303108e+03   1.8666403e-04
   1.1332333e+03   1.8340866e-04
   1.1361559e+03   1.8021006e-04
   1.1390784e+03   1.7706725e-04
   1.1420009e+03   1.7397924e-04
   1.1449234e+03   1.7094509e-04
   1.1478459e+03   1.6796386e-04
   1.1507685e+03   1.6503461e-04
   1.1536910e+03   1.6215645e-04
   1.1566135e+03   1.5932849e-04
   1.1595360e+03   1.5654984e-04
   1.1624586e+03   1.5381966e-04
   1.1653811e+03   1.5113708e-04
   1.1683036e+03   1.4850129e-04
   1.1712261e+03   1.4591147e-04
   1.1741486e+03   1.4336681e-04
   1.1770712e+03   1.4086654e-04
   1.1799937e+03   1.3840986e-04
   1.1829162e+03   1.3599603e-04
   1.1858387e+03   1.3362430e-04
   1.1887613e+03   1.3129393e-04
   1.1916838e+03   1.2900420e-04
   1.1946063e+03   1.2675440e-04
   1.1975288e+03   1.2454384e-04
   1.2004514e+03   1.2237183e-04
   1.2033739e+03   1.2023769e-04
   1.2062964e+03   1.1814078e-04
   1.2092189e+03   1.1608044e-04
   1.2121414e+03   1.1405603e-04
   1.2150640e+03   1.1206692e-04
   1.2179865e+03   1.1011250e-04
   1.2209090e+03   1.0819217e-04
   1.2238315e+03   1.0630533e-04
   1.2267541e+03   1.0445139e-04
   1.2296766e+03   1.0262979e-04
   1.2325991e+03   1.0083995e-04
   1.2355216e+03   9.9081333e-05
   1.2384441e+03   9.7353381e-05
   1.2413667e+03   9.5655565e-05
   1.2442892e+03   9.3987358e-05
   1.2472117e+03   9.2348244e-05
   1.2501342e+03   9.0737716e-05
   1.2530568e+03   8.9155275e-05
   1.2559793e+03   8.7600431e-05
   1.2589018e+03   8.6072703e-05
   1.2618243e+03   8.4571619e-05
   1.2647468e+03   8.3096712e-05
   1.2676694e+03   8.1647528e-05
   1.2705919e+03   8.0223618e-05
   1.2735144e+03   7.8824540e-05
   1.2764369e+03   7.7449861e-05
   1.2793595e+03   7.6099157e-05
   1.2822820e+03   7.4772008e-05
   1.2852045e+03   7.3468004e-05
   1.2881270e+03   7.2186742e-05
   1.2910495e+03   7.0927825e-05
   1.2939721e+03   6.9690863e-05
   1.2968946e+03   6.8475474e-05
   1.2998171e+03   6.7281280e-05
   1.3027396e+03   6.6107913e-05
   1.3056622e+03   6.4955009e-05
   1.3085847e+03   6.3822211e-05
   1.3115072e+03   6.2709169e-05
   1.3144297e+03   6.1615538e-05
   1.3173523e+03   6.0540980e-05
   1.3202748e+03   5.9485162e-05
   1.3231973e+03   5.8447757e-05
   1.3261198e+03   5.7428444e-05
   1.3290423e+03   5.6426907e-05
   1.3319649e+03   5.5442837e-05
   1.3348874e+03   5.4475929e-05
   1.3378099e+03   5.3525884e-05
   1.3407324e+03   5.2592407e-05
   1.3436550e+03   5.1675210e-05
   1.3465775e+03   5.0774008e-05
   1.3495000e+03   4.9888523e-05
   1.3524225e+03   4.9018481e-05
   1.3553450e+03   4.8163612e-05
   1.3582676e+03   4.7323652e-05
   1.3611901e+03   4.6498340e-05
   1.3641126e+03   4.5687422e-05
   1.3670351e+03   4.4890645e-05
   1.3699577e+03   4.4107765e-05
   1.3728802e+03   4.3338537e-05
   1.3758027e+03   4.2582725e-05
   1.3787252e+03   4.1840094e-05
   1.3816477e+03   4.1110414e-05
   1.3845703e+03   4.0393460e-05
   1.3874928e+03   3.9689009e-05
   1.3904153e+03   3.8996843e-05
   1.3933378e+03   3.8316749e-05
   1.3962604e+03   3.7648515e-05
   1.3991829e+03   3.6991935e-05
   1.4021054e+03   3.6346806e-05
   1.4050279e+03   3.5712928e-05
   1.4079505e+03   3.5090104e-05
   1.4108730e+03   3.4478142e-05
   1.4137955e+03   3.3876853e-05
   1.4167180e+03   3.3286049e-05
   1.4196405e+03   3.2705550e-05
   1.4225631e+03   3.2135174e-05
   1.4254856e+03   3.1574745e-05
   1.4284081e+03   3.1024090e-05
   1.4313306e+03   3.0483038e-05
   1.4342532e+03   2.9951423e-05
   1.4371757e+03   2.9429078e-05
   1.4400982e+03   2.8915843e-05
   1.4430207e+03   2.8411558e-05
   1.4459432e+03   2.7916069e-05
   1.4488658e+03   2.7429220e-05
   1.4517883e+03   2.6950862e-05
   1.4547108e+03   2.6480846e-05
   1.4576333e+03   2.6019027e-05
   1.4605559e+03   2.5565263e-05
   1.4634784e+03   2.5119411e-05
   1.4664009e+03   2.4681336e-05
   1.4693234e+03   2.4250900e-05
   1.4722459e+03   2.3827971e-05
   1.4751685e+03   2.3412417e-05
   1.4780910e+03   2.3004111e-05
   1.4810135e+03   2.2602926e-05
   1.4839360e+03   2.2208737e-05
   1.4868586e+03   2.1821423e-05
   1.4897811e+03   2.1440863e-05
   1.4927036e+03   2.1066940e-05
   1.4956261e+03   2.0699538e-05
   1.4985486e+03   2.0338544e-05
   1.5014712e+03   1.9983845e-05
   1.5043937e+03   1.9635332e-05
   1.5073162e+03   1.9292898e-05
   1.5102387e+03   1.8956435e-05
   1.5131613e+03   1.8625840e-05
   1.5160838e+03   1.8301010e-05
   1.5190063e+03   1.7981845e-05
   1.5219288e+03   1.7668247e-05
   1.5248514e+03   1.7360118e-05
   1.5277739e+03   1.7057362e-05
   1.5306964e+03   1.6759886e-05
   1.5336189e+03   1.6467598e-05
   1.5365414e+03   1.6180408e-05
   1.5394640e+03   1.5898226e-05
   1.5423865e+03   1.5620965e-05
   1.5453090e+03   1.5348540e-05
   1.5482315e+03   1.5080865e-05
   1.5511541e+03   1.4817859e-05
   1.5540766e+03   1.4559440e-05
   1.5569991e+03   1.4305527e-05
   1.5599216e+03   1.4056043e-05
   1.5628441e+03   1.3810909e-05
   1.5657667e+03   1.3570051e-05
   1.5686892e+03   1.3333393e-05
   1.5716117e+03   1.3100862e-05
   1.5745342e+03   1.2872386e-05
   1.5774568e+03   1.2647895e-05
   1.5803793e+03   1.2427320e-05
   1.5833018e+03   1.2210590e-05
   1.5862243e+03   1.1997641e-05
   1.5891468e+03   1.1788405e-05
   1.5920694e+03   1.1582819e-05
   1.5949919e+03   1.1380818e-05
   1.5979144e+03   1.1182339e-05
   1.6008369e+03   1.0987322e-05
   1.6037595e+03   1.0795706e-05
   1.6066820e+03   1.0607432e-05
   1.6096045e+03   1.0422442e-05
   1.6125270e+03   1.0240677e-05
   1.6154495e+03   1.0062082e-05
   1.6183721e+03   9.8866024e-06
   1.6212946e+03   9.7141827e-06
   1.6242171e+03   9.5447700e-06
   1.6271396e+03   9.3783118e-06
   1.6300622e+03   9.2147566e-06
   1.6329847e+03   9.0540538e-06
   1.6359072e+03   8.8961535e-06
   1.6388297e+03   8.7410070e-06
   1.6417523e+03   8.5885662e-06
   1.6446748e+03   8.4387840e-06
   1.6475973e+03   8.2916139e-06
   1.6505198e+03   8.1470104e-06
   1.6534423e+03   8.0049288e-06
   1.6563649e+03   7.8653250e-06
   1.6592874e+03   7.7281558e-06
   1.6622099e+03   7.5933789e-06
   1.6651324e+03   7.4609524e-06
   1.6680550e+03   7.3308355e-06
   1.6709775e+03   7.2029877e-06
   1.6739000e+03   7.0773695e-06
   1.6768225e+03   6.9539421e-06
   1.6797450e+03   6.8326673e-06
   1.6826676e+03   6.7135074e-06
   1.6855901e+03   6.5964257e-06
   1.6885126e+03   6.4813858e-06
   1.6914351e+03   6.3683522e-06
   1.6943577e+03   6.2572899e-06
   1.6972802e+03   6.1481644e-06
   1.7002027e+03   6.0409421e-06
   1.7031252e+03   5.9355897e-06
   1.7060477e+03   5.8320747e-06
   1.7089703e+03   5.7303649e-06
   1.7118928e+03   5.6304289e-06
   1.7148153e+03   5.5322357e-06
   1.7177378e+03   5.4357550e-06
   1.7206604e+03   5.3409569e-06
   1.7235829e+03   5.2478121e-06
   1.7265054e+03   5.1562917e-06
   1.7294279e+03   5.0663674e-06
   1.7323505e+03   4.9780113e-06
   1.7352730e+03   4.8911961e-06
   1.7381955e+03   4.8058950e-06
   1.7411180e+03   4.7220815e-06
   1.7440405e+03   4.6397297e-06
   1.7469631e+03   4.5588140e-06
   1.7498856e+03   4.4793096e-06
   1.7528081e+03   4.4011916e-06
   1.7557306e+03   4.3244360e-06
   1.7586532e+03   4.2490191e-06
   1.7615757e+03   4.1749173e-06
   1.7644982e+03   4.1021079e-06
   1.7674207e+03   4.0305682e-06
   1.7703432e+03   3.9602762e-06
   1.7732658e+03   3.8912101e-06
   1.7761883e+03   3.8233484e-06
   1.7791108e+03   3.7566703e-06
   1.7820333e+03   3.6911550e-06
   1.7849559e+03   3.6267822e-06
   1.7878784e+03   3.5635321e-06
   1.7908009e+03   3.5013851e-06
   1.7937234e+03   3.4403219e-06
   1.7966459e+03   3.3803236e-06
   1.7995685e+03   3.3213717e-06
   1.8024910e+03   3.2634479e-06
   1.8054135e+03   3.2065342e-06
   1.8083360e+03   3.1506132e-06
   1.8112586e+03   3.0956673e-06
   1.8141811e+03   3.0416797e-06
   1.8171036e+03   2.9886337e-06
   1.8200261e+03   2.9365127e-06
   1.8229486e+03   2.8853007e-06
   1.8258712e+03   2.8349819e-06
   1.8287937e+03   2.7855405e-06
   1.8317162e+03   2.7369615e-06
   1.8346387e+03   2.6892296e-06
   1.8375613e+03   2.6423302e-06
   1.8404838e+03   2.5962487e-06
   1.8434063e+03   2.5509708e-06
   1.8463288e+03   2.5064825e-06
   1.8492514e+03   2.4627702e-06
   1.8521739e+03   2.4198201e-06
   1.8550964e+03   2.3776191e-06
   1.8580189e+03   2.3361541e-06
   1.8609414e+03   2.2954122e-06
   1.8638640e+03   2.2553808e-06
   1.8667865e+03   2.2160476e-06
   1.8697090e+03   2.1774003e-06
   1.8726315e+03   2.1394271e-06
   1.8755541e+03   2.1021160e-06
   1.8784766e+03   2.0654557e-06
   1.8813991e+03   2.0294347e-06
   1.8843216e+03   1.9940419e-06
   1.8872441e+03   1.9592664e-06
   1.8901667e+03   1.9250973e-06
   1.8930892e+03   1.8915241e-06
   1.8960117e+03   1.8585365e-06
   1.8989342e+03   1.8261241e-06
   1.9018568e+03   1.7942770e-06
   1.9047793e+03   1.7629853e-06
   1.9077018e+03   1.7322393e-06
   1.9106243e+03   1.7020295e-06
   1.9135468e+03   1.6723466e-06
   1.9164694e+03   1.6431813e-06
   1.9193919e+03   1.6145247e-06
   1.9223144e+03   1.5863678e-06
   1.9252369e+03   1.5587020e-06
   1.9281595e+03   1.5315187e-06
   1.9310820e+03   1.5048094e-06
   1.9340045e+03   1.4785659e-06
   1.9369270e+03   1.4527801e-06
   1.9398495e+03   1.4274440e-06
   1.9427721e+03   1.4025498e-06
   1.9456946e+03   1.3780897e-06
   1.9486171e+03   1.3540562e-06
   1.9515396e+03   1.3304418e-06
   1.9544622e+03   1.3072393e-06
   1.9573847e+03   1.2844414e-06
   1.9603072e+03   1.2620411e-06
   1.9632297e+03   1.2400314e-06
   1.9661523e+03   1.2184056e-06
   1.9690748e+03   1.1971570e-06
   1.9719973e+03   1.1762789e-06
   1.9749198e+03   1.1557649e-06
   1.9778423e+03   1.1356087e-06
   1.9807649e+03   1.1158040e-06
   1.9836874e+03   1.0963446e-06
   1.9866099e+03   1.0772247e-06
   1.9895324e+03   1.0584382e-06
   1.9924550e+03   1.0399793e-06
   1.9953775e+03   1.0218423e-06
   1.9983000e+03   1.0040217e-06
   2.0012225e+03   9.8651183e-07
   2.0041450e+03   9.6930733e-07
   2.0070676e+03   9.5240287e-07
   2.0099901e+03   9.3579323e-07
   2.0129126e+03   9.1947325e-07
   2.0158351e+03   9.0343788e-07
   2.0187577e+03   8.8768217e-07
   2.0216802e+03   8.7220124e-07
   2.0246027e+03   8.5699028e-07
   2.0275252e+03   8.4204461e-07
   2.0304477e+03   8.2735958e-07
   2.0333703e+03   8.1293065e-07
   2.0362928e+03   7.9875336e-07
   2.0392153e+03   7.8482332e-07
   2.0421378e+03   7.7113621e-07
   2.0450604e+03   7.5768781e-07
   2.0479829e+03   7.4447394e-07
   2.0509054e+03   7.3149052e-07
   2.0538279e+03   7.1873352e-07
   2.0567505e+03   7.0619900e-07
   2.0596730e+03   6.9388308e-07
   2.0625955e+03   6.8178195e-07
   2.0655180e+03   6.6989186e-07
   2.0684405e+03   6.5820913e-07
   2.0713631e+03   6.4673014e-07
   2.0742856e+03   6.3545134e-07
   2.0772081e+03   6.2436924e-07
   2.0801306e+03   6.1348041e-07
   2.0830532e+03   6.0278148e-07
   2.0859757e+03   5.9226914e-07
   2.0888982e+03   5.8194012e-07
   2.0918207e+03   5.7179125e-07
   2.0947432e+03   5.6181936e-07
   2.0976658e+03   5.5202139e-07
   2.1005883e+03   5.4239428e-07
   2.1035108e+03   5.3293507e-07
   2.1064333e+03   5.2364083e-07
   2.1093559e+03   5.1450868e-07
   2.1122784e+03   5.0553579e-07
   2.1152009e+03   4.9671938e-07
   2.1181234e+03   4.8805673e-07
   2.1210459e+03   4.7954515e-07
   2.1239685e+03   4.7118201e-07
   2.1268910e+03   4.6296473e-07
   2.1298135e+03   4.5489075e-07
   2.1327360e+03   4.4695758e-07
   2.1356586e+03   4.3916276e-07
   2.1385811e+03   4.3150388e-07
   2.1415036e+03   4.2397857e-07
   2.1444261e+03   4.1658450e-07
   2.1473486e+03   4.0931938e-07
   2.1502712e+03   4.0218096e-07
   2.1531937e+03   3.9516703e-07
   2.1561162e+03   3.8827543e-07
   2.1590387e+03   3.8150401e-07
   2.1619613e+03   3.7485068e-07
   2.1648838e+03   3.6831339e-07
   2.1678063e+03   3.6189010e-07
   2.1707288e+03   3.5557884e-07
   2.1736514e+03   3.4937764e-07
   2.1765739e+03   3.4328459e-07
   2.1794964e+03   3.3729780e-07
   2.1824189e+03   3.3141542e-07
   2.1853414e+03   3.2563562e-07
   2.1882640e+03   3.1995663e-07
   2.1911865e+03   3.1437667e-07
   2.1941090e+03   3.0889403e-07
   2.1970315e+03   3.0350700e-07
   2.1999541e+03   2.9821392e-07
   2.2028766e+03   2.9301315e-07
   2.2057991e+03   2.8790308e-07
   2.2087216e+03   2.8288213e-07
   2.2116441e+03   2.7794874e-07
   2.2145667e+03   2.7310139e-07
   2.2174892e+03   2.6833858e-07
   2.2204117e+03   2.6365882e-07
   2.2233342e+03   2.5906069e-07
   2.2262568e+03   2.5454274e-07
   2.2291793e+03   2.5010358e-07
   2.2321018e+03   2.4574184e-07
   2.2350243e+03   2.4145617e-07
   2.2379468e+03   2.3724524e-07
   2.2408694e+03   2.3310775e-07
   2.2437919e+03   2.2904241e-07
   2.2467144e+03   2.2504798e-07
   2.2496369e+03   2.2112320e-07
   2.2525595e+03   2.1726687e-07
   2.2554820e+03   2.1347780e-07
   2.2584045e+03   2.0975480e-07
   2.2613270e+03   2.0609674e-07
   2.2642495e+03   2.0250247e-07
   2.2671721e+03   1.9897088e-07
   2.2700946e+03   1.9550088e-07
   2.2730171e+03   1.9209140e-07
   2.2759396e+03   1.8874138e-07
   2.2788622e+03   1.8544978e-07
   2.2817847e+03   1.8221558e-07
   2.2847072e+03   1.7903779e-07
   2.2876297e+03   1.7591542e-07
   2.2905523e+03   1.7284751e-07
   2.2934748e+03   1.6983309e-07
   2.2963973e+03   1.6687125e-07
   2.2993198e+03   1.6396106e-07
   2.3022423e+03   1.6110162e-07
   2.3051649e+03   1.5829206e-07
   2.3080874e+03   1.5553148e-07
   2.3110099e+03   1.5281906e-07
   2.3139324e+03   1.5015394e-07
   2.3168550e+03   1.4753529e-07
   2.3197775e+03   1.4496232e-07
   2.3227000e+03   1.4243421e-07
   2.3256225e+03   1.3995020e-07
   2.3285450e+03   1.3750951e-07
   2.3314676e+03   1.3511138e-07
   2.3343901e+03   1.3275507e-07
   2.3373126e+03   1.3043986e-07
   2.3402351e+03   1.2816502e-07
   2.3431577e+03   1.2592986e-07
   2.3460802e+03   1.2373368e-07
   2.3490027e+03   1.2157580e-07
   2.3519252e+03   1.1945555e-07
   2.3548477e+03   1.1737227e-07
   2.3577703e+03   1.1532533e-07
   2.3606928e+03   1.1331409e-07
   2.3636153e+03   1.1133792e-07
   2.3665378e+03   1.0939622e-07
   2.3694604e+03   1.0748838e-07
   2.3723829e+03   1.0561381e-07
   2.3753054e+03   1.0377194e-07
   2.3782279e+03   1.0196218e-07
   2.3811505e+03   1.0018399e-07
   2.3840730e+03   9.8436808e-08
   2.3869955e+03   9.6720097e-08
   2.3899180e+03   9.5033325e-08
   2.3928405e+03   9.3375970e-08
   2.3957631e+03   9.1747518e-08
   2.3986856e+03   9.0147466e-08
   2.4016081e+03   8.8575319e-08
   2.4045306e+03   8.7030590e-08
   2.4074532e+03   8.5512800e-08
   2.4103757e+03   8.4021480e-08
   2.4132982e+03   8.2556168e-08
   2.4162207e+03   8.1116411e-08
   2.4191432e+03   7.9701763e-08
   2.4220658e+03   7.8311786e-08
   2.4249883e+03   7.6946049e-08
   2.4279108e+03   7.5604131e-08
   2.4308333e+03   7.4285616e-08
   2.4337559e+03   7.2990095e-08
   2.4366784e+03   7.1717167e-08
   2.4396009e+03   7.0466439e-08
   2.4425234e+03   6.9237524e-08
   2.4454459e+03   6.8030040e-08
   2.4483685e+03   6.6843615e-08
   2.4512910e+03   6.5677880e-08
   2.4542135e+03   6.4532476e-08
   2.4571360e+03   6.3407047e-08
   2.4600586e+03   6.2301246e-08
   2.4629811e+03   6.1214729e-08
   2.4659036e+03   6.0147161e-08
   2.4688261e+03   5.9098210e-08
   2.4717486e+03   5.8067554e-08
   2.4746712e+03   5.7054871e-08
   2.4775937e+03   5.6059850e-08
   2.4805162e+03   5.5082181e-08
   2.4834387e+03   5.4121563e-08
   2.4863613e+03   5.3177698e-08
   2.4892838e+03   5.2250293e-08
   2.4922063e+03   5.1339062e-08
   2.4951288e+03   5.0443723e-08
   2.4980514e+03   4.9563998e-08
   2.5009739e+03   4.8699616e-08
   2.5038964e+03   4.7850307e-08
   2.5068189e+03   4.7015811e-08
   2.5097414e+03   4.6195868e-08
   2.5126640e+03   4.5390225e-08
   2.5155865e+03   4.4598632e-08
   2.5185090e+03   4.3820844e-08
   2.5214315e+03   4.3056620e-08
   2.5243541e+03   4.2305724e-08
   2.5272766e+03   4.1567924e-08
   2.5301991e+03   4.0842991e-08
   2.5331216e+03   4.0130700e-08
   2.5360441e+03   3.9430831e-08
   2.5389667e+03   3.8743168e-08
   2.5418892e+03   3.8067498e-08
   2.5448117e+03   3.7403611e-08
   2.5477342e+03   3.6751303e-08
   2.5506568e+03   3.6110370e-08
   2.5535793e+03   3.5480615e-08
   2.5565018e+03   3.4861843e-08
   2.5594243e+03   3.4253861e-08
   2.5623468e+03   3.3656483e-08
   2.5652694e+03   3.3069524e-08
   2.5681919e+03   3.2492800e-08
   2.5711144e+03   3.1926134e-08
   2.5740369e+03   3.1369351e-08
   2.5769595e+03   3.0822278e-08
   2.5798820e+03   3.0284746e-08
   2.5828045e+03   2.9756588e-08
   2.5857270e+03   2.9237642e-08
   2.5886495e+03   2.8727745e-08
   2.5915721e+03   2.8226741e-08
   2.5944946e+03   2.7734474e-08
   2.5974171e+03   2.7250793e-08
   2.6003396e+03   2.6775546e-08
   2.6032622e+03   2.6308588e-08
   2.6061847e+03   2.5849773e-08
   2.6091072e+03   2.5398960e-08
   2.6120297e+03   2.4956009e-08
   2.6149523e+03   2.4520783e-08
   2.6178748e+03   2.4093148e-08
   2.6207973e+03   2.3672970e-08
   2.6237198e+03   2.3260119e-08
   2.6266423e+03   2.2854469e-08
   2.6295649e+03   2.2455894e-08
   2.6324874e+03   2.2064269e-08
   2.6354099e+03   2.1679474e-08
   2.6383324e+03   2.1301390e-08
   2.6412550e+03   2.0929899e-08
   2.6441775e+03   2.0564888e-08
   2.6471000e+03   2.0206242e-08
   2.6500225e+03   1.9853850e-08
   2.6529450e+03   1.9507605e-08
   2.6558676e+03   1.9167397e-08
   2.6587901e+03   1.8833123e-08
   2.6617126e+03   1.8504679e-08
   2.6646351e+03   1.8181962e-08
   2.6675577e+03   1.7864873e-08
   2.6704802e+03   1.7553315e-08
   2.6734027e+03   1.7247190e-08
   2.6763252e+03   1.6946404e-08
   2.6792477e+03   1.6650863e-08
   2.6821703e+03   1.6360476e-08
   2.6850928e+03   1.6075154e-08
   2.6880153e+03   1.5794808e-08
   2.6909378e+03   1.5519351e-08
   2.6938604e+03   1.5248697e-08
   2.6967829e+03   1.4982764e-08
   2.6997054e+03   1.4721469e-08
   2.7026279e+03   1.4464731e-08
   2.7055505e+03   1.4212470e-08
   2.7084730e+03   1.3964608e-08
   2.7113955e+03   1.3721069e-08
   2.7143180e+03   1.3481777e-08
   2.7172405e+03   1.3246659e-08
   2.7201631e+03   1.3015641e-08
   2.7230856e+03   1.2788651e-08
   2.7260081e+03   1.2565621e-08
   2.7289306e+03   1.2346480e-08
   2.7318532e+03   1.2131161e-08
   2.7347757e+03   1.1919596e-08
   2.7376982e+03   1.1711722e-08
   2.7406207e+03   1.1507473e-08
   2.7435432e+03   1.1306785e-08
   2.7464658e+03   1.1109598e-08
   2.7493883e+03   1.0915850e-08
   2.7523108e+03   1.0725480e-08
   2.7552333e+03   1.0538431e-08
   2.7581559e+03   1.0354644e-08
   2.7610784e+03   1.0174061e-08
   2.7640009e+03   9.9966285e-09
   2.7669234e+03   9.8222900e-09
   2.7698459e+03   9.6509919e-09
   2.7727685e+03   9.4826812e-09
   2.7756910e+03   9.3173059e-09
   2.7786135e+03   9.1548146e-09
   2.7815360e+03   8.9951571e-09
   2.7844586e+03   8.8382840e-09
   2.7873811e+03   8.6841467e-09
   2.7903036e+03   8.5326976e-09
   2.7932261e+03   8.3838897e-09
   2.7961486e+03   8.2376769e-09
   2.7990712e+03   8.0940141e-09
   2.8019937e+03   7.9528567e-09
   2.8049162e+03   7.8141610e-09
   2.8078387e+03   7.6778842e-09
   2.8107613e+03   7.5439839e-09
   2.8136838e+03   7.4124189e-09
   2.8166063e+03   7.2831483e-09
   2.8195288e+03   7.1561322e-09
   2.8224514e+03   7.0313312e-09
   2.8253739e+03   6.9087067e-09
   2.8282964e+03   6.7882207e-09
   2.8312189e+03   6.6698360e-09
   2.8341414e+03   6.5535159e-09
   2.8370640e+03   6.4392244e-09
   2.8399865e+03   6.3269260e-09
   2.8429090e+03   6.2165862e-09
   2.8458315e+03   6.1081706e-09
   2.8487541e+03   6.0016458e-09
   2.8516766e+03   5.8969787e-09
   2.8545991e+03   5.7941370e-09
   2.8575216e+03   5.6930888e-09
   2.8604441e+03   5.5938029e-09
   2.8633667e+03   5.4962485e-09
   2.8662892e+03   5.4003954e-09
   2.8692117e+03   5.3062140e-09
   2.8721342e+03   5.2136750e-09
   2.8750568e+03   5.1227500e-09
   2.8779793e+03   5.0334106e-09
   2.8809018e+03   4.9456293e-09
   2.8838243e+03   4.8593789e-09
   2.8867468e+03   4.7746326e-09
   2.8896694e+03   4.6913643e-09
   2.8925919e+03   4.6095482e-09
   2.8955144e+03   4.5291589e-09
   2.8984369e+03   4.4501716e-09
   2.9013595e+03   4.3725619e-09
   2.9042820e+03   4.2963056e-09
   2.9072045e+03   4.2213792e-09
   2.9101270e+03   4.1477595e-09
   2.9130495e+03   4.0754237e-09
   2.9159721e+03   4.0043494e-09
   2.9188946e+03   3.9345146e-09
   2.9218171e+03   3.8658978e-09
   2.9247396e+03   3.7984775e-09
   2.9276622e+03   3.7322331e-09
   2.9305847e+03   3.6671440e-09
   2.9335072e+03   3.6031900e-09
   2.9364297e+03   3.5403514e-09
   2.9393523e+03   3.4786086e-09
   2.9422748e+03   3.4179426e-09
   2.9451973e+03   3.3583346e-09
   2.9481198e+03   3.2997662e-09
   2.9510423e+03   3.2422191e-09
   2.9539649e+03   3.1856757e-09
   2.9568874e+03   3.1301184e-09
   2.9598099e+03   3.0755300e-09
   2.9627324e+03   3.0218936e-09
   2.9656550e+03   2.9691926e-09
   2.9685775e+03   2.9174107e-09
   2.9715000e+03   2.8665318e-09
   2.9744225e+03   2.8165403e-09
   2.9773450e+03   2.7674206e-09
   2.9802676e+03   2.7191575e-09
   2.9831901e+03   2.6717362e-09
   2.9861126e+03   2.6251418e-09
   2.9890351e+03   2.5793600e-09
   2.9919577e+03   2.5343767e-09
   2.9948802e+03   2.4901779e-09
   2.9978027e+03   2.4467498e-09
   3.0007252e+03   2.4040792e-09
   3.0036477e+03   2.3621527e-09
   3.0065703e+03   2.3209574e-09
   3.0094928e+03   2.2804805e-09
   3.0124153e+03   2.2407096e-09
   3.0153378e+03   2.2016322e-09
   3.0182604e+03   2.1632363e-09
   3.0211829e+03   2.1255101e-09
   3.0241054e+03   2.0884418e-09
   3.0270279e+03   2.0520199e-09
   3.0299505e+03   2.0162332e-09
   3.0328730e+03   1.9810707e-09
   3.0357955e+03   1.9465213e-09
   3.0387180e+03   1.9125745e-09
   3.0416405e+03   1.8792198e-09
   3.0445631e+03   1.8464467e-09
   3.0474856e+03   1.8142452e-09
   3.0504081e+03   1.7826052e-09
   3.0533306e+03   1.7515171e-09
   3.0562532e+03   1.7209711e-09
   3.0591757e+03   1.6909578e-09
   3.0620982e+03   1.6614680e-09
   3.0650207e+03   1.6324924e-09
   3.0679432e+03   1.6040222e-09
   3.0708658e+03   1.5760485e-09
   3.0737883e+03   1.5485626e-09
   3.0767108e+03   1.5215561e-09
   3.0796333e+03   1.4950206e-09
   3.0825559e+03   1.4689478e-09
   3.0854784e+03   1.4433298e-09
   3.0884009e+03   1.4181585e-09
   3.0913234e+03   1.3934262e-09
   3.0942459e+03   1.3691252e-09
   3.0971685e+03   1.3452481e-09
   3.1000910e+03   1.3217873e-09
   3.1030135e+03   1.2987357e-09
   3.1059360e+03   1.2760861e-09
   3.1088586e+03   1.2538315e-09
   3.1117811e+03   1.2319650e-09
   3.1147036e+03   1.2104799e-09
   3.1176261e+03   1.1893694e-09
   3.1205486e+03   1.1686272e-09
   3.1234712e+03   1.1482466e-09
   3.1263937e+03   1.1282215e-09
   3.1293162e+03   1.1085456e-09
   3.1322387e+03   1.0892129e-09
   3.1351613e+03   1.0702173e-09
   3.1380838e+03   1.0515530e-09
   3.1410063e+03   1.0332142e-09
   3.1439288e+03   1.0151953e-09
   3.1468514e+03   9.9749053e-10
   3.1497739e+03   9.8009456e-10
   3.1526964e+03   9.6300198e-10
   3.1556189e+03   9.4620749e-10
   3.1585414e+03   9.2970589e-10
   3.1614640e+03   9.1349207e-10
   3.1643865e+03   8.9756101e-10
   3.1673090e+03   8.8190779e-10
   3.1702315e+03   8.6652756e-10
   3.1731541e+03   8.5141556e-10
   3.1760766e+03   8.3656710e-10
   3.1789991e+03   8.2197760e-10
   3.1819216e+03   8.0764253e-10
   3.1848441e+03   7.9355747e-10
   3.1877667e+03   7.7971804e-10
   3.1906892e+03   7.6611997e-10
   3.1936117e+03   7.5275905e-10
   3.1965342e+03   7.3963113e-10
   3.1994568e+03   7.2673217e-10
   3.2023793e+03   7.1405816e-10
   3.2053018e+03   7.0160518e-10
   3.2082243e+03   6.8936937e-10
   3.2111468e+03   6.7734696e-10
   3.2140694e+03   6.6553421e-10
   3.2169919e+03   6.5392747e-10
   3.2199144e+03   6.4252316e-10
   3.2228369e+03   6.3131773e-10
   3.2257595e+03   6.2030772e-10
   3.2286820e+03   6.0948972e-10
   3.2316045e+03   5.9886039e-10
   3.2345270e+03   5.8841642e-10
   3.2374495e+03   5.7815460e-10
   3.2403721e+03   5.6807174e-10
   3.2432946e+03   5.5816473e-10
   3.2462171e+03   5.4843048e-10
   3.2491396e+03   5.3886601e-10
   3.2520622e+03   5.2946833e-10
   3.2549847e+03   5.2023455e-10
   3.2579072e+03   5.1116180e-10
   3.2608297e+03   5.0224727e-10
   3.2637523e+03   4.9348822e-10
   3.2666748e+03   4.8488192e-10
   3.2695973e+03   4.7642571e-10
   3.2725198e+03   4.6811697e-10
   3.2754423e+03   4.5995314e-10
   3.2783649e+03   4.5193168e-10
   3.2812874e+03   4.4405012e-10
   3.2842099e+03   4.3630600e-10
   3.2871324e+03   4.2869695e-10
   3.2900550e+03   4.2122059e-10
   3.2929775e+03   4.1387462e-10
   3.2959000e+03   4.0665675e-10
