   4.7900000e+02   1.2275639e-04
   4.8359570e+02   1.3631625e-04
   4.8819139e+02   1.5097730e-04
   4.9278709e+02   1.6677923e-04
   4.9738278e+02   1.8375726e-04
   5.0197848e+02   2.0194143e-04
   5.0657417e+02   2.2135593e-04
   5.1116987e+02   2.4201837e-04
   5.1576557e+02   2.6393920e-04
   5.2036126e+02   2.8712104e-04
   5.2495696e+02   3.1155817e-04
   5.2955265e+02   3.3723608e-04
   5.3414835e+02   3.6413104e-04
   5.3874404e+02   3.9220988e-04
   5.4333974e+02   4.2142971e-04
   5.4793544e+02   4.5173795e-04
   5.5253113e+02   4.8307230e-04
   5.5712683e+02   5.1536095e-04
   5.6172252e+02   5.4852289e-04
   5.6631822e+02   5.8246829e-04
   5.7091391e+02   6.1709910e-04
   5.7550961e+02   6.5230970e-04
   5.8010531e+02   6.8798766e-04
   5.8470100e+02   7.2401468e-04
   5.8929670e+02   7.6026755e-04
   5.9389239e+02   7.9661919e-04
   5.9848809e+02   8.3293979e-04
   6.0308378e+02   8.6909802e-04
   6.0767948e+02   9.0496217e-04
   6.1227518e+02   9.4040143e-04
   6.1687087e+02   9.7528704e-04
   6.2146657e+02   1.0094935e-03
   6.2606226e+02   1.0428999e-03
   6.3065796e+02   1.0753905e-03
   6.3525365e+02   1.1068563e-03
   6.3984935e+02   1.1371958e-03
   6.4444505e+02   1.1663155e-03
   6.4904074e+02   1.1941309e-03
   6.5363644e+02   1.2205673e-03
   6.5823213e+02   1.2455595e-03
   6.6282783e+02   1.2690531e-03
   6.6742352e+02   1.2910038e-03
   6.7201922e+02   1.3113781e-03
   6.7661491e+02   1.3301527e-03
   6.8121061e+02   1.3473149e-03
   6.8580631e+02   1.3628618e-03
   6.9040200e+02   1.3768001e-03
   6.9499770e+02   1.3891455e-03
   6.9959339e+02   1.3999222e-03
   7.0418909e+02   1.4091623e-03
   7.0878478e+02   1.4169050e-03
   7.1338048e+02   1.4231959e-03
   7.1797618e+02   1.4280859e-03
   7.2257187e+02   1.4316311e-03
   7.2716757e+02   1.4338912e-03
   7.3176326e+02   1.4349295e-03
   7.3635896e+02   1.4348114e-03
   7.4095465e+02   1.4336042e-03
   7.4555035e+02   1.4313760e-03
   7.5014605e+02   1.4281955e-03
   7.5474174e+02   1.4241309e-03
   7.5933744e+02   1.4192497e-03
   7.6393313e+02   1.4136181e-03
   7.6852883e+02   1.4073004e-03
   7.7312452e+02   1.4003591e-03
   7.7772022e+02   1.3928540e-03
   7.8231592e+02   1.3848424e-03
   7.8691161e+02   1.3763786e-03
   7.9150731e+02   1.3675139e-03
   7.9610300e+02   1.3582965e-03
   8.0069870e+02   1.3487717e-03
   8.0529439e+02   1.3389811e-03
   8.0989009e+02   1.3289637e-03
   8.1448579e+02   1.3187550e-03
   8.1908148e+02   1.3083878e-03
   8.2367718e+02   1.2978918e-03
   8.2827287e+02   1.2872940e-03
   8.3286857e+02   1.2766189e-03
   8.3746426e+02   1.2658883e-03
   8.4205996e+02   1.2551219e-03
   8.4665566e+02   1.2443371e-03
   8.5125135e+02   1.2335492e-03
   8.5584705e+02   1.2227720e-03
   8.6044274e+02   1.2120174e-03
   8.6503844e+02   1.2012957e-03
   8.6963413e+02   1.1906159e-03
   8.7422983e+02   1.1799859e-03
   8.7882553e+02   1.1694122e-03
   8.8342122e+02   1.1589005e-03
   8.8801692e+02   1.1484555e-03
   8.9261261e+02   1.1380813e-03
   8.9720831e+02   1.1277811e-03
   9.0180400e+02   1.1175576e-03
   9.0639970e+02   1.1074130e-03
   9.1099540e+02   1.0973490e-03
   9.1559109e+02   1.0873669e-03
   9.2018679e+02   1.0774677e-03
   9.2478248e+02   1.0676522e-03
   9.2937818e+02   1.0579207e-03
   9.3397387e+02   1.0482735e-03
   9.3856957e+02   1.0387108e-03
   9.4316527e+02   1.0292324e-03
   9.4776096e+02   1.0198380e-03
   9.5235666e+02   1.0105276e-03
   9.5695235e+02   1.0013006e-03
   9.6154805e+02   9.9215658e-04
   9.6614374e+02   9.8309510e-04
   9.7073944e+02   9.7411558e-04
   9.7533514e+02   9.6521746e-04
   9.7993083e+02   9.5640012e-04
   9.8452653e+02   9.4766293e-04
   9.8912222e+02   9.3900525e-04
   9.9371792e+02   9.3042642e-04
   9.9831361e+02   9.2192577e-04
   1.0029093e+03   9.1350264e-04
   1.0075050e+03   9.0515635e-04
   1.0121007e+03   8.9688623e-04
   1.0166964e+03   8.8869160e-04
   1.0212921e+03   8.8057179e-04
   1.0258878e+03   8.7252612e-04
   1.0304835e+03   8.6455394e-04
   1.0350792e+03   8.5665457e-04
   1.0396749e+03   8.4882736e-04
   1.0442706e+03   8.4107166e-04
   1.0488663e+03   8.3338680e-04
   1.0534620e+03   8.2577216e-04
   1.0580577e+03   8.1822708e-04
   1.0626534e+03   8.1075094e-04
   1.0672490e+03   8.0334311e-04
   1.0718447e+03   7.9600296e-04
   1.0764404e+03   7.8872987e-04
   1.0810361e+03   7.8152323e-04
   1.0856318e+03   7.7438245e-04
   1.0902275e+03   7.6730690e-04
   1.0948232e+03   7.6029601e-04
   1.0994189e+03   7.5334917e-04
   1.1040146e+03   7.4646581e-04
   1.1086103e+03   7.3964534e-04
   1.1132060e+03   7.3288719e-04
   1.1178017e+03   7.2619079e-04
   1.1223974e+03   7.1955557e-04
   1.1269931e+03   7.1298098e-04
   1.1315888e+03   7.0646646e-04
   1.1361845e+03   7.0001147e-04
   1.1407802e+03   6.9361545e-04
   1.1453759e+03   6.8727788e-04
   1.1499716e+03   6.8099821e-04
   1.1545673e+03   6.7477592e-04
   1.1591630e+03   6.6861048e-04
   1.1637587e+03   6.6250137e-04
   1.1683544e+03   6.5644809e-04
   1.1729501e+03   6.5045011e-04
   1.1775457e+03   6.4450694e-04
   1.1821414e+03   6.3861807e-04
   1.1867371e+03   6.3278300e-04
   1.1913328e+03   6.2700126e-04
   1.1959285e+03   6.2127233e-04
   1.2005242e+03   6.1559576e-04
   1.2051199e+03   6.0997105e-04
   1.2097156e+03   6.0439774e-04
   1.2143113e+03   5.9887534e-04
   1.2189070e+03   5.9340341e-04
   1.2235027e+03   5.8798147e-04
   1.2280984e+03   5.8260908e-04
   1.2326941e+03   5.7728577e-04
   1.2372898e+03   5.7201110e-04
   1.2418855e+03   5.6678463e-04
   1.2464812e+03   5.6160590e-04
   1.2510769e+03   5.5647450e-04
   1.2556726e+03   5.5138999e-04
   1.2602683e+03   5.4635193e-04
   1.2648640e+03   5.4135990e-04
   1.2694597e+03   5.3641349e-04
   1.2740554e+03   5.3151227e-04
   1.2786511e+03   5.2665583e-04
   1.2832467e+03   5.2184377e-04
   1.2878424e+03   5.1707567e-04
   1.2924381e+03   5.1235115e-04
   1.2970338e+03   5.0766978e-04
   1.3016295e+03   5.0303120e-04
   1.3062252e+03   4.9843499e-04
   1.3108209e+03   4.9388079e-04
   1.3154166e+03   4.8936819e-04
   1.3200123e+03   4.8489682e-04
   1.3246080e+03   4.8046631e-04
   1.3292037e+03   4.7607628e-04
   1.3337994e+03   4.7172637e-04
   1.3383951e+03   4.6741620e-04
   1.3429908e+03   4.6314541e-04
   1.3475865e+03   4.5891364e-04
   1.3521822e+03   4.5472054e-04
   1.3567779e+03   4.5056575e-04
   1.3613736e+03   4.4644892e-04
   1.3659693e+03   4.4236971e-04
   1.3705650e+03   4.3832777e-04
   1.3751607e+03   4.3432277e-04
   1.3797564e+03   4.3035435e-04
   1.3843521e+03   4.2642220e-04
   1.3889477e+03   4.2252597e-04
   1.3935434e+03   4.1866534e-04
   1.3981391e+03   4.1483999e-04
   1.4027348e+03   4.1104959e-04
   1.4073305e+03   4.0729383e-04
   1.4119262e+03   4.0357238e-04
   1.4165219e+03   3.9988493e-04
   1.4211176e+03   3.9623117e-04
   1.4257133e+03   3.9261080e-04
   1.4303090e+03   3.8902351e-04
   1.4349047e+03   3.8546900e-04
   1.4395004e+03   3.8194696e-04
   1.4440961e+03   3.7845711e-04
   1.4486918e+03   3.7499914e-04
   1.4532875e+03   3.7157276e-04
   1.4578832e+03   3.6817770e-04
   1.4624789e+03   3.6481365e-04
   1.4670746e+03   3.6148034e-04
   1.4716703e+03   3.5817749e-04
   1.4762660e+03   3.5490482e-04
   1.4808617e+03   3.5166205e-04
   1.4854574e+03   3.4844891e-04
   1.4900531e+03   3.4526512e-04
   1.4946487e+03   3.4211043e-04
   1.4992444e+03   3.3898456e-04
   1.5038401e+03   3.3588725e-04
   1.5084358e+03   3.3281825e-04
   1.5130315e+03   3.2977728e-04
   1.5176272e+03   3.2676410e-04
   1.5222229e+03   3.2377845e-04
   1.5268186e+03   3.2082008e-04
   1.5314143e+03   3.1788874e-04
   1.5360100e+03   3.1498419e-04
   1.5406057e+03   3.1210617e-04
   1.5452014e+03   3.0925445e-04
   1.5497971e+03   3.0642879e-04
   1.5543928e+03   3.0362895e-04
   1.5589885e+03   3.0085468e-04
   1.5635842e+03   2.9810577e-04
   1.5681799e+03   2.9538197e-04
   1.5727756e+03   2.9268306e-04
   1.5773713e+03   2.9000881e-04
   1.5819670e+03   2.8735900e-04
   1.5865627e+03   2.8473339e-04
   1.5911584e+03   2.8213178e-04
   1.5957541e+03   2.7955394e-04
   1.6003497e+03   2.7699965e-04
   1.6049454e+03   2.7446870e-04
   1.6095411e+03   2.7196087e-04
   1.6141368e+03   2.6947596e-04
   1.6187325e+03   2.6701376e-04
   1.6233282e+03   2.6457405e-04
   1.6279239e+03   2.6215663e-04
   1.6325196e+03   2.5976130e-04
   1.6371153e+03   2.5738786e-04
   1.6417110e+03   2.5503610e-04
   1.6463067e+03   2.5270583e-04
   1.6509024e+03   2.5039686e-04
   1.6554981e+03   2.4810898e-04
   1.6600938e+03   2.4584200e-04
   1.6646895e+03   2.4359574e-04
   1.6692852e+03   2.4137000e-04
   1.6738809e+03   2.3916460e-04
   1.6784766e+03   2.3697935e-04
   1.6830723e+03   2.3481406e-04
   1.6876680e+03   2.3266856e-04
   1.6922637e+03   2.3054267e-04
   1.6968594e+03   2.2843619e-04
   1.7014551e+03   2.2634897e-04
   1.7060508e+03   2.2428081e-04
   1.7106464e+03   2.2223156e-04
   1.7152421e+03   2.2020102e-04
   1.7198378e+03   2.1818904e-04
   1.7244335e+03   2.1619545e-04
   1.7290292e+03   2.1422007e-04
   1.7336249e+03   2.1226273e-04
   1.7382206e+03   2.1032329e-04
   1.7428163e+03   2.0840156e-04
   1.7474120e+03   2.0649739e-04
   1.7520077e+03   2.0461062e-04
   1.7566034e+03   2.0274109e-04
   1.7611991e+03   2.0088864e-04
   1.7657948e+03   1.9905312e-04
   1.7703905e+03   1.9723437e-04
   1.7749862e+03   1.9543223e-04
   1.7795819e+03   1.9364657e-04
   1.7841776e+03   1.9187721e-04
   1.7887733e+03   1.9012403e-04
   1.7933690e+03   1.8838686e-04
   1.7979647e+03   1.8666557e-04
   1.8025604e+03   1.8496000e-04
   1.8071561e+03   1.8327002e-04
   1.8117518e+03   1.8159548e-04
   1.8163474e+03   1.7993624e-04
   1.8209431e+03   1.7829216e-04
   1.8255388e+03   1.7666310e-04
   1.8301345e+03   1.7504893e-04
   1.8347302e+03   1.7344950e-04
   1.8393259e+03   1.7186469e-04
   1.8439216e+03   1.7029436e-04
   1.8485173e+03   1.6873838e-04
   1.8531130e+03   1.6719661e-04
   1.8577087e+03   1.6566893e-04
   1.8623044e+03   1.6415521e-04
   1.8669001e+03   1.6265533e-04
   1.8714958e+03   1.6116914e-04
   1.8760915e+03   1.5969654e-04
   1.8806872e+03   1.5823739e-04
   1.8852829e+03   1.5679157e-04
   1.8898786e+03   1.5535896e-04
   1.8944743e+03   1.5393944e-04
   1.8990700e+03   1.5253290e-04
   1.9036657e+03   1.5113920e-04
   1.9082614e+03   1.4975824e-04
   1.9128571e+03   1.4838990e-04
   1.9174528e+03   1.4703406e-04
   1.9220484e+03   1.4569060e-04
   1.9266441e+03   1.4435943e-04
   1.9312398e+03   1.4304041e-04
   1.9358355e+03   1.4173345e-04
   1.9404312e+03   1.4043843e-04
   1.9450269e+03   1.3915524e-04
   1.9496226e+03   1.3788378e-04
   1.9542183e+03   1.3662393e-04
   1.9588140e+03   1.3537559e-04
   1.9634097e+03   1.3413867e-04
   1.9680054e+03   1.3291304e-04
   1.9726011e+03   1.3169861e-04
   1.9771968e+03   1.3049528e-04
   1.9817925e+03   1.2930294e-04
   1.9863882e+03   1.2812150e-04
   1.9909839e+03   1.2695085e-04
   1.9955796e+03   1.2579090e-04
   2.0001753e+03   1.2464154e-04
   2.0047710e+03   1.2350269e-04
   2.0093667e+03   1.2237425e-04
   2.0139624e+03   1.2125611e-04
   2.0185581e+03   1.2014819e-04
   2.0231538e+03   1.1905040e-04
   2.0277494e+03   1.1796263e-04
   2.0323451e+03   1.1688480e-04
   2.0369408e+03   1.1581683e-04
   2.0415365e+03   1.1475861e-04
   2.0461322e+03   1.1371005e-04
   2.0507279e+03   1.1267108e-04
   2.0553236e+03   1.1164161e-04
   2.0599193e+03   1.1062153e-04
   2.0645150e+03   1.0961078e-04
   2.0691107e+03   1.0860927e-04
   2.0737064e+03   1.0761690e-04
   2.0783021e+03   1.0663361e-04
   2.0828978e+03   1.0565929e-04
   2.0874935e+03   1.0469388e-04
   2.0920892e+03   1.0373729e-04
   2.0966849e+03   1.0278944e-04
   2.1012806e+03   1.0185026e-04
   2.1058763e+03   1.0091965e-04
   2.1104720e+03   9.9997543e-05
   2.1150677e+03   9.9083864e-05
   2.1196634e+03   9.8178533e-05
   2.1242591e+03   9.7281474e-05
   2.1288548e+03   9.6392612e-05
   2.1334505e+03   9.5511871e-05
   2.1380461e+03   9.4639178e-05
   2.1426418e+03   9.3774458e-05
   2.1472375e+03   9.2917639e-05
   2.1518332e+03   9.2068649e-05
   2.1564289e+03   9.1227417e-05
   2.1610246e+03   9.0393870e-05
   2.1656203e+03   8.9567940e-05
   2.1702160e+03   8.8749556e-05
   2.1748117e+03   8.7938650e-05
   2.1794074e+03   8.7135153e-05
   2.1840031e+03   8.6338998e-05
   2.1885988e+03   8.5550117e-05
   2.1931945e+03   8.4768444e-05
   2.1977902e+03   8.3993914e-05
   2.2023859e+03   8.3226460e-05
   2.2069816e+03   8.2466018e-05
   2.2115773e+03   8.1712525e-05
   2.2161730e+03   8.0965916e-05
   2.2207687e+03   8.0226130e-05
   2.2253644e+03   7.9493102e-05
   2.2299601e+03   7.8766772e-05
   2.2345558e+03   7.8047079e-05
   2.2391515e+03   7.7333962e-05
   2.2437471e+03   7.6627360e-05
   2.2483428e+03   7.5927215e-05
   2.2529385e+03   7.5233466e-05
   2.2575342e+03   7.4546057e-05
   2.2621299e+03   7.3864929e-05
   2.2667256e+03   7.3190023e-05
   2.2713213e+03   7.2521285e-05
   2.2759170e+03   7.1858657e-05
   2.2805127e+03   7.1202083e-05
   2.2851084e+03   7.0551509e-05
   2.2897041e+03   6.9906878e-05
   2.2942998e+03   6.9268138e-05
   2.2988955e+03   6.8635234e-05
   2.3034912e+03   6.8008113e-05
   2.3080869e+03   6.7386722e-05
   2.3126826e+03   6.6771008e-05
   2.3172783e+03   6.6160920e-05
   2.3218740e+03   6.5556407e-05
   2.3264697e+03   6.4957417e-05
   2.3310654e+03   6.4363900e-05
   2.3356611e+03   6.3775806e-05
   2.3402568e+03   6.3193085e-05
   2.3448525e+03   6.2615689e-05
   2.3494481e+03   6.2043569e-05
   2.3540438e+03   6.1476675e-05
   2.3586395e+03   6.0914962e-05
   2.3632352e+03   6.0358381e-05
   2.3678309e+03   5.9806886e-05
   2.3724266e+03   5.9260429e-05
   2.3770223e+03   5.8718966e-05
   2.3816180e+03   5.8182450e-05
   2.3862137e+03   5.7650836e-05
   2.3908094e+03   5.7124079e-05
   2.3954051e+03   5.6602135e-05
   2.4000008e+03   5.6084961e-05
   2.4045965e+03   5.5572512e-05
   2.4091922e+03   5.5064745e-05
   2.4137879e+03   5.4561617e-05
   2.4183836e+03   5.4063087e-05
   2.4229793e+03   5.3569111e-05
   2.4275750e+03   5.3079650e-05
   2.4321707e+03   5.2594660e-05
   2.4367664e+03   5.2114102e-05
   2.4413621e+03   5.1637934e-05
   2.4459578e+03   5.1166118e-05
   2.4505535e+03   5.0698612e-05
   2.4551491e+03   5.0235378e-05
   2.4597448e+03   4.9776377e-05
   2.4643405e+03   4.9321569e-05
   2.4689362e+03   4.8870917e-05
   2.4735319e+03   4.8424383e-05
   2.4781276e+03   4.7981928e-05
   2.4827233e+03   4.7543517e-05
   2.4873190e+03   4.7109111e-05
   2.4919147e+03   4.6678674e-05
   2.4965104e+03   4.6252170e-05
   2.5011061e+03   4.5829564e-05
   2.5057018e+03   4.5410818e-05
   2.5102975e+03   4.4995899e-05
   2.5148932e+03   4.4584770e-05
   2.5194889e+03   4.4177399e-05
   2.5240846e+03   4.3773749e-05
   2.5286803e+03   4.3373788e-05
   2.5332760e+03   4.2977481e-05
   2.5378717e+03   4.2584795e-05
   2.5424674e+03   4.2195697e-05
   2.5470631e+03   4.1810154e-05
   2.5516588e+03   4.1428134e-05
   2.5562545e+03   4.1049604e-05
   2.5608502e+03   4.0674534e-05
   2.5654458e+03   4.0302890e-05
   2.5700415e+03   3.9934642e-05
   2.5746372e+03   3.9569758e-05
   2.5792329e+03   3.9208209e-05
   2.5838286e+03   3.8849962e-05
   2.5884243e+03   3.8494990e-05
   2.5930200e+03   3.8143260e-05
   2.5976157e+03   3.7794745e-05
   2.6022114e+03   3.7449414e-05
   2.6068071e+03   3.7107238e-05
   2.6114028e+03   3.6768188e-05
   2.6159985e+03   3.6432237e-05
   2.6205942e+03   3.6099355e-05
   2.6251899e+03   3.5769514e-05
   2.6297856e+03   3.5442688e-05
   2.6343813e+03   3.5118847e-05
   2.6389770e+03   3.4797966e-05
   2.6435727e+03   3.4480016e-05
   2.6481684e+03   3.4164972e-05
   2.6527641e+03   3.3852806e-05
   2.6573598e+03   3.3543492e-05
   2.6619555e+03   3.3237005e-05
   2.6665512e+03   3.2933318e-05
   2.6711468e+03   3.2632406e-05
   2.6757425e+03   3.2334243e-05
   2.6803382e+03   3.2038804e-05
   2.6849339e+03   3.1746065e-05
   2.6895296e+03   3.1456001e-05
   2.6941253e+03   3.1168587e-05
   2.6987210e+03   3.0883799e-05
   2.7033167e+03   3.0601613e-05
   2.7079124e+03   3.0322006e-05
   2.7125081e+03   3.0044953e-05
   2.7171038e+03   2.9770432e-05
   2.7216995e+03   2.9498419e-05
   2.7262952e+03   2.9228892e-05
   2.7308909e+03   2.8961827e-05
   2.7354866e+03   2.8697202e-05
   2.7400823e+03   2.8434995e-05
   2.7446780e+03   2.8175184e-05
   2.7492737e+03   2.7917747e-05
   2.7538694e+03   2.7662662e-05
   2.7584651e+03   2.7409908e-05
   2.7630608e+03   2.7159463e-05
   2.7676565e+03   2.6911307e-05
   2.7722522e+03   2.6665418e-05
   2.7768478e+03   2.6421775e-05
   2.7814435e+03   2.6180359e-05
   2.7860392e+03   2.5941149e-05
   2.7906349e+03   2.5704124e-05
   2.7952306e+03   2.5469265e-05
   2.7998263e+03   2.5236552e-05
   2.8044220e+03   2.5005965e-05
   2.8090177e+03   2.4777485e-05
   2.8136134e+03   2.4551093e-05
   2.8182091e+03   2.4326769e-05
   2.8228048e+03   2.4104495e-05
   2.8274005e+03   2.3884252e-05
   2.8319962e+03   2.3666021e-05
   2.8365919e+03   2.3449785e-05
   2.8411876e+03   2.3235523e-05
   2.8457833e+03   2.3023220e-05
   2.8503790e+03   2.2812857e-05
   2.8549747e+03   2.2604415e-05
   2.8595704e+03   2.2397878e-05
   2.8641661e+03   2.2193228e-05
   2.8687618e+03   2.1990449e-05
   2.8733575e+03   2.1789522e-05
   2.8779532e+03   2.1590430e-05
   2.8825488e+03   2.1393158e-05
   2.8871445e+03   2.1197689e-05
   2.8917402e+03   2.1004005e-05
   2.8963359e+03   2.0812091e-05
   2.9009316e+03   2.0621931e-05
   2.9055273e+03   2.0433508e-05
   2.9101230e+03   2.0246806e-05
   2.9147187e+03   2.0061811e-05
   2.9193144e+03   1.9878506e-05
   2.9239101e+03   1.9696876e-05
   2.9285058e+03   1.9516905e-05
   2.9331015e+03   1.9338579e-05
   2.9376972e+03   1.9161882e-05
   2.9422929e+03   1.8986799e-05
   2.9468886e+03   1.8813317e-05
   2.9514843e+03   1.8641419e-05
   2.9560800e+03   1.8471092e-05
   2.9606757e+03   1.8302322e-05
   2.9652714e+03   1.8135093e-05
   2.9698671e+03   1.7969392e-05
   2.9744628e+03   1.7805206e-05
   2.9790585e+03   1.7642519e-05
   2.9836542e+03   1.7481319e-05
   2.9882498e+03   1.7321592e-05
   2.9928455e+03   1.7163324e-05
   2.9974412e+03   1.7006503e-05
   3.0020369e+03   1.6851114e-05
   3.0066326e+03   1.6697145e-05
   3.0112283e+03   1.6544583e-05
   3.0158240e+03   1.6393415e-05
   3.0204197e+03   1.6243628e-05
   3.0250154e+03   1.6095210e-05
   3.0296111e+03   1.5948148e-05
   3.0342068e+03   1.5802429e-05
   3.0388025e+03   1.5658042e-05
   3.0433982e+03   1.5514974e-05
   3.0479939e+03   1.5373214e-05
   3.0525896e+03   1.5232749e-05
   3.0571853e+03   1.5093567e-05
   3.0617810e+03   1.4955657e-05
   3.0663767e+03   1.4819006e-05
   3.0709724e+03   1.4683605e-05
   3.0755681e+03   1.4549441e-05
   3.0801638e+03   1.4416502e-05
   3.0847595e+03   1.4284778e-05
   3.0893552e+03   1.4154258e-05
   3.0939509e+03   1.4024930e-05
   3.0985465e+03   1.3896784e-05
   3.1031422e+03   1.3769809e-05
   3.1077379e+03   1.3643994e-05
   3.1123336e+03   1.3519329e-05
   3.1169293e+03   1.3395803e-05
   3.1215250e+03   1.3273405e-05
   3.1261207e+03   1.3152126e-05
   3.1307164e+03   1.3031954e-05
   3.1353121e+03   1.2912881e-05
   3.1399078e+03   1.2794896e-05
   3.1445035e+03   1.2677989e-05
   3.1490992e+03   1.2562150e-05
   3.1536949e+03   1.2447369e-05
   3.1582906e+03   1.2333637e-05
   3.1628863e+03   1.2220945e-05
   3.1674820e+03   1.2109282e-05
   3.1720777e+03   1.1998639e-05
   3.1766734e+03   1.1889007e-05
   3.1812691e+03   1.1780377e-05
   3.1858648e+03   1.1672740e-05
   3.1904605e+03   1.1566086e-05
   3.1950562e+03   1.1460406e-05
   3.1996519e+03   1.1355692e-05
   3.2042475e+03   1.1251935e-05
   3.2088432e+03   1.1149126e-05
   3.2134389e+03   1.1047256e-05
   3.2180346e+03   1.0946317e-05
   3.2226303e+03   1.0846301e-05
   3.2272260e+03   1.0747198e-05
   3.2318217e+03   1.0649001e-05
   3.2364174e+03   1.0551701e-05
   3.2410131e+03   1.0455289e-05
   3.2456088e+03   1.0359759e-05
   3.2502045e+03   1.0265102e-05
   3.2548002e+03   1.0171310e-05
   3.2593959e+03   1.0078374e-05
   3.2639916e+03   9.9862879e-06
   3.2685873e+03   9.8950431e-06
   3.2731830e+03   9.8046319e-06
   3.2777787e+03   9.7150468e-06
   3.2823744e+03   9.6262803e-06
   3.2869701e+03   9.5383248e-06
   3.2915658e+03   9.4511730e-06
   3.2961615e+03   9.3648175e-06
   3.3007572e+03   9.2792510e-06
   3.3053529e+03   9.1944663e-06
   3.3099485e+03   9.1104563e-06
   3.3145442e+03   9.0272139e-06
   3.3191399e+03   8.9447321e-06
   3.3237356e+03   8.8630040e-06
   3.3283313e+03   8.7820226e-06
   3.3329270e+03   8.7017811e-06
   3.3375227e+03   8.6222728e-06
   3.3421184e+03   8.5434909e-06
   3.3467141e+03   8.4654289e-06
   3.3513098e+03   8.3880802e-06
   3.3559055e+03   8.3114381e-06
   3.3605012e+03   8.2354964e-06
   3.3650969e+03   8.1602485e-06
   3.3696926e+03   8.0856882e-06
   3.3742883e+03   8.0118091e-06
   3.3788840e+03   7.9386051e-06
   3.3834797e+03   7.8660700e-06
   3.3880754e+03   7.7941975e-06
   3.3926711e+03   7.7229818e-06
   3.3972668e+03   7.6524168e-06
   3.4018625e+03   7.5824966e-06
   3.4064582e+03   7.5132152e-06
   3.4110539e+03   7.4445668e-06
   3.4156495e+03   7.3765457e-06
   3.4202452e+03   7.3091461e-06
   3.4248409e+03   7.2423623e-06
   3.4294366e+03   7.1761887e-06
   3.4340323e+03   7.1106197e-06
   3.4386280e+03   7.0456499e-06
   3.4432237e+03   6.9812737e-06
   3.4478194e+03   6.9174857e-06
   3.4524151e+03   6.8542805e-06
   3.4570108e+03   6.7916528e-06
   3.4616065e+03   6.7295974e-06
   3.4662022e+03   6.6681089e-06
   3.4707979e+03   6.6071823e-06
   3.4753936e+03   6.5468124e-06
   3.4799893e+03   6.4869941e-06
   3.4845850e+03   6.4277223e-06
   3.4891807e+03   6.3689921e-06
   3.4937764e+03   6.3107985e-06
   3.4983721e+03   6.2531366e-06
   3.5029678e+03   6.1960016e-06
   3.5075635e+03   6.1393887e-06
   3.5121592e+03   6.0832930e-06
   3.5167549e+03   6.0277098e-06
   3.5213506e+03   5.9726345e-06
   3.5259462e+03   5.9180625e-06
   3.5305419e+03   5.8639891e-06
   3.5351376e+03   5.8104097e-06
   3.5397333e+03   5.7573199e-06
   3.5443290e+03   5.7047152e-06
   3.5489247e+03   5.6525911e-06
   3.5535204e+03   5.6009433e-06
   3.5581161e+03   5.5497674e-06
   3.5627118e+03   5.4990591e-06
   3.5673075e+03   5.4488141e-06
   3.5719032e+03   5.3990282e-06
   3.5764989e+03   5.3496972e-06
   3.5810946e+03   5.3008169e-06
   3.5856903e+03   5.2523832e-06
   3.5902860e+03   5.2043921e-06
   3.5948817e+03   5.1568395e-06
   3.5994774e+03   5.1097214e-06
   3.6040731e+03   5.0630338e-06
   3.6086688e+03   5.0167728e-06
   3.6132645e+03   4.9709344e-06
   3.6178602e+03   4.9255149e-06
   3.6224559e+03   4.8805104e-06
   3.6270516e+03   4.8359171e-06
   3.6316472e+03   4.7917313e-06
   3.6362429e+03   4.7479491e-06
   3.6408386e+03   4.7045670e-06
   3.6454343e+03   4.6615813e-06
   3.6500300e+03   4.6189884e-06
   3.6546257e+03   4.5767846e-06
   3.6592214e+03   4.5349665e-06
   3.6638171e+03   4.4935304e-06
   3.6684128e+03   4.4524729e-06
   3.6730085e+03   4.4117906e-06
   3.6776042e+03   4.3714800e-06
   3.6821999e+03   4.3315377e-06
   3.6867956e+03   4.2919604e-06
   3.6913913e+03   4.2527447e-06
   3.6959870e+03   4.2138873e-06
   3.7005827e+03   4.1753849e-06
   3.7051784e+03   4.1372344e-06
   3.7097741e+03   4.0994324e-06
   3.7143698e+03   4.0619758e-06
   3.7189655e+03   4.0248615e-06
   3.7235612e+03   3.9880863e-06
   3.7281569e+03   3.9516471e-06
   3.7327526e+03   3.9155408e-06
   3.7373482e+03   3.8797644e-06
   3.7419439e+03   3.8443150e-06
   3.7465396e+03   3.8091894e-06
   3.7511353e+03   3.7743848e-06
   3.7557310e+03   3.7398982e-06
   3.7603267e+03   3.7057267e-06
   3.7649224e+03   3.6718674e-06
   3.7695181e+03   3.6383175e-06
   3.7741138e+03   3.6050741e-06
   3.7787095e+03   3.5721345e-06
   3.7833052e+03   3.5394958e-06
   3.7879009e+03   3.5071554e-06
   3.7924966e+03   3.4751105e-06
   3.7970923e+03   3.4433583e-06
   3.8016880e+03   3.4118963e-06
   3.8062837e+03   3.3807217e-06
   3.8108794e+03   3.3498320e-06
   3.8154751e+03   3.3192246e-06
   3.8200708e+03   3.2888968e-06
   3.8246665e+03   3.2588461e-06
   3.8292622e+03   3.2290699e-06
   3.8338579e+03   3.1995659e-06
   3.8384536e+03   3.1703314e-06
   3.8430492e+03   3.1413640e-06
   3.8476449e+03   3.1126613e-06
   3.8522406e+03   3.0842209e-06
   3.8568363e+03   3.0560403e-06
   3.8614320e+03   3.0281172e-06
   3.8660277e+03   3.0004493e-06
   3.8706234e+03   2.9730341e-06
   3.8752191e+03   2.9458694e-06
   3.8798148e+03   2.9189530e-06
   3.8844105e+03   2.8922825e-06
   3.8890062e+03   2.8658556e-06
   3.8936019e+03   2.8396703e-06
   3.8981976e+03   2.8137242e-06
   3.9027933e+03   2.7880151e-06
   3.9073890e+03   2.7625410e-06
   3.9119847e+03   2.7372996e-06
   3.9165804e+03   2.7122888e-06
   3.9211761e+03   2.6875066e-06
   3.9257718e+03   2.6629508e-06
   3.9303675e+03   2.6386194e-06
   3.9349632e+03   2.6145103e-06
   3.9395589e+03   2.5906215e-06
   3.9441546e+03   2.5669509e-06
   3.9487503e+03   2.5434966e-06
   3.9533459e+03   2.5202567e-06
   3.9579416e+03   2.4972291e-06
   3.9625373e+03   2.4744118e-06
   3.9671330e+03   2.4518031e-06
   3.9717287e+03   2.4294009e-06
   3.9763244e+03   2.4072035e-06
   3.9809201e+03   2.3852088e-06
   3.9855158e+03   2.3634151e-06
   3.9901115e+03   2.3418205e-06
   3.9947072e+03   2.3204233e-06
   3.9993029e+03   2.2992215e-06
   4.0038986e+03   2.2782135e-06
   4.0084943e+03   2.2573974e-06
   4.0130900e+03   2.2367716e-06
   4.0176857e+03   2.2163342e-06
   4.0222814e+03   2.1960835e-06
   4.0268771e+03   2.1760178e-06
   4.0314728e+03   2.1561355e-06
   4.0360685e+03   2.1364349e-06
   4.0406642e+03   2.1169142e-06
   4.0452599e+03   2.0975719e-06
   4.0498556e+03   2.0784064e-06
   4.0544513e+03   2.0594160e-06
   4.0590469e+03   2.0405991e-06
   4.0636426e+03   2.0219541e-06
   4.0682383e+03   2.0034794e-06
   4.0728340e+03   1.9851736e-06
   4.0774297e+03   1.9670351e-06
   4.0820254e+03   1.9490622e-06
   4.0866211e+03   1.9312536e-06
   4.0912168e+03   1.9136077e-06
   4.0958125e+03   1.8961230e-06
   4.1004082e+03   1.8787981e-06
   4.1050039e+03   1.8616315e-06
   4.1095996e+03   1.8446218e-06
   4.1141953e+03   1.8277674e-06
   4.1187910e+03   1.8110671e-06
   4.1233867e+03   1.7945193e-06
   4.1279824e+03   1.7781228e-06
   4.1325781e+03   1.7618761e-06
   4.1371738e+03   1.7457778e-06
   4.1417695e+03   1.7298266e-06
   4.1463652e+03   1.7140211e-06
   4.1509609e+03   1.6983601e-06
   4.1555566e+03   1.6828421e-06
   4.1601523e+03   1.6674660e-06
   4.1647479e+03   1.6522303e-06
   4.1693436e+03   1.6371339e-06
   4.1739393e+03   1.6221753e-06
   4.1785350e+03   1.6073535e-06
   4.1831307e+03   1.5926671e-06
   4.1877264e+03   1.5781149e-06
   4.1923221e+03   1.5636956e-06
   4.1969178e+03   1.5494081e-06
   4.2015135e+03   1.5352511e-06
   4.2061092e+03   1.5212235e-06
   4.2107049e+03   1.5073241e-06
   4.2153006e+03   1.4935516e-06
   4.2198963e+03   1.4799050e-06
   4.2244920e+03   1.4663831e-06
   4.2290877e+03   1.4529847e-06
   4.2336834e+03   1.4397088e-06
   4.2382791e+03   1.4265541e-06
   4.2428748e+03   1.4135197e-06
   4.2474705e+03   1.4006043e-06
   4.2520662e+03   1.3878070e-06
   4.2566619e+03   1.3751266e-06
   4.2612576e+03   1.3625620e-06
   4.2658533e+03   1.3501123e-06
   4.2704489e+03   1.3377763e-06
   4.2750446e+03   1.3255530e-06
   4.2796403e+03   1.3134414e-06
   4.2842360e+03   1.3014405e-06
   4.2888317e+03   1.2895492e-06
   4.2934274e+03   1.2777666e-06
   4.2980231e+03   1.2660916e-06
   4.3026188e+03   1.2545233e-06
   4.3072145e+03   1.2430607e-06
   4.3118102e+03   1.2317028e-06
   4.3164059e+03   1.2204487e-06
   4.3210016e+03   1.2092975e-06
   4.3255973e+03   1.1982481e-06
   4.3301930e+03   1.1872997e-06
   4.3347887e+03   1.1764513e-06
   4.3393844e+03   1.1657021e-06
   4.3439801e+03   1.1550510e-06
   4.3485758e+03   1.1444973e-06
   4.3531715e+03   1.1340400e-06
   4.3577672e+03   1.1236783e-06
   4.3623629e+03   1.1134112e-06
   4.3669586e+03   1.1032379e-06
   4.3715543e+03   1.0931576e-06
   4.3761499e+03   1.0831694e-06
   4.3807456e+03   1.0732725e-06
   4.3853413e+03   1.0634660e-06
   4.3899370e+03   1.0537491e-06
   4.3945327e+03   1.0441210e-06
   4.3991284e+03   1.0345808e-06
   4.4037241e+03   1.0251278e-06
   4.4083198e+03   1.0157612e-06
   4.4129155e+03   1.0064802e-06
   4.4175112e+03   9.9728397e-07
   4.4221069e+03   9.8817177e-07
   4.4267026e+03   9.7914283e-07
   4.4312983e+03   9.7019639e-07
   4.4358940e+03   9.6133169e-07
   4.4404897e+03   9.5254798e-07
   4.4450854e+03   9.4384454e-07
   4.4496811e+03   9.3522061e-07
   4.4542768e+03   9.2667549e-07
   4.4588725e+03   9.1820844e-07
   4.4634682e+03   9.0981875e-07
   4.4680639e+03   9.0150573e-07
   4.4726596e+03   8.9326865e-07
   4.4772553e+03   8.8510684e-07
   4.4818510e+03   8.7701961e-07
   4.4864466e+03   8.6900627e-07
   4.4910423e+03   8.6106614e-07
   4.4956380e+03   8.5319857e-07
   4.5002337e+03   8.4540288e-07
   4.5048294e+03   8.3767842e-07
   4.5094251e+03   8.3002454e-07
   4.5140208e+03   8.2244059e-07
   4.5186165e+03   8.1492594e-07
   4.5232122e+03   8.0747994e-07
   4.5278079e+03   8.0010199e-07
   4.5324036e+03   7.9279144e-07
   4.5369993e+03   7.8554769e-07
   4.5415950e+03   7.7837013e-07
   4.5461907e+03   7.7125815e-07
   4.5507864e+03   7.6421115e-07
   4.5553821e+03   7.5722854e-07
   4.5599778e+03   7.5030974e-07
   4.5645735e+03   7.4345414e-07
   4.5691692e+03   7.3666119e-07
   4.5737649e+03   7.2993031e-07
   4.5783606e+03   7.2326092e-07
   4.5829563e+03   7.1665247e-07
   4.5875520e+03   7.1010441e-07
   4.5921476e+03   7.0361617e-07
   4.5967433e+03   6.9718722e-07
   4.6013390e+03   6.9081701e-07
   4.6059347e+03   6.8450500e-07
   4.6105304e+03   6.7825067e-07
   4.6151261e+03   6.7205348e-07
   4.6197218e+03   6.6591292e-07
   4.6243175e+03   6.5982846e-07
   4.6289132e+03   6.5379960e-07
   4.6335089e+03   6.4782582e-07
   4.6381046e+03   6.4190663e-07
   4.6427003e+03   6.3604152e-07
   4.6472960e+03   6.3022999e-07
   4.6518917e+03   6.2447157e-07
   4.6564874e+03   6.1876577e-07
   4.6610831e+03   6.1311209e-07
   4.6656788e+03   6.0751008e-07
   4.6702745e+03   6.0195925e-07
   4.6748702e+03   5.9645914e-07
   4.6794659e+03   5.9100928e-07
   4.6840616e+03   5.8560922e-07
   4.6886573e+03   5.8025850e-07
   4.6932530e+03   5.7495667e-07
   4.6978486e+03   5.6970328e-07
   4.7024443e+03   5.6449789e-07
   4.7070400e+03   5.5934007e-07
   4.7116357e+03   5.5422937e-07
   4.7162314e+03   5.4916536e-07
   4.7208271e+03   5.4414763e-07
   4.7254228e+03   5.3917575e-07
   4.7300185e+03   5.3424929e-07
   4.7346142e+03   5.2936784e-07
   4.7392099e+03   5.2453100e-07
   4.7438056e+03   5.1973835e-07
   4.7484013e+03   5.1498949e-07
   4.7529970e+03   5.1028403e-07
   4.7575927e+03   5.0562155e-07
   4.7621884e+03   5.0100168e-07
   4.7667841e+03   4.9642402e-07
   4.7713798e+03   4.9188819e-07
   4.7759755e+03   4.8739380e-07
   4.7805712e+03   4.8294047e-07
   4.7851669e+03   4.7852784e-07
   4.7897626e+03   4.7415552e-07
   4.7943583e+03   4.6982315e-07
   4.7989540e+03   4.6553037e-07
   4.8035496e+03   4.6127681e-07
   4.8081453e+03   4.5706212e-07
   4.8127410e+03   4.5288594e-07
   4.8173367e+03   4.4874791e-07
   4.8219324e+03   4.4464769e-07
   4.8265281e+03   4.4058494e-07
   4.8311238e+03   4.3655931e-07
   4.8357195e+03   4.3257046e-07
   4.8403152e+03   4.2861806e-07
   4.8449109e+03   4.2470177e-07
   4.8495066e+03   4.2082126e-07
   4.8541023e+03   4.1697621e-07
   4.8586980e+03   4.1316629e-07
   4.8632937e+03   4.0939118e-07
   4.8678894e+03   4.0565057e-07
   4.8724851e+03   4.0194413e-07
   4.8770808e+03   3.9827156e-07
   4.8816765e+03   3.9463255e-07
   4.8862722e+03   3.9102679e-07
   4.8908679e+03   3.8745397e-07
   4.8954636e+03   3.8391379e-07
   4.9000593e+03   3.8040597e-07
   4.9046550e+03   3.7693019e-07
   4.9092507e+03   3.7348618e-07
   4.9138463e+03   3.7007363e-07
   4.9184420e+03   3.6669226e-07
   4.9230377e+03   3.6334178e-07
   4.9276334e+03   3.6002192e-07
   4.9322291e+03   3.5673240e-07
   4.9368248e+03   3.5347293e-07
   4.9414205e+03   3.5024324e-07
   4.9460162e+03   3.4704306e-07
   4.9506119e+03   3.4387213e-07
   4.9552076e+03   3.4073016e-07
   4.9598033e+03   3.3761690e-07
   4.9643990e+03   3.3453209e-07
   4.9689947e+03   3.3147547e-07
   4.9735904e+03   3.2844677e-07
   4.9781861e+03   3.2544575e-07
   4.9827818e+03   3.2247214e-07
   4.9873775e+03   3.1952571e-07
   4.9919732e+03   3.1660620e-07
   4.9965689e+03   3.1371336e-07
   5.0011646e+03   3.1084696e-07
   5.0057603e+03   3.0800675e-07
   5.0103560e+03   3.0519248e-07
   5.0149517e+03   3.0240393e-07
   5.0195473e+03   2.9964086e-07
   5.0241430e+03   2.9690304e-07
   5.0287387e+03   2.9419023e-07
   5.0333344e+03   2.9150221e-07
   5.0379301e+03   2.8883875e-07
   5.0425258e+03   2.8619963e-07
   5.0471215e+03   2.8358462e-07
   5.0517172e+03   2.8099350e-07
   5.0563129e+03   2.7842606e-07
   5.0609086e+03   2.7588207e-07
   5.0655043e+03   2.7336134e-07
   5.0701000e+03   2.7086363e-07
