   4.8200000e+02   4.5561430e-05
   4.8327127e+02   4.7965476e-05
   4.8454254e+02   5.0478814e-05
   4.8581381e+02   5.3105393e-05
   4.8708509e+02   5.5849248e-05
   4.8835636e+02   5.8714502e-05
   4.8962763e+02   6.1705362e-05
   4.9089890e+02   6.4826122e-05
   4.9217017e+02   6.8081155e-05
   4.9344144e+02   7.1474916e-05
   4.9471271e+02   7.5011941e-05
   4.9598398e+02   7.8696840e-05
   4.9725526e+02   8.2534299e-05
   4.9852653e+02   8.6529074e-05
   4.9979780e+02   9.0685993e-05
   5.0106907e+02   9.5009946e-05
   5.0234034e+02   9.9505888e-05
   5.0361161e+02   1.0417883e-04
   5.0488288e+02   1.0903385e-04
   5.0615415e+02   1.1407605e-04
   5.0742543e+02   1.1931061e-04
   5.0869670e+02   1.2474274e-04
   5.0996797e+02   1.3037768e-04
   5.1123924e+02   1.3622071e-04
   5.1251051e+02   1.4227713e-04
   5.1378178e+02   1.4855227e-04
   5.1505305e+02   1.5505147e-04
   5.1632432e+02   1.6178009e-04
   5.1759560e+02   1.6874348e-04
   5.1886687e+02   1.7594699e-04
   5.2013814e+02   1.8339596e-04
   5.2140941e+02   1.9109571e-04
   5.2268068e+02   1.9905155e-04
   5.2395195e+02   2.0726874e-04
   5.2522322e+02   2.1575251e-04
   5.2649449e+02   2.2450803e-04
   5.2776577e+02   2.3354044e-04
   5.2903704e+02   2.4285478e-04
   5.3030831e+02   2.5245605e-04
   5.3157958e+02   2.6234915e-04
   5.3285085e+02   2.7253888e-04
   5.3412212e+02   2.8302998e-04
   5.3539339e+02   2.9382704e-04
   5.3666466e+02   3.0493454e-04
   5.3793594e+02   3.1635686e-04
   5.3920721e+02   3.2809820e-04
   5.4047848e+02   3.4016266e-04
   5.4174975e+02   3.5255414e-04
   5.4302102e+02   3.6527641e-04
   5.4429229e+02   3.7833304e-04
   5.4556356e+02   3.9172742e-04
   5.4683483e+02   4.0546276e-04
   5.4810611e+02   4.1954205e-04
   5.4937738e+02   4.3396808e-04
   5.5064865e+02   4.4874338e-04
   5.5191992e+02   4.6387030e-04
   5.5319119e+02   4.7935090e-04
   5.5446246e+02   4.9518702e-04
   5.5573373e+02   5.1138023e-04
   5.5700501e+02   5.2793181e-04
   5.5827628e+02   5.4484280e-04
   5.5954755e+02   5.6211392e-04
   5.6081882e+02   5.7974561e-04
   5.6209009e+02   5.9773800e-04
   5.6336136e+02   6.1609091e-04
   5.6463263e+02   6.3480385e-04
   5.6590390e+02   6.5387599e-04
   5.6717518e+02   6.7330619e-04
   5.6844645e+02   6.9309295e-04
   5.6971772e+02   7.1323443e-04
   5.7098899e+02   7.3372845e-04
   5.7226026e+02   7.5457246e-04
   5.7353153e+02   7.7576356e-04
   5.7480280e+02   7.9729850e-04
   5.7607407e+02   8.1917363e-04
   5.7734535e+02   8.4138495e-04
   5.7861662e+02   8.6392810e-04
   5.7988789e+02   8.8679830e-04
   5.8115916e+02   9.0999045e-04
   5.8243043e+02   9.3349903e-04
   5.8370170e+02   9.5731815e-04
   5.8497297e+02   9.8144156e-04
   5.8624424e+02   1.0058626e-03
   5.8751552e+02   1.0305743e-03
   5.8878679e+02   1.0555692e-03
   5.9005806e+02   1.0808396e-03
   5.9132933e+02   1.1063774e-03
   5.9260060e+02   1.1321740e-03
   5.9387187e+02   1.1582206e-03
   5.9514314e+02   1.1845080e-03
   5.9641441e+02   1.2110266e-03
   5.9768569e+02   1.2377666e-03
   5.9895696e+02   1.2647177e-03
   6.0022823e+02   1.2918693e-03
   6.0149950e+02   1.3192106e-03
   6.0277077e+02   1.3467304e-03
   6.0404204e+02   1.3744172e-03
   6.0531331e+02   1.4022591e-03
   6.0658458e+02   1.4302442e-03
   6.0785586e+02   1.4583602e-03
   6.0912713e+02   1.4865943e-03
   6.1039840e+02   1.5149338e-03
   6.1166967e+02   1.5433656e-03
   6.1294094e+02   1.5718765e-03
   6.1421221e+02   1.6004529e-03
   6.1548348e+02   1.6290811e-03
   6.1675475e+02   1.6577473e-03
   6.1802603e+02   1.6864375e-03
   6.1929730e+02   1.7151375e-03
   6.2056857e+02   1.7438331e-03
   6.2183984e+02   1.7725097e-03
   6.2311111e+02   1.8011528e-03
   6.2438238e+02   1.8297480e-03
   6.2565365e+02   1.8582805e-03
   6.2692492e+02   1.8867356e-03
   6.2819620e+02   1.9150986e-03
   6.2946747e+02   1.9433547e-03
   6.3073874e+02   1.9714891e-03
   6.3201001e+02   1.9994872e-03
   6.3328128e+02   2.0273343e-03
   6.3455255e+02   2.0550156e-03
   6.3582382e+02   2.0825168e-03
   6.3709510e+02   2.1098231e-03
   6.3836637e+02   2.1369204e-03
   6.3963764e+02   2.1637944e-03
   6.4090891e+02   2.1904309e-03
   6.4218018e+02   2.2168161e-03
   6.4345145e+02   2.2429361e-03
   6.4472272e+02   2.2687774e-03
   6.4599399e+02   2.2943266e-03
   6.4726527e+02   2.3195705e-03
   6.4853654e+02   2.3444964e-03
   6.4980781e+02   2.3690914e-03
   6.5107908e+02   2.3933432e-03
   6.5235035e+02   2.4172397e-03
   6.5362162e+02   2.4407691e-03
   6.5489289e+02   2.4639199e-03
   6.5616416e+02   2.4866809e-03
   6.5743544e+02   2.5090412e-03
   6.5870671e+02   2.5309903e-03
   6.5997798e+02   2.5525181e-03
   6.6124925e+02   2.5736148e-03
   6.6252052e+02   2.5942709e-03
   6.6379179e+02   2.6144775e-03
   6.6506306e+02   2.6342259e-03
   6.6633433e+02   2.6535077e-03
   6.6760561e+02   2.6723154e-03
   6.6887688e+02   2.6906413e-03
   6.7014815e+02   2.7084784e-03
   6.7141942e+02   2.7258203e-03
   6.7269069e+02   2.7426608e-03
   6.7396196e+02   2.7589942e-03
   6.7523323e+02   2.7748151e-03
   6.7650450e+02   2.7901187e-03
   6.7777578e+02   2.8049007e-03
   6.7904705e+02   2.8191571e-03
   6.8031832e+02   2.8328844e-03
   6.8158959e+02   2.8460794e-03
   6.8286086e+02   2.8587396e-03
   6.8413213e+02   2.8708628e-03
   6.8540340e+02   2.8824471e-03
   6.8667467e+02   2.8934914e-03
   6.8794595e+02   2.9039946e-03
   6.8921722e+02   2.9139563e-03
   6.9048849e+02   2.9233765e-03
   6.9175976e+02   2.9322555e-03
   6.9303103e+02   2.9405941e-03
   6.9430230e+02   2.9483935e-03
   6.9557357e+02   2.9556552e-03
   6.9684484e+02   2.9623813e-03
   6.9811612e+02   2.9685741e-03
   6.9938739e+02   2.9742362e-03
   7.0065866e+02   2.9793708e-03
   7.0192993e+02   2.9839814e-03
   7.0320120e+02   2.9880717e-03
   7.0447247e+02   2.9916458e-03
   7.0574374e+02   2.9947082e-03
   7.0701502e+02   2.9972636e-03
   7.0828629e+02   2.9993172e-03
   7.0955756e+02   3.0008743e-03
   7.1082883e+02   3.0019405e-03
   7.1210010e+02   3.0025218e-03
   7.1337137e+02   3.0026243e-03
   7.1464264e+02   3.0022545e-03
   7.1591391e+02   3.0014190e-03
   7.1718519e+02   3.0001248e-03
   7.1845646e+02   2.9983789e-03
   7.1972773e+02   2.9961886e-03
   7.2099900e+02   2.9935615e-03
   7.2227027e+02   2.9905051e-03
   7.2354154e+02   2.9870274e-03
   7.2481281e+02   2.9831362e-03
   7.2608408e+02   2.9788398e-03
   7.2735536e+02   2.9741463e-03
   7.2862663e+02   2.9690641e-03
   7.2989790e+02   2.9636017e-03
   7.3116917e+02   2.9577677e-03
   7.3244044e+02   2.9515707e-03
   7.3371171e+02   2.9450193e-03
   7.3498298e+02   2.9381224e-03
   7.3625425e+02   2.9308888e-03
   7.3752553e+02   2.9233273e-03
   7.3879680e+02   2.9154469e-03
   7.4006807e+02   2.9072563e-03
   7.4133934e+02   2.8987646e-03
   7.4261061e+02   2.8899805e-03
   7.4388188e+02   2.8809130e-03
   7.4515315e+02   2.8715710e-03
   7.4642442e+02   2.8619633e-03
   7.4769570e+02   2.8520986e-03
   7.4896697e+02   2.8419857e-03
   7.5023824e+02   2.8316334e-03
   7.5150951e+02   2.8210501e-03
   7.5278078e+02   2.8102446e-03
   7.5405205e+02   2.7992252e-03
   7.5532332e+02   2.7880004e-03
   7.5659459e+02   2.7765784e-03
   7.5786587e+02   2.7649675e-03
   7.5913714e+02   2.7531758e-03
   7.6040841e+02   2.7412113e-03
   7.6167968e+02   2.7290819e-03
   7.6295095e+02   2.7167953e-03
   7.6422222e+02   2.7043592e-03
   7.6549349e+02   2.6917811e-03
   7.6676476e+02   2.6790684e-03
   7.6803604e+02   2.6662284e-03
   7.6930731e+02   2.6532682e-03
   7.7057858e+02   2.6401948e-03
   7.7184985e+02   2.6270151e-03
   7.7312112e+02   2.6137358e-03
   7.7439239e+02   2.6003634e-03
   7.7566366e+02   2.5869043e-03
   7.7693493e+02   2.5733649e-03
   7.7820621e+02   2.5597512e-03
   7.7947748e+02   2.5460693e-03
   7.8074875e+02   2.5323250e-03
   7.8202002e+02   2.5185238e-03
   7.8329129e+02   2.5046715e-03
   7.8456256e+02   2.4907733e-03
   7.8583383e+02   2.4768344e-03
   7.8710511e+02   2.4628600e-03
   7.8837638e+02   2.4488550e-03
   7.8964765e+02   2.4348241e-03
   7.9091892e+02   2.4207720e-03
   7.9219019e+02   2.4067032e-03
   7.9346146e+02   2.3926220e-03
   7.9473273e+02   2.3785326e-03
   7.9600400e+02   2.3644390e-03
   7.9727528e+02   2.3503453e-03
   7.9854655e+02   2.3362552e-03
   7.9981782e+02   2.3221722e-03
   8.0108909e+02   2.3081000e-03
   8.0236036e+02   2.2940419e-03
   8.0363163e+02   2.2800012e-03
   8.0490290e+02   2.2659810e-03
   8.0617417e+02   2.2519842e-03
   8.0744545e+02   2.2380138e-03
   8.0871672e+02   2.2240725e-03
   8.0998799e+02   2.2101630e-03
   8.1125926e+02   2.1962878e-03
   8.1253053e+02   2.1824492e-03
   8.1380180e+02   2.1686497e-03
   8.1507307e+02   2.1548914e-03
   8.1634434e+02   2.1411764e-03
   8.1761562e+02   2.1275066e-03
   8.1888689e+02   2.1138841e-03
   8.2015816e+02   2.1003105e-03
   8.2142943e+02   2.0867876e-03
   8.2270070e+02   2.0733171e-03
   8.2397197e+02   2.0599003e-03
   8.2524324e+02   2.0465389e-03
   8.2651451e+02   2.0332340e-03
   8.2778579e+02   2.0199871e-03
   8.2905706e+02   2.0067993e-03
   8.3032833e+02   1.9936718e-03
   8.3159960e+02   1.9806055e-03
   8.3287087e+02   1.9676016e-03
   8.3414214e+02   1.9546609e-03
   8.3541341e+02   1.9417842e-03
   8.3668468e+02   1.9289724e-03
   8.3795596e+02   1.9162262e-03
   8.3922723e+02   1.9035463e-03
   8.4049850e+02   1.8909333e-03
   8.4176977e+02   1.8783877e-03
   8.4304104e+02   1.8659101e-03
   8.4431231e+02   1.8535010e-03
   8.4558358e+02   1.8411607e-03
   8.4685485e+02   1.8288897e-03
   8.4812613e+02   1.8166882e-03
   8.4939740e+02   1.8045566e-03
   8.5066867e+02   1.7924951e-03
   8.5193994e+02   1.7805039e-03
   8.5321121e+02   1.7685833e-03
   8.5448248e+02   1.7567333e-03
   8.5575375e+02   1.7449540e-03
   8.5702503e+02   1.7332456e-03
   8.5829630e+02   1.7216081e-03
   8.5956757e+02   1.7100415e-03
   8.6083884e+02   1.6985458e-03
   8.6211011e+02   1.6871210e-03
   8.6338138e+02   1.6757670e-03
   8.6465265e+02   1.6644838e-03
   8.6592392e+02   1.6532712e-03
   8.6719520e+02   1.6421292e-03
   8.6846647e+02   1.6310575e-03
   8.6973774e+02   1.6200561e-03
   8.7100901e+02   1.6091248e-03
   8.7228028e+02   1.5982633e-03
   8.7355155e+02   1.5874716e-03
   8.7482282e+02   1.5767493e-03
   8.7609409e+02   1.5660962e-03
   8.7736537e+02   1.5555121e-03
   8.7863664e+02   1.5449968e-03
   8.7990791e+02   1.5345499e-03
   8.8117918e+02   1.5241712e-03
   8.8245045e+02   1.5138604e-03
   8.8372172e+02   1.5036173e-03
   8.8499299e+02   1.4934414e-03
   8.8626426e+02   1.4833326e-03
   8.8753554e+02   1.4732904e-03
   8.8880681e+02   1.4633146e-03
   8.9007808e+02   1.4534049e-03
   8.9134935e+02   1.4435608e-03
   8.9262062e+02   1.4337821e-03
   8.9389189e+02   1.4240684e-03
   8.9516316e+02   1.4144194e-03
   8.9643443e+02   1.4048347e-03
   8.9770571e+02   1.3953140e-03
   8.9897698e+02   1.3858569e-03
   9.0024825e+02   1.3764630e-03
   9.0151952e+02   1.3671320e-03
   9.0279079e+02   1.3578635e-03
   9.0406206e+02   1.3486572e-03
   9.0533333e+02   1.3395127e-03
   9.0660460e+02   1.3304295e-03
   9.0787588e+02   1.3214075e-03
   9.0914715e+02   1.3124461e-03
   9.1041842e+02   1.3035450e-03
   9.1168969e+02   1.2947038e-03
   9.1296096e+02   1.2859222e-03
   9.1423223e+02   1.2771998e-03
   9.1550350e+02   1.2685362e-03
   9.1677477e+02   1.2599311e-03
   9.1804605e+02   1.2513841e-03
   9.1931732e+02   1.2428947e-03
   9.2058859e+02   1.2344627e-03
   9.2185986e+02   1.2260877e-03
   9.2313113e+02   1.2177693e-03
   9.2440240e+02   1.2095071e-03
   9.2567367e+02   1.2013008e-03
   9.2694494e+02   1.1931500e-03
   9.2821622e+02   1.1850543e-03
   9.2948749e+02   1.1770135e-03
   9.3075876e+02   1.1690271e-03
   9.3203003e+02   1.1610947e-03
   9.3330130e+02   1.1532160e-03
   9.3457257e+02   1.1453908e-03
   9.3584384e+02   1.1376185e-03
   9.3711512e+02   1.1298989e-03
   9.3838639e+02   1.1222315e-03
   9.3965766e+02   1.1146162e-03
   9.4092893e+02   1.1070524e-03
   9.4220020e+02   1.0995399e-03
   9.4347147e+02   1.0920784e-03
   9.4474274e+02   1.0846674e-03
   9.4601401e+02   1.0773067e-03
   9.4728529e+02   1.0699958e-03
   9.4855656e+02   1.0627346e-03
   9.4982783e+02   1.0555226e-03
   9.5109910e+02   1.0483595e-03
   9.5237037e+02   1.0412449e-03
   9.5364164e+02   1.0341787e-03
   9.5491291e+02   1.0271603e-03
   9.5618418e+02   1.0201896e-03
   9.5745546e+02   1.0132662e-03
   9.5872673e+02   1.0063897e-03
   9.5999800e+02   9.9955986e-04
   9.6126927e+02   9.9277636e-04
   9.6254054e+02   9.8603889e-04
   9.6381181e+02   9.7934713e-04
   9.6508308e+02   9.7270076e-04
   9.6635435e+02   9.6609950e-04
   9.6762563e+02   9.5954302e-04
   9.6889690e+02   9.5303103e-04
   9.7016817e+02   9.4656323e-04
   9.7143944e+02   9.4013931e-04
   9.7271071e+02   9.3375898e-04
   9.7398198e+02   9.2742195e-04
   9.7525325e+02   9.2112792e-04
   9.7652452e+02   9.1487659e-04
   9.7779580e+02   9.0866769e-04
   9.7906707e+02   9.0250092e-04
   9.8033834e+02   8.9637600e-04
   9.8160961e+02   8.9029264e-04
   9.8288088e+02   8.8425057e-04
   9.8415215e+02   8.7824950e-04
   9.8542342e+02   8.7228915e-04
   9.8669469e+02   8.6636925e-04
   9.8796597e+02   8.6048952e-04
   9.8923724e+02   8.5464970e-04
   9.9050851e+02   8.4884951e-04
   9.9177978e+02   8.4308868e-04
   9.9305105e+02   8.3736694e-04
   9.9432232e+02   8.3168404e-04
   9.9559359e+02   8.2603970e-04
   9.9686486e+02   8.2043367e-04
   9.9813614e+02   8.1486568e-04
   9.9940741e+02   8.0933548e-04
   1.0006787e+03   8.0384281e-04
   1.0019499e+03   7.9838741e-04
   1.0032212e+03   7.9296904e-04
   1.0044925e+03   7.8758744e-04
   1.0057638e+03   7.8224236e-04
   1.0070350e+03   7.7693356e-04
   1.0083063e+03   7.7166079e-04
   1.0095776e+03   7.6642380e-04
   1.0108488e+03   7.6122235e-04
   1.0121201e+03   7.5605620e-04
   1.0133914e+03   7.5092512e-04
   1.0146627e+03   7.4582885e-04
   1.0159339e+03   7.4076717e-04
   1.0172052e+03   7.3573985e-04
   1.0184765e+03   7.3074664e-04
   1.0197477e+03   7.2578732e-04
   1.0210190e+03   7.2086165e-04
   1.0222903e+03   7.1596942e-04
   1.0235616e+03   7.1111038e-04
   1.0248328e+03   7.0628433e-04
   1.0261041e+03   7.0149102e-04
   1.0273754e+03   6.9673025e-04
   1.0286466e+03   6.9200178e-04
   1.0299179e+03   6.8730541e-04
   1.0311892e+03   6.8264091e-04
   1.0324605e+03   6.7800806e-04
   1.0337317e+03   6.7340666e-04
   1.0350030e+03   6.6883648e-04
   1.0362743e+03   6.6429733e-04
   1.0375455e+03   6.5978897e-04
   1.0388168e+03   6.5531121e-04
   1.0400881e+03   6.5086385e-04
   1.0413594e+03   6.4644666e-04
   1.0426306e+03   6.4205945e-04
   1.0439019e+03   6.3770202e-04
   1.0451732e+03   6.3337416e-04
   1.0464444e+03   6.2907567e-04
   1.0477157e+03   6.2480635e-04
   1.0489870e+03   6.2056601e-04
   1.0502583e+03   6.1635444e-04
   1.0515295e+03   6.1217146e-04
   1.0528008e+03   6.0801687e-04
   1.0540721e+03   6.0389047e-04
   1.0553433e+03   5.9979208e-04
   1.0566146e+03   5.9572150e-04
   1.0578859e+03   5.9167854e-04
   1.0591572e+03   5.8766303e-04
   1.0604284e+03   5.8367476e-04
   1.0616997e+03   5.7971357e-04
   1.0629710e+03   5.7577925e-04
   1.0642422e+03   5.7187164e-04
   1.0655135e+03   5.6799055e-04
   1.0667848e+03   5.6413579e-04
   1.0680561e+03   5.6030720e-04
   1.0693273e+03   5.5650459e-04
   1.0705986e+03   5.5272779e-04
   1.0718699e+03   5.4897662e-04
   1.0731411e+03   5.4525091e-04
   1.0744124e+03   5.4155048e-04
   1.0756837e+03   5.3787516e-04
   1.0769550e+03   5.3422479e-04
   1.0782262e+03   5.3059920e-04
   1.0794975e+03   5.2699820e-04
   1.0807688e+03   5.2342165e-04
   1.0820400e+03   5.1986937e-04
   1.0833113e+03   5.1634120e-04
   1.0845826e+03   5.1283697e-04
   1.0858539e+03   5.0935653e-04
   1.0871251e+03   5.0589970e-04
   1.0883964e+03   5.0246634e-04
   1.0896677e+03   4.9905627e-04
   1.0909389e+03   4.9566935e-04
   1.0922102e+03   4.9230542e-04
   1.0934815e+03   4.8896431e-04
   1.0947528e+03   4.8564588e-04
   1.0960240e+03   4.8234997e-04
   1.0972953e+03   4.7907643e-04
   1.0985666e+03   4.7582511e-04
   1.0998378e+03   4.7259585e-04
   1.1011091e+03   4.6938851e-04
   1.1023804e+03   4.6620293e-04
   1.1036517e+03   4.6303897e-04
   1.1049229e+03   4.5989649e-04
   1.1061942e+03   4.5677533e-04
   1.1074655e+03   4.5367536e-04
   1.1087367e+03   4.5059642e-04
   1.1100080e+03   4.4753838e-04
   1.1112793e+03   4.4450109e-04
   1.1125506e+03   4.4148442e-04
   1.1138218e+03   4.3848822e-04
   1.1150931e+03   4.3551235e-04
   1.1163644e+03   4.3255668e-04
   1.1176356e+03   4.2962107e-04
   1.1189069e+03   4.2670538e-04
   1.1201782e+03   4.2380948e-04
   1.1214494e+03   4.2093324e-04
   1.1227207e+03   4.1807651e-04
   1.1239920e+03   4.1523917e-04
   1.1252633e+03   4.1242109e-04
   1.1265345e+03   4.0962213e-04
   1.1278058e+03   4.0684217e-04
   1.1290771e+03   4.0408107e-04
   1.1303483e+03   4.0133871e-04
   1.1316196e+03   3.9861497e-04
   1.1328909e+03   3.9590971e-04
   1.1341622e+03   3.9322281e-04
   1.1354334e+03   3.9055414e-04
   1.1367047e+03   3.8790358e-04
   1.1379760e+03   3.8527102e-04
   1.1392472e+03   3.8265632e-04
   1.1405185e+03   3.8005936e-04
   1.1417898e+03   3.7748003e-04
   1.1430611e+03   3.7491821e-04
   1.1443323e+03   3.7237377e-04
   1.1456036e+03   3.6984660e-04
   1.1468749e+03   3.6733658e-04
   1.1481461e+03   3.6484359e-04
   1.1494174e+03   3.6236753e-04
   1.1506887e+03   3.5990827e-04
   1.1519600e+03   3.5746569e-04
   1.1532312e+03   3.5503970e-04
   1.1545025e+03   3.5263017e-04
   1.1557738e+03   3.5023699e-04
   1.1570450e+03   3.4786005e-04
   1.1583163e+03   3.4549925e-04
   1.1595876e+03   3.4315447e-04
   1.1608589e+03   3.4082560e-04
   1.1621301e+03   3.3851253e-04
   1.1634014e+03   3.3621517e-04
   1.1646727e+03   3.3393339e-04
   1.1659439e+03   3.3166710e-04
   1.1672152e+03   3.2941619e-04
   1.1684865e+03   3.2718056e-04
   1.1697578e+03   3.2496010e-04
   1.1710290e+03   3.2275471e-04
   1.1723003e+03   3.2056429e-04
   1.1735716e+03   3.1838873e-04
   1.1748428e+03   3.1622793e-04
   1.1761141e+03   3.1408181e-04
   1.1773854e+03   3.1195024e-04
   1.1786567e+03   3.0983314e-04
   1.1799279e+03   3.0773042e-04
   1.1811992e+03   3.0564196e-04
   1.1824705e+03   3.0356767e-04
   1.1837417e+03   3.0150746e-04
   1.1850130e+03   2.9946124e-04
   1.1862843e+03   2.9742890e-04
   1.1875556e+03   2.9541035e-04
   1.1888268e+03   2.9340551e-04
   1.1900981e+03   2.9141426e-04
   1.1913694e+03   2.8943654e-04
   1.1926406e+03   2.8747223e-04
   1.1939119e+03   2.8552126e-04
   1.1951832e+03   2.8358353e-04
   1.1964545e+03   2.8165894e-04
   1.1977257e+03   2.7974742e-04
   1.1989970e+03   2.7784887e-04
   1.2002683e+03   2.7596321e-04
   1.2015395e+03   2.7409035e-04
   1.2028108e+03   2.7223019e-04
   1.2040821e+03   2.7038266e-04
   1.2053534e+03   2.6854767e-04
   1.2066246e+03   2.6672513e-04
   1.2078959e+03   2.6491496e-04
   1.2091672e+03   2.6311707e-04
   1.2104384e+03   2.6133139e-04
   1.2117097e+03   2.5955782e-04
   1.2129810e+03   2.5779629e-04
   1.2142523e+03   2.5604672e-04
   1.2155235e+03   2.5430902e-04
   1.2167948e+03   2.5258311e-04
   1.2180661e+03   2.5086892e-04
   1.2193373e+03   2.4916636e-04
   1.2206086e+03   2.4747536e-04
   1.2218799e+03   2.4579583e-04
   1.2231512e+03   2.4412770e-04
   1.2244224e+03   2.4247089e-04
   1.2256937e+03   2.4082532e-04
   1.2269650e+03   2.3919092e-04
   1.2282362e+03   2.3756762e-04
   1.2295075e+03   2.3595533e-04
   1.2307788e+03   2.3435398e-04
   1.2320501e+03   2.3276351e-04
   1.2333213e+03   2.3118382e-04
   1.2345926e+03   2.2961486e-04
   1.2358639e+03   2.2805654e-04
   1.2371351e+03   2.2650880e-04
   1.2384064e+03   2.2497156e-04
   1.2396777e+03   2.2344476e-04
   1.2409489e+03   2.2192832e-04
   1.2422202e+03   2.2042217e-04
   1.2434915e+03   2.1892624e-04
   1.2447628e+03   2.1744047e-04
   1.2460340e+03   2.1596477e-04
   1.2473053e+03   2.1449910e-04
   1.2485766e+03   2.1304336e-04
   1.2498478e+03   2.1159751e-04
   1.2511191e+03   2.1016148e-04
   1.2523904e+03   2.0873518e-04
   1.2536617e+03   2.0731857e-04
   1.2549329e+03   2.0591157e-04
   1.2562042e+03   2.0451412e-04
   1.2574755e+03   2.0312616e-04
   1.2587467e+03   2.0174761e-04
   1.2600180e+03   2.0037842e-04
   1.2612893e+03   1.9901852e-04
   1.2625606e+03   1.9766785e-04
   1.2638318e+03   1.9632635e-04
   1.2651031e+03   1.9499395e-04
   1.2663744e+03   1.9367059e-04
   1.2676456e+03   1.9235622e-04
   1.2689169e+03   1.9105076e-04
   1.2701882e+03   1.8975417e-04
   1.2714595e+03   1.8846637e-04
   1.2727307e+03   1.8718732e-04
   1.2740020e+03   1.8591694e-04
   1.2752733e+03   1.8465519e-04
   1.2765445e+03   1.8340200e-04
   1.2778158e+03   1.8215731e-04
   1.2790871e+03   1.8092108e-04
   1.2803584e+03   1.7969323e-04
   1.2816296e+03   1.7847371e-04
   1.2829009e+03   1.7726247e-04
   1.2841722e+03   1.7605946e-04
   1.2854434e+03   1.7486460e-04
   1.2867147e+03   1.7367786e-04
   1.2879860e+03   1.7249917e-04
   1.2892573e+03   1.7132847e-04
   1.2905285e+03   1.7016573e-04
   1.2917998e+03   1.6901087e-04
   1.2930711e+03   1.6786385e-04
   1.2943423e+03   1.6672462e-04
   1.2956136e+03   1.6559312e-04
   1.2968849e+03   1.6446930e-04
   1.2981562e+03   1.6335310e-04
   1.2994274e+03   1.6224448e-04
   1.3006987e+03   1.6114338e-04
   1.3019700e+03   1.6004976e-04
   1.3032412e+03   1.5896356e-04
   1.3045125e+03   1.5788473e-04
   1.3057838e+03   1.5681322e-04
   1.3070551e+03   1.5574898e-04
   1.3083263e+03   1.5469197e-04
   1.3095976e+03   1.5364213e-04
   1.3108689e+03   1.5259941e-04
   1.3121401e+03   1.5156377e-04
   1.3134114e+03   1.5053516e-04
   1.3146827e+03   1.4951353e-04
   1.3159540e+03   1.4849884e-04
   1.3172252e+03   1.4749103e-04
   1.3184965e+03   1.4649006e-04
   1.3197678e+03   1.4549588e-04
   1.3210390e+03   1.4450845e-04
   1.3223103e+03   1.4352772e-04
   1.3235816e+03   1.4255365e-04
   1.3248529e+03   1.4158619e-04
   1.3261241e+03   1.4062529e-04
   1.3273954e+03   1.3967092e-04
   1.3286667e+03   1.3872302e-04
   1.3299379e+03   1.3778155e-04
   1.3312092e+03   1.3684648e-04
   1.3324805e+03   1.3591775e-04
   1.3337518e+03   1.3499532e-04
   1.3350230e+03   1.3407916e-04
   1.3362943e+03   1.3316921e-04
   1.3375656e+03   1.3226544e-04
   1.3388368e+03   1.3136780e-04
   1.3401081e+03   1.3047625e-04
   1.3413794e+03   1.2959075e-04
   1.3426507e+03   1.2871127e-04
   1.3439219e+03   1.2783775e-04
   1.3451932e+03   1.2697016e-04
   1.3464645e+03   1.2610845e-04
   1.3477357e+03   1.2525260e-04
   1.3490070e+03   1.2440255e-04
   1.3502783e+03   1.2355828e-04
   1.3515495e+03   1.2271973e-04
   1.3528208e+03   1.2188688e-04
   1.3540921e+03   1.2105967e-04
   1.3553634e+03   1.2023808e-04
   1.3566346e+03   1.1942207e-04
   1.3579059e+03   1.1861159e-04
   1.3591772e+03   1.1780662e-04
   1.3604484e+03   1.1700710e-04
   1.3617197e+03   1.1621302e-04
   1.3629910e+03   1.1542432e-04
   1.3642623e+03   1.1464098e-04
   1.3655335e+03   1.1386295e-04
   1.3668048e+03   1.1309020e-04
   1.3680761e+03   1.1232270e-04
   1.3693473e+03   1.1156040e-04
   1.3706186e+03   1.1080328e-04
   1.3718899e+03   1.1005130e-04
   1.3731612e+03   1.0930442e-04
   1.3744324e+03   1.0856261e-04
   1.3757037e+03   1.0782583e-04
   1.3769750e+03   1.0709405e-04
   1.3782462e+03   1.0636724e-04
   1.3795175e+03   1.0564537e-04
   1.3807888e+03   1.0492839e-04
   1.3820601e+03   1.0421628e-04
   1.3833313e+03   1.0350900e-04
   1.3846026e+03   1.0280652e-04
   1.3858739e+03   1.0210880e-04
   1.3871451e+03   1.0141583e-04
   1.3884164e+03   1.0072755e-04
   1.3896877e+03   1.0004395e-04
   1.3909590e+03   9.9364988e-05
   1.3922302e+03   9.8690632e-05
   1.3935015e+03   9.8020853e-05
   1.3947728e+03   9.7355620e-05
   1.3960440e+03   9.6694901e-05
   1.3973153e+03   9.6038667e-05
   1.3985866e+03   9.5386886e-05
   1.3998579e+03   9.4739528e-05
   1.4011291e+03   9.4096564e-05
   1.4024004e+03   9.3457964e-05
   1.4036717e+03   9.2823697e-05
   1.4049429e+03   9.2193735e-05
   1.4062142e+03   9.1568048e-05
   1.4074855e+03   9.0946608e-05
   1.4087568e+03   9.0329385e-05
   1.4100280e+03   8.9716351e-05
   1.4112993e+03   8.9107477e-05
   1.4125706e+03   8.8502736e-05
   1.4138418e+03   8.7902099e-05
   1.4151131e+03   8.7305538e-05
   1.4163844e+03   8.6713026e-05
   1.4176557e+03   8.6124535e-05
   1.4189269e+03   8.5540038e-05
   1.4201982e+03   8.4959507e-05
   1.4214695e+03   8.4382917e-05
   1.4227407e+03   8.3810239e-05
   1.4240120e+03   8.3241449e-05
   1.4252833e+03   8.2676518e-05
   1.4265546e+03   8.2115421e-05
   1.4278258e+03   8.1558132e-05
   1.4290971e+03   8.1004626e-05
   1.4303684e+03   8.0454876e-05
   1.4316396e+03   7.9908857e-05
   1.4329109e+03   7.9366543e-05
   1.4341822e+03   7.8827910e-05
   1.4354535e+03   7.8292933e-05
   1.4367247e+03   7.7761586e-05
   1.4379960e+03   7.7233845e-05
   1.4392673e+03   7.6709686e-05
   1.4405385e+03   7.6189084e-05
   1.4418098e+03   7.5672015e-05
   1.4430811e+03   7.5158456e-05
   1.4443524e+03   7.4648382e-05
   1.4456236e+03   7.4141769e-05
   1.4468949e+03   7.3638595e-05
   1.4481662e+03   7.3138835e-05
   1.4494374e+03   7.2642468e-05
   1.4507087e+03   7.2149468e-05
   1.4519800e+03   7.1659815e-05
   1.4532513e+03   7.1173485e-05
   1.4545225e+03   7.0690455e-05
   1.4557938e+03   7.0210704e-05
   1.4570651e+03   6.9734208e-05
   1.4583363e+03   6.9260947e-05
   1.4596076e+03   6.8790897e-05
   1.4608789e+03   6.8324037e-05
   1.4621502e+03   6.7860346e-05
   1.4634214e+03   6.7399801e-05
   1.4646927e+03   6.6942382e-05
   1.4659640e+03   6.6488068e-05
   1.4672352e+03   6.6036836e-05
   1.4685065e+03   6.5588667e-05
   1.4697778e+03   6.5143540e-05
   1.4710490e+03   6.4701434e-05
   1.4723203e+03   6.4262327e-05
   1.4735916e+03   6.3826201e-05
   1.4748629e+03   6.3393035e-05
   1.4761341e+03   6.2962809e-05
   1.4774054e+03   6.2535502e-05
   1.4786767e+03   6.2111096e-05
   1.4799479e+03   6.1689569e-05
   1.4812192e+03   6.1270904e-05
   1.4824905e+03   6.0855080e-05
   1.4837618e+03   6.0442077e-05
   1.4850330e+03   6.0031878e-05
   1.4863043e+03   5.9624463e-05
   1.4875756e+03   5.9219812e-05
   1.4888468e+03   5.8817908e-05
   1.4901181e+03   5.8418731e-05
   1.4913894e+03   5.8022264e-05
   1.4926607e+03   5.7628487e-05
   1.4939319e+03   5.7237383e-05
   1.4952032e+03   5.6848932e-05
   1.4964745e+03   5.6463119e-05
   1.4977457e+03   5.6079923e-05
   1.4990170e+03   5.5699328e-05
   1.5002883e+03   5.5321316e-05
   1.5015596e+03   5.4945870e-05
   1.5028308e+03   5.4572971e-05
   1.5041021e+03   5.4202604e-05
   1.5053734e+03   5.3834750e-05
   1.5066446e+03   5.3469392e-05
   1.5079159e+03   5.3106514e-05
   1.5091872e+03   5.2746098e-05
   1.5104585e+03   5.2388129e-05
   1.5117297e+03   5.2032589e-05
   1.5130010e+03   5.1679462e-05
   1.5142723e+03   5.1328732e-05
   1.5155435e+03   5.0980381e-05
   1.5168148e+03   5.0634395e-05
   1.5180861e+03   5.0290757e-05
   1.5193574e+03   4.9949452e-05
   1.5206286e+03   4.9610462e-05
   1.5218999e+03   4.9273773e-05
   1.5231712e+03   4.8939369e-05
   1.5244424e+03   4.8607235e-05
   1.5257137e+03   4.8277355e-05
   1.5269850e+03   4.7949713e-05
   1.5282563e+03   4.7624295e-05
   1.5295275e+03   4.7301086e-05
   1.5307988e+03   4.6980070e-05
   1.5320701e+03   4.6661232e-05
   1.5333413e+03   4.6344559e-05
   1.5346126e+03   4.6030034e-05
   1.5358839e+03   4.5717645e-05
   1.5371552e+03   4.5407375e-05
   1.5384264e+03   4.5099211e-05
   1.5396977e+03   4.4793138e-05
   1.5409690e+03   4.4489143e-05
   1.5422402e+03   4.4187211e-05
   1.5435115e+03   4.3887328e-05
   1.5447828e+03   4.3589480e-05
   1.5460541e+03   4.3293653e-05
   1.5473253e+03   4.2999834e-05
   1.5485966e+03   4.2708009e-05
   1.5498679e+03   4.2418165e-05
   1.5511391e+03   4.2130288e-05
   1.5524104e+03   4.1844364e-05
   1.5536817e+03   4.1560381e-05
   1.5549530e+03   4.1278325e-05
   1.5562242e+03   4.0998184e-05
   1.5574955e+03   4.0719943e-05
   1.5587668e+03   4.0443591e-05
   1.5600380e+03   4.0169115e-05
   1.5613093e+03   3.9896501e-05
   1.5625806e+03   3.9625737e-05
   1.5638519e+03   3.9356811e-05
   1.5651231e+03   3.9089710e-05
   1.5663944e+03   3.8824422e-05
   1.5676657e+03   3.8560934e-05
   1.5689369e+03   3.8299235e-05
   1.5702082e+03   3.8039311e-05
   1.5714795e+03   3.7781152e-05
   1.5727508e+03   3.7524744e-05
   1.5740220e+03   3.7270077e-05
   1.5752933e+03   3.7017138e-05
   1.5765646e+03   3.6765915e-05
   1.5778358e+03   3.6516398e-05
   1.5791071e+03   3.6268574e-05
   1.5803784e+03   3.6022432e-05
   1.5816496e+03   3.5777960e-05
   1.5829209e+03   3.5535147e-05
   1.5841922e+03   3.5293983e-05
   1.5854635e+03   3.5054455e-05
   1.5867347e+03   3.4816553e-05
   1.5880060e+03   3.4580265e-05
   1.5892773e+03   3.4345581e-05
   1.5905485e+03   3.4112489e-05
   1.5918198e+03   3.3880980e-05
   1.5930911e+03   3.3651041e-05
   1.5943624e+03   3.3422663e-05
   1.5956336e+03   3.3195835e-05
   1.5969049e+03   3.2970547e-05
   1.5981762e+03   3.2746787e-05
   1.5994474e+03   3.2524546e-05
   1.6007187e+03   3.2303813e-05
   1.6019900e+03   3.2084579e-05
   1.6032613e+03   3.1866832e-05
   1.6045325e+03   3.1650563e-05
   1.6058038e+03   3.1435761e-05
   1.6070751e+03   3.1222418e-05
   1.6083463e+03   3.1010522e-05
   1.6096176e+03   3.0800065e-05
   1.6108889e+03   3.0591035e-05
   1.6121602e+03   3.0383425e-05
   1.6134314e+03   3.0177223e-05
   1.6147027e+03   2.9972421e-05
   1.6159740e+03   2.9769008e-05
   1.6172452e+03   2.9566977e-05
   1.6185165e+03   2.9366316e-05
   1.6197878e+03   2.9167017e-05
   1.6210591e+03   2.8969070e-05
   1.6223303e+03   2.8772468e-05
   1.6236016e+03   2.8577199e-05
   1.6248729e+03   2.8383255e-05
   1.6261441e+03   2.8190628e-05
   1.6274154e+03   2.7999308e-05
   1.6286867e+03   2.7809287e-05
   1.6299580e+03   2.7620555e-05
   1.6312292e+03   2.7433104e-05
   1.6325005e+03   2.7246925e-05
   1.6337718e+03   2.7062009e-05
   1.6350430e+03   2.6878349e-05
   1.6363143e+03   2.6695935e-05
   1.6375856e+03   2.6514759e-05
   1.6388569e+03   2.6334813e-05
   1.6401281e+03   2.6156087e-05
   1.6413994e+03   2.5978575e-05
   1.6426707e+03   2.5802268e-05
   1.6439419e+03   2.5627157e-05
   1.6452132e+03   2.5453234e-05
   1.6464845e+03   2.5280492e-05
   1.6477558e+03   2.5108922e-05
   1.6490270e+03   2.4938516e-05
   1.6502983e+03   2.4769267e-05
   1.6515696e+03   2.4601167e-05
   1.6528408e+03   2.4434208e-05
   1.6541121e+03   2.4268381e-05
   1.6553834e+03   2.4103680e-05
   1.6566547e+03   2.3940097e-05
   1.6579259e+03   2.3777624e-05
   1.6591972e+03   2.3616253e-05
   1.6604685e+03   2.3455978e-05
   1.6617397e+03   2.3296791e-05
   1.6630110e+03   2.3138683e-05
   1.6642823e+03   2.2981649e-05
   1.6655536e+03   2.2825681e-05
   1.6668248e+03   2.2670771e-05
   1.6680961e+03   2.2516912e-05
   1.6693674e+03   2.2364098e-05
   1.6706386e+03   2.2212320e-05
   1.6719099e+03   2.2061573e-05
   1.6731812e+03   2.1911849e-05
   1.6744525e+03   2.1763141e-05
   1.6757237e+03   2.1615442e-05
   1.6769950e+03   2.1468746e-05
   1.6782663e+03   2.1323045e-05
   1.6795375e+03   2.1178333e-05
   1.6808088e+03   2.1034603e-05
   1.6820801e+03   2.0891848e-05
   1.6833514e+03   2.0750063e-05
   1.6846226e+03   2.0609239e-05
   1.6858939e+03   2.0469371e-05
   1.6871652e+03   2.0330453e-05
   1.6884364e+03   2.0192477e-05
   1.6897077e+03   2.0055438e-05
   1.6909790e+03   1.9919329e-05
   1.6922503e+03   1.9784143e-05
   1.6935215e+03   1.9649875e-05
   1.6947928e+03   1.9516518e-05
   1.6960641e+03   1.9384066e-05
   1.6973353e+03   1.9252514e-05
   1.6986066e+03   1.9121853e-05
   1.6998779e+03   1.8992080e-05
   1.7011491e+03   1.8863187e-05
   1.7024204e+03   1.8735170e-05
   1.7036917e+03   1.8608021e-05
   1.7049630e+03   1.8481734e-05
   1.7062342e+03   1.8356305e-05
   1.7075055e+03   1.8231727e-05
   1.7087768e+03   1.8107995e-05
   1.7100480e+03   1.7985102e-05
   1.7113193e+03   1.7863044e-05
   1.7125906e+03   1.7741814e-05
   1.7138619e+03   1.7621406e-05
   1.7151331e+03   1.7501816e-05
   1.7164044e+03   1.7383037e-05
   1.7176757e+03   1.7265064e-05
   1.7189469e+03   1.7147893e-05
   1.7202182e+03   1.7031516e-05
   1.7214895e+03   1.6915929e-05
   1.7227608e+03   1.6801126e-05
   1.7240320e+03   1.6687103e-05
   1.7253033e+03   1.6573853e-05
   1.7265746e+03   1.6461372e-05
   1.7278458e+03   1.6349655e-05
   1.7291171e+03   1.6238695e-05
   1.7303884e+03   1.6128489e-05
   1.7316597e+03   1.6019031e-05
   1.7329309e+03   1.5910315e-05
   1.7342022e+03   1.5802337e-05
   1.7354735e+03   1.5695092e-05
   1.7367447e+03   1.5588575e-05
   1.7380160e+03   1.5482781e-05
   1.7392873e+03   1.5377705e-05
   1.7405586e+03   1.5273342e-05
   1.7418298e+03   1.5169687e-05
   1.7431011e+03   1.5066735e-05
   1.7443724e+03   1.4964483e-05
   1.7456436e+03   1.4862924e-05
   1.7469149e+03   1.4762055e-05
   1.7481862e+03   1.4661870e-05
   1.7494575e+03   1.4562365e-05
   1.7507287e+03   1.4463535e-05
   1.7520000e+03   1.4365376e-05
