   5.2430000e+02   8.9683022e-05
   5.2555135e+02   9.2682365e-05
   5.2680270e+02   9.5765819e-05
   5.2805405e+02   9.8935130e-05
   5.2930541e+02   1.0219206e-04
   5.3055676e+02   1.0553839e-04
   5.3180811e+02   1.0897590e-04
   5.3305946e+02   1.1250640e-04
   5.3431081e+02   1.1613170e-04
   5.3556216e+02   1.1985362e-04
   5.3681351e+02   1.2367400e-04
   5.3806486e+02   1.2759469e-04
   5.3931622e+02   1.3161754e-04
   5.4056757e+02   1.3574440e-04
   5.4181892e+02   1.3997714e-04
   5.4307027e+02   1.4431765e-04
   5.4432162e+02   1.4876778e-04
   5.4557297e+02   1.5332944e-04
   5.4682432e+02   1.5800449e-04
   5.4807568e+02   1.6279482e-04
   5.4932703e+02   1.6770232e-04
   5.5057838e+02   1.7272887e-04
   5.5182973e+02   1.7787636e-04
   5.5308108e+02   1.8314665e-04
   5.5433243e+02   1.8854163e-04
   5.5558378e+02   1.9406316e-04
   5.5683514e+02   1.9971311e-04
   5.5808649e+02   2.0549332e-04
   5.5933784e+02   2.1140563e-04
   5.6058919e+02   2.1745188e-04
   5.6184054e+02   2.2363388e-04
   5.6309189e+02   2.2995343e-04
   5.6434324e+02   2.3641233e-04
   5.6559459e+02   2.4301233e-04
   5.6684595e+02   2.4975520e-04
   5.6809730e+02   2.5664266e-04
   5.6934865e+02   2.6367641e-04
   5.7060000e+02   2.7085815e-04
   5.7185135e+02   2.7818953e-04
   5.7310270e+02   2.8567218e-04
   5.7435405e+02   2.9330770e-04
   5.7560541e+02   3.0109767e-04
   5.7685676e+02   3.0904363e-04
   5.7810811e+02   3.1714708e-04
   5.7935946e+02   3.2540949e-04
   5.8061081e+02   3.3383230e-04
   5.8186216e+02   3.4241690e-04
   5.8311351e+02   3.5116465e-04
   5.8436486e+02   3.6007685e-04
   5.8561622e+02   3.6915478e-04
   5.8686757e+02   3.7839964e-04
   5.8811892e+02   3.8781263e-04
   5.8937027e+02   3.9739485e-04
   5.9062162e+02   4.0714738e-04
   5.9187297e+02   4.1707124e-04
   5.9312432e+02   4.2716740e-04
   5.9437568e+02   4.3743675e-04
   5.9562703e+02   4.4788014e-04
   5.9687838e+02   4.5849837e-04
   5.9812973e+02   4.6929216e-04
   5.9938108e+02   4.8026217e-04
   6.0063243e+02   4.9140899e-04
   6.0188378e+02   5.0273316e-04
   6.0313514e+02   5.1423514e-04
   6.0438649e+02   5.2591531e-04
   6.0563784e+02   5.3777400e-04
   6.0688919e+02   5.4981144e-04
   6.0814054e+02   5.6202781e-04
   6.0939189e+02   5.7442321e-04
   6.1064324e+02   5.8699763e-04
   6.1189459e+02   5.9975102e-04
   6.1314595e+02   6.1268324e-04
   6.1439730e+02   6.2579404e-04
   6.1564865e+02   6.3908312e-04
   6.1690000e+02   6.5255008e-04
   6.1815135e+02   6.6619444e-04
   6.1940270e+02   6.8001561e-04
   6.2065405e+02   6.9401295e-04
   6.2190541e+02   7.0818569e-04
   6.2315676e+02   7.2253299e-04
   6.2440811e+02   7.3705393e-04
   6.2565946e+02   7.5174746e-04
   6.2691081e+02   7.6661247e-04
   6.2816216e+02   7.8164775e-04
   6.2941351e+02   7.9685198e-04
   6.3066486e+02   8.1222374e-04
   6.3191622e+02   8.2776154e-04
   6.3316757e+02   8.4346377e-04
   6.3441892e+02   8.5932873e-04
   6.3567027e+02   8.7535462e-04
   6.3692162e+02   8.9153954e-04
   6.3817297e+02   9.0788149e-04
   6.3942432e+02   9.2437838e-04
   6.4067568e+02   9.4102800e-04
   6.4192703e+02   9.5782806e-04
   6.4317838e+02   9.7477617e-04
   6.4442973e+02   9.9186982e-04
   6.4568108e+02   1.0091064e-03
   6.4693243e+02   1.0264833e-03
   6.4818378e+02   1.0439976e-03
   6.4943514e+02   1.0616465e-03
   6.5068649e+02   1.0794269e-03
   6.5193784e+02   1.0973359e-03
   6.5318919e+02   1.1153701e-03
   6.5444054e+02   1.1335264e-03
   6.5569189e+02   1.1518013e-03
   6.5694324e+02   1.1701914e-03
   6.5819459e+02   1.1886931e-03
   6.5944595e+02   1.2073027e-03
   6.6069730e+02   1.2260165e-03
   6.6194865e+02   1.2448307e-03
   6.6320000e+02   1.2637414e-03
   6.6445135e+02   1.2827444e-03
   6.6570270e+02   1.3018357e-03
   6.6695405e+02   1.3210112e-03
   6.6820541e+02   1.3402666e-03
   6.6945676e+02   1.3595974e-03
   6.7070811e+02   1.3789993e-03
   6.7195946e+02   1.3984678e-03
   6.7321081e+02   1.4179983e-03
   6.7446216e+02   1.4375862e-03
   6.7571351e+02   1.4572266e-03
   6.7696486e+02   1.4769149e-03
   6.7821622e+02   1.4966461e-03
   6.7946757e+02   1.5164153e-03
   6.8071892e+02   1.5362176e-03
   6.8197027e+02   1.5560478e-03
   6.8322162e+02   1.5759009e-03
   6.8447297e+02   1.5957718e-03
   6.8572432e+02   1.6156552e-03
   6.8697568e+02   1.6355458e-03
   6.8822703e+02   1.6554383e-03
   6.8947838e+02   1.6753275e-03
   6.9072973e+02   1.6952078e-03
   6.9198108e+02   1.7150739e-03
   6.9323243e+02   1.7349203e-03
   6.9448378e+02   1.7547415e-03
   6.9573514e+02   1.7745319e-03
   6.9698649e+02   1.7942861e-03
   6.9823784e+02   1.8139985e-03
   6.9948919e+02   1.8336634e-03
   7.0074054e+02   1.8532753e-03
   7.0199189e+02   1.8728285e-03
   7.0324324e+02   1.8923174e-03
   7.0449459e+02   1.9117363e-03
   7.0574595e+02   1.9310797e-03
   7.0699730e+02   1.9503419e-03
   7.0824865e+02   1.9695172e-03
   7.0950000e+02   1.9886001e-03
   7.1075135e+02   2.0075848e-03
   7.1200270e+02   2.0264658e-03
   7.1325405e+02   2.0452376e-03
   7.1450541e+02   2.0638944e-03
   7.1575676e+02   2.0824309e-03
   7.1700811e+02   2.1008415e-03
   7.1825946e+02   2.1191206e-03
   7.1951081e+02   2.1372630e-03
   7.2076216e+02   2.1552630e-03
   7.2201351e+02   2.1731154e-03
   7.2326486e+02   2.1908149e-03
   7.2451622e+02   2.2083561e-03
   7.2576757e+02   2.2257338e-03
   7.2701892e+02   2.2429428e-03
   7.2827027e+02   2.2599781e-03
   7.2952162e+02   2.2768346e-03
   7.3077297e+02   2.2935072e-03
   7.3202432e+02   2.3099910e-03
   7.3327568e+02   2.3262812e-03
   7.3452703e+02   2.3423730e-03
   7.3577838e+02   2.3582617e-03
   7.3702973e+02   2.3739425e-03
   7.3828108e+02   2.3894110e-03
   7.3953243e+02   2.4046627e-03
   7.4078378e+02   2.4196932e-03
   7.4203514e+02   2.4344982e-03
   7.4328649e+02   2.4490735e-03
   7.4453784e+02   2.4634149e-03
   7.4578919e+02   2.4775185e-03
   7.4704054e+02   2.4913802e-03
   7.4829189e+02   2.5049964e-03
   7.4954324e+02   2.5183632e-03
   7.5079459e+02   2.5314771e-03
   7.5204595e+02   2.5443344e-03
   7.5329730e+02   2.5569320e-03
   7.5454865e+02   2.5692663e-03
   7.5580000e+02   2.5813343e-03
   7.5705135e+02   2.5931328e-03
   7.5830270e+02   2.6046590e-03
   7.5955405e+02   2.6159099e-03
   7.6080541e+02   2.6268829e-03
   7.6205676e+02   2.6375753e-03
   7.6330811e+02   2.6479847e-03
   7.6455946e+02   2.6581087e-03
   7.6581081e+02   2.6679450e-03
   7.6706216e+02   2.6774915e-03
   7.6831351e+02   2.6867463e-03
   7.6956486e+02   2.6957075e-03
   7.7081622e+02   2.7043733e-03
   7.7206757e+02   2.7127421e-03
   7.7331892e+02   2.7208123e-03
   7.7457027e+02   2.7285827e-03
   7.7582162e+02   2.7360520e-03
   7.7707297e+02   2.7432191e-03
   7.7832432e+02   2.7500829e-03
   7.7957568e+02   2.7566426e-03
   7.8082703e+02   2.7628975e-03
   7.8207838e+02   2.7688470e-03
   7.8332973e+02   2.7744905e-03
   7.8458108e+02   2.7798277e-03
   7.8583243e+02   2.7848584e-03
   7.8708378e+02   2.7895825e-03
   7.8833514e+02   2.7939999e-03
   7.8958649e+02   2.7981107e-03
   7.9083784e+02   2.8019153e-03
   7.9208919e+02   2.8054141e-03
   7.9334054e+02   2.8086074e-03
   7.9459189e+02   2.8114959e-03
   7.9584324e+02   2.8140804e-03
   7.9709459e+02   2.8163616e-03
   7.9834595e+02   2.8183406e-03
   7.9959730e+02   2.8200184e-03
   8.0084865e+02   2.8213962e-03
   8.0210000e+02   2.8224752e-03
   8.0335135e+02   2.8232569e-03
   8.0460270e+02   2.8237428e-03
   8.0585405e+02   2.8239345e-03
   8.0710541e+02   2.8238336e-03
   8.0835676e+02   2.8234421e-03
   8.0960811e+02   2.8227618e-03
   8.1085946e+02   2.8217948e-03
   8.1211081e+02   2.8205431e-03
   8.1336216e+02   2.8190089e-03
   8.1461351e+02   2.8171946e-03
   8.1586486e+02   2.8151024e-03
   8.1711622e+02   2.8127350e-03
   8.1836757e+02   2.8100947e-03
   8.1961892e+02   2.8071843e-03
   8.2087027e+02   2.8040064e-03
   8.2212162e+02   2.8005639e-03
   8.2337297e+02   2.7968596e-03
   8.2462432e+02   2.7928964e-03
   8.2587568e+02   2.7886774e-03
   8.2712703e+02   2.7842055e-03
   8.2837838e+02   2.7794840e-03
   8.2962973e+02   2.7745161e-03
   8.3088108e+02   2.7693049e-03
   8.3213243e+02   2.7638538e-03
   8.3338378e+02   2.7581662e-03
   8.3463514e+02   2.7522456e-03
   8.3588649e+02   2.7460952e-03
   8.3713784e+02   2.7397188e-03
   8.3838919e+02   2.7331198e-03
   8.3964054e+02   2.7263019e-03
   8.4089189e+02   2.7192687e-03
   8.4214324e+02   2.7120239e-03
   8.4339459e+02   2.7045712e-03
   8.4464595e+02   2.6969143e-03
   8.4589730e+02   2.6890571e-03
   8.4714865e+02   2.6810033e-03
   8.4840000e+02   2.6727567e-03
   8.4965135e+02   2.6643213e-03
   8.5090270e+02   2.6557008e-03
   8.5215405e+02   2.6468993e-03
   8.5340541e+02   2.6379205e-03
   8.5465676e+02   2.6287684e-03
   8.5590811e+02   2.6194469e-03
   8.5715946e+02   2.6099600e-03
   8.5841081e+02   2.6003116e-03
   8.5966216e+02   2.5905057e-03
   8.6091351e+02   2.5805461e-03
   8.6216486e+02   2.5704369e-03
   8.6341622e+02   2.5601819e-03
   8.6466757e+02   2.5497852e-03
   8.6591892e+02   2.5392507e-03
   8.6717027e+02   2.5285822e-03
   8.6842162e+02   2.5177836e-03
   8.6967297e+02   2.5068590e-03
   8.7092432e+02   2.4958121e-03
   8.7217568e+02   2.4846469e-03
   8.7342703e+02   2.4733672e-03
   8.7467838e+02   2.4619768e-03
   8.7592973e+02   2.4504795e-03
   8.7718108e+02   2.4388791e-03
   8.7843243e+02   2.4271794e-03
   8.7968378e+02   2.4153841e-03
   8.8093514e+02   2.4034969e-03
   8.8218649e+02   2.3915215e-03
   8.8343784e+02   2.3794615e-03
   8.8468919e+02   2.3673206e-03
   8.8594054e+02   2.3551023e-03
   8.8719189e+02   2.3428102e-03
   8.8844324e+02   2.3304478e-03
   8.8969459e+02   2.3180186e-03
   8.9094595e+02   2.3055260e-03
   8.9219730e+02   2.2929734e-03
   8.9344865e+02   2.2803641e-03
   8.9470000e+02   2.2677016e-03
   8.9595135e+02   2.2549890e-03
   8.9720270e+02   2.2422296e-03
   8.9845405e+02   2.2294266e-03
   8.9970541e+02   2.2165831e-03
   9.0095676e+02   2.2037022e-03
   9.0220811e+02   2.1907871e-03
   9.0345946e+02   2.1778406e-03
   9.0471081e+02   2.1648658e-03
   9.0596216e+02   2.1518656e-03
   9.0721351e+02   2.1388429e-03
   9.0846486e+02   2.1258004e-03
   9.0971622e+02   2.1127410e-03
   9.1096757e+02   2.0996673e-03
   9.1221892e+02   2.0865821e-03
   9.1347027e+02   2.0734880e-03
   9.1472162e+02   2.0603875e-03
   9.1597297e+02   2.0472832e-03
   9.1722432e+02   2.0341775e-03
   9.1847568e+02   2.0210729e-03
   9.1972703e+02   2.0079718e-03
   9.2097838e+02   1.9948765e-03
   9.2222973e+02   1.9817893e-03
   9.2348108e+02   1.9687123e-03
   9.2473243e+02   1.9556478e-03
   9.2598378e+02   1.9425979e-03
   9.2723514e+02   1.9295647e-03
   9.2848649e+02   1.9165501e-03
   9.2973784e+02   1.9035563e-03
   9.3098919e+02   1.8905851e-03
   9.3224054e+02   1.8776384e-03
   9.3349189e+02   1.8647180e-03
   9.3474324e+02   1.8518257e-03
   9.3599459e+02   1.8389632e-03
   9.3724595e+02   1.8261323e-03
   9.3849730e+02   1.8133346e-03
   9.3974865e+02   1.8005717e-03
   9.4100000e+02   1.7878451e-03
   9.4225135e+02   1.7751563e-03
   9.4350270e+02   1.7625068e-03
   9.4475405e+02   1.7498980e-03
   9.4600541e+02   1.7373313e-03
   9.4725676e+02   1.7248080e-03
   9.4850811e+02   1.7123293e-03
   9.4975946e+02   1.6998966e-03
   9.5101081e+02   1.6875109e-03
   9.5226216e+02   1.6751736e-03
   9.5351351e+02   1.6628856e-03
   9.5476486e+02   1.6506480e-03
   9.5601622e+02   1.6384619e-03
   9.5726757e+02   1.6263282e-03
   9.5851892e+02   1.6142480e-03
   9.5977027e+02   1.6022221e-03
   9.6102162e+02   1.5902515e-03
   9.6227297e+02   1.5783368e-03
   9.6352432e+02   1.5664791e-03
   9.6477568e+02   1.5546789e-03
   9.6602703e+02   1.5429371e-03
   9.6727838e+02   1.5312543e-03
   9.6852973e+02   1.5196313e-03
   9.6978108e+02   1.5080686e-03
   9.7103243e+02   1.4965668e-03
   9.7228378e+02   1.4851266e-03
   9.7353514e+02   1.4737483e-03
   9.7478649e+02   1.4624327e-03
   9.7603784e+02   1.4511800e-03
   9.7728919e+02   1.4399909e-03
   9.7854054e+02   1.4288656e-03
   9.7979189e+02   1.4178046e-03
   9.8104324e+02   1.4068082e-03
   9.8229459e+02   1.3958768e-03
   9.8354595e+02   1.3850107e-03
   9.8479730e+02   1.3742101e-03
   9.8604865e+02   1.3634754e-03
   9.8730000e+02   1.3528067e-03
   9.8855135e+02   1.3422043e-03
   9.8980270e+02   1.3316683e-03
   9.9105405e+02   1.3211990e-03
   9.9230541e+02   1.3107964e-03
   9.9355676e+02   1.3004608e-03
   9.9480811e+02   1.2901921e-03
   9.9605946e+02   1.2799905e-03
   9.9731081e+02   1.2698560e-03
   9.9856216e+02   1.2597887e-03
   9.9981351e+02   1.2497886e-03
   1.0010649e+03   1.2398557e-03
   1.0023162e+03   1.2299900e-03
   1.0035676e+03   1.2201915e-03
   1.0048189e+03   1.2104602e-03
   1.0060703e+03   1.2007959e-03
   1.0073216e+03   1.1911987e-03
   1.0085730e+03   1.1816683e-03
   1.0098243e+03   1.1722048e-03
   1.0110757e+03   1.1628080e-03
   1.0123270e+03   1.1534778e-03
   1.0135784e+03   1.1442140e-03
   1.0148297e+03   1.1350165e-03
   1.0160811e+03   1.1258851e-03
   1.0173324e+03   1.1168197e-03
   1.0185838e+03   1.1078200e-03
   1.0198351e+03   1.0988859e-03
   1.0210865e+03   1.0900171e-03
   1.0223378e+03   1.0812135e-03
   1.0235892e+03   1.0724748e-03
   1.0248405e+03   1.0638008e-03
   1.0260919e+03   1.0551912e-03
   1.0273432e+03   1.0466458e-03
   1.0285946e+03   1.0381643e-03
   1.0298459e+03   1.0297465e-03
   1.0310973e+03   1.0213920e-03
   1.0323486e+03   1.0131007e-03
   1.0336000e+03   1.0048722e-03
   1.0348514e+03   9.9670620e-04
   1.0361027e+03   9.8860244e-04
   1.0373541e+03   9.8056060e-04
   1.0386054e+03   9.7258037e-04
   1.0398568e+03   9.6466145e-04
   1.0411081e+03   9.5680351e-04
   1.0423595e+03   9.4900622e-04
   1.0436108e+03   9.4126926e-04
   1.0448622e+03   9.3359230e-04
   1.0461135e+03   9.2597501e-04
   1.0473649e+03   9.1841704e-04
   1.0486162e+03   9.1091806e-04
   1.0498676e+03   9.0347772e-04
   1.0511189e+03   8.9609567e-04
   1.0523703e+03   8.8877156e-04
   1.0536216e+03   8.8150505e-04
   1.0548730e+03   8.7429578e-04
   1.0561243e+03   8.6714339e-04
   1.0573757e+03   8.6004752e-04
   1.0586270e+03   8.5300782e-04
   1.0598784e+03   8.4602393e-04
   1.0611297e+03   8.3909549e-04
   1.0623811e+03   8.3222212e-04
   1.0636324e+03   8.2540348e-04
   1.0648838e+03   8.1863919e-04
   1.0661351e+03   8.1192889e-04
   1.0673865e+03   8.0527222e-04
   1.0686378e+03   7.9866880e-04
   1.0698892e+03   7.9211828e-04
   1.0711405e+03   7.8562029e-04
   1.0723919e+03   7.7917445e-04
   1.0736432e+03   7.7278042e-04
   1.0748946e+03   7.6643781e-04
   1.0761459e+03   7.6014627e-04
   1.0773973e+03   7.5390544e-04
   1.0786486e+03   7.4771494e-04
   1.0799000e+03   7.4157441e-04
   1.0811514e+03   7.3548349e-04
   1.0824027e+03   7.2944183e-04
   1.0836541e+03   7.2344905e-04
   1.0849054e+03   7.1750480e-04
   1.0861568e+03   7.1160872e-04
   1.0874081e+03   7.0576045e-04
   1.0886595e+03   6.9995964e-04
   1.0899108e+03   6.9420592e-04
   1.0911622e+03   6.8849895e-04
   1.0924135e+03   6.8283838e-04
   1.0936649e+03   6.7722384e-04
   1.0949162e+03   6.7165500e-04
   1.0961676e+03   6.6613150e-04
   1.0974189e+03   6.6065300e-04
   1.0986703e+03   6.5521915e-04
   1.0999216e+03   6.4982961e-04
   1.1011730e+03   6.4448403e-04
   1.1024243e+03   6.3918208e-04
   1.1036757e+03   6.3392341e-04
   1.1049270e+03   6.2870770e-04
   1.1061784e+03   6.2353461e-04
   1.1074297e+03   6.1840379e-04
   1.1086811e+03   6.1331493e-04
   1.1099324e+03   6.0826769e-04
   1.1111838e+03   6.0326175e-04
   1.1124351e+03   5.9829678e-04
   1.1136865e+03   5.9337246e-04
   1.1149378e+03   5.8848846e-04
   1.1161892e+03   5.8364446e-04
   1.1174405e+03   5.7884016e-04
   1.1186919e+03   5.7407523e-04
   1.1199432e+03   5.6934936e-04
   1.1211946e+03   5.6466223e-04
   1.1224459e+03   5.6001355e-04
   1.1236973e+03   5.5540300e-04
   1.1249486e+03   5.5083027e-04
   1.1262000e+03   5.4629507e-04
   1.1274514e+03   5.4179709e-04
   1.1287027e+03   5.3733603e-04
   1.1299541e+03   5.3291160e-04
   1.1312054e+03   5.2852350e-04
   1.1324568e+03   5.2417143e-04
   1.1337081e+03   5.1985512e-04
   1.1349595e+03   5.1557426e-04
   1.1362108e+03   5.1132858e-04
   1.1374622e+03   5.0711779e-04
   1.1387135e+03   5.0294159e-04
   1.1399649e+03   4.9879973e-04
   1.1412162e+03   4.9469191e-04
   1.1424676e+03   4.9061786e-04
   1.1437189e+03   4.8657731e-04
   1.1449703e+03   4.8256998e-04
   1.1462216e+03   4.7859560e-04
   1.1474730e+03   4.7465391e-04
   1.1487243e+03   4.7074464e-04
   1.1499757e+03   4.6686752e-04
   1.1512270e+03   4.6302230e-04
   1.1524784e+03   4.5920871e-04
   1.1537297e+03   4.5542649e-04
   1.1549811e+03   4.5167540e-04
   1.1562324e+03   4.4795517e-04
   1.1574838e+03   4.4426555e-04
   1.1587351e+03   4.4060629e-04
   1.1599865e+03   4.3697715e-04
   1.1612378e+03   4.3337787e-04
   1.1624892e+03   4.2980822e-04
   1.1637405e+03   4.2626795e-04
   1.1649919e+03   4.2275682e-04
   1.1662432e+03   4.1927460e-04
   1.1674946e+03   4.1582103e-04
   1.1687459e+03   4.1239590e-04
   1.1699973e+03   4.0899897e-04
   1.1712486e+03   4.0563000e-04
   1.1725000e+03   4.0228877e-04
   1.1737514e+03   3.9897504e-04
   1.1750027e+03   3.9568861e-04
   1.1762541e+03   3.9242923e-04
   1.1775054e+03   3.8919668e-04
   1.1787568e+03   3.8599076e-04
   1.1800081e+03   3.8281123e-04
   1.1812595e+03   3.7965789e-04
   1.1825108e+03   3.7653051e-04
   1.1837622e+03   3.7342889e-04
   1.1850135e+03   3.7035280e-04
   1.1862649e+03   3.6730205e-04
   1.1875162e+03   3.6427643e-04
   1.1887676e+03   3.6127572e-04
   1.1900189e+03   3.5829972e-04
   1.1912703e+03   3.5534823e-04
   1.1925216e+03   3.5242106e-04
   1.1937730e+03   3.4951798e-04
   1.1950243e+03   3.4663882e-04
   1.1962757e+03   3.4378338e-04
   1.1975270e+03   3.4095145e-04
   1.1987784e+03   3.3814284e-04
   1.2000297e+03   3.3535737e-04
   1.2012811e+03   3.3259484e-04
   1.2025324e+03   3.2985506e-04
   1.2037838e+03   3.2713785e-04
   1.2050351e+03   3.2444302e-04
   1.2062865e+03   3.2177039e-04
   1.2075378e+03   3.1911977e-04
   1.2087892e+03   3.1649098e-04
   1.2100405e+03   3.1388385e-04
   1.2112919e+03   3.1129819e-04
   1.2125432e+03   3.0873383e-04
   1.2137946e+03   3.0619059e-04
   1.2150459e+03   3.0366830e-04
   1.2162973e+03   3.0116679e-04
   1.2175486e+03   2.9868588e-04
   1.2188000e+03   2.9622541e-04
   1.2200514e+03   2.9378521e-04
   1.2213027e+03   2.9136510e-04
   1.2225541e+03   2.8896493e-04
   1.2238054e+03   2.8658454e-04
   1.2250568e+03   2.8422375e-04
   1.2263081e+03   2.8188240e-04
   1.2275595e+03   2.7956035e-04
   1.2288108e+03   2.7725742e-04
   1.2300622e+03   2.7497346e-04
   1.2313135e+03   2.7270831e-04
   1.2325649e+03   2.7046183e-04
   1.2338162e+03   2.6823385e-04
   1.2350676e+03   2.6602422e-04
   1.2363189e+03   2.6383279e-04
   1.2375703e+03   2.6165942e-04
   1.2388216e+03   2.5950395e-04
   1.2400730e+03   2.5736623e-04
   1.2413243e+03   2.5524613e-04
   1.2425757e+03   2.5314349e-04
   1.2438270e+03   2.5105817e-04
   1.2450784e+03   2.4899003e-04
   1.2463297e+03   2.4693892e-04
   1.2475811e+03   2.4490471e-04
   1.2488324e+03   2.4288726e-04
   1.2500838e+03   2.4088643e-04
   1.2513351e+03   2.3890207e-04
   1.2525865e+03   2.3693407e-04
   1.2538378e+03   2.3498228e-04
   1.2550892e+03   2.3304656e-04
   1.2563405e+03   2.3112679e-04
   1.2575919e+03   2.2922284e-04
   1.2588432e+03   2.2733456e-04
   1.2600946e+03   2.2546185e-04
   1.2613459e+03   2.2360456e-04
   1.2625973e+03   2.2176257e-04
   1.2638486e+03   2.1993575e-04
   1.2651000e+03   2.1812399e-04
   1.2663514e+03   2.1632714e-04
   1.2676027e+03   2.1454510e-04
   1.2688541e+03   2.1277774e-04
   1.2701054e+03   2.1102494e-04
   1.2713568e+03   2.0928658e-04
   1.2726081e+03   2.0756254e-04
   1.2738595e+03   2.0585269e-04
   1.2751108e+03   2.0415694e-04
   1.2763622e+03   2.0247515e-04
   1.2776135e+03   2.0080722e-04
   1.2788649e+03   1.9915303e-04
   1.2801162e+03   1.9751246e-04
   1.2813676e+03   1.9588541e-04
   1.2826189e+03   1.9427176e-04
   1.2838703e+03   1.9267141e-04
   1.2851216e+03   1.9108424e-04
   1.2863730e+03   1.8951014e-04
   1.2876243e+03   1.8794901e-04
   1.2888757e+03   1.8640074e-04
   1.2901270e+03   1.8486522e-04
   1.2913784e+03   1.8334235e-04
   1.2926297e+03   1.8183203e-04
   1.2938811e+03   1.8033415e-04
   1.2951324e+03   1.7884861e-04
   1.2963838e+03   1.7737531e-04
   1.2976351e+03   1.7591414e-04
   1.2988865e+03   1.7446501e-04
   1.3001378e+03   1.7302782e-04
   1.3013892e+03   1.7160246e-04
   1.3026405e+03   1.7018885e-04
   1.3038919e+03   1.6878688e-04
   1.3051432e+03   1.6739646e-04
   1.3063946e+03   1.6601750e-04
   1.3076459e+03   1.6464989e-04
   1.3088973e+03   1.6329356e-04
   1.3101486e+03   1.6194839e-04
   1.3114000e+03   1.6061431e-04
   1.3126514e+03   1.5929121e-04
   1.3139027e+03   1.5797901e-04
   1.3151541e+03   1.5667763e-04
   1.3164054e+03   1.5538696e-04
   1.3176568e+03   1.5410693e-04
   1.3189081e+03   1.5283744e-04
   1.3201595e+03   1.5157841e-04
   1.3214108e+03   1.5032975e-04
   1.3226622e+03   1.4909138e-04
   1.3239135e+03   1.4786320e-04
   1.3251649e+03   1.4664515e-04
   1.3264162e+03   1.4543713e-04
   1.3276676e+03   1.4423906e-04
   1.3289189e+03   1.4305086e-04
   1.3301703e+03   1.4187244e-04
   1.3314216e+03   1.4070374e-04
   1.3326730e+03   1.3954466e-04
   1.3339243e+03   1.3839513e-04
   1.3351757e+03   1.3725507e-04
   1.3364270e+03   1.3612440e-04
   1.3376784e+03   1.3500305e-04
   1.3389297e+03   1.3389093e-04
   1.3401811e+03   1.3278798e-04
   1.3414324e+03   1.3169411e-04
   1.3426838e+03   1.3060925e-04
   1.3439351e+03   1.2953333e-04
   1.3451865e+03   1.2846627e-04
   1.3464378e+03   1.2740800e-04
   1.3476892e+03   1.2635845e-04
   1.3489405e+03   1.2531755e-04
   1.3501919e+03   1.2428521e-04
   1.3514432e+03   1.2326139e-04
   1.3526946e+03   1.2224600e-04
   1.3539459e+03   1.2123897e-04
   1.3551973e+03   1.2024024e-04
   1.3564486e+03   1.1924973e-04
   1.3577000e+03   1.1826739e-04
   1.3589514e+03   1.1729313e-04
   1.3602027e+03   1.1632691e-04
   1.3614541e+03   1.1536864e-04
   1.3627054e+03   1.1441826e-04
   1.3639568e+03   1.1347572e-04
   1.3652081e+03   1.1254094e-04
   1.3664595e+03   1.1161386e-04
   1.3677108e+03   1.1069441e-04
   1.3689622e+03   1.0978254e-04
   1.3702135e+03   1.0887819e-04
   1.3714649e+03   1.0798128e-04
   1.3727162e+03   1.0709176e-04
   1.3739676e+03   1.0620957e-04
   1.3752189e+03   1.0533465e-04
   1.3764703e+03   1.0446693e-04
   1.3777216e+03   1.0360636e-04
   1.3789730e+03   1.0275288e-04
   1.3802243e+03   1.0190643e-04
   1.3814757e+03   1.0106695e-04
   1.3827270e+03   1.0023439e-04
   1.3839784e+03   9.9408691e-05
   1.3852297e+03   9.8589790e-05
   1.3864811e+03   9.7777636e-05
   1.3877324e+03   9.6972171e-05
   1.3889838e+03   9.6173342e-05
   1.3902351e+03   9.5381094e-05
   1.3914865e+03   9.4595371e-05
   1.3927378e+03   9.3816121e-05
   1.3939892e+03   9.3043291e-05
   1.3952405e+03   9.2276827e-05
   1.3964919e+03   9.1516676e-05
   1.3977432e+03   9.0762788e-05
   1.3989946e+03   9.0015110e-05
   1.4002459e+03   8.9273591e-05
   1.4014973e+03   8.8538181e-05
   1.4027486e+03   8.7808828e-05
   1.4040000e+03   8.7085484e-05
   1.4052514e+03   8.6368099e-05
   1.4065027e+03   8.5656623e-05
   1.4077541e+03   8.4951008e-05
   1.4090054e+03   8.4251206e-05
   1.4102568e+03   8.3557168e-05
   1.4115081e+03   8.2868848e-05
   1.4127595e+03   8.2186198e-05
   1.4140108e+03   8.1509171e-05
   1.4152622e+03   8.0837722e-05
   1.4165135e+03   8.0171804e-05
   1.4177649e+03   7.9511371e-05
   1.4190162e+03   7.8856379e-05
   1.4202676e+03   7.8206783e-05
   1.4215189e+03   7.7562537e-05
   1.4227703e+03   7.6923599e-05
   1.4240216e+03   7.6289925e-05
   1.4252730e+03   7.5661470e-05
   1.4265243e+03   7.5038192e-05
   1.4277757e+03   7.4420049e-05
   1.4290270e+03   7.3806998e-05
   1.4302784e+03   7.3198997e-05
   1.4315297e+03   7.2596004e-05
   1.4327811e+03   7.1997979e-05
   1.4340324e+03   7.1404880e-05
   1.4352838e+03   7.0816667e-05
   1.4365351e+03   7.0233299e-05
   1.4377865e+03   6.9654737e-05
   1.4390378e+03   6.9080941e-05
   1.4402892e+03   6.8511872e-05
   1.4415405e+03   6.7947491e-05
   1.4427919e+03   6.7387759e-05
   1.4440432e+03   6.6832637e-05
   1.4452946e+03   6.6282089e-05
   1.4465459e+03   6.5736076e-05
   1.4477973e+03   6.5194561e-05
   1.4490486e+03   6.4657507e-05
   1.4503000e+03   6.4124877e-05
   1.4515514e+03   6.3596634e-05
   1.4528027e+03   6.3072743e-05
   1.4540541e+03   6.2553168e-05
   1.4553054e+03   6.2037873e-05
   1.4565568e+03   6.1526822e-05
   1.4578081e+03   6.1019982e-05
   1.4590595e+03   6.0517316e-05
   1.4603108e+03   6.0018792e-05
   1.4615622e+03   5.9524374e-05
   1.4628135e+03   5.9034029e-05
   1.4640649e+03   5.8547724e-05
   1.4653162e+03   5.8065424e-05
   1.4665676e+03   5.7587098e-05
   1.4678189e+03   5.7112712e-05
   1.4690703e+03   5.6642233e-05
   1.4703216e+03   5.6175631e-05
   1.4715730e+03   5.5712872e-05
   1.4728243e+03   5.5253925e-05
   1.4740757e+03   5.4798759e-05
   1.4753270e+03   5.4347342e-05
   1.4765784e+03   5.3899644e-05
   1.4778297e+03   5.3455634e-05
   1.4790811e+03   5.3015282e-05
   1.4803324e+03   5.2578557e-05
   1.4815838e+03   5.2145430e-05
   1.4828351e+03   5.1715871e-05
   1.4840865e+03   5.1289850e-05
   1.4853378e+03   5.0867339e-05
   1.4865892e+03   5.0448308e-05
   1.4878405e+03   5.0032729e-05
   1.4890919e+03   4.9620574e-05
   1.4903432e+03   4.9211814e-05
   1.4915946e+03   4.8806421e-05
   1.4928459e+03   4.8404368e-05
   1.4940973e+03   4.8005626e-05
   1.4953486e+03   4.7610169e-05
   1.4966000e+03   4.7217970e-05
   1.4978514e+03   4.6829002e-05
   1.4991027e+03   4.6443238e-05
   1.5003541e+03   4.6060652e-05
   1.5016054e+03   4.5681217e-05
   1.5028568e+03   4.5304908e-05
   1.5041081e+03   4.4931699e-05
   1.5053595e+03   4.4561565e-05
   1.5066108e+03   4.4194479e-05
   1.5078622e+03   4.3830418e-05
   1.5091135e+03   4.3469355e-05
   1.5103649e+03   4.3111267e-05
   1.5116162e+03   4.2756129e-05
   1.5128676e+03   4.2403916e-05
   1.5141189e+03   4.2054605e-05
   1.5153703e+03   4.1708171e-05
   1.5166216e+03   4.1364591e-05
   1.5178730e+03   4.1023841e-05
   1.5191243e+03   4.0685898e-05
   1.5203757e+03   4.0350739e-05
   1.5216270e+03   4.0018341e-05
   1.5228784e+03   3.9688682e-05
   1.5241297e+03   3.9361737e-05
   1.5253811e+03   3.9037487e-05
   1.5266324e+03   3.8715907e-05
   1.5278838e+03   3.8396976e-05
   1.5291351e+03   3.8080673e-05
   1.5303865e+03   3.7766975e-05
   1.5316378e+03   3.7455862e-05
   1.5328892e+03   3.7147311e-05
   1.5341405e+03   3.6841302e-05
   1.5353919e+03   3.6537814e-05
   1.5366432e+03   3.6236826e-05
   1.5378946e+03   3.5938317e-05
   1.5391459e+03   3.5642267e-05
   1.5403973e+03   3.5348656e-05
   1.5416486e+03   3.5057464e-05
   1.5429000e+03   3.4768671e-05
   1.5441514e+03   3.4482256e-05
   1.5454027e+03   3.4198201e-05
   1.5466541e+03   3.3916486e-05
   1.5479054e+03   3.3637092e-05
   1.5491568e+03   3.3359999e-05
   1.5504081e+03   3.3085189e-05
   1.5516595e+03   3.2812642e-05
   1.5529108e+03   3.2542341e-05
   1.5541622e+03   3.2274267e-05
   1.5554135e+03   3.2008400e-05
   1.5566649e+03   3.1744724e-05
   1.5579162e+03   3.1483220e-05
   1.5591676e+03   3.1223870e-05
   1.5604189e+03   3.0966657e-05
   1.5616703e+03   3.0711563e-05
   1.5629216e+03   3.0458569e-05
   1.5641730e+03   3.0207660e-05
   1.5654243e+03   2.9958818e-05
   1.5666757e+03   2.9712026e-05
   1.5679270e+03   2.9467267e-05
   1.5691784e+03   2.9224524e-05
   1.5704297e+03   2.8983781e-05
   1.5716811e+03   2.8745020e-05
   1.5729324e+03   2.8508227e-05
   1.5741838e+03   2.8273384e-05
   1.5754351e+03   2.8040476e-05
   1.5766865e+03   2.7809487e-05
   1.5779378e+03   2.7580400e-05
   1.5791892e+03   2.7353201e-05
   1.5804405e+03   2.7127873e-05
   1.5816919e+03   2.6904401e-05
   1.5829432e+03   2.6682770e-05
   1.5841946e+03   2.6462965e-05
   1.5854459e+03   2.6244971e-05
   1.5866973e+03   2.6028772e-05
   1.5879486e+03   2.5814355e-05
   1.5892000e+03   2.5601703e-05
   1.5904514e+03   2.5390804e-05
   1.5917027e+03   2.5181641e-05
   1.5929541e+03   2.4974202e-05
   1.5942054e+03   2.4768472e-05
   1.5954568e+03   2.4564436e-05
   1.5967081e+03   2.4362081e-05
   1.5979595e+03   2.4161394e-05
   1.5992108e+03   2.3962359e-05
   1.6004622e+03   2.3764964e-05
   1.6017135e+03   2.3569195e-05
   1.6029649e+03   2.3375038e-05
   1.6042162e+03   2.3182481e-05
   1.6054676e+03   2.2991511e-05
   1.6067189e+03   2.2802113e-05
   1.6079703e+03   2.2614276e-05
   1.6092216e+03   2.2427986e-05
   1.6104730e+03   2.2243231e-05
   1.6117243e+03   2.2059997e-05
   1.6129757e+03   2.1878273e-05
   1.6142270e+03   2.1698046e-05
   1.6154784e+03   2.1519304e-05
   1.6167297e+03   2.1342034e-05
   1.6179811e+03   2.1166224e-05
   1.6192324e+03   2.0991863e-05
   1.6204838e+03   2.0818938e-05
   1.6217351e+03   2.0647437e-05
   1.6229865e+03   2.0477350e-05
   1.6242378e+03   2.0308663e-05
   1.6254892e+03   2.0141366e-05
   1.6267405e+03   1.9975447e-05
   1.6279919e+03   1.9810895e-05
   1.6292432e+03   1.9647699e-05
   1.6304946e+03   1.9485847e-05
   1.6317459e+03   1.9325328e-05
   1.6329973e+03   1.9166131e-05
   1.6342486e+03   1.9008246e-05
   1.6355000e+03   1.8851661e-05
   1.6367514e+03   1.8696367e-05
   1.6380027e+03   1.8542351e-05
   1.6392541e+03   1.8389605e-05
   1.6405054e+03   1.8238117e-05
   1.6417568e+03   1.8087876e-05
   1.6430081e+03   1.7938873e-05
   1.6442595e+03   1.7791098e-05
   1.6455108e+03   1.7644540e-05
   1.6467622e+03   1.7499189e-05
   1.6480135e+03   1.7355036e-05
   1.6492649e+03   1.7212070e-05
   1.6505162e+03   1.7070282e-05
   1.6517676e+03   1.6929662e-05
   1.6530189e+03   1.6790200e-05
   1.6542703e+03   1.6651887e-05
   1.6555216e+03   1.6514714e-05
   1.6567730e+03   1.6378670e-05
   1.6580243e+03   1.6243747e-05
   1.6592757e+03   1.6109936e-05
   1.6605270e+03   1.5977227e-05
   1.6617784e+03   1.5845611e-05
   1.6630297e+03   1.5715079e-05
   1.6642811e+03   1.5585623e-05
   1.6655324e+03   1.5457233e-05
   1.6667838e+03   1.5329901e-05
   1.6680351e+03   1.5203617e-05
   1.6692865e+03   1.5078374e-05
   1.6705378e+03   1.4954163e-05
   1.6717892e+03   1.4830975e-05
   1.6730405e+03   1.4708801e-05
   1.6742919e+03   1.4587635e-05
   1.6755432e+03   1.4467466e-05
   1.6767946e+03   1.4348287e-05
   1.6780459e+03   1.4230090e-05
   1.6792973e+03   1.4112866e-05
   1.6805486e+03   1.3996609e-05
   1.6818000e+03   1.3881308e-05
   1.6830514e+03   1.3766958e-05
   1.6843027e+03   1.3653550e-05
   1.6855541e+03   1.3541076e-05
   1.6868054e+03   1.3429528e-05
   1.6880568e+03   1.3318900e-05
   1.6893081e+03   1.3209182e-05
   1.6905595e+03   1.3100369e-05
   1.6918108e+03   1.2992452e-05
   1.6930622e+03   1.2885424e-05
   1.6943135e+03   1.2779277e-05
   1.6955649e+03   1.2674005e-05
   1.6968162e+03   1.2569600e-05
   1.6980676e+03   1.2466055e-05
   1.6993189e+03   1.2363364e-05
   1.7005703e+03   1.2261518e-05
   1.7018216e+03   1.2160511e-05
   1.7030730e+03   1.2060336e-05
   1.7043243e+03   1.1960986e-05
   1.7055757e+03   1.1862455e-05
   1.7068270e+03   1.1764736e-05
   1.7080784e+03   1.1667821e-05
   1.7093297e+03   1.1571705e-05
   1.7105811e+03   1.1476380e-05
   1.7118324e+03   1.1381841e-05
   1.7130838e+03   1.1288081e-05
   1.7143351e+03   1.1195093e-05
   1.7155865e+03   1.1102871e-05
   1.7168378e+03   1.1011409e-05
   1.7180892e+03   1.0920700e-05
   1.7193405e+03   1.0830738e-05
   1.7205919e+03   1.0741518e-05
   1.7218432e+03   1.0653032e-05
   1.7230946e+03   1.0565275e-05
   1.7243459e+03   1.0478242e-05
   1.7255973e+03   1.0391925e-05
   1.7268486e+03   1.0306319e-05
   1.7281000e+03   1.0221419e-05
   1.7293514e+03   1.0137218e-05
   1.7306027e+03   1.0053710e-05
   1.7318541e+03   9.9708904e-06
   1.7331054e+03   9.8887530e-06
   1.7343568e+03   9.8072923e-06
   1.7356081e+03   9.7265026e-06
   1.7368595e+03   9.6463784e-06
   1.7381108e+03   9.5669143e-06
   1.7393622e+03   9.4881048e-06
   1.7406135e+03   9.4099445e-06
   1.7418649e+03   9.3324280e-06
   1.7431162e+03   9.2555501e-06
   1.7443676e+03   9.1793056e-06
   1.7456189e+03   9.1036890e-06
   1.7468703e+03   9.0286954e-06
   1.7481216e+03   8.9543196e-06
   1.7493730e+03   8.8805565e-06
   1.7506243e+03   8.8074010e-06
   1.7518757e+03   8.7348481e-06
   1.7531270e+03   8.6628929e-06
   1.7543784e+03   8.5915305e-06
   1.7556297e+03   8.5207559e-06
   1.7568811e+03   8.4505643e-06
   1.7581324e+03   8.3809510e-06
   1.7593838e+03   8.3119111e-06
   1.7606351e+03   8.2434399e-06
   1.7618865e+03   8.1755328e-06
   1.7631378e+03   8.1081851e-06
   1.7643892e+03   8.0413922e-06
   1.7656405e+03   7.9751494e-06
   1.7668919e+03   7.9094524e-06
   1.7681432e+03   7.8442966e-06
   1.7693946e+03   7.7796775e-06
   1.7706459e+03   7.7155908e-06
   1.7718973e+03   7.6520319e-06
   1.7731486e+03   7.5889966e-06
   1.7744000e+03   7.5264806e-06
