   4.1350000e+02   1.4097145e-04
   4.1655135e+02   1.4698495e-04
   4.1960270e+02   1.5319304e-04
   4.2265405e+02   1.5959890e-04
   4.2570541e+02   1.6620563e-04
   4.2875676e+02   1.7301621e-04
   4.3180811e+02   1.8003350e-04
   4.3485946e+02   1.8726025e-04
   4.3791081e+02   1.9469908e-04
   4.4096216e+02   2.0235247e-04
   4.4401351e+02   2.1022273e-04
   4.4706486e+02   2.1831205e-04
   4.5011622e+02   2.2662243e-04
   4.5316757e+02   2.3515569e-04
   4.5621892e+02   2.4391349e-04
   4.5927027e+02   2.5289730e-04
   4.6232162e+02   2.6210837e-04
   4.6537297e+02   2.7154776e-04
   4.6842432e+02   2.8121631e-04
   4.7147568e+02   2.9111465e-04
   4.7452703e+02   3.0124317e-04
   4.7757838e+02   3.1160203e-04
   4.8062973e+02   3.2219114e-04
   4.8368108e+02   3.3301017e-04
   4.8673243e+02   3.4405852e-04
   4.8978378e+02   3.5533535e-04
   4.9283514e+02   3.6683953e-04
   4.9588649e+02   3.7856968e-04
   4.9893784e+02   3.9052412e-04
   5.0198919e+02   4.0270090e-04
   5.0504054e+02   4.1509779e-04
   5.0809189e+02   4.2771226e-04
   5.1114324e+02   4.4054149e-04
   5.1419459e+02   4.5358237e-04
   5.1724595e+02   4.6683148e-04
   5.2029730e+02   4.8028512e-04
   5.2334865e+02   4.9393926e-04
   5.2640000e+02   5.0778961e-04
   5.2945135e+02   5.2183155e-04
   5.3250270e+02   5.3606017e-04
   5.3555405e+02   5.5047025e-04
   5.3860541e+02   5.6505630e-04
   5.4165676e+02   5.7981252e-04
   5.4470811e+02   5.9473281e-04
   5.4775946e+02   6.0981079e-04
   5.5081081e+02   6.2503981e-04
   5.5386216e+02   6.4041292e-04
   5.5691351e+02   6.5592291e-04
   5.5996486e+02   6.7156230e-04
   5.6301622e+02   6.8732335e-04
   5.6606757e+02   7.0319808e-04
   5.6911892e+02   7.1917824e-04
   5.7217027e+02   7.3525536e-04
   5.7522162e+02   7.5142074e-04
   5.7827297e+02   7.6766547e-04
   5.8132432e+02   7.8398042e-04
   5.8437568e+02   8.0035627e-04
   5.8742703e+02   8.1678351e-04
   5.9047838e+02   8.3325246e-04
   5.9352973e+02   8.4975328e-04
   5.9658108e+02   8.6627597e-04
   5.9963243e+02   8.8281041e-04
   6.0268378e+02   8.9934633e-04
   6.0573514e+02   9.1587339e-04
   6.0878649e+02   9.3238111e-04
   6.1183784e+02   9.4885897e-04
   6.1488919e+02   9.6529635e-04
   6.1794054e+02   9.8168260e-04
   6.2099189e+02   9.9800702e-04
   6.2404324e+02   1.0142589e-03
   6.2709459e+02   1.0304275e-03
   6.3014595e+02   1.0465021e-03
   6.3319730e+02   1.0624720e-03
   6.3624865e+02   1.0783267e-03
   6.3930000e+02   1.0940553e-03
   6.4235135e+02   1.1096476e-03
   6.4540270e+02   1.1250929e-03
   6.4845405e+02   1.1403810e-03
   6.5150541e+02   1.1555016e-03
   6.5455676e+02   1.1704447e-03
   6.5760811e+02   1.1852003e-03
   6.6065946e+02   1.1997587e-03
   6.6371081e+02   1.2141101e-03
   6.6676216e+02   1.2282452e-03
   6.6981351e+02   1.2421548e-03
   6.7286486e+02   1.2558298e-03
   6.7591622e+02   1.2692614e-03
   6.7896757e+02   1.2824412e-03
   6.8201892e+02   1.2953608e-03
   6.8507027e+02   1.3080122e-03
   6.8812162e+02   1.3203877e-03
   6.9117297e+02   1.3324797e-03
   6.9422432e+02   1.3442811e-03
   6.9727568e+02   1.3557850e-03
   7.0032703e+02   1.3669848e-03
   7.0337838e+02   1.3778743e-03
   7.0642973e+02   1.3884476e-03
   7.0948108e+02   1.3986990e-03
   7.1253243e+02   1.4086234e-03
   7.1558378e+02   1.4182157e-03
   7.1863514e+02   1.4274714e-03
   7.2168649e+02   1.4363864e-03
   7.2473784e+02   1.4449567e-03
   7.2778919e+02   1.4531788e-03
   7.3084054e+02   1.4610496e-03
   7.3389189e+02   1.4685664e-03
   7.3694324e+02   1.4757266e-03
   7.3999459e+02   1.4825283e-03
   7.4304595e+02   1.4889696e-03
   7.4609730e+02   1.4950494e-03
   7.4914865e+02   1.5007665e-03
   7.5220000e+02   1.5061205e-03
   7.5525135e+02   1.5111108e-03
   7.5830270e+02   1.5157377e-03
   7.6135405e+02   1.5200016e-03
   7.6440541e+02   1.5239031e-03
   7.6745676e+02   1.5274434e-03
   7.7050811e+02   1.5306238e-03
   7.7355946e+02   1.5334461e-03
   7.7661081e+02   1.5359122e-03
   7.7966216e+02   1.5380246e-03
   7.8271351e+02   1.5397859e-03
   7.8576486e+02   1.5411989e-03
   7.8881622e+02   1.5422669e-03
   7.9186757e+02   1.5429933e-03
   7.9491892e+02   1.5433819e-03
   7.9797027e+02   1.5434367e-03
   8.0102162e+02   1.5431618e-03
   8.0407297e+02   1.5425617e-03
   8.0712432e+02   1.5416411e-03
   8.1017568e+02   1.5404049e-03
   8.1322703e+02   1.5388581e-03
   8.1627838e+02   1.5370061e-03
   8.1932973e+02   1.5348542e-03
   8.2238108e+02   1.5324081e-03
   8.2543243e+02   1.5296736e-03
   8.2848378e+02   1.5266565e-03
   8.3153514e+02   1.5233630e-03
   8.3458649e+02   1.5197992e-03
   8.3763784e+02   1.5159714e-03
   8.4068919e+02   1.5118860e-03
   8.4374054e+02   1.5075494e-03
   8.4679189e+02   1.5029682e-03
   8.4984324e+02   1.4981490e-03
   8.5289459e+02   1.4930986e-03
   8.5594595e+02   1.4878236e-03
   8.5899730e+02   1.4823308e-03
   8.6204865e+02   1.4766271e-03
   8.6510000e+02   1.4707191e-03
   8.6815135e+02   1.4646138e-03
   8.7120270e+02   1.4583180e-03
   8.7425405e+02   1.4518385e-03
   8.7730541e+02   1.4451820e-03
   8.8035676e+02   1.4383554e-03
   8.8340811e+02   1.4313655e-03
   8.8645946e+02   1.4242188e-03
   8.8951081e+02   1.4169221e-03
   8.9256216e+02   1.4094819e-03
   8.9561351e+02   1.4019048e-03
   8.9866486e+02   1.3941973e-03
   9.0171622e+02   1.3863657e-03
   9.0476757e+02   1.3784163e-03
   9.0781892e+02   1.3703555e-03
   9.1087027e+02   1.3621892e-03
   9.1392162e+02   1.3539236e-03
   9.1697297e+02   1.3455646e-03
   9.2002432e+02   1.3371180e-03
   9.2307568e+02   1.3285895e-03
   9.2612703e+02   1.3199848e-03
   9.2917838e+02   1.3113093e-03
   9.3222973e+02   1.3025686e-03
   9.3528108e+02   1.2937677e-03
   9.3833243e+02   1.2849119e-03
   9.4138378e+02   1.2760061e-03
   9.4443514e+02   1.2670554e-03
   9.4748649e+02   1.2580644e-03
   9.5053784e+02   1.2490377e-03
   9.5358919e+02   1.2399800e-03
   9.5664054e+02   1.2308956e-03
   9.5969189e+02   1.2217887e-03
   9.6274324e+02   1.2126634e-03
   9.6579459e+02   1.2035238e-03
   9.6884595e+02   1.1943738e-03
   9.7189730e+02   1.1852170e-03
   9.7494865e+02   1.1760571e-03
   9.7800000e+02   1.1668975e-03
   9.8105135e+02   1.1577417e-03
   9.8410270e+02   1.1485929e-03
   9.8715405e+02   1.1394541e-03
   9.9020541e+02   1.1303283e-03
   9.9325676e+02   1.1212185e-03
   9.9630811e+02   1.1121274e-03
   9.9935946e+02   1.1030576e-03
   1.0024108e+03   1.0940117e-03
   1.0054622e+03   1.0849920e-03
   1.0085135e+03   1.0760009e-03
   1.0115649e+03   1.0670405e-03
   1.0146162e+03   1.0581129e-03
   1.0176676e+03   1.0492202e-03
   1.0207189e+03   1.0403641e-03
   1.0237703e+03   1.0315466e-03
   1.0268216e+03   1.0227692e-03
   1.0298730e+03   1.0140337e-03
   1.0329243e+03   1.0053414e-03
   1.0359757e+03   9.9669379e-04
   1.0390270e+03   9.8809225e-04
   1.0420784e+03   9.7953800e-04
   1.0451297e+03   9.7103222e-04
   1.0481811e+03   9.6257599e-04
   1.0512324e+03   9.5417035e-04
   1.0542838e+03   9.4581623e-04
   1.0573351e+03   9.3751452e-04
   1.0603865e+03   9.2926601e-04
   1.0634378e+03   9.2107147e-04
   1.0664892e+03   9.1293156e-04
   1.0695405e+03   9.0484692e-04
   1.0725919e+03   8.9681810e-04
   1.0756432e+03   8.8884562e-04
   1.0786946e+03   8.8092993e-04
   1.0817459e+03   8.7307143e-04
   1.0847973e+03   8.6527049e-04
   1.0878486e+03   8.5752741e-04
   1.0909000e+03   8.4984245e-04
   1.0939514e+03   8.4221585e-04
   1.0970027e+03   8.3464778e-04
   1.1000541e+03   8.2713839e-04
   1.1031054e+03   8.1968779e-04
   1.1061568e+03   8.1229604e-04
   1.1092081e+03   8.0496319e-04
   1.1122595e+03   7.9768924e-04
   1.1153108e+03   7.9047418e-04
   1.1183622e+03   7.8331795e-04
   1.1214135e+03   7.7622048e-04
   1.1244649e+03   7.6918166e-04
   1.1275162e+03   7.6220137e-04
   1.1305676e+03   7.5527947e-04
   1.1336189e+03   7.4841578e-04
   1.1366703e+03   7.4161012e-04
   1.1397216e+03   7.3486227e-04
   1.1427730e+03   7.2817202e-04
   1.1458243e+03   7.2153913e-04
   1.1488757e+03   7.1496334e-04
   1.1519270e+03   7.0844438e-04
   1.1549784e+03   7.0198197e-04
   1.1580297e+03   6.9557581e-04
   1.1610811e+03   6.8922561e-04
   1.1641324e+03   6.8293104e-04
   1.1671838e+03   6.7669177e-04
   1.1702351e+03   6.7050748e-04
   1.1732865e+03   6.6437783e-04
   1.1763378e+03   6.5830245e-04
   1.1793892e+03   6.5228100e-04
   1.1824405e+03   6.4631312e-04
   1.1854919e+03   6.4039843e-04
   1.1885432e+03   6.3453656e-04
   1.1915946e+03   6.2872714e-04
   1.1946459e+03   6.2296979e-04
   1.1976973e+03   6.1726412e-04
   1.2007486e+03   6.1160975e-04
   1.2038000e+03   6.0600628e-04
   1.2068514e+03   6.0045332e-04
   1.2099027e+03   5.9495049e-04
   1.2129541e+03   5.8949738e-04
   1.2160054e+03   5.8409360e-04
   1.2190568e+03   5.7873876e-04
   1.2221081e+03   5.7343245e-04
   1.2251595e+03   5.6817429e-04
   1.2282108e+03   5.6296387e-04
   1.2312622e+03   5.5780080e-04
   1.2343135e+03   5.5268467e-04
   1.2373649e+03   5.4761511e-04
   1.2404162e+03   5.4259170e-04
   1.2434676e+03   5.3761407e-04
   1.2465189e+03   5.3268181e-04
   1.2495703e+03   5.2779454e-04
   1.2526216e+03   5.2295187e-04
   1.2556730e+03   5.1815341e-04
   1.2587243e+03   5.1339877e-04
   1.2617757e+03   5.0868758e-04
   1.2648270e+03   5.0401944e-04
   1.2678784e+03   4.9939399e-04
   1.2709297e+03   4.9481084e-04
   1.2739811e+03   4.9026963e-04
   1.2770324e+03   4.8576997e-04
   1.2800838e+03   4.8131149e-04
   1.2831351e+03   4.7689384e-04
   1.2861865e+03   4.7251664e-04
   1.2892378e+03   4.6817954e-04
   1.2922892e+03   4.6388217e-04
   1.2953405e+03   4.5962417e-04
   1.2983919e+03   4.5540519e-04
   1.3014432e+03   4.5122489e-04
   1.3044946e+03   4.4708290e-04
   1.3075459e+03   4.4297888e-04
   1.3105973e+03   4.3891250e-04
   1.3136486e+03   4.3488340e-04
   1.3167000e+03   4.3089125e-04
   1.3197514e+03   4.2693572e-04
   1.3228027e+03   4.2301646e-04
   1.3258541e+03   4.1913316e-04
   1.3289054e+03   4.1528549e-04
   1.3319568e+03   4.1147311e-04
   1.3350081e+03   4.0769571e-04
   1.3380595e+03   4.0395297e-04
   1.3411108e+03   4.0024457e-04
   1.3441622e+03   3.9657020e-04
   1.3472135e+03   3.9292955e-04
   1.3502649e+03   3.8932231e-04
   1.3533162e+03   3.8574818e-04
   1.3563676e+03   3.8220684e-04
   1.3594189e+03   3.7869801e-04
   1.3624703e+03   3.7522138e-04
   1.3655216e+03   3.7177666e-04
   1.3685730e+03   3.6836356e-04
   1.3716243e+03   3.6498179e-04
   1.3746757e+03   3.6163106e-04
   1.3777270e+03   3.5831109e-04
   1.3807784e+03   3.5502159e-04
   1.3838297e+03   3.5176228e-04
   1.3868811e+03   3.4853290e-04
   1.3899324e+03   3.4533316e-04
   1.3929838e+03   3.4216279e-04
   1.3960351e+03   3.3902152e-04
   1.3990865e+03   3.3590910e-04
   1.4021378e+03   3.3282524e-04
   1.4051892e+03   3.2976969e-04
   1.4082405e+03   3.2674220e-04
   1.4112919e+03   3.2374249e-04
   1.4143432e+03   3.2077033e-04
   1.4173946e+03   3.1782545e-04
   1.4204459e+03   3.1490760e-04
   1.4234973e+03   3.1201654e-04
   1.4265486e+03   3.0915202e-04
   1.4296000e+03   3.0631380e-04
   1.4326514e+03   3.0350164e-04
   1.4357027e+03   3.0071529e-04
   1.4387541e+03   2.9795452e-04
   1.4418054e+03   2.9521910e-04
   1.4448568e+03   2.9250879e-04
   1.4479081e+03   2.8982336e-04
   1.4509595e+03   2.8716259e-04
   1.4540108e+03   2.8452624e-04
   1.4570622e+03   2.8191410e-04
   1.4601135e+03   2.7932594e-04
   1.4631649e+03   2.7676154e-04
   1.4662162e+03   2.7422068e-04
   1.4692676e+03   2.7170315e-04
   1.4723189e+03   2.6920873e-04
   1.4753703e+03   2.6673721e-04
   1.4784216e+03   2.6428838e-04
   1.4814730e+03   2.6186203e-04
   1.4845243e+03   2.5945796e-04
   1.4875757e+03   2.5707596e-04
   1.4906270e+03   2.5471583e-04
   1.4936784e+03   2.5237736e-04
   1.4967297e+03   2.5006036e-04
   1.4997811e+03   2.4776464e-04
   1.5028324e+03   2.4548999e-04
   1.5058838e+03   2.4323622e-04
   1.5089351e+03   2.4100315e-04
   1.5119865e+03   2.3879058e-04
   1.5150378e+03   2.3659832e-04
   1.5180892e+03   2.3442618e-04
   1.5211405e+03   2.3227399e-04
   1.5241919e+03   2.3014155e-04
   1.5272432e+03   2.2802870e-04
   1.5302946e+03   2.2593524e-04
   1.5333459e+03   2.2386100e-04
   1.5363973e+03   2.2180580e-04
   1.5394486e+03   2.1976947e-04
   1.5425000e+03   2.1775184e-04
   1.5455514e+03   2.1575273e-04
   1.5486027e+03   2.1377197e-04
   1.5516541e+03   2.1180940e-04
   1.5547054e+03   2.0986484e-04
   1.5577568e+03   2.0793814e-04
   1.5608081e+03   2.0602912e-04
   1.5638595e+03   2.0413764e-04
   1.5669108e+03   2.0226351e-04
   1.5699622e+03   2.0040660e-04
   1.5730135e+03   1.9856673e-04
   1.5760649e+03   1.9674375e-04
   1.5791162e+03   1.9493751e-04
   1.5821676e+03   1.9314785e-04
   1.5852189e+03   1.9137462e-04
   1.5882703e+03   1.8961767e-04
   1.5913216e+03   1.8787685e-04
   1.5943730e+03   1.8615201e-04
   1.5974243e+03   1.8444301e-04
   1.6004757e+03   1.8274969e-04
   1.6035270e+03   1.8107193e-04
   1.6065784e+03   1.7940956e-04
   1.6096297e+03   1.7776246e-04
   1.6126811e+03   1.7613048e-04
   1.6157324e+03   1.7451348e-04
   1.6187838e+03   1.7291133e-04
   1.6218351e+03   1.7132388e-04
   1.6248865e+03   1.6975101e-04
   1.6279378e+03   1.6819258e-04
   1.6309892e+03   1.6664846e-04
   1.6340405e+03   1.6511851e-04
   1.6370919e+03   1.6360261e-04
   1.6401432e+03   1.6210063e-04
   1.6431946e+03   1.6061243e-04
   1.6462459e+03   1.5913790e-04
   1.6492973e+03   1.5767690e-04
   1.6523486e+03   1.5622932e-04
   1.6554000e+03   1.5479503e-04
   1.6584514e+03   1.5337391e-04
   1.6615027e+03   1.5196583e-04
   1.6645541e+03   1.5057068e-04
   1.6676054e+03   1.4918834e-04
   1.6706568e+03   1.4781869e-04
   1.6737081e+03   1.4646161e-04
   1.6767595e+03   1.4511699e-04
   1.6798108e+03   1.4378472e-04
   1.6828622e+03   1.4246468e-04
   1.6859135e+03   1.4115675e-04
   1.6889649e+03   1.3986084e-04
   1.6920162e+03   1.3857682e-04
   1.6950676e+03   1.3730459e-04
   1.6981189e+03   1.3604404e-04
   1.7011703e+03   1.3479506e-04
   1.7042216e+03   1.3355755e-04
   1.7072730e+03   1.3233140e-04
   1.7103243e+03   1.3111651e-04
   1.7133757e+03   1.2991277e-04
   1.7164270e+03   1.2872008e-04
   1.7194784e+03   1.2753834e-04
   1.7225297e+03   1.2636745e-04
   1.7255811e+03   1.2520731e-04
   1.7286324e+03   1.2405782e-04
   1.7316838e+03   1.2291889e-04
   1.7347351e+03   1.2179041e-04
   1.7377865e+03   1.2067229e-04
   1.7408378e+03   1.1956444e-04
   1.7438892e+03   1.1846675e-04
   1.7469405e+03   1.1737915e-04
   1.7499919e+03   1.1630153e-04
   1.7530432e+03   1.1523380e-04
   1.7560946e+03   1.1417587e-04
   1.7591459e+03   1.1312766e-04
   1.7621973e+03   1.1208907e-04
   1.7652486e+03   1.1106002e-04
   1.7683000e+03   1.1004041e-04
   1.7713514e+03   1.0903016e-04
   1.7744027e+03   1.0802919e-04
   1.7774541e+03   1.0703741e-04
   1.7805054e+03   1.0605473e-04
   1.7835568e+03   1.0508108e-04
   1.7866081e+03   1.0411636e-04
   1.7896595e+03   1.0316050e-04
   1.7927108e+03   1.0221342e-04
   1.7957622e+03   1.0127503e-04
   1.7988135e+03   1.0034526e-04
   1.8018649e+03   9.9424018e-05
   1.8049162e+03   9.8511237e-05
   1.8079676e+03   9.7606836e-05
   1.8110189e+03   9.6710739e-05
   1.8140703e+03   9.5822868e-05
   1.8171216e+03   9.4943149e-05
   1.8201730e+03   9.4071506e-05
   1.8232243e+03   9.3207865e-05
   1.8262757e+03   9.2352153e-05
   1.8293270e+03   9.1504297e-05
   1.8323784e+03   9.0664225e-05
   1.8354297e+03   8.9831865e-05
   1.8384811e+03   8.9007147e-05
   1.8415324e+03   8.8190001e-05
   1.8445838e+03   8.7380356e-05
   1.8476351e+03   8.6578145e-05
   1.8506865e+03   8.5783298e-05
   1.8537378e+03   8.4995749e-05
   1.8567892e+03   8.4215430e-05
   1.8598405e+03   8.3442274e-05
   1.8628919e+03   8.2676217e-05
   1.8659432e+03   8.1917193e-05
   1.8689946e+03   8.1165137e-05
   1.8720459e+03   8.0419985e-05
   1.8750973e+03   7.9681675e-05
   1.8781486e+03   7.8950143e-05
   1.8812000e+03   7.8225326e-05
   1.8842514e+03   7.7507164e-05
   1.8873027e+03   7.6795595e-05
   1.8903541e+03   7.6090559e-05
   1.8934054e+03   7.5391996e-05
   1.8964568e+03   7.4699846e-05
   1.8995081e+03   7.4014050e-05
   1.9025595e+03   7.3334551e-05
   1.9056108e+03   7.2661289e-05
   1.9086622e+03   7.1994209e-05
   1.9117135e+03   7.1333253e-05
   1.9147649e+03   7.0678365e-05
   1.9178162e+03   7.0029489e-05
   1.9208676e+03   6.9386570e-05
   1.9239189e+03   6.8749554e-05
   1.9269703e+03   6.8118386e-05
   1.9300216e+03   6.7493013e-05
   1.9330730e+03   6.6873381e-05
   1.9361243e+03   6.6259437e-05
   1.9391757e+03   6.5651130e-05
   1.9422270e+03   6.5048408e-05
   1.9452784e+03   6.4451219e-05
   1.9483297e+03   6.3859513e-05
   1.9513811e+03   6.3273239e-05
   1.9544324e+03   6.2692347e-05
   1.9574838e+03   6.2116789e-05
   1.9605351e+03   6.1546514e-05
   1.9635865e+03   6.0981475e-05
   1.9666378e+03   6.0421623e-05
   1.9696892e+03   5.9866911e-05
   1.9727405e+03   5.9317292e-05
   1.9757919e+03   5.8772719e-05
   1.9788432e+03   5.8233145e-05
   1.9818946e+03   5.7698525e-05
   1.9849459e+03   5.7168813e-05
   1.9879973e+03   5.6643964e-05
   1.9910486e+03   5.6123934e-05
   1.9941000e+03   5.5608678e-05
   1.9971514e+03   5.5098152e-05
   2.0002027e+03   5.4592313e-05
   2.0032541e+03   5.4091118e-05
   2.0063054e+03   5.3594525e-05
   2.0093568e+03   5.3102490e-05
   2.0124081e+03   5.2614973e-05
   2.0154595e+03   5.2131932e-05
   2.0185108e+03   5.1653325e-05
   2.0215622e+03   5.1179112e-05
   2.0246135e+03   5.0709253e-05
   2.0276649e+03   5.0243707e-05
   2.0307162e+03   4.9782436e-05
   2.0337676e+03   4.9325399e-05
   2.0368189e+03   4.8872558e-05
   2.0398703e+03   4.8423874e-05
   2.0429216e+03   4.7979310e-05
   2.0459730e+03   4.7538827e-05
   2.0490243e+03   4.7102388e-05
   2.0520757e+03   4.6669956e-05
   2.0551270e+03   4.6241494e-05
   2.0581784e+03   4.5816965e-05
   2.0612297e+03   4.5396334e-05
   2.0642811e+03   4.4979565e-05
   2.0673324e+03   4.4566622e-05
   2.0703838e+03   4.4157470e-05
   2.0734351e+03   4.3752074e-05
   2.0764865e+03   4.3350400e-05
   2.0795378e+03   4.2952413e-05
   2.0825892e+03   4.2558081e-05
   2.0856405e+03   4.2167369e-05
   2.0886919e+03   4.1780243e-05
   2.0917432e+03   4.1396672e-05
   2.0947946e+03   4.1016622e-05
   2.0978459e+03   4.0640062e-05
   2.1008973e+03   4.0266958e-05
   2.1039486e+03   3.9897280e-05
   2.1070000e+03   3.9530996e-05
   2.1100514e+03   3.9168074e-05
   2.1131027e+03   3.8808484e-05
   2.1161541e+03   3.8452196e-05
   2.1192054e+03   3.8099178e-05
   2.1222568e+03   3.7749402e-05
   2.1253081e+03   3.7402836e-05
   2.1283595e+03   3.7059453e-05
   2.1314108e+03   3.6719222e-05
   2.1344622e+03   3.6382114e-05
   2.1375135e+03   3.6048101e-05
   2.1405649e+03   3.5717155e-05
   2.1436162e+03   3.5389247e-05
   2.1466676e+03   3.5064350e-05
   2.1497189e+03   3.4742435e-05
   2.1527703e+03   3.4423476e-05
   2.1558216e+03   3.4107445e-05
   2.1588730e+03   3.3794315e-05
   2.1619243e+03   3.3484060e-05
   2.1649757e+03   3.3176653e-05
   2.1680270e+03   3.2872069e-05
   2.1710784e+03   3.2570281e-05
   2.1741297e+03   3.2271263e-05
   2.1771811e+03   3.1974991e-05
   2.1802324e+03   3.1681439e-05
   2.1832838e+03   3.1390582e-05
   2.1863351e+03   3.1102395e-05
   2.1893865e+03   3.0816853e-05
   2.1924378e+03   3.0533934e-05
   2.1954892e+03   3.0253611e-05
   2.1985405e+03   2.9975862e-05
   2.2015919e+03   2.9700663e-05
   2.2046432e+03   2.9427991e-05
   2.2076946e+03   2.9157822e-05
   2.2107459e+03   2.8890133e-05
   2.2137973e+03   2.8624902e-05
   2.2168486e+03   2.8362106e-05
   2.2199000e+03   2.8101722e-05
   2.2229514e+03   2.7843729e-05
   2.2260027e+03   2.7588105e-05
   2.2290541e+03   2.7334827e-05
   2.2321054e+03   2.7083875e-05
   2.2351568e+03   2.6835226e-05
   2.2382081e+03   2.6588860e-05
   2.2412595e+03   2.6344756e-05
   2.2443108e+03   2.6102893e-05
   2.2473622e+03   2.5863251e-05
   2.2504135e+03   2.5625809e-05
   2.2534649e+03   2.5390546e-05
   2.2565162e+03   2.5157444e-05
   2.2595676e+03   2.4926481e-05
   2.2626189e+03   2.4697639e-05
   2.2656703e+03   2.4470898e-05
   2.2687216e+03   2.4246238e-05
   2.2717730e+03   2.4023641e-05
   2.2748243e+03   2.3803088e-05
   2.2778757e+03   2.3584559e-05
   2.2809270e+03   2.3368037e-05
   2.2839784e+03   2.3153502e-05
   2.2870297e+03   2.2940937e-05
   2.2900811e+03   2.2730324e-05
   2.2931324e+03   2.2521644e-05
   2.2961838e+03   2.2314880e-05
   2.2992351e+03   2.2110014e-05
   2.3022865e+03   2.1907029e-05
   2.3053378e+03   2.1705907e-05
   2.3083892e+03   2.1506632e-05
   2.3114405e+03   2.1309186e-05
   2.3144919e+03   2.1113553e-05
   2.3175432e+03   2.0919717e-05
   2.3205946e+03   2.0727659e-05
   2.3236459e+03   2.0537365e-05
   2.3266973e+03   2.0348818e-05
   2.3297486e+03   2.0162002e-05
   2.3328000e+03   1.9976901e-05
   2.3358514e+03   1.9793499e-05
   2.3389027e+03   1.9611782e-05
   2.3419541e+03   1.9431732e-05
   2.3450054e+03   1.9253335e-05
   2.3480568e+03   1.9076577e-05
   2.3511081e+03   1.8901441e-05
   2.3541595e+03   1.8727912e-05
   2.3572108e+03   1.8555977e-05
   2.3602622e+03   1.8385621e-05
   2.3633135e+03   1.8216828e-05
   2.3663649e+03   1.8049585e-05
   2.3694162e+03   1.7883878e-05
   2.3724676e+03   1.7719692e-05
   2.3755189e+03   1.7557013e-05
   2.3785703e+03   1.7395827e-05
   2.3816216e+03   1.7236122e-05
   2.3846730e+03   1.7077882e-05
   2.3877243e+03   1.6921096e-05
   2.3907757e+03   1.6765748e-05
   2.3938270e+03   1.6611827e-05
   2.3968784e+03   1.6459319e-05
   2.3999297e+03   1.6308212e-05
   2.4029811e+03   1.6158491e-05
   2.4060324e+03   1.6010145e-05
   2.4090838e+03   1.5863161e-05
   2.4121351e+03   1.5717526e-05
   2.4151865e+03   1.5573229e-05
   2.4182378e+03   1.5430256e-05
   2.4212892e+03   1.5288595e-05
   2.4243405e+03   1.5148236e-05
   2.4273919e+03   1.5009164e-05
   2.4304432e+03   1.4871370e-05
   2.4334946e+03   1.4734841e-05
   2.4365459e+03   1.4599565e-05
   2.4395973e+03   1.4465531e-05
   2.4426486e+03   1.4332727e-05
   2.4457000e+03   1.4201143e-05
   2.4487514e+03   1.4070767e-05
   2.4518027e+03   1.3941588e-05
   2.4548541e+03   1.3813594e-05
   2.4579054e+03   1.3686776e-05
   2.4609568e+03   1.3561122e-05
   2.4640081e+03   1.3436622e-05
   2.4670595e+03   1.3313264e-05
   2.4701108e+03   1.3191039e-05
   2.4731622e+03   1.3069937e-05
   2.4762135e+03   1.2949946e-05
   2.4792649e+03   1.2831056e-05
   2.4823162e+03   1.2713258e-05
   2.4853676e+03   1.2596542e-05
   2.4884189e+03   1.2480897e-05
   2.4914703e+03   1.2366314e-05
   2.4945216e+03   1.2252783e-05
   2.4975730e+03   1.2140294e-05
   2.5006243e+03   1.2028838e-05
   2.5036757e+03   1.1918405e-05
   2.5067270e+03   1.1808986e-05
   2.5097784e+03   1.1700571e-05
   2.5128297e+03   1.1593152e-05
   2.5158811e+03   1.1486719e-05
   2.5189324e+03   1.1381263e-05
   2.5219838e+03   1.1276775e-05
   2.5250351e+03   1.1173246e-05
   2.5280865e+03   1.1070668e-05
   2.5311378e+03   1.0969032e-05
   2.5341892e+03   1.0868329e-05
   2.5372405e+03   1.0768550e-05
   2.5402919e+03   1.0669688e-05
   2.5433432e+03   1.0571732e-05
   2.5463946e+03   1.0474677e-05
   2.5494459e+03   1.0378512e-05
   2.5524973e+03   1.0283230e-05
   2.5555486e+03   1.0188823e-05
   2.5586000e+03   1.0095283e-05
   2.5616514e+03   1.0002601e-05
   2.5647027e+03   9.9107704e-06
   2.5677541e+03   9.8197828e-06
   2.5708054e+03   9.7296305e-06
   2.5738568e+03   9.6403058e-06
   2.5769081e+03   9.5518012e-06
   2.5799595e+03   9.4641091e-06
   2.5830108e+03   9.3772221e-06
   2.5860622e+03   9.2911328e-06
   2.5891135e+03   9.2058338e-06
   2.5921649e+03   9.1213180e-06
   2.5952162e+03   9.0375780e-06
   2.5982676e+03   8.9546069e-06
   2.6013189e+03   8.8723975e-06
   2.6043703e+03   8.7909428e-06
   2.6074216e+03   8.7102359e-06
   2.6104730e+03   8.6302700e-06
   2.6135243e+03   8.5510382e-06
   2.6165757e+03   8.4725338e-06
   2.6196270e+03   8.3947502e-06
   2.6226784e+03   8.3176806e-06
   2.6257297e+03   8.2413186e-06
   2.6287811e+03   8.1656577e-06
   2.6318324e+03   8.0906914e-06
   2.6348838e+03   8.0164133e-06
   2.6379351e+03   7.9428171e-06
   2.6409865e+03   7.8698966e-06
   2.6440378e+03   7.7976456e-06
   2.6470892e+03   7.7260579e-06
   2.6501405e+03   7.6551274e-06
   2.6531919e+03   7.5848481e-06
   2.6562432e+03   7.5152140e-06
   2.6592946e+03   7.4462192e-06
   2.6623459e+03   7.3778578e-06
   2.6653973e+03   7.3101240e-06
   2.6684486e+03   7.2430120e-06
   2.6715000e+03   7.1765162e-06
   2.6745514e+03   7.1106309e-06
   2.6776027e+03   7.0453504e-06
   2.6806541e+03   6.9806693e-06
   2.6837054e+03   6.9165820e-06
   2.6867568e+03   6.8530830e-06
   2.6898081e+03   6.7901670e-06
   2.6928595e+03   6.7278287e-06
   2.6959108e+03   6.6660626e-06
   2.6989622e+03   6.6048636e-06
   2.7020135e+03   6.5442264e-06
   2.7050649e+03   6.4841459e-06
   2.7081162e+03   6.4246170e-06
   2.7111676e+03   6.3656347e-06
   2.7142189e+03   6.3071938e-06
   2.7172703e+03   6.2492894e-06
   2.7203216e+03   6.1919167e-06
   2.7233730e+03   6.1350706e-06
   2.7264243e+03   6.0787465e-06
   2.7294757e+03   6.0229394e-06
   2.7325270e+03   5.9676447e-06
   2.7355784e+03   5.9128577e-06
   2.7386297e+03   5.8585736e-06
   2.7416811e+03   5.8047879e-06
   2.7447324e+03   5.7514959e-06
   2.7477838e+03   5.6986933e-06
   2.7508351e+03   5.6463754e-06
   2.7538865e+03   5.5945378e-06
   2.7569378e+03   5.5431761e-06
   2.7599892e+03   5.4922859e-06
   2.7630405e+03   5.4418630e-06
   2.7660919e+03   5.3919030e-06
   2.7691432e+03   5.3424016e-06
   2.7721946e+03   5.2933547e-06
   2.7752459e+03   5.2447581e-06
   2.7782973e+03   5.1966076e-06
   2.7813486e+03   5.1488992e-06
   2.7844000e+03   5.1016288e-06
   2.7874514e+03   5.0547924e-06
   2.7905027e+03   5.0083859e-06
   2.7935541e+03   4.9624055e-06
   2.7966054e+03   4.9168472e-06
   2.7996568e+03   4.8717072e-06
   2.8027081e+03   4.8269816e-06
   2.8057595e+03   4.7826666e-06
   2.8088108e+03   4.7387584e-06
   2.8118622e+03   4.6952534e-06
   2.8149135e+03   4.6521478e-06
   2.8179649e+03   4.6094379e-06
   2.8210162e+03   4.5671201e-06
   2.8240676e+03   4.5251908e-06
   2.8271189e+03   4.4836464e-06
   2.8301703e+03   4.4424835e-06
   2.8332216e+03   4.4016984e-06
   2.8362730e+03   4.3612878e-06
   2.8393243e+03   4.3212482e-06
   2.8423757e+03   4.2815762e-06
   2.8454270e+03   4.2422684e-06
   2.8484784e+03   4.2033215e-06
   2.8515297e+03   4.1647321e-06
   2.8545811e+03   4.1264970e-06
   2.8576324e+03   4.0886130e-06
   2.8606838e+03   4.0510767e-06
   2.8637351e+03   4.0138850e-06
   2.8667865e+03   3.9770348e-06
   2.8698378e+03   3.9405229e-06
   2.8728892e+03   3.9043462e-06
   2.8759405e+03   3.8685017e-06
   2.8789919e+03   3.8329862e-06
   2.8820432e+03   3.7977967e-06
   2.8850946e+03   3.7629304e-06
   2.8881459e+03   3.7283841e-06
   2.8911973e+03   3.6941550e-06
   2.8942486e+03   3.6602401e-06
   2.8973000e+03   3.6266366e-06
   2.9003514e+03   3.5933416e-06
   2.9034027e+03   3.5603523e-06
   2.9064541e+03   3.5276658e-06
   2.9095054e+03   3.4952794e-06
   2.9125568e+03   3.4631903e-06
   2.9156081e+03   3.4313959e-06
   2.9186595e+03   3.3998933e-06
   2.9217108e+03   3.3686800e-06
   2.9247622e+03   3.3377532e-06
   2.9278135e+03   3.3071103e-06
   2.9308649e+03   3.2767488e-06
   2.9339162e+03   3.2466660e-06
   2.9369676e+03   3.2168594e-06
   2.9400189e+03   3.1873264e-06
   2.9430703e+03   3.1580646e-06
   2.9461216e+03   3.1290714e-06
   2.9491730e+03   3.1003444e-06
   2.9522243e+03   3.0718811e-06
   2.9552757e+03   3.0436791e-06
   2.9583270e+03   3.0157361e-06
   2.9613784e+03   2.9880495e-06
   2.9644297e+03   2.9606172e-06
   2.9674811e+03   2.9334367e-06
   2.9705324e+03   2.9065057e-06
   2.9735838e+03   2.8798220e-06
   2.9766351e+03   2.8533833e-06
   2.9796865e+03   2.8271873e-06
   2.9827378e+03   2.8012318e-06
   2.9857892e+03   2.7755145e-06
   2.9888405e+03   2.7500334e-06
   2.9918919e+03   2.7247862e-06
   2.9949432e+03   2.6997708e-06
   2.9979946e+03   2.6749851e-06
   3.0010459e+03   2.6504269e-06
   3.0040973e+03   2.6260942e-06
   3.0071486e+03   2.6019848e-06
   3.0102000e+03   2.5780968e-06
   3.0132514e+03   2.5544281e-06
   3.0163027e+03   2.5309767e-06
   3.0193541e+03   2.5077406e-06
   3.0224054e+03   2.4847179e-06
   3.0254568e+03   2.4619064e-06
   3.0285081e+03   2.4393045e-06
   3.0315595e+03   2.4169100e-06
   3.0346108e+03   2.3947211e-06
   3.0376622e+03   2.3727359e-06
   3.0407135e+03   2.3509526e-06
   3.0437649e+03   2.3293692e-06
   3.0468162e+03   2.3079840e-06
   3.0498676e+03   2.2867951e-06
   3.0529189e+03   2.2658008e-06
   3.0559703e+03   2.2449992e-06
   3.0590216e+03   2.2243886e-06
   3.0620730e+03   2.2039672e-06
   3.0651243e+03   2.1837332e-06
   3.0681757e+03   2.1636851e-06
   3.0712270e+03   2.1438210e-06
   3.0742784e+03   2.1241392e-06
   3.0773297e+03   2.1046382e-06
   3.0803811e+03   2.0853161e-06
   3.0834324e+03   2.0661715e-06
   3.0864838e+03   2.0472026e-06
   3.0895351e+03   2.0284079e-06
   3.0925865e+03   2.0097858e-06
   3.0956378e+03   1.9913345e-06
   3.0986892e+03   1.9730527e-06
   3.1017405e+03   1.9549388e-06
   3.1047919e+03   1.9369911e-06
   3.1078432e+03   1.9192082e-06
   3.1108946e+03   1.9015885e-06
   3.1139459e+03   1.8841306e-06
   3.1169973e+03   1.8668330e-06
   3.1200486e+03   1.8496942e-06
   3.1231000e+03   1.8327128e-06
   3.1261514e+03   1.8158872e-06
   3.1292027e+03   1.7992161e-06
   3.1322541e+03   1.7826981e-06
   3.1353054e+03   1.7663317e-06
   3.1383568e+03   1.7501156e-06
   3.1414081e+03   1.7340483e-06
   3.1444595e+03   1.7181286e-06
   3.1475108e+03   1.7023550e-06
   3.1505622e+03   1.6867262e-06
   3.1536135e+03   1.6712409e-06
   3.1566649e+03   1.6558978e-06
   3.1597162e+03   1.6406955e-06
   3.1627676e+03   1.6256328e-06
   3.1658189e+03   1.6107083e-06
   3.1688703e+03   1.5959209e-06
   3.1719216e+03   1.5812693e-06
   3.1749730e+03   1.5667522e-06
   3.1780243e+03   1.5523683e-06
   3.1810757e+03   1.5381165e-06
   3.1841270e+03   1.5239955e-06
   3.1871784e+03   1.5100042e-06
   3.1902297e+03   1.4961413e-06
   3.1932811e+03   1.4824057e-06
   3.1963324e+03   1.4687962e-06
   3.1993838e+03   1.4553117e-06
   3.2024351e+03   1.4419509e-06
   3.2054865e+03   1.4287128e-06
   3.2085378e+03   1.4155963e-06
   3.2115892e+03   1.4026001e-06
   3.2146405e+03   1.3897233e-06
   3.2176919e+03   1.3769647e-06
   3.2207432e+03   1.3643232e-06
   3.2237946e+03   1.3517978e-06
   3.2268459e+03   1.3393874e-06
   3.2298973e+03   1.3270909e-06
   3.2329486e+03   1.3149073e-06
   3.2360000e+03   1.3028355e-06
   3.2390514e+03   1.2908746e-06
   3.2421027e+03   1.2790235e-06
   3.2451541e+03   1.2672812e-06
   3.2482054e+03   1.2556467e-06
   3.2512568e+03   1.2441190e-06
   3.2543081e+03   1.2326971e-06
   3.2573595e+03   1.2213801e-06
   3.2604108e+03   1.2101670e-06
   3.2634622e+03   1.1990568e-06
   3.2665135e+03   1.1880487e-06
   3.2695649e+03   1.1771416e-06
   3.2726162e+03   1.1663346e-06
   3.2756676e+03   1.1556269e-06
   3.2787189e+03   1.1450174e-06
   3.2817703e+03   1.1345054e-06
   3.2848216e+03   1.1240898e-06
   3.2878730e+03   1.1137699e-06
   3.2909243e+03   1.1035448e-06
   3.2939757e+03   1.0934135e-06
   3.2970270e+03   1.0833752e-06
   3.3000784e+03   1.0734291e-06
   3.3031297e+03   1.0635742e-06
   3.3061811e+03   1.0538099e-06
   3.3092324e+03   1.0441352e-06
   3.3122838e+03   1.0345493e-06
   3.3153351e+03   1.0250515e-06
   3.3183865e+03   1.0156408e-06
   3.3214378e+03   1.0063165e-06
   3.3244892e+03   9.9707783e-07
   3.3275405e+03   9.8792397e-07
   3.3305919e+03   9.7885416e-07
   3.3336432e+03   9.6986761e-07
   3.3366946e+03   9.6096356e-07
   3.3397459e+03   9.5214125e-07
   3.3427973e+03   9.4339995e-07
   3.3458486e+03   9.3473889e-07
   3.3489000e+03   9.2615735e-07
   3.3519514e+03   9.1765459e-07
   3.3550027e+03   9.0922989e-07
   3.3580541e+03   9.0088254e-07
   3.3611054e+03   8.9261182e-07
   3.3641568e+03   8.8441703e-07
   3.3672081e+03   8.7629748e-07
   3.3702595e+03   8.6825247e-07
   3.3733108e+03   8.6028132e-07
   3.3763622e+03   8.5238335e-07
   3.3794135e+03   8.4455788e-07
   3.3824649e+03   8.3680426e-07
   3.3855162e+03   8.2912183e-07
   3.3885676e+03   8.2150992e-07
   3.3916189e+03   8.1396790e-07
   3.3946703e+03   8.0649512e-07
   3.3977216e+03   7.9909094e-07
   3.4007730e+03   7.9175474e-07
   3.4038243e+03   7.8448589e-07
   3.4068757e+03   7.7728377e-07
   3.4099270e+03   7.7014777e-07
   3.4129784e+03   7.6307729e-07
   3.4160297e+03   7.5607172e-07
   3.4190811e+03   7.4913046e-07
   3.4221324e+03   7.4225293e-07
   3.4251838e+03   7.3543854e-07
   3.4282351e+03   7.2868671e-07
   3.4312865e+03   7.2199687e-07
   3.4343378e+03   7.1536845e-07
   3.4373892e+03   7.0880087e-07
   3.4404405e+03   7.0229360e-07
   3.4434919e+03   6.9584606e-07
   3.4465432e+03   6.8945772e-07
   3.4495946e+03   6.8312802e-07
   3.4526459e+03   6.7685644e-07
   3.4556973e+03   6.7064244e-07
   3.4587486e+03   6.6448548e-07
   3.4618000e+03   6.5838505e-07
