   4.9450000e+02   1.3017521e-04
   4.9795375e+02   1.5483723e-04
   5.0140751e+02   1.8320832e-04
   5.0486126e+02   2.1564962e-04
   5.0831502e+02   2.5252099e-04
   5.1176877e+02   2.9417365e-04
   5.1522252e+02   3.4094193e-04
   5.1867628e+02   3.9313430e-04
   5.2213003e+02   4.5102393e-04
   5.2558378e+02   5.1483891e-04
   5.2903754e+02   5.8475250e-04
   5.3249129e+02   6.6087361e-04
   5.3594505e+02   7.4323797e-04
   5.3939880e+02   8.3180019e-04
   5.4285255e+02   9.2642717e-04
   5.4630631e+02   1.0268931e-03
   5.4976006e+02   1.1328763e-03
   5.5321381e+02   1.2439584e-03
   5.5666757e+02   1.3596257e-03
   5.6012132e+02   1.4792727e-03
   5.6357508e+02   1.6022087e-03
   5.6702883e+02   1.7276665e-03
   5.7048258e+02   1.8548129e-03
   5.7393634e+02   1.9827619e-03
   5.7739009e+02   2.1105894e-03
   5.8084384e+02   2.2373486e-03
   5.8429760e+02   2.3620875e-03
   5.8775135e+02   2.4838652e-03
   5.9120511e+02   2.6017693e-03
   5.9465886e+02   2.7149323e-03
   5.9811261e+02   2.8225465e-03
   6.0156637e+02   2.9238780e-03
   6.0502012e+02   3.0182784e-03
   6.0847387e+02   3.1051943e-03
   6.1192763e+02   3.1841740e-03
   6.1538138e+02   3.2548730e-03
   6.1883514e+02   3.3170548e-03
   6.2228889e+02   3.3705909e-03
   6.2574264e+02   3.4154576e-03
   6.2919640e+02   3.4517309e-03
   6.3265015e+02   3.4795787e-03
   6.3610390e+02   3.4992529e-03
   6.3955766e+02   3.5110785e-03
   6.4301141e+02   3.5154435e-03
   6.4646517e+02   3.5127868e-03
   6.4991892e+02   3.5035871e-03
   6.5337267e+02   3.4883515e-03
   6.5682643e+02   3.4676043e-03
   6.6028018e+02   3.4418773e-03
   6.6373393e+02   3.4117004e-03
   6.6718769e+02   3.3775934e-03
   6.7064144e+02   3.3400593e-03
   6.7409520e+02   3.2995779e-03
   6.7754895e+02   3.2566023e-03
   6.8100270e+02   3.2115545e-03
   6.8445646e+02   3.1648239e-03
   6.8791021e+02   3.1167654e-03
   6.9136396e+02   3.0676998e-03
   6.9481772e+02   3.0179135e-03
   6.9827147e+02   2.9676598e-03
   7.0172523e+02   2.9171605e-03
   7.0517898e+02   2.8666078e-03
   7.0863273e+02   2.8161665e-03
   7.1208649e+02   2.7659763e-03
   7.1554024e+02   2.7161540e-03
   7.1899399e+02   2.6667966e-03
   7.2244775e+02   2.6179828e-03
   7.2590150e+02   2.5697759e-03
   7.2935526e+02   2.5222257e-03
   7.3280901e+02   2.4753704e-03
   7.3626276e+02   2.4292383e-03
   7.3971652e+02   2.3838496e-03
   7.4317027e+02   2.3392175e-03
   7.4662402e+02   2.2953496e-03
   7.5007778e+02   2.2522490e-03
   7.5353153e+02   2.2099150e-03
   7.5698529e+02   2.1683441e-03
   7.6043904e+02   2.1275303e-03
   7.6389279e+02   2.0874659e-03
   7.6734655e+02   2.0481418e-03
   7.7080030e+02   2.0095480e-03
   7.7425405e+02   1.9716735e-03
   7.7770781e+02   1.9345071e-03
   7.8116156e+02   1.8980370e-03
   7.8461532e+02   1.8622515e-03
   7.8806907e+02   1.8271383e-03
   7.9152282e+02   1.7926856e-03
   7.9497658e+02   1.7588815e-03
   7.9843033e+02   1.7257139e-03
   8.0188408e+02   1.6931712e-03
   8.0533784e+02   1.6612418e-03
   8.0879159e+02   1.6299142e-03
   8.1224535e+02   1.5991772e-03
   8.1569910e+02   1.5690197e-03
   8.1915285e+02   1.5394308e-03
   8.2260661e+02   1.5103998e-03
   8.2606036e+02   1.4819163e-03
   8.2951411e+02   1.4539699e-03
   8.3296787e+02   1.4265505e-03
   8.3642162e+02   1.3996482e-03
   8.3987538e+02   1.3732532e-03
   8.4332913e+02   1.3473559e-03
   8.4678288e+02   1.3219470e-03
   8.5023664e+02   1.2970173e-03
   8.5369039e+02   1.2725578e-03
   8.5714414e+02   1.2485594e-03
   8.6059790e+02   1.2250137e-03
   8.6405165e+02   1.2019120e-03
   8.6750541e+02   1.1792459e-03
   8.7095916e+02   1.1570073e-03
   8.7441291e+02   1.1351881e-03
   8.7786667e+02   1.1137804e-03
   8.8132042e+02   1.0927763e-03
   8.8477417e+02   1.0721684e-03
   8.8822793e+02   1.0519491e-03
   8.9168168e+02   1.0321111e-03
   8.9513544e+02   1.0126472e-03
   8.9858919e+02   9.9355037e-04
   9.0204294e+02   9.7481367e-04
   9.0549670e+02   9.5643031e-04
   9.0895045e+02   9.3839364e-04
   9.1240420e+02   9.2069710e-04
   9.1585796e+02   9.0333430e-04
   9.1931171e+02   8.8629892e-04
   9.2276547e+02   8.6958481e-04
   9.2621922e+02   8.5318589e-04
   9.2967297e+02   8.3709623e-04
   9.3312673e+02   8.2131000e-04
   9.3658048e+02   8.0582146e-04
   9.4003423e+02   7.9062502e-04
   9.4348799e+02   7.7571515e-04
   9.4694174e+02   7.6108646e-04
   9.5039550e+02   7.4673364e-04
   9.5384925e+02   7.3265150e-04
   9.5730300e+02   7.1883491e-04
   9.6075676e+02   7.0527889e-04
   9.6421051e+02   6.9197851e-04
   9.6766426e+02   6.7892895e-04
   9.7111802e+02   6.6612549e-04
   9.7457177e+02   6.5356347e-04
   9.7802553e+02   6.4123836e-04
   9.8147928e+02   6.2914568e-04
   9.8493303e+02   6.1728104e-04
   9.8838679e+02   6.0564015e-04
   9.9184054e+02   5.9421879e-04
   9.9529429e+02   5.8301282e-04
   9.9874805e+02   5.7201817e-04
   1.0022018e+03   5.6123087e-04
   1.0056556e+03   5.5064699e-04
   1.0091093e+03   5.4026271e-04
   1.0125631e+03   5.3007426e-04
   1.0160168e+03   5.2007794e-04
   1.0194706e+03   5.1027014e-04
   1.0229243e+03   5.0064730e-04
   1.0263781e+03   4.9120593e-04
   1.0298318e+03   4.8194261e-04
   1.0332856e+03   4.7285398e-04
   1.0367393e+03   4.6393674e-04
   1.0401931e+03   4.5518767e-04
   1.0436468e+03   4.4660359e-04
   1.0471006e+03   4.3818140e-04
   1.0505544e+03   4.2991803e-04
   1.0540081e+03   4.2181049e-04
   1.0574619e+03   4.1385585e-04
   1.0609156e+03   4.0605122e-04
   1.0643694e+03   3.9839377e-04
   1.0678231e+03   3.9088073e-04
   1.0712769e+03   3.8350938e-04
   1.0747306e+03   3.7627703e-04
   1.0781844e+03   3.6918108e-04
   1.0816381e+03   3.6221894e-04
   1.0850919e+03   3.5538810e-04
   1.0885456e+03   3.4868607e-04
   1.0919994e+03   3.4211043e-04
   1.0954532e+03   3.3565880e-04
   1.0989069e+03   3.2932884e-04
   1.1023607e+03   3.2311825e-04
   1.1058144e+03   3.1702478e-04
   1.1092682e+03   3.1104622e-04
   1.1127219e+03   3.0518041e-04
   1.1161757e+03   2.9942522e-04
   1.1196294e+03   2.9377856e-04
   1.1230832e+03   2.8823839e-04
   1.1265369e+03   2.8280269e-04
   1.1299907e+03   2.7746951e-04
   1.1334444e+03   2.7223690e-04
   1.1368982e+03   2.6710296e-04
   1.1403520e+03   2.6206585e-04
   1.1438057e+03   2.5712372e-04
   1.1472595e+03   2.5227480e-04
   1.1507132e+03   2.4751732e-04
   1.1541670e+03   2.4284956e-04
   1.1576207e+03   2.3826982e-04
   1.1610745e+03   2.3377645e-04
   1.1645282e+03   2.2936782e-04
   1.1679820e+03   2.2504232e-04
   1.1714357e+03   2.2079840e-04
   1.1748895e+03   2.1663451e-04
   1.1783432e+03   2.1254915e-04
   1.1817970e+03   2.0854083e-04
   1.1852508e+03   2.0460810e-04
   1.1887045e+03   2.0074953e-04
   1.1921583e+03   1.9696373e-04
   1.1956120e+03   1.9324932e-04
   1.1990658e+03   1.8960496e-04
   1.2025195e+03   1.8602933e-04
   1.2059733e+03   1.8252113e-04
   1.2094270e+03   1.7907908e-04
   1.2128808e+03   1.7570195e-04
   1.2163345e+03   1.7238851e-04
   1.2197883e+03   1.6913755e-04
   1.2232420e+03   1.6594790e-04
   1.2266958e+03   1.6281840e-04
   1.2301495e+03   1.5974791e-04
   1.2336033e+03   1.5673534e-04
   1.2370571e+03   1.5377957e-04
   1.2405108e+03   1.5087954e-04
   1.2439646e+03   1.4803421e-04
   1.2474183e+03   1.4524253e-04
   1.2508721e+03   1.4250350e-04
   1.2543258e+03   1.3981612e-04
   1.2577796e+03   1.3717942e-04
   1.2612333e+03   1.3459245e-04
   1.2646871e+03   1.3205426e-04
   1.2681408e+03   1.2956394e-04
   1.2715946e+03   1.2712058e-04
   1.2750483e+03   1.2472330e-04
   1.2785021e+03   1.2237122e-04
   1.2819559e+03   1.2006351e-04
   1.2854096e+03   1.1779931e-04
   1.2888634e+03   1.1557781e-04
   1.2923171e+03   1.1339821e-04
   1.2957709e+03   1.1125971e-04
   1.2992246e+03   1.0916154e-04
   1.3026784e+03   1.0710293e-04
   1.3061321e+03   1.0508315e-04
   1.3095859e+03   1.0310146e-04
   1.3130396e+03   1.0115714e-04
   1.3164934e+03   9.9249482e-05
   1.3199471e+03   9.7377803e-05
   1.3234009e+03   9.5541420e-05
   1.3268547e+03   9.3739669e-05
   1.3303084e+03   9.1971895e-05
   1.3337622e+03   9.0237459e-05
   1.3372159e+03   8.8535731e-05
   1.3406697e+03   8.6866096e-05
   1.3441234e+03   8.5227946e-05
   1.3475772e+03   8.3620690e-05
   1.3510309e+03   8.2043743e-05
   1.3544847e+03   8.0496536e-05
   1.3579384e+03   7.8978506e-05
   1.3613922e+03   7.7489103e-05
   1.3648459e+03   7.6027788e-05
   1.3682997e+03   7.4594031e-05
   1.3717535e+03   7.3187312e-05
   1.3752072e+03   7.1807122e-05
   1.3786610e+03   7.0452960e-05
   1.3821147e+03   6.9124335e-05
   1.3855685e+03   6.7820765e-05
   1.3890222e+03   6.6541779e-05
   1.3924760e+03   6.5286913e-05
   1.3959297e+03   6.4055711e-05
   1.3993835e+03   6.2847727e-05
   1.4028372e+03   6.1662524e-05
   1.4062910e+03   6.0499672e-05
   1.4097447e+03   5.9358749e-05
   1.4131985e+03   5.8239342e-05
   1.4166523e+03   5.7141046e-05
   1.4201060e+03   5.6063461e-05
   1.4235598e+03   5.5006198e-05
   1.4270135e+03   5.3968873e-05
   1.4304673e+03   5.2951111e-05
   1.4339210e+03   5.1952541e-05
   1.4373748e+03   5.0972803e-05
   1.4408285e+03   5.0011541e-05
   1.4442823e+03   4.9068407e-05
   1.4477360e+03   4.8143059e-05
   1.4511898e+03   4.7235162e-05
   1.4546435e+03   4.6344385e-05
   1.4580973e+03   4.5470408e-05
   1.4615511e+03   4.4612912e-05
   1.4650048e+03   4.3771587e-05
   1.4684586e+03   4.2946128e-05
   1.4719123e+03   4.2136236e-05
   1.4753661e+03   4.1341617e-05
   1.4788198e+03   4.0561983e-05
   1.4822736e+03   3.9797052e-05
   1.4857273e+03   3.9046546e-05
   1.4891811e+03   3.8310194e-05
   1.4926348e+03   3.7587727e-05
   1.4960886e+03   3.6878886e-05
   1.4995423e+03   3.6183412e-05
   1.5029961e+03   3.5501053e-05
   1.5064498e+03   3.4831562e-05
   1.5099036e+03   3.4174697e-05
   1.5133574e+03   3.3530220e-05
   1.5168111e+03   3.2897896e-05
   1.5202649e+03   3.2277497e-05
   1.5237186e+03   3.1668797e-05
   1.5271724e+03   3.1071576e-05
   1.5306261e+03   3.0485618e-05
   1.5340799e+03   2.9910711e-05
   1.5375336e+03   2.9346645e-05
   1.5409874e+03   2.8793216e-05
   1.5444411e+03   2.8250224e-05
   1.5478949e+03   2.7717472e-05
   1.5513486e+03   2.7194767e-05
   1.5548024e+03   2.6681919e-05
   1.5582562e+03   2.6178743e-05
   1.5617099e+03   2.5685055e-05
   1.5651637e+03   2.5200678e-05
   1.5686174e+03   2.4725436e-05
   1.5720712e+03   2.4259155e-05
   1.5755249e+03   2.3801668e-05
   1.5789787e+03   2.3352808e-05
   1.5824324e+03   2.2912414e-05
   1.5858862e+03   2.2480324e-05
   1.5893399e+03   2.2056382e-05
   1.5927937e+03   2.1640436e-05
   1.5962474e+03   2.1232334e-05
   1.5997012e+03   2.0831927e-05
   1.6031550e+03   2.0439072e-05
   1.6066087e+03   2.0053625e-05
   1.6100625e+03   1.9675447e-05
   1.6135162e+03   1.9304401e-05
   1.6169700e+03   1.8940353e-05
   1.6204237e+03   1.8583169e-05
   1.6238775e+03   1.8232722e-05
   1.6273312e+03   1.7888883e-05
   1.6307850e+03   1.7551529e-05
   1.6342387e+03   1.7220536e-05
   1.6376925e+03   1.6895786e-05
   1.6411462e+03   1.6577159e-05
   1.6446000e+03   1.6264542e-05
   1.6480538e+03   1.5957820e-05
   1.6515075e+03   1.5656882e-05
   1.6549613e+03   1.5361619e-05
   1.6584150e+03   1.5071925e-05
   1.6618688e+03   1.4787694e-05
   1.6653225e+03   1.4508822e-05
   1.6687763e+03   1.4235210e-05
   1.6722300e+03   1.3966758e-05
   1.6756838e+03   1.3703368e-05
   1.6791375e+03   1.3444946e-05
   1.6825913e+03   1.3191397e-05
   1.6860450e+03   1.2942629e-05
   1.6894988e+03   1.2698553e-05
   1.6929526e+03   1.2459079e-05
   1.6964063e+03   1.2224122e-05
   1.6998601e+03   1.1993595e-05
   1.7033138e+03   1.1767416e-05
   1.7067676e+03   1.1545502e-05
   1.7102213e+03   1.1327773e-05
   1.7136751e+03   1.1114151e-05
   1.7171288e+03   1.0904556e-05
   1.7205826e+03   1.0698915e-05
   1.7240363e+03   1.0497151e-05
   1.7274901e+03   1.0299192e-05
   1.7309438e+03   1.0104967e-05
   1.7343976e+03   9.9144039e-06
   1.7378514e+03   9.7274348e-06
   1.7413051e+03   9.5439916e-06
   1.7447589e+03   9.3640079e-06
   1.7482126e+03   9.1874184e-06
   1.7516664e+03   9.0141590e-06
   1.7551201e+03   8.8441671e-06
   1.7585739e+03   8.6773809e-06
   1.7620276e+03   8.5137400e-06
   1.7654814e+03   8.3531851e-06
   1.7689351e+03   8.1956580e-06
   1.7723889e+03   8.0411016e-06
   1.7758426e+03   7.8894599e-06
   1.7792964e+03   7.7406778e-06
   1.7827502e+03   7.5947016e-06
   1.7862039e+03   7.4514782e-06
   1.7896577e+03   7.3109558e-06
   1.7931114e+03   7.1730834e-06
   1.7965652e+03   7.0378110e-06
   1.8000189e+03   6.9050897e-06
   1.8034727e+03   6.7748712e-06
   1.8069264e+03   6.6471085e-06
   1.8103802e+03   6.5217552e-06
   1.8138339e+03   6.3987658e-06
   1.8172877e+03   6.2780957e-06
   1.8207414e+03   6.1597013e-06
   1.8241952e+03   6.0435397e-06
   1.8276489e+03   5.9295686e-06
   1.8311027e+03   5.8177469e-06
   1.8345565e+03   5.7080339e-06
   1.8380102e+03   5.6003899e-06
   1.8414640e+03   5.4947759e-06
   1.8449177e+03   5.3911537e-06
   1.8483715e+03   5.2894855e-06
   1.8518252e+03   5.1897347e-06
   1.8552790e+03   5.0918649e-06
   1.8587327e+03   4.9958409e-06
   1.8621865e+03   4.9016277e-06
   1.8656402e+03   4.8091912e-06
   1.8690940e+03   4.7184979e-06
   1.8725477e+03   4.6295149e-06
   1.8760015e+03   4.5422100e-06
   1.8794553e+03   4.4565515e-06
   1.8829090e+03   4.3725084e-06
   1.8863628e+03   4.2900502e-06
   1.8898165e+03   4.2091470e-06
   1.8932703e+03   4.1297695e-06
   1.8967240e+03   4.0518890e-06
   1.9001778e+03   3.9754771e-06
   1.9036315e+03   3.9005063e-06
   1.9070853e+03   3.8269493e-06
   1.9105390e+03   3.7547794e-06
   1.9139928e+03   3.6839705e-06
   1.9174465e+03   3.6144970e-06
   1.9209003e+03   3.5463337e-06
   1.9243541e+03   3.4794557e-06
   1.9278078e+03   3.4138390e-06
   1.9312616e+03   3.3494597e-06
   1.9347153e+03   3.2862945e-06
   1.9381691e+03   3.2243205e-06
   1.9416228e+03   3.1635152e-06
   1.9450766e+03   3.1038566e-06
   1.9485303e+03   3.0453230e-06
   1.9519841e+03   2.9878933e-06
   1.9554378e+03   2.9315467e-06
   1.9588916e+03   2.8762626e-06
   1.9623453e+03   2.8220211e-06
   1.9657991e+03   2.7688025e-06
   1.9692529e+03   2.7165875e-06
   1.9727066e+03   2.6653572e-06
   1.9761604e+03   2.6150930e-06
   1.9796141e+03   2.5657768e-06
   1.9830679e+03   2.5173905e-06
   1.9865216e+03   2.4699167e-06
   1.9899754e+03   2.4233382e-06
   1.9934291e+03   2.3776381e-06
   1.9968829e+03   2.3327998e-06
   2.0003366e+03   2.2888071e-06
   2.0037904e+03   2.2456441e-06
   2.0072441e+03   2.2032950e-06
   2.0106979e+03   2.1617445e-06
   2.0141517e+03   2.1209776e-06
   2.0176054e+03   2.0809795e-06
   2.0210592e+03   2.0417357e-06
   2.0245129e+03   2.0032320e-06
   2.0279667e+03   1.9654544e-06
   2.0314204e+03   1.9283892e-06
   2.0348742e+03   1.8920230e-06
   2.0383279e+03   1.8563426e-06
   2.0417817e+03   1.8213351e-06
   2.0452354e+03   1.7869878e-06
   2.0486892e+03   1.7532882e-06
   2.0521429e+03   1.7202241e-06
   2.0555967e+03   1.6877836e-06
   2.0590505e+03   1.6559548e-06
   2.0625042e+03   1.6247262e-06
   2.0659580e+03   1.5940866e-06
   2.0694117e+03   1.5640248e-06
   2.0728655e+03   1.5345299e-06
   2.0763192e+03   1.5055913e-06
   2.0797730e+03   1.4771983e-06
   2.0832267e+03   1.4493408e-06
   2.0866805e+03   1.4220087e-06
   2.0901342e+03   1.3951920e-06
   2.0935880e+03   1.3688810e-06
   2.0970417e+03   1.3430662e-06
   2.1004955e+03   1.3177382e-06
   2.1039492e+03   1.2928879e-06
   2.1074030e+03   1.2685062e-06
   2.1108568e+03   1.2445843e-06
   2.1143105e+03   1.2211135e-06
   2.1177643e+03   1.1980853e-06
   2.1212180e+03   1.1754914e-06
   2.1246718e+03   1.1533236e-06
   2.1281255e+03   1.1315739e-06
   2.1315793e+03   1.1102343e-06
   2.1350330e+03   1.0892971e-06
   2.1384868e+03   1.0687548e-06
   2.1419405e+03   1.0485999e-06
   2.1453943e+03   1.0288250e-06
   2.1488480e+03   1.0094231e-06
   2.1523018e+03   9.9038708e-07
   2.1557556e+03   9.7171003e-07
   2.1592093e+03   9.5338521e-07
   2.1626631e+03   9.3540596e-07
   2.1661168e+03   9.1776577e-07
   2.1695706e+03   9.0045824e-07
   2.1730243e+03   8.8347710e-07
   2.1764781e+03   8.6681620e-07
   2.1799318e+03   8.5046950e-07
   2.1833856e+03   8.3443106e-07
   2.1868393e+03   8.1869509e-07
   2.1902931e+03   8.0325587e-07
   2.1937468e+03   7.8810781e-07
   2.1972006e+03   7.7324541e-07
   2.2006544e+03   7.5866330e-07
   2.2041081e+03   7.4435617e-07
   2.2075619e+03   7.3031886e-07
   2.2110156e+03   7.1654627e-07
   2.2144694e+03   7.0303340e-07
   2.2179231e+03   6.8977537e-07
   2.2213769e+03   6.7676736e-07
   2.2248306e+03   6.6400466e-07
   2.2282844e+03   6.5148264e-07
   2.2317381e+03   6.3919677e-07
   2.2351919e+03   6.2714259e-07
   2.2386456e+03   6.1531573e-07
   2.2420994e+03   6.0371190e-07
   2.2455532e+03   5.9232690e-07
   2.2490069e+03   5.8115661e-07
   2.2524607e+03   5.7019697e-07
   2.2559144e+03   5.5944401e-07
   2.2593682e+03   5.4889383e-07
   2.2628219e+03   5.3854261e-07
   2.2662757e+03   5.2838659e-07
   2.2697294e+03   5.1842211e-07
   2.2731832e+03   5.0864553e-07
   2.2766369e+03   4.9905333e-07
   2.2800907e+03   4.8964202e-07
   2.2835444e+03   4.8040819e-07
   2.2869982e+03   4.7134849e-07
   2.2904520e+03   4.6245965e-07
   2.2939057e+03   4.5373843e-07
   2.2973595e+03   4.4518168e-07
   2.3008132e+03   4.3678630e-07
   2.3042670e+03   4.2854924e-07
   2.3077207e+03   4.2046752e-07
   2.3111745e+03   4.1253821e-07
   2.3146282e+03   4.0475843e-07
   2.3180820e+03   3.9712536e-07
   2.3215357e+03   3.8963624e-07
   2.3249895e+03   3.8228835e-07
   2.3284432e+03   3.7507903e-07
   2.3318970e+03   3.6800567e-07
   2.3353508e+03   3.6106570e-07
   2.3388045e+03   3.5425660e-07
   2.3422583e+03   3.4757591e-07
   2.3457120e+03   3.4102121e-07
   2.3491658e+03   3.3459012e-07
   2.3526195e+03   3.2828031e-07
   2.3560733e+03   3.2208950e-07
   2.3595270e+03   3.1601543e-07
   2.3629808e+03   3.1005590e-07
   2.3664345e+03   3.0420877e-07
   2.3698883e+03   2.9847190e-07
   2.3733420e+03   2.9284322e-07
   2.3767958e+03   2.8732069e-07
   2.3802495e+03   2.8190230e-07
   2.3837033e+03   2.7658609e-07
   2.3871571e+03   2.7137014e-07
   2.3906108e+03   2.6625255e-07
   2.3940646e+03   2.6123148e-07
   2.3975183e+03   2.5630509e-07
   2.4009721e+03   2.5147160e-07
   2.4044258e+03   2.4672927e-07
   2.4078796e+03   2.4207637e-07
   2.4113333e+03   2.3751121e-07
   2.4147871e+03   2.3303215e-07
   2.4182408e+03   2.2863755e-07
   2.4216946e+03   2.2432583e-07
   2.4251483e+03   2.2009542e-07
   2.4286021e+03   2.1594479e-07
   2.4320559e+03   2.1187243e-07
   2.4355096e+03   2.0787687e-07
   2.4389634e+03   2.0395666e-07
   2.4424171e+03   2.0011038e-07
   2.4458709e+03   1.9633663e-07
   2.4493246e+03   1.9263405e-07
   2.4527784e+03   1.8900129e-07
   2.4562321e+03   1.8543705e-07
   2.4596859e+03   1.8194001e-07
   2.4631396e+03   1.7850893e-07
   2.4665934e+03   1.7514255e-07
   2.4700471e+03   1.7183965e-07
   2.4735009e+03   1.6859904e-07
   2.4769547e+03   1.6541955e-07
   2.4804084e+03   1.6230001e-07
   2.4838622e+03   1.5923931e-07
   2.4873159e+03   1.5623632e-07
   2.4907697e+03   1.5328996e-07
   2.4942234e+03   1.5039917e-07
   2.4976772e+03   1.4756289e-07
   2.5011309e+03   1.4478010e-07
   2.5045847e+03   1.4204979e-07
   2.5080384e+03   1.3937097e-07
   2.5114922e+03   1.3674267e-07
   2.5149459e+03   1.3416393e-07
   2.5183997e+03   1.3163382e-07
   2.5218535e+03   1.2915143e-07
   2.5253072e+03   1.2671585e-07
   2.5287610e+03   1.2432620e-07
   2.5322147e+03   1.2198162e-07
   2.5356685e+03   1.1968125e-07
   2.5391222e+03   1.1742426e-07
   2.5425760e+03   1.1520983e-07
   2.5460297e+03   1.1303717e-07
   2.5494835e+03   1.1090548e-07
   2.5529372e+03   1.0881398e-07
   2.5563910e+03   1.0676194e-07
   2.5598447e+03   1.0474858e-07
   2.5632985e+03   1.0277320e-07
   2.5667523e+03   1.0083507e-07
   2.5702060e+03   9.8933489e-08
   2.5736598e+03   9.7067769e-08
   2.5771135e+03   9.5237233e-08
   2.5805673e+03   9.3441218e-08
   2.5840210e+03   9.1679073e-08
   2.5874748e+03   8.9950159e-08
   2.5909285e+03   8.8253849e-08
   2.5943823e+03   8.6589529e-08
   2.5978360e+03   8.4956595e-08
   2.6012898e+03   8.3354456e-08
   2.6047435e+03   8.1782530e-08
   2.6081973e+03   8.0240249e-08
   2.6116511e+03   7.8727052e-08
   2.6151048e+03   7.7242391e-08
   2.6185586e+03   7.5785729e-08
   2.6220123e+03   7.4356537e-08
   2.6254661e+03   7.2954297e-08
   2.6289198e+03   7.1578501e-08
   2.6323736e+03   7.0228650e-08
   2.6358273e+03   6.8904255e-08
   2.6392811e+03   6.7604836e-08
   2.6427348e+03   6.6329922e-08
   2.6461886e+03   6.5079050e-08
   2.6496423e+03   6.3851768e-08
   2.6530961e+03   6.2647631e-08
   2.6565498e+03   6.1466201e-08
   2.6600036e+03   6.0307052e-08
   2.6634574e+03   5.9169761e-08
   2.6669111e+03   5.8053919e-08
   2.6703649e+03   5.6959119e-08
   2.6738186e+03   5.5884965e-08
   2.6772724e+03   5.4831068e-08
   2.6807261e+03   5.3797046e-08
   2.6841799e+03   5.2782523e-08
   2.6876336e+03   5.1787133e-08
   2.6910874e+03   5.0810515e-08
   2.6945411e+03   4.9852313e-08
   2.6979949e+03   4.8912182e-08
   2.7014486e+03   4.7989780e-08
   2.7049024e+03   4.7084773e-08
   2.7083562e+03   4.6196833e-08
   2.7118099e+03   4.5325638e-08
   2.7152637e+03   4.4470872e-08
   2.7187174e+03   4.3632226e-08
   2.7221712e+03   4.2809395e-08
   2.7256249e+03   4.2002081e-08
   2.7290787e+03   4.1209992e-08
   2.7325324e+03   4.0432841e-08
   2.7359862e+03   3.9670345e-08
   2.7394399e+03   3.8922229e-08
   2.7428937e+03   3.8188221e-08
   2.7463474e+03   3.7468055e-08
   2.7498012e+03   3.6761470e-08
   2.7532550e+03   3.6068210e-08
   2.7567087e+03   3.5388024e-08
   2.7601625e+03   3.4720665e-08
   2.7636162e+03   3.4065891e-08
   2.7670700e+03   3.3423465e-08
   2.7705237e+03   3.2793155e-08
   2.7739775e+03   3.2174731e-08
   2.7774312e+03   3.1567969e-08
   2.7808850e+03   3.0972650e-08
   2.7843387e+03   3.0388558e-08
   2.7877925e+03   2.9815480e-08
   2.7912462e+03   2.9253210e-08
   2.7947000e+03   2.8701544e-08
   2.7981538e+03   2.8160280e-08
   2.8016075e+03   2.7629225e-08
   2.8050613e+03   2.7108184e-08
   2.8085150e+03   2.6596969e-08
   2.8119688e+03   2.6095394e-08
   2.8154225e+03   2.5603279e-08
   2.8188763e+03   2.5120444e-08
   2.8223300e+03   2.4646714e-08
   2.8257838e+03   2.4181918e-08
   2.8292375e+03   2.3725888e-08
   2.8326913e+03   2.3278457e-08
   2.8361450e+03   2.2839464e-08
   2.8395988e+03   2.2408750e-08
   2.8430526e+03   2.1986159e-08
   2.8465063e+03   2.1571537e-08
   2.8499601e+03   2.1164733e-08
   2.8534138e+03   2.0765602e-08
   2.8568676e+03   2.0373997e-08
   2.8603213e+03   1.9989778e-08
   2.8637751e+03   1.9612804e-08
   2.8672288e+03   1.9242939e-08
   2.8706826e+03   1.8880050e-08
   2.8741363e+03   1.8524004e-08
   2.8775901e+03   1.8174672e-08
   2.8810438e+03   1.7831928e-08
   2.8844976e+03   1.7495648e-08
   2.8879514e+03   1.7165709e-08
   2.8914051e+03   1.6841992e-08
   2.8948589e+03   1.6524381e-08
   2.8983126e+03   1.6212758e-08
   2.9017664e+03   1.5907013e-08
   2.9052201e+03   1.5607033e-08
   2.9086739e+03   1.5312711e-08
   2.9121276e+03   1.5023939e-08
   2.9155814e+03   1.4740612e-08
   2.9190351e+03   1.4462629e-08
   2.9224889e+03   1.4189888e-08
   2.9259426e+03   1.3922290e-08
   2.9293964e+03   1.3659739e-08
   2.9328502e+03   1.3402139e-08
   2.9363039e+03   1.3149397e-08
   2.9397577e+03   1.2901422e-08
   2.9432114e+03   1.2658123e-08
   2.9466652e+03   1.2419412e-08
   2.9501189e+03   1.2185202e-08
   2.9535727e+03   1.1955410e-08
   2.9570264e+03   1.1729951e-08
   2.9604802e+03   1.1508743e-08
   2.9639339e+03   1.1291708e-08
   2.9673877e+03   1.1078765e-08
   2.9708414e+03   1.0869838e-08
   2.9742952e+03   1.0664851e-08
   2.9777489e+03   1.0463730e-08
   2.9812027e+03   1.0266401e-08
   2.9846565e+03   1.0072794e-08
   2.9881102e+03   9.8828382e-09
   2.9915640e+03   9.6964644e-09
   2.9950177e+03   9.5136053e-09
   2.9984715e+03   9.3341946e-09
   3.0019252e+03   9.1581673e-09
   3.0053790e+03   8.9854595e-09
   3.0088327e+03   8.8160088e-09
   3.0122865e+03   8.6497536e-09
   3.0157402e+03   8.4866337e-09
   3.0191940e+03   8.3265900e-09
   3.0226477e+03   8.1695644e-09
   3.0261015e+03   8.0155001e-09
   3.0295553e+03   7.8643412e-09
   3.0330090e+03   7.7160329e-09
   3.0364628e+03   7.5705214e-09
   3.0399165e+03   7.4277540e-09
   3.0433703e+03   7.2876790e-09
   3.0468240e+03   7.1502456e-09
   3.0502778e+03   7.0154039e-09
   3.0537315e+03   6.8831051e-09
   3.0571853e+03   6.7533012e-09
   3.0606390e+03   6.6259453e-09
   3.0640928e+03   6.5009910e-09
   3.0675465e+03   6.3783932e-09
   3.0710003e+03   6.2581074e-09
   3.0744541e+03   6.1400899e-09
   3.0779078e+03   6.0242981e-09
   3.0813616e+03   5.9106899e-09
   3.0848153e+03   5.7992242e-09
   3.0882691e+03   5.6898605e-09
   3.0917228e+03   5.5825593e-09
   3.0951766e+03   5.4772815e-09
   3.0986303e+03   5.3739892e-09
   3.1020841e+03   5.2726447e-09
   3.1055378e+03   5.1732115e-09
   3.1089916e+03   5.0756533e-09
   3.1124453e+03   4.9799350e-09
   3.1158991e+03   4.8860218e-09
   3.1193529e+03   4.7938796e-09
   3.1228066e+03   4.7034750e-09
   3.1262604e+03   4.6147753e-09
   3.1297141e+03   4.5277484e-09
   3.1331679e+03   4.4423626e-09
   3.1366216e+03   4.3585871e-09
   3.1400754e+03   4.2763914e-09
   3.1435291e+03   4.1957458e-09
   3.1469829e+03   4.1166211e-09
   3.1504366e+03   4.0389885e-09
   3.1538904e+03   3.9628199e-09
   3.1573441e+03   3.8880878e-09
   3.1607979e+03   3.8147649e-09
   3.1642517e+03   3.7428248e-09
   3.1677054e+03   3.6722414e-09
   3.1711592e+03   3.6029891e-09
   3.1746129e+03   3.5350427e-09
   3.1780667e+03   3.4683778e-09
   3.1815204e+03   3.4029699e-09
   3.1849742e+03   3.3387956e-09
   3.1884279e+03   3.2758315e-09
   3.1918817e+03   3.2140548e-09
   3.1953354e+03   3.1534431e-09
   3.1987892e+03   3.0939745e-09
   3.2022429e+03   3.0356273e-09
   3.2056967e+03   2.9783804e-09
   3.2091505e+03   2.9222131e-09
   3.2126042e+03   2.8671051e-09
   3.2160580e+03   2.8130363e-09
   3.2195117e+03   2.7599871e-09
   3.2229655e+03   2.7079384e-09
   3.2264192e+03   2.6568712e-09
   3.2298730e+03   2.6067670e-09
   3.2333267e+03   2.5576078e-09
   3.2367805e+03   2.5093756e-09
   3.2402342e+03   2.4620529e-09
   3.2436880e+03   2.4156227e-09
   3.2471417e+03   2.3700681e-09
   3.2505955e+03   2.3253726e-09
   3.2540492e+03   2.2815200e-09
   3.2575030e+03   2.2384943e-09
   3.2609568e+03   2.1962801e-09
   3.2644105e+03   2.1548619e-09
   3.2678643e+03   2.1142248e-09
   3.2713180e+03   2.0743541e-09
   3.2747718e+03   2.0352352e-09
   3.2782255e+03   1.9968541e-09
   3.2816793e+03   1.9591967e-09
   3.2851330e+03   1.9222496e-09
   3.2885868e+03   1.8859992e-09
   3.2920405e+03   1.8504324e-09
   3.2954943e+03   1.8155363e-09
   3.2989480e+03   1.7812983e-09
   3.3024018e+03   1.7477060e-09
   3.3058556e+03   1.7147472e-09
   3.3093093e+03   1.6824099e-09
   3.3127631e+03   1.6506825e-09
   3.3162168e+03   1.6195534e-09
   3.3196706e+03   1.5890113e-09
   3.3231243e+03   1.5590452e-09
   3.3265781e+03   1.5296442e-09
   3.3300318e+03   1.5007977e-09
   3.3334856e+03   1.4724952e-09
   3.3369393e+03   1.4447264e-09
   3.3403931e+03   1.4174813e-09
   3.3438468e+03   1.3907499e-09
   3.3473006e+03   1.3645227e-09
   3.3507544e+03   1.3387901e-09
   3.3542081e+03   1.3135428e-09
   3.3576619e+03   1.2887715e-09
   3.3611156e+03   1.2644675e-09
   3.3645694e+03   1.2406217e-09
   3.3680231e+03   1.2172257e-09
   3.3714769e+03   1.1942708e-09
   3.3749306e+03   1.1717489e-09
   3.3783844e+03   1.1496516e-09
   3.3818381e+03   1.1279711e-09
   3.3852919e+03   1.1066995e-09
   3.3887456e+03   1.0858290e-09
   3.3921994e+03   1.0653521e-09
   3.3956532e+03   1.0452613e-09
   3.3991069e+03   1.0255494e-09
   3.4025607e+03   1.0062093e-09
   3.4060144e+03   9.8723386e-10
   3.4094682e+03   9.6861628e-10
   3.4129219e+03   9.5034980e-10
   3.4163757e+03   9.3242779e-10
   3.4198294e+03   9.1484376e-10
   3.4232832e+03   8.9759134e-10
   3.4267369e+03   8.8066426e-10
   3.4301907e+03   8.6405641e-10
   3.4336444e+03   8.4776175e-10
   3.4370982e+03   8.3177438e-10
   3.4405520e+03   8.1608851e-10
   3.4440057e+03   8.0069844e-10
   3.4474595e+03   7.8559861e-10
   3.4509132e+03   7.7078353e-10
   3.4543670e+03   7.5624784e-10
   3.4578207e+03   7.4198627e-10
   3.4612745e+03   7.2799365e-10
   3.4647282e+03   7.1426491e-10
   3.4681820e+03   7.0079507e-10
   3.4716357e+03   6.8757925e-10
   3.4750895e+03   6.7461265e-10
   3.4785432e+03   6.6189059e-10
   3.4819970e+03   6.4940844e-10
   3.4854508e+03   6.3716168e-10
   3.4889045e+03   6.2514587e-10
   3.4923583e+03   6.1335667e-10
   3.4958120e+03   6.0178979e-10
   3.4992658e+03   5.9044104e-10
   3.5027195e+03   5.7930631e-10
   3.5061733e+03   5.6838156e-10
   3.5096270e+03   5.5766283e-10
   3.5130808e+03   5.4714625e-10
   3.5165345e+03   5.3682798e-10
   3.5199883e+03   5.2670430e-10
   3.5234420e+03   5.1677154e-10
   3.5268958e+03   5.0702609e-10
   3.5303495e+03   4.9746443e-10
   3.5338033e+03   4.8808308e-10
   3.5372571e+03   4.7887865e-10
   3.5407108e+03   4.6984780e-10
   3.5441646e+03   4.6098726e-10
   3.5476183e+03   4.5229381e-10
   3.5510721e+03   4.4376430e-10
   3.5545258e+03   4.3539565e-10
   3.5579796e+03   4.2718482e-10
   3.5614333e+03   4.1912883e-10
   3.5648871e+03   4.1122476e-10
   3.5683408e+03   4.0346975e-10
   3.5717946e+03   3.9586098e-10
   3.5752483e+03   3.8839571e-10
   3.5787021e+03   3.8107121e-10
   3.5821559e+03   3.7388485e-10
   3.5856096e+03   3.6683400e-10
   3.5890634e+03   3.5991613e-10
   3.5925171e+03   3.5312871e-10
   3.5959709e+03   3.4646929e-10
   3.5994246e+03   3.3993546e-10
   3.6028784e+03   3.3352485e-10
   3.6063321e+03   3.2723513e-10
   3.6097859e+03   3.2106402e-10
   3.6132396e+03   3.1500929e-10
   3.6166934e+03   3.0906874e-10
   3.6201471e+03   3.0324022e-10
   3.6236009e+03   2.9752162e-10
   3.6270547e+03   2.9191086e-10
   3.6305084e+03   2.8640591e-10
   3.6339622e+03   2.8100477e-10
   3.6374159e+03   2.7570549e-10
   3.6408697e+03   2.7050615e-10
   3.6443234e+03   2.6540485e-10
   3.6477772e+03   2.6039976e-10
   3.6512309e+03   2.5548906e-10
   3.6546847e+03   2.5067096e-10
   3.6581384e+03   2.4594372e-10
   3.6615922e+03   2.4130564e-10
   3.6650459e+03   2.3675502e-10
   3.6684997e+03   2.3229021e-10
   3.6719535e+03   2.2790961e-10
   3.6754072e+03   2.2361161e-10
   3.6788610e+03   2.1939467e-10
   3.6823147e+03   2.1525726e-10
   3.6857685e+03   2.1119786e-10
   3.6892222e+03   2.0721503e-10
   3.6926760e+03   2.0330730e-10
   3.6961297e+03   1.9947326e-10
   3.6995835e+03   1.9571153e-10
   3.7030372e+03   1.9202074e-10
   3.7064910e+03   1.8839955e-10
   3.7099447e+03   1.8484665e-10
   3.7133985e+03   1.8136075e-10
   3.7168523e+03   1.7794059e-10
   3.7203060e+03   1.7458493e-10
   3.7237598e+03   1.7129255e-10
   3.7272135e+03   1.6806225e-10
   3.7306673e+03   1.6489288e-10
   3.7341210e+03   1.6178328e-10
   3.7375748e+03   1.5873232e-10
   3.7410285e+03   1.5573889e-10
   3.7444823e+03   1.5280191e-10
   3.7479360e+03   1.4992033e-10
   3.7513898e+03   1.4709308e-10
   3.7548435e+03   1.4431915e-10
   3.7582973e+03   1.4159753e-10
   3.7617511e+03   1.3892724e-10
   3.7652048e+03   1.3630730e-10
   3.7686586e+03   1.3373678e-10
   3.7721123e+03   1.3121472e-10
   3.7755661e+03   1.2874023e-10
   3.7790198e+03   1.2631241e-10
   3.7824736e+03   1.2393037e-10
   3.7859273e+03   1.2159325e-10
   3.7893811e+03   1.1930020e-10
   3.7928348e+03   1.1705040e-10
   3.7962886e+03   1.1484303e-10
   3.7997423e+03   1.1267728e-10
   3.8031961e+03   1.1055237e-10
   3.8066498e+03   1.0846754e-10
   3.8101036e+03   1.0642202e-10
   3.8135574e+03   1.0441508e-10
   3.8170111e+03   1.0244599e-10
   3.8204649e+03   1.0051403e-10
   3.8239186e+03   9.8618502e-11
   3.8273724e+03   9.6758722e-11
   3.8308261e+03   9.4934014e-11
   3.8342799e+03   9.3143717e-11
   3.8377336e+03   9.1387183e-11
   3.8411874e+03   8.9663773e-11
   3.8446411e+03   8.7972864e-11
   3.8480949e+03   8.6313843e-11
   3.8515486e+03   8.4686109e-11
   3.8550024e+03   8.3089070e-11
   3.8584562e+03   8.1522149e-11
   3.8619099e+03   7.9984778e-11
   3.8653637e+03   7.8476399e-11
   3.8688174e+03   7.6996465e-11
   3.8722712e+03   7.5544440e-11
   3.8757249e+03   7.4119799e-11
   3.8791787e+03   7.2722023e-11
   3.8826324e+03   7.1350607e-11
   3.8860862e+03   7.0005054e-11
   3.8895399e+03   6.8684876e-11
   3.8929937e+03   6.7389594e-11
   3.8964474e+03   6.6118739e-11
   3.8999012e+03   6.4871850e-11
   3.9033550e+03   6.3648476e-11
   3.9068087e+03   6.2448172e-11
   3.9102625e+03   6.1270504e-11
   3.9137162e+03   6.0115044e-11
   3.9171700e+03   5.8981375e-11
   3.9206237e+03   5.7869085e-11
   3.9240775e+03   5.6777771e-11
   3.9275312e+03   5.5707037e-11
   3.9309850e+03   5.4656496e-11
   3.9344387e+03   5.3625765e-11
   3.9378925e+03   5.2614473e-11
   3.9413462e+03   5.1622252e-11
   3.9448000e+03   5.0648743e-11
