   4.2650000e+02   2.4622663e-05
   4.3120801e+02   2.8327556e-05
   4.3591602e+02   3.2496904e-05
   4.4062402e+02   3.7173858e-05
   4.4533203e+02   4.2403346e-05
   4.5004004e+02   4.8231830e-05
   4.5474805e+02   5.4706998e-05
   4.5945606e+02   6.1877414e-05
   4.6416406e+02   6.9792106e-05
   4.6887207e+02   7.8500114e-05
   4.7358008e+02   8.8049975e-05
   4.7828809e+02   9.8489171e-05
   4.8299610e+02   1.0986354e-04
   4.8770410e+02   1.2221662e-04
   4.9241211e+02   1.3558902e-04
   4.9712012e+02   1.5001772e-04
   5.0182813e+02   1.6553540e-04
   5.0653614e+02   1.8216970e-04
   5.1124414e+02   1.9994260e-04
   5.1595215e+02   2.1886973e-04
   5.2066016e+02   2.3895976e-04
   5.2536817e+02   2.6021385e-04
   5.3007618e+02   2.8262508e-04
   5.3478418e+02   3.0617809e-04
   5.3949219e+02   3.3084871e-04
   5.4420020e+02   3.5660366e-04
   5.4890821e+02   3.8340049e-04
   5.5361622e+02   4.1118748e-04
   5.5832422e+02   4.3990376e-04
   5.6303223e+02   4.6947953e-04
   5.6774024e+02   4.9983637e-04
   5.7244825e+02   5.3088772e-04
   5.7715626e+02   5.6253947e-04
   5.8186426e+02   5.9469064e-04
   5.8657227e+02   6.2723421e-04
   5.9128028e+02   6.6005800e-04
   5.9598829e+02   6.9304567e-04
   6.0069630e+02   7.2607780e-04
   6.0540430e+02   7.5903295e-04
   6.1011231e+02   7.9178886e-04
   6.1482032e+02   8.2422363e-04
   6.1952833e+02   8.5621682e-04
   6.2423634e+02   8.8765070e-04
   6.2894434e+02   9.1841127e-04
   6.3365235e+02   9.4838943e-04
   6.3836036e+02   9.7748187e-04
   6.4306837e+02   1.0055921e-03
   6.4777638e+02   1.0326310e-03
   6.5248438e+02   1.0585180e-03
   6.5719239e+02   1.0831812e-03
   6.6190040e+02   1.1065580e-03
   6.6660841e+02   1.1285955e-03
   6.7131642e+02   1.1492507e-03
   6.7602442e+02   1.1684903e-03
   6.8073243e+02   1.1862911e-03
   6.8544044e+02   1.2026395e-03
   6.9014845e+02   1.2175314e-03
   6.9485646e+02   1.2309714e-03
   6.9956446e+02   1.2429732e-03
   7.0427247e+02   1.2535579e-03
   7.0898048e+02   1.2627544e-03
   7.1368849e+02   1.2705981e-03
   7.1839650e+02   1.2771303e-03
   7.2310450e+02   1.2823976e-03
   7.2781251e+02   1.2864511e-03
   7.3252052e+02   1.2893455e-03
   7.3722853e+02   1.2911385e-03
   7.4193654e+02   1.2918899e-03
   7.4664454e+02   1.2916611e-03
   7.5135255e+02   1.2905143e-03
   7.5606056e+02   1.2885120e-03
   7.6076857e+02   1.2857163e-03
   7.6547658e+02   1.2821885e-03
   7.7018458e+02   1.2779884e-03
   7.7489259e+02   1.2731744e-03
   7.7960060e+02   1.2678025e-03
   7.8430861e+02   1.2619268e-03
   7.8901662e+02   1.2555985e-03
   7.9372462e+02   1.2488662e-03
   7.9843263e+02   1.2417757e-03
   8.0314064e+02   1.2343700e-03
   8.0784865e+02   1.2266888e-03
   8.1255666e+02   1.2187693e-03
   8.1726466e+02   1.2106455e-03
   8.2197267e+02   1.2023487e-03
   8.2668068e+02   1.1939075e-03
   8.3138869e+02   1.1853478e-03
   8.3609670e+02   1.1766929e-03
   8.4080470e+02   1.1679641e-03
   8.4551271e+02   1.1591800e-03
   8.5022072e+02   1.1503576e-03
   8.5492873e+02   1.1415116e-03
   8.5963674e+02   1.1326553e-03
   8.6434474e+02   1.1238001e-03
   8.6905275e+02   1.1149562e-03
   8.7376076e+02   1.1061321e-03
   8.7846877e+02   1.0973356e-03
   8.8317678e+02   1.0885729e-03
   8.8788478e+02   1.0798498e-03
   8.9259279e+02   1.0711708e-03
   8.9730080e+02   1.0625399e-03
   9.0200881e+02   1.0539605e-03
   9.0671682e+02   1.0454351e-03
   9.1142482e+02   1.0369660e-03
   9.1613283e+02   1.0285551e-03
   9.2084084e+02   1.0202038e-03
   9.2554885e+02   1.0119131e-03
   9.3025686e+02   1.0036840e-03
   9.3496486e+02   9.9551692e-04
   9.3967287e+02   9.8741243e-04
   9.4438088e+02   9.7937074e-04
   9.4908889e+02   9.7139196e-04
   9.5379690e+02   9.6347610e-04
   9.5850490e+02   9.5562308e-04
   9.6321291e+02   9.4783272e-04
   9.6792092e+02   9.4010479e-04
   9.7262893e+02   9.3243902e-04
   9.7733694e+02   9.2483508e-04
   9.8204494e+02   9.1729260e-04
   9.8675295e+02   9.0981122e-04
   9.9146096e+02   9.0239053e-04
   9.9616897e+02   8.9503009e-04
   1.0008770e+03   8.8772949e-04
   1.0055850e+03   8.8048828e-04
   1.0102930e+03   8.7330602e-04
   1.0150010e+03   8.6618225e-04
   1.0197090e+03   8.5911651e-04
   1.0244170e+03   8.5210835e-04
   1.0291250e+03   8.4515732e-04
   1.0338330e+03   8.3826296e-04
   1.0385410e+03   8.3142482e-04
   1.0432490e+03   8.2464244e-04
   1.0479571e+03   8.1791537e-04
   1.0526651e+03   8.1124317e-04
   1.0573731e+03   8.0462539e-04
   1.0620811e+03   7.9806159e-04
   1.0667891e+03   7.9155133e-04
   1.0714971e+03   7.8509417e-04
   1.0762051e+03   7.7868968e-04
   1.0809131e+03   7.7233744e-04
   1.0856211e+03   7.6603702e-04
   1.0903291e+03   7.5978799e-04
   1.0950371e+03   7.5358994e-04
   1.0997451e+03   7.4744245e-04
   1.1044532e+03   7.4134511e-04
   1.1091612e+03   7.3529750e-04
   1.1138692e+03   7.2929923e-04
   1.1185772e+03   7.2334990e-04
   1.1232852e+03   7.1744909e-04
   1.1279932e+03   7.1159642e-04
   1.1327012e+03   7.0579150e-04
   1.1374092e+03   7.0003392e-04
   1.1421172e+03   6.9432332e-04
   1.1468252e+03   6.8865930e-04
   1.1515332e+03   6.8304149e-04
   1.1562412e+03   6.7746950e-04
   1.1609492e+03   6.7194297e-04
   1.1656573e+03   6.6646152e-04
   1.1703653e+03   6.6102479e-04
   1.1750733e+03   6.5563241e-04
   1.1797813e+03   6.5028402e-04
   1.1844893e+03   6.4497925e-04
   1.1891973e+03   6.3971776e-04
   1.1939053e+03   6.3449920e-04
   1.1986133e+03   6.2932320e-04
   1.2033213e+03   6.2418943e-04
   1.2080293e+03   6.1909753e-04
   1.2127373e+03   6.1404718e-04
   1.2174453e+03   6.0903802e-04
   1.2221534e+03   6.0406973e-04
   1.2268614e+03   5.9914196e-04
   1.2315694e+03   5.9425440e-04
   1.2362774e+03   5.8940670e-04
   1.2409854e+03   5.8459855e-04
   1.2456934e+03   5.7982962e-04
   1.2504014e+03   5.7509960e-04
   1.2551094e+03   5.7040816e-04
   1.2598174e+03   5.6575500e-04
   1.2645254e+03   5.6113979e-04
   1.2692334e+03   5.5656223e-04
   1.2739414e+03   5.5202201e-04
   1.2786494e+03   5.4751883e-04
   1.2833575e+03   5.4305239e-04
   1.2880655e+03   5.3862238e-04
   1.2927735e+03   5.3422851e-04
   1.2974815e+03   5.2987048e-04
   1.3021895e+03   5.2554800e-04
   1.3068975e+03   5.2126079e-04
   1.3116055e+03   5.1700855e-04
   1.3163135e+03   5.1279099e-04
   1.3210215e+03   5.0860784e-04
   1.3257295e+03   5.0445882e-04
   1.3304375e+03   5.0034364e-04
   1.3351455e+03   4.9626203e-04
   1.3398536e+03   4.9221372e-04
   1.3445616e+03   4.8819843e-04
   1.3492696e+03   4.8421590e-04
   1.3539776e+03   4.8026586e-04
   1.3586856e+03   4.7634804e-04
   1.3633936e+03   4.7246217e-04
   1.3681016e+03   4.6860801e-04
   1.3728096e+03   4.6478529e-04
   1.3775176e+03   4.6099376e-04
   1.3822256e+03   4.5723315e-04
   1.3869336e+03   4.5350322e-04
   1.3916416e+03   4.4980372e-04
   1.3963496e+03   4.4613439e-04
   1.4010577e+03   4.4249500e-04
   1.4057657e+03   4.3888530e-04
   1.4104737e+03   4.3530505e-04
   1.4151817e+03   4.3175400e-04
   1.4198897e+03   4.2823192e-04
   1.4245977e+03   4.2473857e-04
   1.4293057e+03   4.2127372e-04
   1.4340137e+03   4.1783713e-04
   1.4387217e+03   4.1442858e-04
   1.4434297e+03   4.1104783e-04
   1.4481377e+03   4.0769467e-04
   1.4528457e+03   4.0436885e-04
   1.4575538e+03   4.0107017e-04
   1.4622618e+03   3.9779839e-04
   1.4669698e+03   3.9455331e-04
   1.4716778e+03   3.9133470e-04
   1.4763858e+03   3.8814234e-04
   1.4810938e+03   3.8497603e-04
   1.4858018e+03   3.8183555e-04
   1.4905098e+03   3.7872068e-04
   1.4952178e+03   3.7563123e-04
   1.4999258e+03   3.7256697e-04
   1.5046338e+03   3.6952772e-04
   1.5093418e+03   3.6651325e-04
   1.5140498e+03   3.6352338e-04
   1.5187579e+03   3.6055790e-04
   1.5234659e+03   3.5761661e-04
   1.5281739e+03   3.5469931e-04
   1.5328819e+03   3.5180581e-04
   1.5375899e+03   3.4893592e-04
   1.5422979e+03   3.4608944e-04
   1.5470059e+03   3.4326618e-04
   1.5517139e+03   3.4046594e-04
   1.5564219e+03   3.3768856e-04
   1.5611299e+03   3.3493382e-04
   1.5658379e+03   3.3220156e-04
   1.5705459e+03   3.2949159e-04
   1.5752540e+03   3.2680373e-04
   1.5799620e+03   3.2413779e-04
   1.5846700e+03   3.2149360e-04
   1.5893780e+03   3.1887098e-04
   1.5940860e+03   3.1626976e-04
   1.5987940e+03   3.1368975e-04
   1.6035020e+03   3.1113080e-04
   1.6082100e+03   3.0859271e-04
   1.6129180e+03   3.0607533e-04
   1.6176260e+03   3.0357849e-04
   1.6223340e+03   3.0110202e-04
   1.6270420e+03   2.9864574e-04
   1.6317501e+03   2.9620951e-04
   1.6364581e+03   2.9379315e-04
   1.6411661e+03   2.9139650e-04
   1.6458741e+03   2.8901940e-04
   1.6505821e+03   2.8666169e-04
   1.6552901e+03   2.8432322e-04
   1.6599981e+03   2.8200382e-04
   1.6647061e+03   2.7970334e-04
   1.6694141e+03   2.7742163e-04
   1.6741221e+03   2.7515853e-04
   1.6788301e+03   2.7291390e-04
   1.6835381e+03   2.7068757e-04
   1.6882461e+03   2.6847941e-04
   1.6929542e+03   2.6628926e-04
   1.6976622e+03   2.6411698e-04
   1.7023702e+03   2.6196241e-04
   1.7070782e+03   2.5982543e-04
   1.7117862e+03   2.5770587e-04
   1.7164942e+03   2.5560361e-04
   1.7212022e+03   2.5351849e-04
   1.7259102e+03   2.5145039e-04
   1.7306182e+03   2.4939915e-04
   1.7353262e+03   2.4736465e-04
   1.7400342e+03   2.4534675e-04
   1.7447422e+03   2.4334531e-04
   1.7494503e+03   2.4136019e-04
   1.7541583e+03   2.3939127e-04
   1.7588663e+03   2.3743841e-04
   1.7635743e+03   2.3550148e-04
   1.7682823e+03   2.3358035e-04
   1.7729903e+03   2.3167489e-04
   1.7776983e+03   2.2978498e-04
   1.7824063e+03   2.2791048e-04
   1.7871143e+03   2.2605128e-04
   1.7918223e+03   2.2420724e-04
   1.7965303e+03   2.2237824e-04
   1.8012383e+03   2.2056417e-04
   1.8059463e+03   2.1876489e-04
   1.8106544e+03   2.1698029e-04
   1.8153624e+03   2.1521025e-04
   1.8200704e+03   2.1345465e-04
   1.8247784e+03   2.1171337e-04
   1.8294864e+03   2.0998630e-04
   1.8341944e+03   2.0827331e-04
   1.8389024e+03   2.0657430e-04
   1.8436104e+03   2.0488915e-04
   1.8483184e+03   2.0321774e-04
   1.8530264e+03   2.0155997e-04
   1.8577344e+03   1.9991572e-04
   1.8624424e+03   1.9828489e-04
   1.8671505e+03   1.9666736e-04
   1.8718585e+03   1.9506302e-04
   1.8765665e+03   1.9347178e-04
   1.8812745e+03   1.9189351e-04
   1.8859825e+03   1.9032812e-04
   1.8906905e+03   1.8877549e-04
   1.8953985e+03   1.8723554e-04
   1.9001065e+03   1.8570814e-04
   1.9048145e+03   1.8419321e-04
   1.9095225e+03   1.8269063e-04
   1.9142305e+03   1.8120031e-04
   1.9189385e+03   1.7972215e-04
   1.9236465e+03   1.7825605e-04
   1.9283546e+03   1.7680191e-04
   1.9330626e+03   1.7535962e-04
   1.9377706e+03   1.7392911e-04
   1.9424786e+03   1.7251026e-04
   1.9471866e+03   1.7110299e-04
   1.9518946e+03   1.6970720e-04
   1.9566026e+03   1.6832280e-04
   1.9613106e+03   1.6694968e-04
   1.9660186e+03   1.6558777e-04
   1.9707266e+03   1.6423697e-04
   1.9754346e+03   1.6289719e-04
   1.9801426e+03   1.6156834e-04
   1.9848507e+03   1.6025033e-04
   1.9895587e+03   1.5894307e-04
   1.9942667e+03   1.5764647e-04
   1.9989747e+03   1.5636046e-04
   2.0036827e+03   1.5508493e-04
   2.0083907e+03   1.5381981e-04
   2.0130987e+03   1.5256500e-04
   2.0178067e+03   1.5132044e-04
   2.0225147e+03   1.5008603e-04
   2.0272227e+03   1.4886168e-04
   2.0319307e+03   1.4764733e-04
   2.0366387e+03   1.4644288e-04
   2.0413467e+03   1.4524825e-04
   2.0460548e+03   1.4406338e-04
   2.0507628e+03   1.4288816e-04
   2.0554708e+03   1.4172254e-04
   2.0601788e+03   1.4056642e-04
   2.0648868e+03   1.3941973e-04
   2.0695948e+03   1.3828240e-04
   2.0743028e+03   1.3715435e-04
   2.0790108e+03   1.3603550e-04
   2.0837188e+03   1.3492577e-04
   2.0884268e+03   1.3382510e-04
   2.0931348e+03   1.3273341e-04
   2.0978428e+03   1.3165062e-04
   2.1025509e+03   1.3057667e-04
   2.1072589e+03   1.2951147e-04
   2.1119669e+03   1.2845497e-04
   2.1166749e+03   1.2740708e-04
   2.1213829e+03   1.2636775e-04
   2.1260909e+03   1.2533689e-04
   2.1307989e+03   1.2431444e-04
   2.1355069e+03   1.2330033e-04
   2.1402149e+03   1.2229449e-04
   2.1449229e+03   1.2129686e-04
   2.1496309e+03   1.2030737e-04
   2.1543389e+03   1.1932595e-04
   2.1590469e+03   1.1835253e-04
   2.1637550e+03   1.1738706e-04
   2.1684630e+03   1.1642946e-04
   2.1731710e+03   1.1547968e-04
   2.1778790e+03   1.1453764e-04
   2.1825870e+03   1.1360329e-04
   2.1872950e+03   1.1267655e-04
   2.1920030e+03   1.1175738e-04
   2.1967110e+03   1.1084571e-04
   2.2014190e+03   1.0994147e-04
   2.2061270e+03   1.0904461e-04
   2.2108350e+03   1.0815507e-04
   2.2155430e+03   1.0727278e-04
   2.2202511e+03   1.0639769e-04
   2.2249591e+03   1.0552974e-04
   2.2296671e+03   1.0466887e-04
   2.2343751e+03   1.0381503e-04
   2.2390831e+03   1.0296814e-04
   2.2437911e+03   1.0212817e-04
   2.2484991e+03   1.0129505e-04
   2.2532071e+03   1.0046872e-04
   2.2579151e+03   9.9649138e-05
   2.2626231e+03   9.8836239e-05
   2.2673311e+03   9.8029972e-05
   2.2720391e+03   9.7230282e-05
   2.2767471e+03   9.6437115e-05
   2.2814552e+03   9.5650419e-05
   2.2861632e+03   9.4870140e-05
   2.2908712e+03   9.4096226e-05
   2.2955792e+03   9.3328626e-05
   2.3002872e+03   9.2567288e-05
   2.3049952e+03   9.1812160e-05
   2.3097032e+03   9.1063192e-05
   2.3144112e+03   9.0320334e-05
   2.3191192e+03   8.9583536e-05
   2.3238272e+03   8.8852749e-05
   2.3285352e+03   8.8127923e-05
   2.3332432e+03   8.7409009e-05
   2.3379513e+03   8.6695961e-05
   2.3426593e+03   8.5988729e-05
   2.3473673e+03   8.5287267e-05
   2.3520753e+03   8.4591526e-05
   2.3567833e+03   8.3901462e-05
   2.3614913e+03   8.3217026e-05
   2.3661993e+03   8.2538174e-05
   2.3709073e+03   8.1864860e-05
   2.3756153e+03   8.1197039e-05
   2.3803233e+03   8.0534665e-05
   2.3850313e+03   7.9877695e-05
   2.3897393e+03   7.9226084e-05
   2.3944473e+03   7.8579788e-05
   2.3991554e+03   7.7938765e-05
   2.4038634e+03   7.7302971e-05
   2.4085714e+03   7.6672364e-05
   2.4132794e+03   7.6046900e-05
   2.4179874e+03   7.5426539e-05
   2.4226954e+03   7.4811239e-05
   2.4274034e+03   7.4200958e-05
   2.4321114e+03   7.3595656e-05
   2.4368194e+03   7.2995291e-05
   2.4415274e+03   7.2399824e-05
   2.4462354e+03   7.1809215e-05
   2.4509434e+03   7.1223423e-05
   2.4556515e+03   7.0642410e-05
   2.4603595e+03   7.0066137e-05
   2.4650675e+03   6.9494565e-05
   2.4697755e+03   6.8927655e-05
   2.4744835e+03   6.8365371e-05
   2.4791915e+03   6.7807673e-05
   2.4838995e+03   6.7254524e-05
   2.4886075e+03   6.6705888e-05
   2.4933155e+03   6.6161727e-05
   2.4980235e+03   6.5622006e-05
   2.5027315e+03   6.5086687e-05
   2.5074395e+03   6.4555735e-05
   2.5121475e+03   6.4029115e-05
   2.5168556e+03   6.3506790e-05
   2.5215636e+03   6.2988727e-05
   2.5262716e+03   6.2474889e-05
   2.5309796e+03   6.1965244e-05
   2.5356876e+03   6.1459755e-05
   2.5403956e+03   6.0958391e-05
   2.5451036e+03   6.0461116e-05
   2.5498116e+03   5.9967898e-05
   2.5545196e+03   5.9478703e-05
   2.5592276e+03   5.8993499e-05
   2.5639356e+03   5.8512253e-05
   2.5686436e+03   5.8034933e-05
   2.5733517e+03   5.7561507e-05
   2.5780597e+03   5.7091943e-05
   2.5827677e+03   5.6626209e-05
   2.5874757e+03   5.6164274e-05
   2.5921837e+03   5.5706108e-05
   2.5968917e+03   5.5251679e-05
   2.6015997e+03   5.4800958e-05
   2.6063077e+03   5.4353913e-05
   2.6110157e+03   5.3910515e-05
   2.6157237e+03   5.3470734e-05
   2.6204317e+03   5.3034541e-05
   2.6251397e+03   5.2601906e-05
   2.6298477e+03   5.2172800e-05
   2.6345558e+03   5.1747195e-05
   2.6392638e+03   5.1325061e-05
   2.6439718e+03   5.0906371e-05
   2.6486798e+03   5.0491097e-05
   2.6533878e+03   5.0079210e-05
   2.6580958e+03   4.9670684e-05
   2.6628038e+03   4.9265490e-05
   2.6675118e+03   4.8863601e-05
   2.6722198e+03   4.8464991e-05
   2.6769278e+03   4.8069632e-05
   2.6816358e+03   4.7677499e-05
   2.6863438e+03   4.7288565e-05
   2.6910519e+03   4.6902803e-05
   2.6957599e+03   4.6520188e-05
   2.7004679e+03   4.6140695e-05
   2.7051759e+03   4.5764297e-05
   2.7098839e+03   4.5390970e-05
   2.7145919e+03   4.5020688e-05
   2.7192999e+03   4.4653427e-05
   2.7240079e+03   4.4289162e-05
   2.7287159e+03   4.3927868e-05
   2.7334239e+03   4.3569522e-05
   2.7381319e+03   4.3214098e-05
   2.7428399e+03   4.2861575e-05
   2.7475479e+03   4.2511927e-05
   2.7522560e+03   4.2165131e-05
   2.7569640e+03   4.1821164e-05
   2.7616720e+03   4.1480004e-05
   2.7663800e+03   4.1141626e-05
   2.7710880e+03   4.0806009e-05
   2.7757960e+03   4.0473129e-05
   2.7805040e+03   4.0142965e-05
   2.7852120e+03   3.9815495e-05
   2.7899200e+03   3.9490695e-05
   2.7946280e+03   3.9168546e-05
   2.7993360e+03   3.8849024e-05
   2.8040440e+03   3.8532109e-05
   2.8087521e+03   3.8217779e-05
   2.8134601e+03   3.7906013e-05
   2.8181681e+03   3.7596791e-05
   2.8228761e+03   3.7290091e-05
   2.8275841e+03   3.6985893e-05
   2.8322921e+03   3.6684176e-05
   2.8370001e+03   3.6384921e-05
   2.8417081e+03   3.6088107e-05
   2.8464161e+03   3.5793715e-05
   2.8511241e+03   3.5501723e-05
   2.8558321e+03   3.5212114e-05
   2.8605401e+03   3.4924868e-05
   2.8652481e+03   3.4639964e-05
   2.8699562e+03   3.4357385e-05
   2.8746642e+03   3.4077111e-05
   2.8793722e+03   3.3799123e-05
   2.8840802e+03   3.3523403e-05
   2.8887882e+03   3.3249932e-05
   2.8934962e+03   3.2978692e-05
   2.8982042e+03   3.2709665e-05
   2.9029122e+03   3.2442832e-05
   2.9076202e+03   3.2178176e-05
   2.9123282e+03   3.1915679e-05
   2.9170362e+03   3.1655324e-05
   2.9217442e+03   3.1397092e-05
   2.9264523e+03   3.1140967e-05
   2.9311603e+03   3.0886931e-05
   2.9358683e+03   3.0634967e-05
   2.9405763e+03   3.0385059e-05
   2.9452843e+03   3.0137190e-05
   2.9499923e+03   2.9891342e-05
   2.9547003e+03   2.9647500e-05
   2.9594083e+03   2.9405648e-05
   2.9641163e+03   2.9165768e-05
   2.9688243e+03   2.8927845e-05
   2.9735323e+03   2.8691863e-05
   2.9782403e+03   2.8457806e-05
   2.9829483e+03   2.8225658e-05
   2.9876564e+03   2.7995404e-05
   2.9923644e+03   2.7767029e-05
   2.9970724e+03   2.7540516e-05
   3.0017804e+03   2.7315851e-05
   3.0064884e+03   2.7093019e-05
   3.0111964e+03   2.6872005e-05
   3.0159044e+03   2.6652794e-05
   3.0206124e+03   2.6435371e-05
   3.0253204e+03   2.6219721e-05
   3.0300284e+03   2.6005831e-05
   3.0347364e+03   2.5793686e-05
   3.0394444e+03   2.5583271e-05
   3.0441525e+03   2.5374572e-05
   3.0488605e+03   2.5167577e-05
   3.0535685e+03   2.4962269e-05
   3.0582765e+03   2.4758637e-05
   3.0629845e+03   2.4556666e-05
   3.0676925e+03   2.4356342e-05
   3.0724005e+03   2.4157652e-05
   3.0771085e+03   2.3960584e-05
   3.0818165e+03   2.3765123e-05
   3.0865245e+03   2.3571256e-05
   3.0912325e+03   2.3378971e-05
   3.0959405e+03   2.3188254e-05
   3.1006485e+03   2.2999094e-05
   3.1053566e+03   2.2811476e-05
   3.1100646e+03   2.2625389e-05
   3.1147726e+03   2.2440820e-05
   3.1194806e+03   2.2257756e-05
   3.1241886e+03   2.2076186e-05
   3.1288966e+03   2.1896097e-05
   3.1336046e+03   2.1717478e-05
   3.1383126e+03   2.1540315e-05
   3.1430206e+03   2.1364597e-05
   3.1477286e+03   2.1190313e-05
   3.1524366e+03   2.1017451e-05
   3.1571446e+03   2.0845999e-05
   3.1618527e+03   2.0675945e-05
   3.1665607e+03   2.0507279e-05
   3.1712687e+03   2.0339989e-05
   3.1759767e+03   2.0174063e-05
   3.1806847e+03   2.0009491e-05
   3.1853927e+03   1.9846261e-05
   3.1901007e+03   1.9684363e-05
   3.1948087e+03   1.9523786e-05
   3.1995167e+03   1.9364519e-05
   3.2042247e+03   1.9206550e-05
   3.2089327e+03   1.9049871e-05
   3.2136407e+03   1.8894469e-05
   3.2183487e+03   1.8740336e-05
   3.2230568e+03   1.8587459e-05
   3.2277648e+03   1.8435830e-05
   3.2324728e+03   1.8285438e-05
   3.2371808e+03   1.8136272e-05
   3.2418888e+03   1.7988324e-05
   3.2465968e+03   1.7841582e-05
   3.2513048e+03   1.7696037e-05
   3.2560128e+03   1.7551680e-05
   3.2607208e+03   1.7408500e-05
   3.2654288e+03   1.7266489e-05
   3.2701368e+03   1.7125635e-05
   3.2748448e+03   1.6985931e-05
   3.2795529e+03   1.6847366e-05
   3.2842609e+03   1.6709932e-05
   3.2889689e+03   1.6573619e-05
   3.2936769e+03   1.6438418e-05
   3.2983849e+03   1.6304320e-05
   3.3030929e+03   1.6171316e-05
   3.3078009e+03   1.6039396e-05
   3.3125089e+03   1.5908553e-05
   3.3172169e+03   1.5778777e-05
   3.3219249e+03   1.5650060e-05
   3.3266329e+03   1.5522393e-05
   3.3313409e+03   1.5395768e-05
   3.3360489e+03   1.5270175e-05
   3.3407570e+03   1.5145607e-05
   3.3454650e+03   1.5022055e-05
   3.3501730e+03   1.4899511e-05
   3.3548810e+03   1.4777966e-05
   3.3595890e+03   1.4657414e-05
   3.3642970e+03   1.4537844e-05
   3.3690050e+03   1.4419250e-05
   3.3737130e+03   1.4301623e-05
   3.3784210e+03   1.4184956e-05
   3.3831290e+03   1.4069241e-05
   3.3878370e+03   1.3954470e-05
   3.3925450e+03   1.3840635e-05
   3.3972531e+03   1.3727728e-05
   3.4019611e+03   1.3615743e-05
   3.4066691e+03   1.3504671e-05
   3.4113771e+03   1.3394505e-05
   3.4160851e+03   1.3285238e-05
   3.4207931e+03   1.3176862e-05
   3.4255011e+03   1.3069370e-05
   3.4302091e+03   1.2962755e-05
   3.4349171e+03   1.2857010e-05
   3.4396251e+03   1.2752128e-05
   3.4443331e+03   1.2648101e-05
   3.4490411e+03   1.2544923e-05
   3.4537491e+03   1.2442586e-05
   3.4584572e+03   1.2341084e-05
   3.4631652e+03   1.2240411e-05
   3.4678732e+03   1.2140558e-05
   3.4725812e+03   1.2041520e-05
   3.4772892e+03   1.1943290e-05
   3.4819972e+03   1.1845862e-05
   3.4867052e+03   1.1749228e-05
   3.4914132e+03   1.1653382e-05
   3.4961212e+03   1.1558318e-05
   3.5008292e+03   1.1464030e-05
   3.5055372e+03   1.1370511e-05
   3.5102452e+03   1.1277755e-05
   3.5149533e+03   1.1185755e-05
   3.5196613e+03   1.1094506e-05
   3.5243693e+03   1.1004002e-05
   3.5290773e+03   1.0914235e-05
   3.5337853e+03   1.0825201e-05
   3.5384933e+03   1.0736893e-05
   3.5432013e+03   1.0649306e-05
   3.5479093e+03   1.0562433e-05
   3.5526173e+03   1.0476269e-05
   3.5573253e+03   1.0390808e-05
   3.5620333e+03   1.0306043e-05
   3.5667413e+03   1.0221971e-05
   3.5714493e+03   1.0138584e-05
   3.5761574e+03   1.0055877e-05
   3.5808654e+03   9.9738454e-06
   3.5855734e+03   9.8924827e-06
   3.5902814e+03   9.8117837e-06
   3.5949894e+03   9.7317430e-06
   3.5996974e+03   9.6523552e-06
   3.6044054e+03   9.5736151e-06
   3.6091134e+03   9.4955173e-06
   3.6138214e+03   9.4180566e-06
   3.6185294e+03   9.3412277e-06
   3.6232374e+03   9.2650257e-06
   3.6279454e+03   9.1894452e-06
   3.6326535e+03   9.1144813e-06
   3.6373615e+03   9.0401289e-06
   3.6420695e+03   8.9663831e-06
   3.6467775e+03   8.8932388e-06
   3.6514855e+03   8.8206913e-06
   3.6561935e+03   8.7487355e-06
   3.6609015e+03   8.6773667e-06
   3.6656095e+03   8.6065802e-06
   3.6703175e+03   8.5363710e-06
   3.6750255e+03   8.4667347e-06
   3.6797335e+03   8.3976664e-06
   3.6844415e+03   8.3291615e-06
   3.6891495e+03   8.2612154e-06
   3.6938576e+03   8.1938237e-06
   3.6985656e+03   8.1269816e-06
   3.7032736e+03   8.0606849e-06
   3.7079816e+03   7.9949290e-06
   3.7126896e+03   7.9297095e-06
   3.7173976e+03   7.8650220e-06
   3.7221056e+03   7.8008622e-06
   3.7268136e+03   7.7372258e-06
   3.7315216e+03   7.6741086e-06
   3.7362296e+03   7.6115062e-06
   3.7409376e+03   7.5494145e-06
   3.7456456e+03   7.4878293e-06
   3.7503537e+03   7.4267465e-06
   3.7550617e+03   7.3661620e-06
   3.7597697e+03   7.3060718e-06
   3.7644777e+03   7.2464717e-06
   3.7691857e+03   7.1873578e-06
   3.7738937e+03   7.1287261e-06
   3.7786017e+03   7.0705728e-06
   3.7833097e+03   7.0128938e-06
   3.7880177e+03   6.9556854e-06
   3.7927257e+03   6.8989436e-06
   3.7974337e+03   6.8426647e-06
   3.8021417e+03   6.7868449e-06
   3.8068497e+03   6.7314805e-06
   3.8115578e+03   6.6765677e-06
   3.8162658e+03   6.6221029e-06
   3.8209738e+03   6.5680824e-06
   3.8256818e+03   6.5145025e-06
   3.8303898e+03   6.4613597e-06
   3.8350978e+03   6.4086505e-06
   3.8398058e+03   6.3563712e-06
   3.8445138e+03   6.3045184e-06
   3.8492218e+03   6.2530886e-06
   3.8539298e+03   6.2020784e-06
   3.8586378e+03   6.1514842e-06
   3.8633458e+03   6.1013028e-06
   3.8680539e+03   6.0515308e-06
   3.8727619e+03   6.0021648e-06
   3.8774699e+03   5.9532015e-06
   3.8821779e+03   5.9046376e-06
   3.8868859e+03   5.8564698e-06
   3.8915939e+03   5.8086950e-06
   3.8963019e+03   5.7613100e-06
   3.9010099e+03   5.7143115e-06
   3.9057179e+03   5.6676963e-06
   3.9104259e+03   5.6214615e-06
   3.9151339e+03   5.5756038e-06
   3.9198419e+03   5.5301202e-06
   3.9245499e+03   5.4850076e-06
   3.9292580e+03   5.4402631e-06
   3.9339660e+03   5.3958836e-06
   3.9386740e+03   5.3518660e-06
   3.9433820e+03   5.3082076e-06
   3.9480900e+03   5.2649053e-06
   3.9527980e+03   5.2219563e-06
   3.9575060e+03   5.1793576e-06
   3.9622140e+03   5.1371064e-06
   3.9669220e+03   5.0951999e-06
   3.9716300e+03   5.0536353e-06
   3.9763380e+03   5.0124097e-06
   3.9810460e+03   4.9715204e-06
   3.9857541e+03   4.9309647e-06
   3.9904621e+03   4.8907398e-06
   3.9951701e+03   4.8508431e-06
   3.9998781e+03   4.8112718e-06
   4.0045861e+03   4.7720233e-06
   4.0092941e+03   4.7330950e-06
   4.0140021e+03   4.6944843e-06
   4.0187101e+03   4.6561885e-06
   4.0234181e+03   4.6182051e-06
   4.0281261e+03   4.5805316e-06
   4.0328341e+03   4.5431654e-06
   4.0375421e+03   4.5061041e-06
   4.0422502e+03   4.4693450e-06
   4.0469582e+03   4.4328858e-06
   4.0516662e+03   4.3967241e-06
   4.0563742e+03   4.3608573e-06
   4.0610822e+03   4.3252832e-06
   4.0657902e+03   4.2899992e-06
   4.0704982e+03   4.2550031e-06
   4.0752062e+03   4.2202924e-06
   4.0799142e+03   4.1858649e-06
   4.0846222e+03   4.1517183e-06
   4.0893302e+03   4.1178502e-06
   4.0940382e+03   4.0842583e-06
   4.0987462e+03   4.0509406e-06
   4.1034543e+03   4.0178946e-06
   4.1081623e+03   3.9851182e-06
   4.1128703e+03   3.9526091e-06
   4.1175783e+03   3.9203653e-06
   4.1222863e+03   3.8883845e-06
   4.1269943e+03   3.8566646e-06
   4.1317023e+03   3.8252034e-06
   4.1364103e+03   3.7939989e-06
   4.1411183e+03   3.7630489e-06
   4.1458263e+03   3.7323514e-06
   4.1505343e+03   3.7019044e-06
   4.1552423e+03   3.6717057e-06
   4.1599504e+03   3.6417533e-06
   4.1646584e+03   3.6120453e-06
   4.1693664e+03   3.5825797e-06
   4.1740744e+03   3.5533544e-06
   4.1787824e+03   3.5243675e-06
   4.1834904e+03   3.4956171e-06
   4.1881984e+03   3.4671012e-06
   4.1929064e+03   3.4388180e-06
   4.1976144e+03   3.4107654e-06
   4.2023224e+03   3.3829417e-06
   4.2070304e+03   3.3553450e-06
   4.2117384e+03   3.3279734e-06
   4.2164464e+03   3.3008251e-06
   4.2211545e+03   3.2738983e-06
   4.2258625e+03   3.2471911e-06
   4.2305705e+03   3.2207018e-06
   4.2352785e+03   3.1944286e-06
   4.2399865e+03   3.1683697e-06
   4.2446945e+03   3.1425233e-06
   4.2494025e+03   3.1168879e-06
   4.2541105e+03   3.0914615e-06
   4.2588185e+03   3.0662426e-06
   4.2635265e+03   3.0412294e-06
   4.2682345e+03   3.0164202e-06
   4.2729425e+03   2.9918134e-06
   4.2776506e+03   2.9674074e-06
   4.2823586e+03   2.9432004e-06
   4.2870666e+03   2.9191909e-06
   4.2917746e+03   2.8953773e-06
   4.2964826e+03   2.8717580e-06
   4.3011906e+03   2.8483313e-06
   4.3058986e+03   2.8250957e-06
   4.3106066e+03   2.8020497e-06
   4.3153146e+03   2.7791917e-06
   4.3200226e+03   2.7565201e-06
   4.3247306e+03   2.7340335e-06
   4.3294386e+03   2.7117303e-06
   4.3341466e+03   2.6896091e-06
   4.3388547e+03   2.6676683e-06
   4.3435627e+03   2.6459065e-06
   4.3482707e+03   2.6243222e-06
   4.3529787e+03   2.6029140e-06
   4.3576867e+03   2.5816805e-06
   4.3623947e+03   2.5606201e-06
   4.3671027e+03   2.5397316e-06
   4.3718107e+03   2.5190135e-06
   4.3765187e+03   2.4984643e-06
   4.3812267e+03   2.4780828e-06
   4.3859347e+03   2.4578676e-06
   4.3906427e+03   2.4378173e-06
   4.3953508e+03   2.4179305e-06
   4.4000588e+03   2.3982060e-06
   4.4047668e+03   2.3786424e-06
   4.4094748e+03   2.3592383e-06
   4.4141828e+03   2.3399926e-06
   4.4188908e+03   2.3209038e-06
   4.4235988e+03   2.3019708e-06
   4.4283068e+03   2.2831922e-06
   4.4330148e+03   2.2645668e-06
   4.4377228e+03   2.2460934e-06
   4.4424308e+03   2.2277706e-06
   4.4471388e+03   2.2095973e-06
   4.4518468e+03   2.1915723e-06
   4.4565549e+03   2.1736943e-06
   4.4612629e+03   2.1559622e-06
   4.4659709e+03   2.1383747e-06
   4.4706789e+03   2.1209307e-06
   4.4753869e+03   2.1036289e-06
   4.4800949e+03   2.0864683e-06
   4.4848029e+03   2.0694478e-06
   4.4895109e+03   2.0525660e-06
   4.4942189e+03   2.0358220e-06
   4.4989269e+03   2.0192145e-06
   4.5036349e+03   2.0027426e-06
   4.5083429e+03   1.9864050e-06
   4.5130510e+03   1.9702007e-06
   4.5177590e+03   1.9541285e-06
   4.5224670e+03   1.9381875e-06
   4.5271750e+03   1.9223765e-06
   4.5318830e+03   1.9066945e-06
   4.5365910e+03   1.8911405e-06
   4.5412990e+03   1.8757133e-06
   4.5460070e+03   1.8604120e-06
   4.5507150e+03   1.8452354e-06
   4.5554230e+03   1.8301827e-06
   4.5601310e+03   1.8152528e-06
   4.5648390e+03   1.8004447e-06
   4.5695470e+03   1.7857574e-06
   4.5742551e+03   1.7711899e-06
   4.5789631e+03   1.7567412e-06
   4.5836711e+03   1.7424104e-06
   4.5883791e+03   1.7281965e-06
   4.5930871e+03   1.7140985e-06
   4.5977951e+03   1.7001156e-06
   4.6025031e+03   1.6862467e-06
   4.6072111e+03   1.6724910e-06
   4.6119191e+03   1.6588474e-06
   4.6166271e+03   1.6453152e-06
   4.6213351e+03   1.6318934e-06
   4.6260431e+03   1.6185810e-06
   4.6307512e+03   1.6053773e-06
   4.6354592e+03   1.5922812e-06
   4.6401672e+03   1.5792920e-06
   4.6448752e+03   1.5664088e-06
   4.6495832e+03   1.5536306e-06
   4.6542912e+03   1.5409567e-06
   4.6589992e+03   1.5283862e-06
   4.6637072e+03   1.5159182e-06
   4.6684152e+03   1.5035519e-06
   4.6731232e+03   1.4912865e-06
   4.6778312e+03   1.4791212e-06
   4.6825392e+03   1.4670551e-06
   4.6872472e+03   1.4550875e-06
   4.6919553e+03   1.4432174e-06
   4.6966633e+03   1.4314442e-06
   4.7013713e+03   1.4197671e-06
   4.7060793e+03   1.4081851e-06
   4.7107873e+03   1.3966977e-06
   4.7154953e+03   1.3853040e-06
   4.7202033e+03   1.3740032e-06
   4.7249113e+03   1.3627947e-06
   4.7296193e+03   1.3516775e-06
   4.7343273e+03   1.3406511e-06
   4.7390353e+03   1.3297145e-06
   4.7437433e+03   1.3188673e-06
   4.7484514e+03   1.3081084e-06
   4.7531594e+03   1.2974374e-06
   4.7578674e+03   1.2868534e-06
   4.7625754e+03   1.2763558e-06
   4.7672834e+03   1.2659438e-06
   4.7719914e+03   1.2556167e-06
   4.7766994e+03   1.2453739e-06
   4.7814074e+03   1.2352146e-06
   4.7861154e+03   1.2251382e-06
   4.7908234e+03   1.2151440e-06
   4.7955314e+03   1.2052313e-06
   4.8002394e+03   1.1953995e-06
   4.8049474e+03   1.1856479e-06
   4.8096555e+03   1.1759759e-06
   4.8143635e+03   1.1663827e-06
   4.8190715e+03   1.1568678e-06
   4.8237795e+03   1.1474305e-06
   4.8284875e+03   1.1380702e-06
   4.8331955e+03   1.1287863e-06
   4.8379035e+03   1.1195781e-06
   4.8426115e+03   1.1104450e-06
   4.8473195e+03   1.1013865e-06
   4.8520275e+03   1.0924018e-06
   4.8567355e+03   1.0834904e-06
   4.8614435e+03   1.0746517e-06
   4.8661516e+03   1.0658851e-06
   4.8708596e+03   1.0571900e-06
   4.8755676e+03   1.0485659e-06
   4.8802756e+03   1.0400121e-06
   4.8849836e+03   1.0315281e-06
   4.8896916e+03   1.0231133e-06
   4.8943996e+03   1.0147671e-06
   4.8991076e+03   1.0064891e-06
   4.9038156e+03   9.9827851e-07
   4.9085236e+03   9.9013494e-07
   4.9132316e+03   9.8205781e-07
   4.9179396e+03   9.7404657e-07
   4.9226476e+03   9.6610067e-07
   4.9273557e+03   9.5821960e-07
   4.9320637e+03   9.5040282e-07
   4.9367717e+03   9.4264981e-07
   4.9414797e+03   9.3496004e-07
   4.9461877e+03   9.2733300e-07
   4.9508957e+03   9.1976818e-07
   4.9556037e+03   9.1226507e-07
   4.9603117e+03   9.0482317e-07
   4.9650197e+03   8.9744197e-07
   4.9697277e+03   8.9012099e-07
   4.9744357e+03   8.8285973e-07
   4.9791437e+03   8.7565771e-07
   4.9838518e+03   8.6851443e-07
   4.9885598e+03   8.6142943e-07
   4.9932678e+03   8.5440223e-07
   4.9979758e+03   8.4743235e-07
   5.0026838e+03   8.4051933e-07
   5.0073918e+03   8.3366270e-07
   5.0120998e+03   8.2686200e-07
   5.0168078e+03   8.2011679e-07
   5.0215158e+03   8.1342659e-07
   5.0262238e+03   8.0679098e-07
   5.0309318e+03   8.0020949e-07
   5.0356398e+03   7.9368170e-07
   5.0403478e+03   7.8720715e-07
   5.0450559e+03   7.8078542e-07
   5.0497639e+03   7.7441608e-07
   5.0544719e+03   7.6809870e-07
   5.0591799e+03   7.6183285e-07
   5.0638879e+03   7.5561811e-07
   5.0685959e+03   7.4945407e-07
   5.0733039e+03   7.4334032e-07
   5.0780119e+03   7.3727644e-07
   5.0827199e+03   7.3126203e-07
   5.0874279e+03   7.2529668e-07
   5.0921359e+03   7.1937999e-07
   5.0968439e+03   7.1351157e-07
   5.1015520e+03   7.0769102e-07
   5.1062600e+03   7.0191795e-07
   5.1109680e+03   6.9619198e-07
   5.1156760e+03   6.9051272e-07
   5.1203840e+03   6.8487979e-07
   5.1250920e+03   6.7929280e-07
   5.1298000e+03   6.7375140e-07
