   4.7860000e+02   1.7556000e-04
   4.8370831e+02   2.1082066e-04
   4.8881662e+02   2.5110078e-04
   4.9392492e+02   2.9666367e-04
   4.9903323e+02   3.4769511e-04
   5.0414154e+02   4.0428699e-04
   5.0924985e+02   4.6642263e-04
   5.1435816e+02   5.3396495e-04
   5.1946647e+02   6.0664810e-04
   5.2457477e+02   6.8407355e-04
   5.2968308e+02   7.6571121e-04
   5.3479139e+02   8.5090576e-04
   5.3989970e+02   9.3888845e-04
   5.4500801e+02   1.0287941e-03
   5.5011632e+02   1.1196823e-03
   5.5522462e+02   1.2105631e-03
   5.6033293e+02   1.3004243e-03
   5.6544124e+02   1.3882605e-03
   5.7054955e+02   1.4731026e-03
   5.7565786e+02   1.5540449e-03
   5.8076617e+02   1.6302701e-03
   5.8587447e+02   1.7010703e-03
   5.9098278e+02   1.7658632e-03
   5.9609109e+02   1.8242029e-03
   6.0119940e+02   1.8757853e-03
   6.0630771e+02   1.9204483e-03
   6.1141602e+02   1.9581658e-03
   6.1652432e+02   1.9890382e-03
   6.2163263e+02   2.0132788e-03
   6.2674094e+02   2.0311971e-03
   6.3184925e+02   2.0431810e-03
   6.3695756e+02   2.0496776e-03
   6.4206587e+02   2.0511746e-03
   6.4717417e+02   2.0481822e-03
   6.5228248e+02   2.0412171e-03
   6.5739079e+02   2.0307883e-03
   6.6249910e+02   2.0173856e-03
   6.6760741e+02   2.0014700e-03
   6.7271572e+02   1.9834674e-03
   6.7782402e+02   1.9637641e-03
   6.8293233e+02   1.9427048e-03
   6.8804064e+02   1.9205918e-03
   6.9314895e+02   1.8976864e-03
   6.9825726e+02   1.8742112e-03
   7.0336557e+02   1.8503527e-03
   7.0847387e+02   1.8262653e-03
   7.1358218e+02   1.8020748e-03
   7.1869049e+02   1.7778819e-03
   7.2379880e+02   1.7537667e-03
   7.2890711e+02   1.7297910e-03
   7.3401542e+02   1.7060025e-03
   7.3912372e+02   1.6824366e-03
   7.4423203e+02   1.6591195e-03
   7.4934034e+02   1.6360698e-03
   7.5444865e+02   1.6133000e-03
   7.5955696e+02   1.5908185e-03
   7.6466527e+02   1.5686301e-03
   7.6977357e+02   1.5467371e-03
   7.7488188e+02   1.5251399e-03
   7.7999019e+02   1.5038375e-03
   7.8509850e+02   1.4828283e-03
   7.9020681e+02   1.4621094e-03
   7.9531512e+02   1.4416781e-03
   8.0042342e+02   1.4215310e-03
   8.0553173e+02   1.4016646e-03
   8.1064004e+02   1.3820752e-03
   8.1574835e+02   1.3627593e-03
   8.2085666e+02   1.3437131e-03
   8.2596496e+02   1.3249330e-03
   8.3107327e+02   1.3064152e-03
   8.3618158e+02   1.2881562e-03
   8.4128989e+02   1.2701524e-03
   8.4639820e+02   1.2524002e-03
   8.5150651e+02   1.2348961e-03
   8.5661481e+02   1.2176366e-03
   8.6172312e+02   1.2006184e-03
   8.6683143e+02   1.1838380e-03
   8.7193974e+02   1.1672921e-03
   8.7704805e+02   1.1509775e-03
   8.8215636e+02   1.1348909e-03
   8.8726466e+02   1.1190292e-03
   8.9237297e+02   1.1033891e-03
   8.9748128e+02   1.0879676e-03
   9.0258959e+02   1.0727617e-03
   9.0769790e+02   1.0577683e-03
   9.1280621e+02   1.0429844e-03
   9.1791451e+02   1.0284072e-03
   9.2302282e+02   1.0140337e-03
   9.2813113e+02   9.9986108e-04
   9.3323944e+02   9.8588656e-04
   9.3834775e+02   9.7210735e-04
   9.4345606e+02   9.5852073e-04
   9.4856436e+02   9.4512400e-04
   9.5367267e+02   9.3191451e-04
   9.5878098e+02   9.1888965e-04
   9.6388929e+02   9.0604682e-04
   9.6899760e+02   8.9338349e-04
   9.7410591e+02   8.8089715e-04
   9.7921421e+02   8.6858532e-04
   9.8432252e+02   8.5644557e-04
   9.8943083e+02   8.4447549e-04
   9.9453914e+02   8.3267271e-04
   9.9964745e+02   8.2103490e-04
   1.0047558e+03   8.0955973e-04
   1.0098641e+03   7.9824495e-04
   1.0149724e+03   7.8708831e-04
   1.0200807e+03   7.7608760e-04
   1.0251890e+03   7.6524064e-04
   1.0302973e+03   7.5454528e-04
   1.0354056e+03   7.4399941e-04
   1.0405139e+03   7.3360093e-04
   1.0456222e+03   7.2334779e-04
   1.0507305e+03   7.1323794e-04
   1.0558388e+03   7.0326940e-04
   1.0609471e+03   6.9344018e-04
   1.0660555e+03   6.8374834e-04
   1.0711638e+03   6.7419196e-04
   1.0762721e+03   6.6476914e-04
   1.0813804e+03   6.5547802e-04
   1.0864887e+03   6.4631675e-04
   1.0915970e+03   6.3728353e-04
   1.0967053e+03   6.2837656e-04
   1.1018136e+03   6.1959408e-04
   1.1069219e+03   6.1093435e-04
   1.1120302e+03   6.0239565e-04
   1.1171385e+03   5.9397629e-04
   1.1222468e+03   5.8567460e-04
   1.1273552e+03   5.7748894e-04
   1.1324635e+03   5.6941769e-04
   1.1375718e+03   5.6145924e-04
   1.1426801e+03   5.5361203e-04
   1.1477884e+03   5.4587449e-04
   1.1528967e+03   5.3824510e-04
   1.1580050e+03   5.3072234e-04
   1.1631133e+03   5.2330472e-04
   1.1682216e+03   5.1599077e-04
   1.1733299e+03   5.0877904e-04
   1.1784382e+03   5.0166811e-04
   1.1835465e+03   4.9465656e-04
   1.1886549e+03   4.8774302e-04
   1.1937632e+03   4.8092609e-04
   1.1988715e+03   4.7420445e-04
   1.2039798e+03   4.6757675e-04
   1.2090881e+03   4.6104168e-04
   1.2141964e+03   4.5459795e-04
   1.2193047e+03   4.4824428e-04
   1.2244130e+03   4.4197941e-04
   1.2295213e+03   4.3580210e-04
   1.2346296e+03   4.2971113e-04
   1.2397379e+03   4.2370529e-04
   1.2448462e+03   4.1778338e-04
   1.2499546e+03   4.1194425e-04
   1.2550629e+03   4.0618673e-04
   1.2601712e+03   4.0050967e-04
   1.2652795e+03   3.9491197e-04
   1.2703878e+03   3.8939249e-04
   1.2754961e+03   3.8395016e-04
   1.2806044e+03   3.7858390e-04
   1.2857127e+03   3.7329264e-04
   1.2908210e+03   3.6807532e-04
   1.2959293e+03   3.6293093e-04
   1.3010376e+03   3.5785844e-04
   1.3061459e+03   3.5285685e-04
   1.3112543e+03   3.4792516e-04
   1.3163626e+03   3.4306240e-04
   1.3214709e+03   3.3826760e-04
   1.3265792e+03   3.3353981e-04
   1.3316875e+03   3.2887811e-04
   1.3367958e+03   3.2428155e-04
   1.3419041e+03   3.1974924e-04
   1.3470124e+03   3.1528028e-04
   1.3521207e+03   3.1087378e-04
   1.3572290e+03   3.0652886e-04
   1.3623373e+03   3.0224467e-04
   1.3674456e+03   2.9802036e-04
   1.3725540e+03   2.9385509e-04
   1.3776623e+03   2.8974804e-04
   1.3827706e+03   2.8569838e-04
   1.3878789e+03   2.8170533e-04
   1.3929872e+03   2.7776809e-04
   1.3980955e+03   2.7388587e-04
   1.4032038e+03   2.7005792e-04
   1.4083121e+03   2.6628346e-04
   1.4134204e+03   2.6256176e-04
   1.4185287e+03   2.5889208e-04
   1.4236370e+03   2.5527368e-04
   1.4287453e+03   2.5170586e-04
   1.4338537e+03   2.4818790e-04
   1.4389620e+03   2.4471911e-04
   1.4440703e+03   2.4129881e-04
   1.4491786e+03   2.3792630e-04
   1.4542869e+03   2.3460093e-04
   1.4593952e+03   2.3132204e-04
   1.4645035e+03   2.2808898e-04
   1.4696118e+03   2.2490110e-04
   1.4747201e+03   2.2175778e-04
   1.4798284e+03   2.1865839e-04
   1.4849367e+03   2.1560232e-04
   1.4900450e+03   2.1258896e-04
   1.4951534e+03   2.0961772e-04
   1.5002617e+03   2.0668801e-04
   1.5053700e+03   2.0379924e-04
   1.5104783e+03   2.0095085e-04
   1.5155866e+03   1.9814226e-04
   1.5206949e+03   1.9537294e-04
   1.5258032e+03   1.9264231e-04
   1.5309115e+03   1.8994986e-04
   1.5360198e+03   1.8729503e-04
   1.5411281e+03   1.8467731e-04
   1.5462364e+03   1.8209617e-04
   1.5513447e+03   1.7955111e-04
   1.5564531e+03   1.7704162e-04
   1.5615614e+03   1.7456721e-04
   1.5666697e+03   1.7212737e-04
   1.5717780e+03   1.6972164e-04
   1.5768863e+03   1.6734954e-04
   1.5819946e+03   1.6501058e-04
   1.5871029e+03   1.6270432e-04
   1.5922112e+03   1.6043029e-04
   1.5973195e+03   1.5818804e-04
   1.6024278e+03   1.5597713e-04
   1.6075361e+03   1.5379712e-04
   1.6126444e+03   1.5164758e-04
   1.6177528e+03   1.4952808e-04
   1.6228611e+03   1.4743821e-04
   1.6279694e+03   1.4537755e-04
   1.6330777e+03   1.4334568e-04
   1.6381860e+03   1.4134222e-04
   1.6432943e+03   1.3936675e-04
   1.6484026e+03   1.3741890e-04
   1.6535109e+03   1.3549827e-04
   1.6586192e+03   1.3360448e-04
   1.6637275e+03   1.3173716e-04
   1.6688358e+03   1.2989594e-04
   1.6739441e+03   1.2808046e-04
   1.6790525e+03   1.2629035e-04
   1.6841608e+03   1.2452525e-04
   1.6892691e+03   1.2278483e-04
   1.6943774e+03   1.2106873e-04
   1.6994857e+03   1.1937662e-04
   1.7045940e+03   1.1770816e-04
   1.7097023e+03   1.1606302e-04
   1.7148106e+03   1.1444086e-04
   1.7199189e+03   1.1284139e-04
   1.7250272e+03   1.1126426e-04
   1.7301355e+03   1.0970918e-04
   1.7352438e+03   1.0817584e-04
   1.7403522e+03   1.0666392e-04
   1.7454605e+03   1.0517314e-04
   1.7505688e+03   1.0370319e-04
   1.7556771e+03   1.0225378e-04
   1.7607854e+03   1.0082464e-04
   1.7658937e+03   9.9415466e-05
   1.7710020e+03   9.8025990e-05
   1.7761103e+03   9.6655933e-05
   1.7812186e+03   9.5305025e-05
   1.7863269e+03   9.3972998e-05
   1.7914352e+03   9.2659588e-05
   1.7965435e+03   9.1364535e-05
   1.8016519e+03   9.0087582e-05
   1.8067602e+03   8.8828476e-05
   1.8118685e+03   8.7586968e-05
   1.8169768e+03   8.6362812e-05
   1.8220851e+03   8.5155766e-05
   1.8271934e+03   8.3965589e-05
   1.8323017e+03   8.2792047e-05
   1.8374100e+03   8.1634907e-05
   1.8425183e+03   8.0493940e-05
   1.8476266e+03   7.9368920e-05
   1.8527349e+03   7.8259623e-05
   1.8578432e+03   7.7165830e-05
   1.8629516e+03   7.6087325e-05
   1.8680599e+03   7.5023893e-05
   1.8731682e+03   7.3975325e-05
   1.8782765e+03   7.2941411e-05
   1.8833848e+03   7.1921949e-05
   1.8884931e+03   7.0916734e-05
   1.8936014e+03   6.9925569e-05
   1.8987097e+03   6.8948257e-05
   1.9038180e+03   6.7984604e-05
   1.9089263e+03   6.7034420e-05
   1.9140346e+03   6.6097516e-05
   1.9191429e+03   6.5173707e-05
   1.9242513e+03   6.4262809e-05
   1.9293596e+03   6.3364642e-05
   1.9344679e+03   6.2479028e-05
   1.9395762e+03   6.1605793e-05
   1.9446845e+03   6.0744762e-05
   1.9497928e+03   5.9895765e-05
   1.9549011e+03   5.9058634e-05
   1.9600094e+03   5.8233203e-05
   1.9651177e+03   5.7419309e-05
   1.9702260e+03   5.6616790e-05
   1.9753343e+03   5.5825488e-05
   1.9804426e+03   5.5045245e-05
   1.9855510e+03   5.4275907e-05
   1.9906593e+03   5.3517322e-05
   1.9957676e+03   5.2769339e-05
   2.0008759e+03   5.2031810e-05
   2.0059842e+03   5.1304590e-05
   2.0110925e+03   5.0587533e-05
   2.0162008e+03   4.9880498e-05
   2.0213091e+03   4.9183345e-05
   2.0264174e+03   4.8495936e-05
   2.0315257e+03   4.7818135e-05
   2.0366340e+03   4.7149806e-05
   2.0417423e+03   4.6490819e-05
   2.0468507e+03   4.5841042e-05
   2.0519590e+03   4.5200346e-05
   2.0570673e+03   4.4568605e-05
   2.0621756e+03   4.3945694e-05
   2.0672839e+03   4.3331488e-05
   2.0723922e+03   4.2725867e-05
   2.0775005e+03   4.2128711e-05
   2.0826088e+03   4.1539901e-05
   2.0877171e+03   4.0959320e-05
   2.0928254e+03   4.0386853e-05
   2.0979337e+03   3.9822388e-05
   2.1030420e+03   3.9265812e-05
   2.1081504e+03   3.8717015e-05
   2.1132587e+03   3.8175888e-05
   2.1183670e+03   3.7642324e-05
   2.1234753e+03   3.7116217e-05
   2.1285836e+03   3.6597464e-05
   2.1336919e+03   3.6085961e-05
   2.1388002e+03   3.5581607e-05
   2.1439085e+03   3.5084302e-05
   2.1490168e+03   3.4593948e-05
   2.1541251e+03   3.4110447e-05
   2.1592334e+03   3.3633703e-05
   2.1643417e+03   3.3163623e-05
   2.1694501e+03   3.2700113e-05
   2.1745584e+03   3.2243081e-05
   2.1796667e+03   3.1792437e-05
   2.1847750e+03   3.1348091e-05
   2.1898833e+03   3.0909956e-05
   2.1949916e+03   3.0477944e-05
   2.2000999e+03   3.0051970e-05
   2.2052082e+03   2.9631950e-05
   2.2103165e+03   2.9217800e-05
   2.2154248e+03   2.8809438e-05
   2.2205331e+03   2.8406784e-05
   2.2256414e+03   2.8009758e-05
   2.2307497e+03   2.7618281e-05
   2.2358581e+03   2.7232275e-05
   2.2409664e+03   2.6851664e-05
   2.2460747e+03   2.6476373e-05
   2.2511830e+03   2.6106327e-05
   2.2562913e+03   2.5741453e-05
   2.2613996e+03   2.5381678e-05
   2.2665079e+03   2.5026932e-05
   2.2716162e+03   2.4677144e-05
   2.2767245e+03   2.4332245e-05
   2.2818328e+03   2.3992166e-05
   2.2869411e+03   2.3656841e-05
   2.2920494e+03   2.3326202e-05
   2.2971578e+03   2.3000184e-05
   2.3022661e+03   2.2678723e-05
   2.3073744e+03   2.2361754e-05
   2.3124827e+03   2.2049216e-05
   2.3175910e+03   2.1741046e-05
   2.3226993e+03   2.1437183e-05
   2.3278076e+03   2.1137567e-05
   2.3329159e+03   2.0842139e-05
   2.3380242e+03   2.0550839e-05
   2.3431325e+03   2.0263611e-05
   2.3482408e+03   1.9980398e-05
   2.3533491e+03   1.9701142e-05
   2.3584575e+03   1.9425790e-05
   2.3635658e+03   1.9154286e-05
   2.3686741e+03   1.8886577e-05
   2.3737824e+03   1.8622610e-05
   2.3788907e+03   1.8362331e-05
   2.3839990e+03   1.8105691e-05
   2.3891073e+03   1.7852638e-05
   2.3942156e+03   1.7603121e-05
   2.3993239e+03   1.7357091e-05
   2.4044322e+03   1.7114501e-05
   2.4095405e+03   1.6875301e-05
   2.4146488e+03   1.6639444e-05
   2.4197572e+03   1.6406883e-05
   2.4248655e+03   1.6177573e-05
   2.4299738e+03   1.5951468e-05
   2.4350821e+03   1.5728523e-05
   2.4401904e+03   1.5508693e-05
   2.4452987e+03   1.5291937e-05
   2.4504070e+03   1.5078210e-05
   2.4555153e+03   1.4867470e-05
   2.4606236e+03   1.4659675e-05
   2.4657319e+03   1.4454785e-05
   2.4708402e+03   1.4252758e-05
   2.4759485e+03   1.4053555e-05
   2.4810569e+03   1.3857136e-05
   2.4861652e+03   1.3663462e-05
   2.4912735e+03   1.3472495e-05
   2.4963818e+03   1.3284197e-05
   2.5014901e+03   1.3098531e-05
   2.5065984e+03   1.2915460e-05
   2.5117067e+03   1.2734948e-05
   2.5168150e+03   1.2556958e-05
   2.5219233e+03   1.2381456e-05
   2.5270316e+03   1.2208407e-05
   2.5321399e+03   1.2037777e-05
   2.5372482e+03   1.1869531e-05
   2.5423566e+03   1.1703637e-05
   2.5474649e+03   1.1540062e-05
   2.5525732e+03   1.1378773e-05
   2.5576815e+03   1.1219738e-05
   2.5627898e+03   1.1062925e-05
   2.5678981e+03   1.0908305e-05
   2.5730064e+03   1.0755845e-05
   2.5781147e+03   1.0605517e-05
   2.5832230e+03   1.0457289e-05
   2.5883313e+03   1.0311133e-05
   2.5934396e+03   1.0167020e-05
   2.5985479e+03   1.0024921e-05
   2.6036563e+03   9.8848081e-06
   2.6087646e+03   9.7466534e-06
   2.6138729e+03   9.6104297e-06
   2.6189812e+03   9.4761099e-06
   2.6240895e+03   9.3436674e-06
   2.6291978e+03   9.2130760e-06
   2.6343061e+03   9.0843098e-06
   2.6394144e+03   8.9573433e-06
   2.6445227e+03   8.8321513e-06
   2.6496310e+03   8.7087091e-06
   2.6547393e+03   8.5869921e-06
   2.6598476e+03   8.4669764e-06
   2.6649560e+03   8.3486380e-06
   2.6700643e+03   8.2319536e-06
   2.6751726e+03   8.1169000e-06
   2.6802809e+03   8.0034544e-06
   2.6853892e+03   7.8915944e-06
   2.6904975e+03   7.7812979e-06
   2.6956058e+03   7.6725429e-06
   2.7007141e+03   7.5653078e-06
   2.7058224e+03   7.4595716e-06
   2.7109307e+03   7.3553132e-06
   2.7160390e+03   7.2525119e-06
   2.7211473e+03   7.1511475e-06
   2.7262557e+03   7.0511997e-06
   2.7313640e+03   6.9526489e-06
   2.7364723e+03   6.8554755e-06
   2.7415806e+03   6.7596602e-06
   2.7466889e+03   6.6651840e-06
   2.7517972e+03   6.5720283e-06
   2.7569055e+03   6.4801746e-06
   2.7620138e+03   6.3896047e-06
   2.7671221e+03   6.3003006e-06
   2.7722304e+03   6.2122447e-06
   2.7773387e+03   6.1254195e-06
   2.7824470e+03   6.0398078e-06
   2.7875554e+03   5.9553927e-06
   2.7926637e+03   5.8721574e-06
   2.7977720e+03   5.7900854e-06
   2.8028803e+03   5.7091605e-06
   2.8079886e+03   5.6293666e-06
   2.8130969e+03   5.5506880e-06
   2.8182052e+03   5.4731090e-06
   2.8233135e+03   5.3966143e-06
   2.8284218e+03   5.3211887e-06
   2.8335301e+03   5.2468173e-06
   2.8386384e+03   5.1734854e-06
   2.8437467e+03   5.1011784e-06
   2.8488551e+03   5.0298819e-06
   2.8539634e+03   4.9595820e-06
   2.8590717e+03   4.8902646e-06
   2.8641800e+03   4.8219160e-06
   2.8692883e+03   4.7545226e-06
   2.8743966e+03   4.6880712e-06
   2.8795049e+03   4.6225486e-06
   2.8846132e+03   4.5579417e-06
   2.8897215e+03   4.4942378e-06
   2.8948298e+03   4.4314243e-06
   2.8999381e+03   4.3694886e-06
   2.9050464e+03   4.3084186e-06
   2.9101548e+03   4.2482022e-06
   2.9152631e+03   4.1888273e-06
   2.9203714e+03   4.1302824e-06
   2.9254797e+03   4.0725556e-06
   2.9305880e+03   4.0156357e-06
   2.9356963e+03   3.9595113e-06
   2.9408046e+03   3.9041714e-06
   2.9459129e+03   3.8496049e-06
   2.9510212e+03   3.7958010e-06
   2.9561295e+03   3.7427491e-06
   2.9612378e+03   3.6904387e-06
   2.9663461e+03   3.6388595e-06
   2.9714545e+03   3.5880011e-06
   2.9765628e+03   3.5378535e-06
   2.9816711e+03   3.4884068e-06
   2.9867794e+03   3.4396512e-06
   2.9918877e+03   3.3915771e-06
   2.9969960e+03   3.3441748e-06
   3.0021043e+03   3.2974351e-06
   3.0072126e+03   3.2513486e-06
   3.0123209e+03   3.2059063e-06
   3.0174292e+03   3.1610991e-06
   3.0225375e+03   3.1169181e-06
   3.0276458e+03   3.0733546e-06
   3.0327542e+03   3.0304000e-06
   3.0378625e+03   2.9880457e-06
   3.0429708e+03   2.9462834e-06
   3.0480791e+03   2.9051048e-06
   3.0531874e+03   2.8645017e-06
   3.0582957e+03   2.8244661e-06
   3.0634040e+03   2.7849900e-06
   3.0685123e+03   2.7460657e-06
   3.0736206e+03   2.7076854e-06
   3.0787289e+03   2.6698416e-06
   3.0838372e+03   2.6325266e-06
   3.0889455e+03   2.5957332e-06
   3.0940539e+03   2.5594541e-06
   3.0991622e+03   2.5236819e-06
   3.1042705e+03   2.4884098e-06
   3.1093788e+03   2.4536306e-06
   3.1144871e+03   2.4193376e-06
   3.1195954e+03   2.3855238e-06
   3.1247037e+03   2.3521826e-06
   3.1298120e+03   2.3193074e-06
   3.1349203e+03   2.2868917e-06
   3.1400286e+03   2.2549290e-06
   3.1451369e+03   2.2234131e-06
   3.1502452e+03   2.1923377e-06
   3.1553536e+03   2.1616965e-06
   3.1604619e+03   2.1314837e-06
   3.1655702e+03   2.1016931e-06
   3.1706785e+03   2.0723188e-06
   3.1757868e+03   2.0433551e-06
   3.1808951e+03   2.0147963e-06
   3.1860034e+03   1.9866365e-06
   3.1911117e+03   1.9588704e-06
   3.1962200e+03   1.9314923e-06
   3.2013283e+03   1.9044969e-06
   3.2064366e+03   1.8778788e-06
   3.2115449e+03   1.8516326e-06
   3.2166533e+03   1.8257534e-06
   3.2217616e+03   1.8002358e-06
   3.2268699e+03   1.7750749e-06
   3.2319782e+03   1.7502656e-06
   3.2370865e+03   1.7258031e-06
   3.2421948e+03   1.7016825e-06
   3.2473031e+03   1.6778990e-06
   3.2524114e+03   1.6544479e-06
   3.2575197e+03   1.6313245e-06
   3.2626280e+03   1.6085244e-06
   3.2677363e+03   1.5860429e-06
   3.2728446e+03   1.5638756e-06
   3.2779530e+03   1.5420182e-06
   3.2830613e+03   1.5204662e-06
   3.2881696e+03   1.4992155e-06
   3.2932779e+03   1.4782618e-06
   3.2983862e+03   1.4576009e-06
   3.3034945e+03   1.4372288e-06
   3.3086028e+03   1.4171414e-06
   3.3137111e+03   1.3973348e-06
   3.3188194e+03   1.3778050e-06
   3.3239277e+03   1.3585482e-06
   3.3290360e+03   1.3395605e-06
   3.3341443e+03   1.3208381e-06
   3.3392527e+03   1.3023775e-06
   3.3443610e+03   1.2841749e-06
   3.3494693e+03   1.2662267e-06
   3.3545776e+03   1.2485293e-06
   3.3596859e+03   1.2310793e-06
   3.3647942e+03   1.2138731e-06
   3.3699025e+03   1.1969075e-06
   3.3750108e+03   1.1801789e-06
   3.3801191e+03   1.1636842e-06
   3.3852274e+03   1.1474200e-06
   3.3903357e+03   1.1313832e-06
   3.3954440e+03   1.1155704e-06
   3.4005524e+03   1.0999787e-06
   3.4056607e+03   1.0846049e-06
   3.4107690e+03   1.0694459e-06
   3.4158773e+03   1.0544989e-06
   3.4209856e+03   1.0397607e-06
   3.4260939e+03   1.0252285e-06
   3.4312022e+03   1.0108995e-06
   3.4363105e+03   9.9677067e-07
   3.4414188e+03   9.8283934e-07
   3.4465271e+03   9.6910272e-07
   3.4516354e+03   9.5555809e-07
   3.4567437e+03   9.4220277e-07
   3.4618521e+03   9.2903411e-07
   3.4669604e+03   9.1604950e-07
   3.4720687e+03   9.0324637e-07
   3.4771770e+03   8.9062218e-07
   3.4822853e+03   8.7817443e-07
   3.4873936e+03   8.6590066e-07
   3.4925019e+03   8.5379843e-07
   3.4976102e+03   8.4186535e-07
   3.5027185e+03   8.3009905e-07
   3.5078268e+03   8.1849720e-07
   3.5129351e+03   8.0705751e-07
   3.5180434e+03   7.9577770e-07
   3.5231518e+03   7.8465554e-07
   3.5282601e+03   7.7368883e-07
   3.5333684e+03   7.6287540e-07
   3.5384767e+03   7.5221310e-07
   3.5435850e+03   7.4169982e-07
   3.5486933e+03   7.3133348e-07
   3.5538016e+03   7.2111203e-07
   3.5589099e+03   7.1103343e-07
   3.5640182e+03   7.0109570e-07
   3.5691265e+03   6.9129687e-07
   3.5742348e+03   6.8163498e-07
   3.5793431e+03   6.7210814e-07
   3.5844515e+03   6.6271444e-07
   3.5895598e+03   6.5345204e-07
   3.5946681e+03   6.4431909e-07
   3.5997764e+03   6.3531379e-07
   3.6048847e+03   6.2643435e-07
   3.6099930e+03   6.1767901e-07
   3.6151013e+03   6.0904605e-07
   3.6202096e+03   6.0053374e-07
   3.6253179e+03   5.9214040e-07
   3.6304262e+03   5.8386437e-07
   3.6355345e+03   5.7570401e-07
   3.6406428e+03   5.6765771e-07
   3.6457512e+03   5.5972386e-07
   3.6508595e+03   5.5190090e-07
   3.6559678e+03   5.4418728e-07
   3.6610761e+03   5.3658147e-07
   3.6661844e+03   5.2908196e-07
   3.6712927e+03   5.2168726e-07
   3.6764010e+03   5.1439592e-07
   3.6815093e+03   5.0720648e-07
   3.6866176e+03   5.0011753e-07
   3.6917259e+03   4.9312766e-07
   3.6968342e+03   4.8623548e-07
   3.7019425e+03   4.7943963e-07
   3.7070509e+03   4.7273876e-07
   3.7121592e+03   4.6613154e-07
   3.7172675e+03   4.5961667e-07
   3.7223758e+03   4.5319286e-07
   3.7274841e+03   4.4685882e-07
   3.7325924e+03   4.4061332e-07
   3.7377007e+03   4.3445510e-07
   3.7428090e+03   4.2838296e-07
   3.7479173e+03   4.2239568e-07
   3.7530256e+03   4.1649208e-07
   3.7581339e+03   4.1067100e-07
   3.7632422e+03   4.0493127e-07
   3.7683506e+03   3.9927176e-07
   3.7734589e+03   3.9369135e-07
   3.7785672e+03   3.8818894e-07
   3.7836755e+03   3.8276343e-07
   3.7887838e+03   3.7741376e-07
   3.7938921e+03   3.7213885e-07
   3.7990004e+03   3.6693766e-07
   3.8041087e+03   3.6180917e-07
   3.8092170e+03   3.5675236e-07
   3.8143253e+03   3.5176622e-07
   3.8194336e+03   3.4684978e-07
   3.8245419e+03   3.4200204e-07
   3.8296503e+03   3.3722206e-07
   3.8347586e+03   3.3250889e-07
   3.8398669e+03   3.2786159e-07
   3.8449752e+03   3.2327925e-07
   3.8500835e+03   3.1876095e-07
   3.8551918e+03   3.1430580e-07
   3.8603001e+03   3.0991292e-07
   3.8654084e+03   3.0558143e-07
   3.8705167e+03   3.0131048e-07
   3.8756250e+03   2.9709923e-07
   3.8807333e+03   2.9294683e-07
   3.8858416e+03   2.8885247e-07
   3.8909499e+03   2.8481534e-07
   3.8960583e+03   2.8083462e-07
   3.9011666e+03   2.7690955e-07
   3.9062749e+03   2.7303933e-07
   3.9113832e+03   2.6922321e-07
   3.9164915e+03   2.6546042e-07
   3.9215998e+03   2.6175022e-07
   3.9267081e+03   2.5809188e-07
   3.9318164e+03   2.5448467e-07
   3.9369247e+03   2.5092788e-07
   3.9420330e+03   2.4742079e-07
   3.9471413e+03   2.4396272e-07
   3.9522496e+03   2.4055299e-07
   3.9573580e+03   2.3719091e-07
   3.9624663e+03   2.3387582e-07
   3.9675746e+03   2.3060706e-07
   3.9726829e+03   2.2738399e-07
   3.9777912e+03   2.2420597e-07
   3.9828995e+03   2.2107236e-07
   3.9880078e+03   2.1798255e-07
   3.9931161e+03   2.1493593e-07
   3.9982244e+03   2.1193188e-07
   4.0033327e+03   2.0896982e-07
   4.0084410e+03   2.0604917e-07
   4.0135493e+03   2.0316933e-07
   4.0186577e+03   2.0032974e-07
   4.0237660e+03   1.9752984e-07
   4.0288743e+03   1.9476907e-07
   4.0339826e+03   1.9204689e-07
   4.0390909e+03   1.8936275e-07
   4.0441992e+03   1.8671613e-07
   4.0493075e+03   1.8410650e-07
   4.0544158e+03   1.8153334e-07
   4.0595241e+03   1.7899615e-07
   4.0646324e+03   1.7649441e-07
   4.0697407e+03   1.7402765e-07
   4.0748490e+03   1.7159536e-07
   4.0799574e+03   1.6919706e-07
   4.0850657e+03   1.6683228e-07
   4.0901740e+03   1.6450056e-07
   4.0952823e+03   1.6220142e-07
   4.1003906e+03   1.5993442e-07
   4.1054989e+03   1.5769910e-07
   4.1106072e+03   1.5549503e-07
   4.1157155e+03   1.5332176e-07
   4.1208238e+03   1.5117886e-07
   4.1259321e+03   1.4906592e-07
   4.1310404e+03   1.4698250e-07
   4.1361487e+03   1.4492821e-07
   4.1412571e+03   1.4290262e-07
   4.1463654e+03   1.4090535e-07
   4.1514737e+03   1.3893599e-07
   4.1565820e+03   1.3699416e-07
   4.1616903e+03   1.3507946e-07
   4.1667986e+03   1.3319153e-07
   4.1719069e+03   1.3132998e-07
   4.1770152e+03   1.2949446e-07
   4.1821235e+03   1.2768458e-07
   4.1872318e+03   1.2590000e-07
   4.1923401e+03   1.2414037e-07
   4.1974484e+03   1.2240532e-07
   4.2025568e+03   1.2069453e-07
   4.2076651e+03   1.1900765e-07
   4.2127734e+03   1.1734434e-07
   4.2178817e+03   1.1570428e-07
   4.2229900e+03   1.1408715e-07
   4.2280983e+03   1.1249261e-07
   4.2332066e+03   1.1092036e-07
   4.2383149e+03   1.0937009e-07
   4.2434232e+03   1.0784148e-07
   4.2485315e+03   1.0633424e-07
   4.2536398e+03   1.0484806e-07
   4.2587481e+03   1.0338266e-07
   4.2638565e+03   1.0193773e-07
   4.2689648e+03   1.0051300e-07
   4.2740731e+03   9.9108188e-08
   4.2791814e+03   9.7723007e-08
   4.2842897e+03   9.6357185e-08
   4.2893980e+03   9.5010452e-08
   4.2945063e+03   9.3682542e-08
   4.2996146e+03   9.2373192e-08
   4.3047229e+03   9.1082141e-08
   4.3098312e+03   8.9809135e-08
   4.3149395e+03   8.8553921e-08
   4.3200478e+03   8.7316251e-08
   4.3251562e+03   8.6095878e-08
   4.3302645e+03   8.4892562e-08
   4.3353728e+03   8.3706065e-08
   4.3404811e+03   8.2536150e-08
   4.3455894e+03   8.1382587e-08
   4.3506977e+03   8.0245146e-08
   4.3558060e+03   7.9123603e-08
   4.3609143e+03   7.8017735e-08
   4.3660226e+03   7.6927323e-08
   4.3711309e+03   7.5852151e-08
   4.3762392e+03   7.4792006e-08
   4.3813475e+03   7.3746679e-08
   4.3864559e+03   7.2715961e-08
   4.3915642e+03   7.1699649e-08
   4.3966725e+03   7.0697542e-08
   4.4017808e+03   6.9709440e-08
   4.4068891e+03   6.8735149e-08
   4.4119974e+03   6.7774474e-08
   4.4171057e+03   6.6827227e-08
   4.4222140e+03   6.5893219e-08
   4.4273223e+03   6.4972265e-08
   4.4324306e+03   6.4064182e-08
   4.4375389e+03   6.3168792e-08
   4.4426472e+03   6.2285916e-08
   4.4477556e+03   6.1415379e-08
   4.4528639e+03   6.0557009e-08
   4.4579722e+03   5.9710636e-08
   4.4630805e+03   5.8876093e-08
   4.4681888e+03   5.8053213e-08
   4.4732971e+03   5.7241835e-08
   4.4784054e+03   5.6441796e-08
   4.4835137e+03   5.5652940e-08
   4.4886220e+03   5.4875109e-08
   4.4937303e+03   5.4108149e-08
   4.4988386e+03   5.3351908e-08
   4.5039469e+03   5.2606237e-08
   4.5090553e+03   5.1870988e-08
   4.5141636e+03   5.1146015e-08
   4.5192719e+03   5.0431175e-08
   4.5243802e+03   4.9726325e-08
   4.5294885e+03   4.9031327e-08
   4.5345968e+03   4.8346043e-08
   4.5397051e+03   4.7670336e-08
   4.5448134e+03   4.7004074e-08
   4.5499217e+03   4.6347123e-08
   4.5550300e+03   4.5699354e-08
   4.5601383e+03   4.5060639e-08
   4.5652466e+03   4.4430850e-08
   4.5703550e+03   4.3809864e-08
   4.5754633e+03   4.3197557e-08
   4.5805716e+03   4.2593808e-08
   4.5856799e+03   4.1998498e-08
   4.5907882e+03   4.1411507e-08
   4.5958965e+03   4.0832721e-08
   4.6010048e+03   4.0262024e-08
   4.6061131e+03   3.9699303e-08
   4.6112214e+03   3.9144447e-08
   4.6163297e+03   3.8597347e-08
   4.6214380e+03   3.8057892e-08
   4.6265463e+03   3.7525977e-08
   4.6316547e+03   3.7001497e-08
   4.6367630e+03   3.6484347e-08
   4.6418713e+03   3.5974425e-08
   4.6469796e+03   3.5471630e-08
   4.6520879e+03   3.4975862e-08
   4.6571962e+03   3.4487023e-08
   4.6623045e+03   3.4005016e-08
   4.6674128e+03   3.3529747e-08
   4.6725211e+03   3.3061119e-08
   4.6776294e+03   3.2599042e-08
   4.6827377e+03   3.2143423e-08
   4.6878460e+03   3.1694171e-08
   4.6929544e+03   3.1251199e-08
   4.6980627e+03   3.0814418e-08
   4.7031710e+03   3.0383741e-08
   4.7082793e+03   2.9959084e-08
   4.7133876e+03   2.9540362e-08
   4.7184959e+03   2.9127492e-08
   4.7236042e+03   2.8720393e-08
   4.7287125e+03   2.8318983e-08
   4.7338208e+03   2.7923184e-08
   4.7389291e+03   2.7532917e-08
   4.7440374e+03   2.7148104e-08
   4.7491457e+03   2.6768670e-08
   4.7542541e+03   2.6394538e-08
   4.7593624e+03   2.6025636e-08
   4.7644707e+03   2.5661890e-08
   4.7695790e+03   2.5303227e-08
   4.7746873e+03   2.4949578e-08
   4.7797956e+03   2.4600871e-08
   4.7849039e+03   2.4257038e-08
   4.7900122e+03   2.3918010e-08
   4.7951205e+03   2.3583721e-08
   4.8002288e+03   2.3254104e-08
   4.8053371e+03   2.2929094e-08
   4.8104454e+03   2.2608626e-08
   4.8155538e+03   2.2292638e-08
   4.8206621e+03   2.1981065e-08
   4.8257704e+03   2.1673848e-08
   4.8308787e+03   2.1370924e-08
   4.8359870e+03   2.1072234e-08
   4.8410953e+03   2.0777719e-08
   4.8462036e+03   2.0487320e-08
   4.8513119e+03   2.0200980e-08
   4.8564202e+03   1.9918641e-08
   4.8615285e+03   1.9640249e-08
   4.8666368e+03   1.9365748e-08
   4.8717451e+03   1.9095083e-08
   4.8768535e+03   1.8828202e-08
   4.8819618e+03   1.8565050e-08
   4.8870701e+03   1.8305576e-08
   4.8921784e+03   1.8049729e-08
   4.8972867e+03   1.7797458e-08
   4.9023950e+03   1.7548712e-08
   4.9075033e+03   1.7303443e-08
   4.9126116e+03   1.7061602e-08
   4.9177199e+03   1.6823142e-08
   4.9228282e+03   1.6588014e-08
   4.9279365e+03   1.6356172e-08
   4.9330448e+03   1.6127570e-08
   4.9381532e+03   1.5902164e-08
   4.9432615e+03   1.5679908e-08
   4.9483698e+03   1.5460758e-08
   4.9534781e+03   1.5244672e-08
   4.9585864e+03   1.5031605e-08
   4.9636947e+03   1.4821517e-08
   4.9688030e+03   1.4614364e-08
   4.9739113e+03   1.4410107e-08
   4.9790196e+03   1.4208705e-08
   4.9841279e+03   1.4010117e-08
   4.9892362e+03   1.3814305e-08
   4.9943445e+03   1.3621230e-08
   4.9994529e+03   1.3430854e-08
   5.0045612e+03   1.3243138e-08
   5.0096695e+03   1.3058046e-08
   5.0147778e+03   1.2875540e-08
   5.0198861e+03   1.2695586e-08
   5.0249944e+03   1.2518146e-08
   5.0301027e+03   1.2343187e-08
   5.0352110e+03   1.2170673e-08
   5.0403193e+03   1.2000570e-08
   5.0454276e+03   1.1832845e-08
   5.0505359e+03   1.1667463e-08
   5.0556442e+03   1.1504393e-08
   5.0607526e+03   1.1343603e-08
   5.0658609e+03   1.1185059e-08
   5.0709692e+03   1.1028732e-08
   5.0760775e+03   1.0874589e-08
   5.0811858e+03   1.0722601e-08
   5.0862941e+03   1.0572737e-08
   5.0914024e+03   1.0424967e-08
   5.0965107e+03   1.0279263e-08
   5.1016190e+03   1.0135595e-08
   5.1067273e+03   9.9939356e-09
   5.1118356e+03   9.8542557e-09
   5.1169439e+03   9.7165281e-09
   5.1220523e+03   9.5807254e-09
   5.1271606e+03   9.4468207e-09
   5.1322689e+03   9.3147876e-09
   5.1373772e+03   9.1845998e-09
   5.1424855e+03   9.0562316e-09
   5.1475938e+03   8.9296575e-09
   5.1527021e+03   8.8048525e-09
   5.1578104e+03   8.6817918e-09
   5.1629187e+03   8.5604511e-09
   5.1680270e+03   8.4408063e-09
   5.1731353e+03   8.3228336e-09
   5.1782436e+03   8.2065099e-09
   5.1833520e+03   8.0918119e-09
   5.1884603e+03   7.9787170e-09
   5.1935686e+03   7.8672028e-09
   5.1986769e+03   7.7572471e-09
   5.2037852e+03   7.6488282e-09
   5.2088935e+03   7.5419247e-09
   5.2140018e+03   7.4365152e-09
   5.2191101e+03   7.3325791e-09
   5.2242184e+03   7.2300955e-09
   5.2293267e+03   7.1290444e-09
   5.2344350e+03   7.0294056e-09
   5.2395433e+03   6.9311593e-09
   5.2446517e+03   6.8342863e-09
   5.2497600e+03   6.7387671e-09
   5.2548683e+03   6.6445830e-09
   5.2599766e+03   6.5517152e-09
   5.2650849e+03   6.4601454e-09
   5.2701932e+03   6.3698554e-09
   5.2753015e+03   6.2808274e-09
   5.2804098e+03   6.1930437e-09
   5.2855181e+03   6.1064868e-09
   5.2906264e+03   6.0211397e-09
   5.2957347e+03   5.9369855e-09
   5.3008430e+03   5.8540074e-09
   5.3059514e+03   5.7721891e-09
   5.3110597e+03   5.6915143e-09
   5.3161680e+03   5.6119671e-09
   5.3212763e+03   5.5335317e-09
   5.3263846e+03   5.4561925e-09
   5.3314929e+03   5.3799342e-09
   5.3366012e+03   5.3047418e-09
   5.3417095e+03   5.2306002e-09
   5.3468178e+03   5.1574949e-09
   5.3519261e+03   5.0854114e-09
   5.3570344e+03   5.0143353e-09
   5.3621427e+03   4.9442527e-09
   5.3672511e+03   4.8751495e-09
   5.3723594e+03   4.8070122e-09
   5.3774677e+03   4.7398271e-09
   5.3825760e+03   4.6735811e-09
   5.3876843e+03   4.6082610e-09
   5.3927926e+03   4.5438538e-09
   5.3979009e+03   4.4803468e-09
   5.4030092e+03   4.4177274e-09
   5.4081175e+03   4.3559832e-09
   5.4132258e+03   4.2951020e-09
   5.4183341e+03   4.2350716e-09
   5.4234424e+03   4.1758803e-09
   5.4285508e+03   4.1175163e-09
   5.4336591e+03   4.0599680e-09
   5.4387674e+03   4.0032240e-09
   5.4438757e+03   3.9472731e-09
   5.4489840e+03   3.8921042e-09
   5.4540923e+03   3.8377063e-09
   5.4592006e+03   3.7840688e-09
   5.4643089e+03   3.7311809e-09
   5.4694172e+03   3.6790322e-09
   5.4745255e+03   3.6276123e-09
   5.4796338e+03   3.5769111e-09
   5.4847421e+03   3.5269186e-09
   5.4898505e+03   3.4776247e-09
   5.4949588e+03   3.4290198e-09
   5.5000671e+03   3.3810943e-09
   5.5051754e+03   3.3338385e-09
   5.5102837e+03   3.2872433e-09
   5.5153920e+03   3.2412992e-09
   5.5205003e+03   3.1959973e-09
   5.5256086e+03   3.1513286e-09
   5.5307169e+03   3.1072842e-09
   5.5358252e+03   3.0638553e-09
   5.5409335e+03   3.0210335e-09
   5.5460418e+03   2.9788101e-09
   5.5511502e+03   2.9371769e-09
   5.5562585e+03   2.8961255e-09
   5.5613668e+03   2.8556479e-09
   5.5664751e+03   2.8157361e-09
   5.5715834e+03   2.7763821e-09
   5.5766917e+03   2.7375781e-09
   5.5818000e+03   2.6993164e-09
