   4.3600000e+02   7.5750340e-05
   4.4136667e+02   8.9214742e-05
   4.4673333e+02   1.0463486e-04
   4.5210000e+02   1.2221088e-04
   4.5746667e+02   1.4214885e-04
   4.6283333e+02   1.6465822e-04
   4.6820000e+02   1.8994896e-04
   4.7356667e+02   2.1822825e-04
   4.7893333e+02   2.4969688e-04
   4.8430000e+02   2.8454513e-04
   4.8966667e+02   3.2294853e-04
   4.9503333e+02   3.6506326e-04
   5.0040000e+02   4.1102154e-04
   5.0576667e+02   4.6092691e-04
   5.1113333e+02   5.1484962e-04
   5.1650000e+02   5.7282225e-04
   5.2186667e+02   6.3483561e-04
   5.2723333e+02   7.0083516e-04
   5.3260000e+02   7.7071799e-04
   5.3796667e+02   8.4433055e-04
   5.4333333e+02   9.2146716e-04
   5.4870000e+02   1.0018695e-03
   5.5406667e+02   1.0852270e-03
   5.5943333e+02   1.1711784e-03
   5.6480000e+02   1.2593143e-03
   5.7016667e+02   1.3491808e-03
   5.7553333e+02   1.4402842e-03
   5.8090000e+02   1.5320965e-03
   5.8626667e+02   1.6240620e-03
   5.9163333e+02   1.7156048e-03
   5.9700000e+02   1.8061359e-03
   6.0236667e+02   1.8950623e-03
   6.0773333e+02   1.9817950e-03
   6.1310000e+02   2.0657576e-03
   6.1846667e+02   2.1463947e-03
   6.2383333e+02   2.2231802e-03
   6.2920000e+02   2.2956243e-03
   6.3456667e+02   2.3632809e-03
   6.3993333e+02   2.4257531e-03
   6.4530000e+02   2.4826980e-03
   6.5066667e+02   2.5338314e-03
   6.5603333e+02   2.5789297e-03
   6.6140000e+02   2.6178316e-03
   6.6676667e+02   2.6504392e-03
   6.7213333e+02   2.6767161e-03
   6.7750000e+02   2.6966865e-03
   6.8286667e+02   2.7104319e-03
   6.8823333e+02   2.7180876e-03
   6.9360000e+02   2.7198380e-03
   6.9896667e+02   2.7159114e-03
   7.0433333e+02   2.7065749e-03
   7.0970000e+02   2.6921282e-03
   7.1506667e+02   2.6728974e-03
   7.2043333e+02   2.6492290e-03
   7.2580000e+02   2.6214845e-03
   7.3116667e+02   2.5900336e-03
   7.3653333e+02   2.5552497e-03
   7.4190000e+02   2.5175046e-03
   7.4726667e+02   2.4771638e-03
   7.5263333e+02   2.4345829e-03
   7.5800000e+02   2.3901040e-03
   7.6336667e+02   2.3440529e-03
   7.6873333e+02   2.2967368e-03
   7.7410000e+02   2.2484429e-03
   7.7946667e+02   2.1994368e-03
   7.8483333e+02   2.1499622e-03
   7.9020000e+02   2.1002405e-03
   7.9556667e+02   2.0504707e-03
   8.0093333e+02   2.0008305e-03
   8.0630000e+02   1.9514765e-03
   8.1166667e+02   1.9025456e-03
   8.1703333e+02   1.8541555e-03
   8.2240000e+02   1.8064070e-03
   8.2776667e+02   1.7593845e-03
   8.3313333e+02   1.7131575e-03
   8.3850000e+02   1.6677827e-03
   8.4386667e+02   1.6233044e-03
   8.4923333e+02   1.5797566e-03
   8.5460000e+02   1.5371639e-03
   8.5996667e+02   1.4955428e-03
   8.6533333e+02   1.4549028e-03
   8.7070000e+02   1.4152473e-03
   8.7606667e+02   1.3765749e-03
   8.8143333e+02   1.3388798e-03
   8.8680000e+02   1.3021525e-03
   8.9216667e+02   1.2663809e-03
   8.9753333e+02   1.2315506e-03
   9.0290000e+02   1.1976453e-03
   9.0826667e+02   1.1646471e-03
   9.1363333e+02   1.1325376e-03
   9.1900000e+02   1.1012970e-03
   9.2436667e+02   1.0709056e-03
   9.2973333e+02   1.0413430e-03
   9.3510000e+02   1.0125889e-03
   9.4046667e+02   9.8462286e-04
   9.4583333e+02   9.5742474e-04
   9.5120000e+02   9.3097449e-04
   9.5656667e+02   9.0525237e-04
   9.6193333e+02   8.8023897e-04
   9.6730000e+02   8.5591526e-04
   9.7266667e+02   8.3226258e-04
   9.7803333e+02   8.0926272e-04
   9.8340000e+02   7.8689786e-04
   9.8876667e+02   7.6515063e-04
   9.9413333e+02   7.4400410e-04
   9.9950000e+02   7.2344175e-04
   1.0048667e+03   7.0344753e-04
   1.0102333e+03   6.8400577e-04
   1.0156000e+03   6.6510124e-04
   1.0209667e+03   6.4671914e-04
   1.0263333e+03   6.2884504e-04
   1.0317000e+03   6.1146491e-04
   1.0370667e+03   5.9456511e-04
   1.0424333e+03   5.7813237e-04
   1.0478000e+03   5.6215380e-04
   1.0531667e+03   5.4661684e-04
   1.0585333e+03   5.3150929e-04
   1.0639000e+03   5.1681928e-04
   1.0692667e+03   5.0253527e-04
   1.0746333e+03   4.8864605e-04
   1.0800000e+03   4.7514071e-04
   1.0853667e+03   4.6200862e-04
   1.0907333e+03   4.4923949e-04
   1.0961000e+03   4.3682327e-04
   1.1014667e+03   4.2475021e-04
   1.1068333e+03   4.1301084e-04
   1.1122000e+03   4.0159592e-04
   1.1175667e+03   3.9049649e-04
   1.1229333e+03   3.7970382e-04
   1.1283000e+03   3.6920945e-04
   1.1336667e+03   3.5900513e-04
   1.1390333e+03   3.4908283e-04
   1.1444000e+03   3.3943477e-04
   1.1497667e+03   3.3005337e-04
   1.1551333e+03   3.2093126e-04
   1.1605000e+03   3.1206126e-04
   1.1658667e+03   3.0343641e-04
   1.1712333e+03   2.9504994e-04
   1.1766000e+03   2.8689526e-04
   1.1819667e+03   2.7896596e-04
   1.1873333e+03   2.7125582e-04
   1.1927000e+03   2.6375876e-04
   1.1980667e+03   2.5646892e-04
   1.2034333e+03   2.4938055e-04
   1.2088000e+03   2.4248810e-04
   1.2141667e+03   2.3578613e-04
   1.2195333e+03   2.2926940e-04
   1.2249000e+03   2.2293279e-04
   1.2302667e+03   2.1677130e-04
   1.2356333e+03   2.1078011e-04
   1.2410000e+03   2.0495450e-04
   1.2463667e+03   1.9928991e-04
   1.2517333e+03   1.9378187e-04
   1.2571000e+03   1.8842607e-04
   1.2624667e+03   1.8321829e-04
   1.2678333e+03   1.7815445e-04
   1.2732000e+03   1.7323056e-04
   1.2785667e+03   1.6844276e-04
   1.2839333e+03   1.6378729e-04
   1.2893000e+03   1.5926048e-04
   1.2946667e+03   1.5485879e-04
   1.3000333e+03   1.5057876e-04
   1.3054000e+03   1.4641702e-04
   1.3107667e+03   1.4237030e-04
   1.3161333e+03   1.3843542e-04
   1.3215000e+03   1.3460930e-04
   1.3268667e+03   1.3088893e-04
   1.3322333e+03   1.2727138e-04
   1.3376000e+03   1.2375382e-04
   1.3429667e+03   1.2033347e-04
   1.3483333e+03   1.1700766e-04
   1.3537000e+03   1.1377376e-04
   1.3590667e+03   1.1062925e-04
   1.3644333e+03   1.0757164e-04
   1.3698000e+03   1.0459855e-04
   1.3751667e+03   1.0170762e-04
   1.3805333e+03   9.8896592e-05
   1.3859000e+03   9.6163258e-05
   1.3912667e+03   9.3505468e-05
   1.3966333e+03   9.0921135e-05
   1.4020000e+03   8.8408229e-05
   1.4073667e+03   8.5964775e-05
   1.4127333e+03   8.3588854e-05
   1.4181000e+03   8.1278599e-05
   1.4234667e+03   7.9032197e-05
   1.4288333e+03   7.6847880e-05
   1.4342000e+03   7.4723935e-05
   1.4395667e+03   7.2658692e-05
   1.4449333e+03   7.0650529e-05
   1.4503000e+03   6.8697867e-05
   1.4556667e+03   6.6799175e-05
   1.4610333e+03   6.4952959e-05
   1.4664000e+03   6.3157769e-05
   1.4717667e+03   6.1412195e-05
   1.4771333e+03   5.9714866e-05
   1.4825000e+03   5.8064448e-05
   1.4878667e+03   5.6459645e-05
   1.4932333e+03   5.4899196e-05
   1.4986000e+03   5.3381875e-05
   1.5039667e+03   5.1906490e-05
   1.5093333e+03   5.0471883e-05
   1.5147000e+03   4.9076925e-05
   1.5200667e+03   4.7720522e-05
   1.5254333e+03   4.6401608e-05
   1.5308000e+03   4.5119146e-05
   1.5361667e+03   4.3872129e-05
   1.5415333e+03   4.2659577e-05
   1.5469000e+03   4.1480539e-05
   1.5522667e+03   4.0334087e-05
   1.5576333e+03   3.9219321e-05
   1.5630000e+03   3.8135365e-05
   1.5683667e+03   3.7081368e-05
   1.5737333e+03   3.6056502e-05
   1.5791000e+03   3.5059961e-05
   1.5844667e+03   3.4090963e-05
   1.5898333e+03   3.3148747e-05
   1.5952000e+03   3.2232572e-05
   1.6005667e+03   3.1341718e-05
   1.6059333e+03   3.0475486e-05
   1.6113000e+03   2.9633195e-05
   1.6166667e+03   2.8814184e-05
   1.6220333e+03   2.8017808e-05
   1.6274000e+03   2.7243444e-05
   1.6327667e+03   2.6490481e-05
   1.6381333e+03   2.5758329e-05
   1.6435000e+03   2.5046412e-05
   1.6488667e+03   2.4354172e-05
   1.6542333e+03   2.3681064e-05
   1.6596000e+03   2.3026559e-05
   1.6649667e+03   2.2390144e-05
   1.6703333e+03   2.1771318e-05
   1.6757000e+03   2.1169596e-05
   1.6810667e+03   2.0584504e-05
   1.6864333e+03   2.0015583e-05
   1.6918000e+03   1.9462386e-05
   1.6971667e+03   1.8924479e-05
   1.7025333e+03   1.8401438e-05
   1.7079000e+03   1.7892854e-05
   1.7132667e+03   1.7398326e-05
   1.7186333e+03   1.6917465e-05
   1.7240000e+03   1.6449895e-05
   1.7293667e+03   1.5995248e-05
   1.7347333e+03   1.5553166e-05
   1.7401000e+03   1.5123303e-05
   1.7454667e+03   1.4705321e-05
   1.7508333e+03   1.4298890e-05
   1.7562000e+03   1.3903693e-05
   1.7615667e+03   1.3519419e-05
   1.7669333e+03   1.3145765e-05
   1.7723000e+03   1.2782438e-05
   1.7776667e+03   1.2429153e-05
   1.7830333e+03   1.2085632e-05
   1.7884000e+03   1.1751606e-05
   1.7937667e+03   1.1426812e-05
   1.7991333e+03   1.1110994e-05
   1.8045000e+03   1.0803905e-05
   1.8098667e+03   1.0505303e-05
   1.8152333e+03   1.0214954e-05
   1.8206000e+03   9.9326302e-06
   1.8259667e+03   9.6581091e-06
   1.8313333e+03   9.3911753e-06
   1.8367000e+03   9.1316192e-06
   1.8420667e+03   8.8792366e-06
   1.8474333e+03   8.6338296e-06
   1.8528000e+03   8.3952051e-06
   1.8581667e+03   8.1631759e-06
   1.8635333e+03   7.9375595e-06
   1.8689000e+03   7.7181788e-06
   1.8742667e+03   7.5048614e-06
   1.8796333e+03   7.2974397e-06
   1.8850000e+03   7.0957508e-06
   1.8903667e+03   6.8996363e-06
   1.8957333e+03   6.7089420e-06
   1.9011000e+03   6.5235182e-06
   1.9064667e+03   6.3432192e-06
   1.9118333e+03   6.1679034e-06
   1.9172000e+03   5.9974330e-06
   1.9225667e+03   5.8316741e-06
   1.9279333e+03   5.6704965e-06
   1.9333000e+03   5.5137735e-06
   1.9386667e+03   5.3613822e-06
   1.9440333e+03   5.2132026e-06
   1.9494000e+03   5.0691185e-06
   1.9547667e+03   4.9290167e-06
   1.9601333e+03   4.7927870e-06
   1.9655000e+03   4.6603225e-06
   1.9708667e+03   4.5315190e-06
   1.9762333e+03   4.4062755e-06
   1.9816000e+03   4.2844935e-06
   1.9869667e+03   4.1660774e-06
   1.9923333e+03   4.0509340e-06
   1.9977000e+03   3.9389731e-06
   2.0030667e+03   3.8301065e-06
   2.0084333e+03   3.7242489e-06
   2.0138000e+03   3.6213169e-06
   2.0191667e+03   3.5212299e-06
   2.0245333e+03   3.4239090e-06
   2.0299000e+03   3.3292780e-06
   2.0352667e+03   3.2372624e-06
   2.0406333e+03   3.1477899e-06
   2.0460000e+03   3.0607903e-06
   2.0513667e+03   2.9761953e-06
   2.0567333e+03   2.8939383e-06
   2.0621000e+03   2.8139547e-06
   2.0674667e+03   2.7361818e-06
   2.0728333e+03   2.6605583e-06
   2.0782000e+03   2.5870250e-06
   2.0835667e+03   2.5155240e-06
   2.0889333e+03   2.4459992e-06
   2.0943000e+03   2.3783959e-06
   2.0996667e+03   2.3126611e-06
   2.1050333e+03   2.2487430e-06
   2.1104000e+03   2.1865916e-06
   2.1157667e+03   2.1261579e-06
   2.1211333e+03   2.0673945e-06
   2.1265000e+03   2.0102552e-06
   2.1318667e+03   1.9546951e-06
   2.1372333e+03   1.9006707e-06
   2.1426000e+03   1.8481393e-06
   2.1479667e+03   1.7970599e-06
   2.1533333e+03   1.7473922e-06
   2.1587000e+03   1.6990972e-06
   2.1640667e+03   1.6521371e-06
   2.1694333e+03   1.6064748e-06
   2.1748000e+03   1.5620746e-06
   2.1801667e+03   1.5189015e-06
   2.1855333e+03   1.4769216e-06
   2.1909000e+03   1.4361020e-06
   2.1962667e+03   1.3964105e-06
   2.2016333e+03   1.3578161e-06
   2.2070000e+03   1.3202884e-06
   2.2123667e+03   1.2837978e-06
   2.2177333e+03   1.2483158e-06
   2.2231000e+03   1.2138145e-06
   2.2284667e+03   1.1802667e-06
   2.2338333e+03   1.1476462e-06
   2.2392000e+03   1.1159272e-06
   2.2445667e+03   1.0850848e-06
   2.2499333e+03   1.0550949e-06
   2.2553000e+03   1.0259339e-06
   2.2606667e+03   9.9757880e-07
   2.2660333e+03   9.7000741e-07
   2.2714000e+03   9.4319804e-07
   2.2767667e+03   9.1712965e-07
   2.2821333e+03   8.9178173e-07
   2.2875000e+03   8.6713440e-07
   2.2928667e+03   8.4316827e-07
   2.2982333e+03   8.1986452e-07
   2.3036000e+03   7.9720486e-07
   2.3089667e+03   7.7517146e-07
   2.3143333e+03   7.5374704e-07
   2.3197000e+03   7.3291474e-07
   2.3250667e+03   7.1265822e-07
   2.3304333e+03   6.9296155e-07
   2.3358000e+03   6.7380927e-07
   2.3411667e+03   6.5518632e-07
   2.3465333e+03   6.3707808e-07
   2.3519000e+03   6.1947032e-07
   2.3572667e+03   6.0234921e-07
   2.3626333e+03   5.8570129e-07
   2.3680000e+03   5.6951350e-07
   2.3733667e+03   5.5377311e-07
   2.3787333e+03   5.3846776e-07
   2.3841000e+03   5.2358542e-07
   2.3894667e+03   5.0911441e-07
   2.3948333e+03   4.9504335e-07
   2.4002000e+03   4.8136119e-07
   2.4055667e+03   4.6805718e-07
   2.4109333e+03   4.5512087e-07
   2.4163000e+03   4.4254210e-07
   2.4216667e+03   4.3031098e-07
   2.4270333e+03   4.1841792e-07
   2.4324000e+03   4.0685355e-07
   2.4377667e+03   3.9560881e-07
   2.4431333e+03   3.8467485e-07
   2.4485000e+03   3.7404309e-07
   2.4538667e+03   3.6370517e-07
   2.4592333e+03   3.5365298e-07
   2.4646000e+03   3.4387861e-07
   2.4699667e+03   3.3437438e-07
   2.4753333e+03   3.2513284e-07
   2.4807000e+03   3.1614672e-07
   2.4860667e+03   3.0740896e-07
   2.4914333e+03   2.9891270e-07
   2.4968000e+03   2.9065126e-07
   2.5021667e+03   2.8261815e-07
   2.5075333e+03   2.7480706e-07
   2.5129000e+03   2.6721186e-07
   2.5182667e+03   2.5982657e-07
   2.5236333e+03   2.5264541e-07
   2.5290000e+03   2.4566272e-07
   2.5343667e+03   2.3887301e-07
   2.5397333e+03   2.3227097e-07
   2.5451000e+03   2.2585139e-07
   2.5504667e+03   2.1960924e-07
   2.5558333e+03   2.1353961e-07
   2.5612000e+03   2.0763774e-07
   2.5665667e+03   2.0189898e-07
   2.5719333e+03   1.9631884e-07
   2.5773000e+03   1.9089292e-07
   2.5826667e+03   1.8561696e-07
   2.5880333e+03   1.8048682e-07
   2.5934000e+03   1.7549847e-07
   2.5987667e+03   1.7064799e-07
   2.6041333e+03   1.6593157e-07
   2.6095000e+03   1.6134550e-07
   2.6148667e+03   1.5688618e-07
   2.6202333e+03   1.5255012e-07
   2.6256000e+03   1.4833389e-07
   2.6309667e+03   1.4423419e-07
   2.6363333e+03   1.4024780e-07
   2.6417000e+03   1.3637159e-07
   2.6470667e+03   1.3260251e-07
   2.6524333e+03   1.2893760e-07
   2.6578000e+03   1.2537398e-07
   2.6631667e+03   1.2190886e-07
   2.6685333e+03   1.1853950e-07
   2.6739000e+03   1.1526327e-07
   2.6792667e+03   1.1207759e-07
   2.6846333e+03   1.0897996e-07
   2.6900000e+03   1.0596793e-07
   2.6953667e+03   1.0303916e-07
   2.7007333e+03   1.0019133e-07
   2.7061000e+03   9.7422213e-08
   2.7114667e+03   9.4729628e-08
   2.7168333e+03   9.2111462e-08
   2.7222000e+03   8.9565657e-08
   2.7275667e+03   8.7090213e-08
   2.7329333e+03   8.4683187e-08
   2.7383000e+03   8.2342687e-08
   2.7436667e+03   8.0066875e-08
   2.7490333e+03   7.7853962e-08
   2.7544000e+03   7.5702210e-08
   2.7597667e+03   7.3609929e-08
   2.7651333e+03   7.1575475e-08
   2.7705000e+03   6.9597250e-08
   2.7758667e+03   6.7673700e-08
   2.7812333e+03   6.5803313e-08
   2.7866000e+03   6.3984621e-08
   2.7919667e+03   6.2216195e-08
   2.7973333e+03   6.0496644e-08
   2.8027000e+03   5.8824619e-08
   2.8080667e+03   5.7198806e-08
   2.8134333e+03   5.5617928e-08
   2.8188000e+03   5.4080743e-08
   2.8241667e+03   5.2586043e-08
   2.8295333e+03   5.1132653e-08
   2.8349000e+03   4.9719433e-08
   2.8402667e+03   4.8345272e-08
   2.8456333e+03   4.7009091e-08
   2.8510000e+03   4.5709839e-08
   2.8563667e+03   4.4446496e-08
   2.8617333e+03   4.3218071e-08
   2.8671000e+03   4.2023596e-08
   2.8724667e+03   4.0862135e-08
   2.8778333e+03   3.9732775e-08
   2.8832000e+03   3.8634628e-08
   2.8885667e+03   3.7566832e-08
   2.8939333e+03   3.6528549e-08
   2.8993000e+03   3.5518961e-08
   2.9046667e+03   3.4537277e-08
   2.9100333e+03   3.3582726e-08
   2.9154000e+03   3.2654556e-08
   2.9207667e+03   3.1752039e-08
   2.9261333e+03   3.0874467e-08
   2.9315000e+03   3.0021149e-08
   2.9368667e+03   2.9191415e-08
   2.9422333e+03   2.8384614e-08
   2.9476000e+03   2.7600111e-08
   2.9529667e+03   2.6837290e-08
   2.9583333e+03   2.6095553e-08
   2.9637000e+03   2.5374316e-08
   2.9690667e+03   2.4673013e-08
   2.9744333e+03   2.3991093e-08
   2.9798000e+03   2.3328020e-08
   2.9851667e+03   2.2683273e-08
   2.9905333e+03   2.2056345e-08
   2.9959000e+03   2.1446745e-08
   3.0012667e+03   2.0853993e-08
   3.0066333e+03   2.0277624e-08
   3.0120000e+03   1.9717185e-08
   3.0173667e+03   1.9172236e-08
   3.0227333e+03   1.8642347e-08
   3.0281000e+03   1.8127104e-08
   3.0334667e+03   1.7626102e-08
   3.0388333e+03   1.7138946e-08
   3.0442000e+03   1.6665255e-08
   3.0495667e+03   1.6204655e-08
   3.0549333e+03   1.5756786e-08
   3.0603000e+03   1.5321295e-08
   3.0656667e+03   1.4897841e-08
   3.0710333e+03   1.4486089e-08
   3.0764000e+03   1.4085718e-08
   3.0817667e+03   1.3696413e-08
   3.0871333e+03   1.3317867e-08
   3.0925000e+03   1.2949784e-08
   3.0978667e+03   1.2591874e-08
   3.1032333e+03   1.2243856e-08
   3.1086000e+03   1.1905456e-08
   3.1139667e+03   1.1576410e-08
   3.1193333e+03   1.1256457e-08
   3.1247000e+03   1.0945348e-08
   3.1300667e+03   1.0642837e-08
   3.1354333e+03   1.0348687e-08
   3.1408000e+03   1.0062667e-08
   3.1461667e+03   9.7845517e-09
   3.1515333e+03   9.5141233e-09
   3.1569000e+03   9.2511690e-09
   3.1622667e+03   8.9954824e-09
   3.1676333e+03   8.7468624e-09
   3.1730000e+03   8.5051140e-09
   3.1783667e+03   8.2700470e-09
   3.1837333e+03   8.0414769e-09
   3.1891000e+03   7.8192241e-09
   3.1944667e+03   7.6031140e-09
   3.1998333e+03   7.3929768e-09
   3.2052000e+03   7.1886474e-09
   3.2105667e+03   6.9899654e-09
   3.2159333e+03   6.7967745e-09
   3.2213000e+03   6.6089232e-09
   3.2266667e+03   6.4262637e-09
   3.2320333e+03   6.2486527e-09
   3.2374000e+03   6.0759505e-09
   3.2427667e+03   5.9080215e-09
   3.2481333e+03   5.7447338e-09
   3.2535000e+03   5.5859591e-09
   3.2588667e+03   5.4315726e-09
   3.2642333e+03   5.2814531e-09
   3.2696000e+03   5.1354827e-09
   3.2749667e+03   4.9935467e-09
   3.2803333e+03   4.8555335e-09
   3.2857000e+03   4.7213347e-09
   3.2910667e+03   4.5908450e-09
   3.2964333e+03   4.4639619e-09
   3.3018000e+03   4.3405855e-09
   3.3071667e+03   4.2206191e-09
   3.3125333e+03   4.1039683e-09
   3.3179000e+03   3.9905416e-09
   3.3232667e+03   3.8802497e-09
   3.3286333e+03   3.7730062e-09
   3.3340000e+03   3.6687267e-09
   3.3393667e+03   3.5673293e-09
   3.3447333e+03   3.4687344e-09
   3.3501000e+03   3.3728644e-09
   3.3554667e+03   3.2796441e-09
   3.3608333e+03   3.1890003e-09
   3.3662000e+03   3.1008618e-09
   3.3715667e+03   3.0151592e-09
   3.3769333e+03   2.9318253e-09
   3.3823000e+03   2.8507946e-09
   3.3876667e+03   2.7720035e-09
   3.3930333e+03   2.6953900e-09
   3.3984000e+03   2.6208940e-09
   3.4037667e+03   2.5484569e-09
   3.4091333e+03   2.4780218e-09
   3.4145000e+03   2.4095335e-09
   3.4198667e+03   2.3429381e-09
   3.4252333e+03   2.2781832e-09
   3.4306000e+03   2.2152181e-09
   3.4359667e+03   2.1539932e-09
   3.4413333e+03   2.0944605e-09
   3.4467000e+03   2.0365732e-09
   3.4520667e+03   1.9802857e-09
   3.4574333e+03   1.9255540e-09
   3.4628000e+03   1.8723349e-09
   3.4681667e+03   1.8205868e-09
   3.4735333e+03   1.7702688e-09
   3.4789000e+03   1.7213416e-09
   3.4842667e+03   1.6737666e-09
   3.4896333e+03   1.6275065e-09
   3.4950000e+03   1.5825250e-09
   3.5003667e+03   1.5387867e-09
   3.5057333e+03   1.4962572e-09
   3.5111000e+03   1.4549032e-09
   3.5164667e+03   1.4146922e-09
   3.5218333e+03   1.3755925e-09
   3.5272000e+03   1.3375734e-09
   3.5325667e+03   1.3006051e-09
   3.5379333e+03   1.2646586e-09
   3.5433000e+03   1.2297056e-09
   3.5486667e+03   1.1957186e-09
   3.5540333e+03   1.1626710e-09
   3.5594000e+03   1.1305367e-09
   3.5647667e+03   1.0992906e-09
   3.5701333e+03   1.0689081e-09
   3.5755000e+03   1.0393653e-09
   3.5808667e+03   1.0106390e-09
   3.5862333e+03   9.8270661e-10
   3.5916000e+03   9.5554626e-10
   3.5969667e+03   9.2913658e-10
   3.6023333e+03   9.0345681e-10
   3.6077000e+03   8.7848680e-10
   3.6130667e+03   8.5420691e-10
   3.6184333e+03   8.3059807e-10
   3.6238000e+03   8.0764175e-10
   3.6291667e+03   7.8531990e-10
   3.6345333e+03   7.6361499e-10
   3.6399000e+03   7.4250996e-10
   3.6452667e+03   7.2198824e-10
   3.6506333e+03   7.0203371e-10
   3.6560000e+03   6.8263068e-10
   3.6613667e+03   6.6376393e-10
   3.6667333e+03   6.4541861e-10
   3.6721000e+03   6.2758034e-10
   3.6774667e+03   6.1023508e-10
   3.6828333e+03   5.9336921e-10
   3.6882000e+03   5.7696949e-10
   3.6935667e+03   5.6102303e-10
   3.6989333e+03   5.4551730e-10
   3.7043000e+03   5.3044013e-10
   3.7096667e+03   5.1577966e-10
   3.7150333e+03   5.0152438e-10
   3.7204000e+03   4.8766310e-10
   3.7257667e+03   4.7418492e-10
   3.7311333e+03   4.6107925e-10
   3.7365000e+03   4.4833580e-10
   3.7418667e+03   4.3594455e-10
   3.7472333e+03   4.2389579e-10
   3.7526000e+03   4.1218002e-10
   3.7579667e+03   4.0078806e-10
   3.7633333e+03   3.8971096e-10
   3.7687000e+03   3.7894001e-10
   3.7740667e+03   3.6846675e-10
   3.7794333e+03   3.5828295e-10
   3.7848000e+03   3.4838062e-10
   3.7901667e+03   3.3875197e-10
   3.7955333e+03   3.2938943e-10
   3.8009000e+03   3.2028567e-10
   3.8062667e+03   3.1143351e-10
   3.8116333e+03   3.0282602e-10
   3.8170000e+03   2.9445642e-10
   3.8223667e+03   2.8631814e-10
   3.8277333e+03   2.7840479e-10
   3.8331000e+03   2.7071016e-10
   3.8384667e+03   2.6322819e-10
   3.8438333e+03   2.5595300e-10
   3.8492000e+03   2.4887890e-10
   3.8545667e+03   2.4200030e-10
   3.8599333e+03   2.3531183e-10
   3.8653000e+03   2.2880821e-10
   3.8706667e+03   2.2248433e-10
   3.8760333e+03   2.1633524e-10
   3.8814000e+03   2.1035610e-10
   3.8867667e+03   2.0454222e-10
   3.8921333e+03   1.9888902e-10
   3.8975000e+03   1.9339206e-10
   3.9028667e+03   1.8804703e-10
   3.9082333e+03   1.8284973e-10
   3.9136000e+03   1.7779607e-10
   3.9189667e+03   1.7288209e-10
   3.9243333e+03   1.6810392e-10
   3.9297000e+03   1.6345781e-10
   3.9350667e+03   1.5894012e-10
   3.9404333e+03   1.5454728e-10
   3.9458000e+03   1.5027585e-10
   3.9511667e+03   1.4612248e-10
   3.9565333e+03   1.4208391e-10
   3.9619000e+03   1.3815695e-10
   3.9672667e+03   1.3433852e-10
   3.9726333e+03   1.3062563e-10
   3.9780000e+03   1.2701536e-10
   3.9833667e+03   1.2350487e-10
   3.9887333e+03   1.2009141e-10
   3.9941000e+03   1.1677228e-10
   3.9994667e+03   1.1354490e-10
   4.0048333e+03   1.1040671e-10
   4.0102000e+03   1.0735525e-10
   4.0155667e+03   1.0438813e-10
   4.0209333e+03   1.0150302e-10
   4.0263000e+03   9.8697651e-11
   4.0316667e+03   9.5969815e-11
   4.0370333e+03   9.3317372e-11
   4.0424000e+03   9.0738238e-11
   4.0477667e+03   8.8230386e-11
   4.0531333e+03   8.5791848e-11
   4.0585000e+03   8.3420706e-11
   4.0638667e+03   8.1115099e-11
   4.0692333e+03   7.8873215e-11
   4.0746000e+03   7.6693293e-11
   4.0799667e+03   7.4573620e-11
   4.0853333e+03   7.2512531e-11
   4.0907000e+03   7.0508408e-11
   4.0960667e+03   6.8559675e-11
   4.1014333e+03   6.6664801e-11
   4.1068000e+03   6.4822299e-11
   4.1121667e+03   6.3030720e-11
   4.1175333e+03   6.1288658e-11
   4.1229000e+03   5.9594743e-11
   4.1282667e+03   5.7947645e-11
   4.1336333e+03   5.6346070e-11
   4.1390000e+03   5.4788760e-11
   4.1443667e+03   5.3274492e-11
   4.1497333e+03   5.1802075e-11
   4.1551000e+03   5.0370353e-11
   4.1604667e+03   4.8978202e-11
   4.1658333e+03   4.7624527e-11
   4.1712000e+03   4.6308266e-11
   4.1765667e+03   4.5028384e-11
   4.1819333e+03   4.3783875e-11
   4.1873000e+03   4.2573763e-11
   4.1926667e+03   4.1397096e-11
   4.1980333e+03   4.0252951e-11
   4.2034000e+03   3.9140427e-11
   4.2087667e+03   3.8058652e-11
   4.2141333e+03   3.7006775e-11
   4.2195000e+03   3.5983971e-11
   4.2248667e+03   3.4989435e-11
   4.2302333e+03   3.4022386e-11
   4.2356000e+03   3.3082065e-11
   4.2409667e+03   3.2167732e-11
   4.2463333e+03   3.1278671e-11
   4.2517000e+03   3.0414181e-11
   4.2570667e+03   2.9573585e-11
   4.2624333e+03   2.8756221e-11
   4.2678000e+03   2.7961448e-11
   4.2731667e+03   2.7188640e-11
   4.2785333e+03   2.6437192e-11
   4.2839000e+03   2.5706513e-11
   4.2892667e+03   2.4996029e-11
   4.2946333e+03   2.4305181e-11
   4.3000000e+03   2.3633427e-11
   4.3053667e+03   2.2980239e-11
   4.3107333e+03   2.2345104e-11
   4.3161000e+03   2.1727523e-11
   4.3214667e+03   2.1127011e-11
   4.3268333e+03   2.0543096e-11
   4.3322000e+03   1.9975320e-11
   4.3375667e+03   1.9423236e-11
   4.3429333e+03   1.8886410e-11
   4.3483000e+03   1.8364422e-11
   4.3536667e+03   1.7856860e-11
   4.3590333e+03   1.7363327e-11
   4.3644000e+03   1.6883434e-11
   4.3697667e+03   1.6416804e-11
   4.3751333e+03   1.5963072e-11
   4.3805000e+03   1.5521879e-11
   4.3858667e+03   1.5092881e-11
   4.3912333e+03   1.4675739e-11
   4.3966000e+03   1.4270127e-11
   4.4019667e+03   1.3875725e-11
   4.4073333e+03   1.3492223e-11
   4.4127000e+03   1.3119321e-11
   4.4180667e+03   1.2756725e-11
   4.4234333e+03   1.2404151e-11
   4.4288000e+03   1.2061321e-11
   4.4341667e+03   1.1727966e-11
   4.4395333e+03   1.1403825e-11
   4.4449000e+03   1.1088643e-11
   4.4502667e+03   1.0782172e-11
   4.4556333e+03   1.0484171e-11
   4.4610000e+03   1.0194406e-11
   4.4663667e+03   9.9126497e-12
   4.4717333e+03   9.6386808e-12
   4.4771000e+03   9.3722840e-12
   4.4824667e+03   9.1132499e-12
   4.4878333e+03   8.8613751e-12
   4.4932000e+03   8.6164617e-12
   4.4985667e+03   8.3783173e-12
   4.5039333e+03   8.1467548e-12
   4.5093000e+03   7.9215923e-12
   4.5146667e+03   7.7026529e-12
   4.5200333e+03   7.4897646e-12
   4.5254000e+03   7.2827602e-12
   4.5307667e+03   7.0814770e-12
   4.5361333e+03   6.8857569e-12
   4.5415000e+03   6.6954463e-12
   4.5468667e+03   6.5103955e-12
   4.5522333e+03   6.3304592e-12
   4.5576000e+03   6.1554960e-12
   4.5629667e+03   5.9853685e-12
   4.5683333e+03   5.8199430e-12
   4.5737000e+03   5.6590897e-12
   4.5790667e+03   5.5026820e-12
   4.5844333e+03   5.3505972e-12
   4.5898000e+03   5.2027157e-12
   4.5951667e+03   5.0589215e-12
   4.6005333e+03   4.9191014e-12
   4.6059000e+03   4.7831458e-12
   4.6112667e+03   4.6509477e-12
   4.6166333e+03   4.5224034e-12
   4.6220000e+03   4.3974118e-12
   4.6273667e+03   4.2758748e-12
   4.6327333e+03   4.1576969e-12
   4.6381000e+03   4.0427852e-12
   4.6434667e+03   3.9310494e-12
   4.6488333e+03   3.8224019e-12
   4.6542000e+03   3.7167571e-12
   4.6595667e+03   3.6140323e-12
   4.6649333e+03   3.5141465e-12
   4.6703000e+03   3.4170215e-12
   4.6756667e+03   3.3225808e-12
   4.6810333e+03   3.2307503e-12
   4.6864000e+03   3.1414578e-12
   4.6917667e+03   3.0546332e-12
   4.6971333e+03   2.9702083e-12
   4.7025000e+03   2.8881168e-12
   4.7078667e+03   2.8082941e-12
   4.7132333e+03   2.7306776e-12
   4.7186000e+03   2.6552063e-12
   4.7239667e+03   2.5818209e-12
   4.7293333e+03   2.5104638e-12
   4.7347000e+03   2.4410788e-12
   4.7400667e+03   2.3736115e-12
   4.7454333e+03   2.3080089e-12
   4.7508000e+03   2.2442194e-12
   4.7561667e+03   2.1821930e-12
   4.7615333e+03   2.1218809e-12
   4.7669000e+03   2.0632357e-12
   4.7722667e+03   2.0062113e-12
   4.7776333e+03   1.9507631e-12
   4.7830000e+03   1.8968473e-12
   4.7883667e+03   1.8444216e-12
   4.7937333e+03   1.7934449e-12
   4.7991000e+03   1.7438771e-12
   4.8044667e+03   1.6956793e-12
   4.8098333e+03   1.6488136e-12
   4.8152000e+03   1.6032432e-12
   4.8205667e+03   1.5589323e-12
   4.8259333e+03   1.5158460e-12
   4.8313000e+03   1.4739506e-12
   4.8366667e+03   1.4332131e-12
   4.8420333e+03   1.3936015e-12
   4.8474000e+03   1.3550847e-12
   4.8527667e+03   1.3176325e-12
   4.8581333e+03   1.2812154e-12
   4.8635000e+03   1.2458047e-12
   4.8688667e+03   1.2113728e-12
   4.8742333e+03   1.1778925e-12
   4.8796000e+03   1.1453375e-12
   4.8849667e+03   1.1136824e-12
   4.8903333e+03   1.0829021e-12
   4.8957000e+03   1.0529725e-12
   4.9010667e+03   1.0238701e-12
   4.9064333e+03   9.9557206e-13
   4.9118000e+03   9.6805614e-13
   4.9171667e+03   9.4130070e-13
   4.9225333e+03   9.1528474e-13
   4.9279000e+03   8.8998782e-13
   4.9332667e+03   8.6539006e-13
   4.9386333e+03   8.4147215e-13
   4.9440000e+03   8.1821528e-13
   4.9493667e+03   7.9560120e-13
   4.9547333e+03   7.7361212e-13
   4.9601000e+03   7.5223079e-13
   4.9654667e+03   7.3144041e-13
   4.9708333e+03   7.1122463e-13
   4.9762000e+03   6.9156759e-13
   4.9815667e+03   6.7245383e-13
   4.9869333e+03   6.5386834e-13
   4.9923000e+03   6.3579653e-13
   4.9976667e+03   6.1822419e-13
   5.0030333e+03   6.0113752e-13
   5.0084000e+03   5.8452310e-13
   5.0137667e+03   5.6836787e-13
   5.0191333e+03   5.5265914e-13
   5.0245000e+03   5.3738458e-13
   5.0298667e+03   5.2253218e-13
   5.0352333e+03   5.0809027e-13
   5.0406000e+03   4.9404752e-13
   5.0459667e+03   4.8039288e-13
   5.0513333e+03   4.6711563e-13
   5.0567000e+03   4.5420535e-13
   5.0620667e+03   4.4165188e-13
   5.0674333e+03   4.2944537e-13
   5.0728000e+03   4.1757623e-13
   5.0781667e+03   4.0603513e-13
   5.0835333e+03   3.9481300e-13
   5.0889000e+03   3.8390104e-13
   5.0942667e+03   3.7329066e-13
   5.0996333e+03   3.6297354e-13
   5.1050000e+03   3.5294157e-13
   5.1103667e+03   3.4318686e-13
   5.1157333e+03   3.3370175e-13
   5.1211000e+03   3.2447880e-13
   5.1264667e+03   3.1551076e-13
   5.1318333e+03   3.0679057e-13
   5.1372000e+03   2.9831140e-13
   5.1425667e+03   2.9006658e-13
   5.1479333e+03   2.8204963e-13
   5.1533000e+03   2.7425426e-13
   5.1586667e+03   2.6667433e-13
   5.1640333e+03   2.5930390e-13
   5.1694000e+03   2.5213718e-13
   5.1747667e+03   2.4516854e-13
   5.1801333e+03   2.3839250e-13
   5.1855000e+03   2.3180373e-13
   5.1908667e+03   2.2539707e-13
   5.1962333e+03   2.1916747e-13
   5.2016000e+03   2.1311006e-13
   5.2069667e+03   2.0722005e-13
   5.2123333e+03   2.0149284e-13
   5.2177000e+03   1.9592392e-13
   5.2230667e+03   1.9050892e-13
   5.2284333e+03   1.8524357e-13
   5.2338000e+03   1.8012375e-13
   5.2391667e+03   1.7514544e-13
   5.2445333e+03   1.7030471e-13
   5.2499000e+03   1.6559778e-13
   5.2552667e+03   1.6102094e-13
   5.2606333e+03   1.5657059e-13
   5.2660000e+03   1.5224324e-13
   5.2713667e+03   1.4803550e-13
   5.2767333e+03   1.4394405e-13
   5.2821000e+03   1.3996568e-13
   5.2874667e+03   1.3609726e-13
   5.2928333e+03   1.3233577e-13
   5.2982000e+03   1.2867823e-13
   5.3035667e+03   1.2512178e-13
   5.3089333e+03   1.2166363e-13
   5.3143000e+03   1.1830105e-13
   5.3196667e+03   1.1503141e-13
   5.3250333e+03   1.1185214e-13
   5.3304000e+03   1.0876073e-13
   5.3357667e+03   1.0575477e-13
   5.3411333e+03   1.0283189e-13
   5.3465000e+03   9.9989787e-14
   5.3518667e+03   9.7226238e-14
   5.3572333e+03   9.4539070e-14
   5.3626000e+03   9.1926170e-14
   5.3679667e+03   8.9385486e-14
   5.3733333e+03   8.6915022e-14
   5.3787000e+03   8.4512838e-14
   5.3840667e+03   8.2177046e-14
   5.3894333e+03   7.9905812e-14
   5.3948000e+03   7.7697350e-14
   5.4001667e+03   7.5549927e-14
   5.4055333e+03   7.3461855e-14
   5.4109000e+03   7.1431494e-14
   5.4162667e+03   6.9457248e-14
   5.4216333e+03   6.7537567e-14
   5.4270000e+03   6.5670943e-14
   5.4323667e+03   6.3855909e-14
   5.4377333e+03   6.2091040e-14
   5.4431000e+03   6.0374949e-14
   5.4484667e+03   5.8706287e-14
   5.4538333e+03   5.7083745e-14
   5.4592000e+03   5.5506047e-14
   5.4645667e+03   5.3971954e-14
   5.4699333e+03   5.2480260e-14
   5.4753000e+03   5.1029795e-14
   5.4806667e+03   4.9619417e-14
   5.4860333e+03   4.8248021e-14
   5.4914000e+03   4.6914527e-14
   5.4967667e+03   4.5617889e-14
   5.5021333e+03   4.4357088e-14
   5.5075000e+03   4.3131133e-14
   5.5128667e+03   4.1939061e-14
   5.5182333e+03   4.0779937e-14
   5.5236000e+03   3.9652848e-14
   5.5289667e+03   3.8556911e-14
   5.5343333e+03   3.7491263e-14
   5.5397000e+03   3.6455068e-14
   5.5450667e+03   3.5447511e-14
   5.5504333e+03   3.4467802e-14
   5.5558000e+03   3.3515170e-14
   5.5611667e+03   3.2588868e-14
   5.5665333e+03   3.1688167e-14
   5.5719000e+03   3.0812359e-14
   5.5772667e+03   2.9960758e-14
   5.5826333e+03   2.9132693e-14
   5.5880000e+03   2.8327515e-14
   5.5933667e+03   2.7544590e-14
   5.5987333e+03   2.6783304e-14
   5.6041000e+03   2.6043059e-14
   5.6094667e+03   2.5323273e-14
   5.6148333e+03   2.4623381e-14
   5.6202000e+03   2.3942832e-14
   5.6255667e+03   2.3281093e-14
   5.6309333e+03   2.2637643e-14
   5.6363000e+03   2.2011977e-14
   5.6416667e+03   2.1403603e-14
   5.6470333e+03   2.0812043e-14
   5.6524000e+03   2.0236834e-14
   5.6577667e+03   1.9677522e-14
   5.6631333e+03   1.9133669e-14
   5.6685000e+03   1.8604846e-14
   5.6738667e+03   1.8090640e-14
   5.6792333e+03   1.7590645e-14
   5.6846000e+03   1.7104470e-14
   5.6899667e+03   1.6631731e-14
   5.6953333e+03   1.6172058e-14
   5.7007000e+03   1.5725090e-14
   5.7060667e+03   1.5290475e-14
   5.7114333e+03   1.4867872e-14
   5.7168000e+03   1.4456949e-14
   5.7221667e+03   1.4057384e-14
   5.7275333e+03   1.3668861e-14
   5.7329000e+03   1.3291077e-14
   5.7382667e+03   1.2923734e-14
   5.7436333e+03   1.2566544e-14
   5.7490000e+03   1.2219226e-14
   5.7543667e+03   1.1881507e-14
   5.7597333e+03   1.1553123e-14
   5.7651000e+03   1.1233814e-14
   5.7704667e+03   1.0923330e-14
   5.7758333e+03   1.0621428e-14
   5.7812000e+03   1.0327870e-14
   5.7865667e+03   1.0042425e-14
   5.7919333e+03   9.7648691e-15
   5.7973000e+03   9.4949846e-15
