   3.9097000e+02   1.2837675e-04
   3.9256744e+02   1.3712469e-04
   3.9416488e+02   1.4635547e-04
   3.9576233e+02   1.5608703e-04
   3.9735977e+02   1.6633740e-04
   3.9895721e+02   1.7712458e-04
   4.0055465e+02   1.8846654e-04
   4.0215210e+02   2.0038112e-04
   4.0374954e+02   2.1288603e-04
   4.0534698e+02   2.2599874e-04
   4.0694442e+02   2.3973644e-04
   4.0854187e+02   2.5411599e-04
   4.1013931e+02   2.6915382e-04
   4.1173675e+02   2.8486590e-04
   4.1333419e+02   3.0126764e-04
   4.1493164e+02   3.1837385e-04
   4.1652908e+02   3.3619863e-04
   4.1812652e+02   3.5475536e-04
   4.1972396e+02   3.7405654e-04
   4.2132141e+02   3.9411381e-04
   4.2291885e+02   4.1493781e-04
   4.2451629e+02   4.3653812e-04
   4.2611373e+02   4.5892324e-04
   4.2771118e+02   4.8210044e-04
   4.2930862e+02   5.0607574e-04
   4.3090606e+02   5.3085385e-04
   4.3250350e+02   5.5643807e-04
   4.3410095e+02   5.8283027e-04
   4.3569839e+02   6.1003077e-04
   4.3729583e+02   6.3803835e-04
   4.3889327e+02   6.6685017e-04
   4.4049072e+02   6.9646171e-04
   4.4208816e+02   7.2686675e-04
   4.4368560e+02   7.5805730e-04
   4.4528304e+02   7.9002359e-04
   4.4688049e+02   8.2275406e-04
   4.4847793e+02   8.5623529e-04
   4.5007537e+02   8.9045201e-04
   4.5167281e+02   9.2538710e-04
   4.5327026e+02   9.6102155e-04
   4.5486770e+02   9.9733451e-04
   4.5646514e+02   1.0343033e-03
   4.5806258e+02   1.0719032e-03
   4.5966003e+02   1.1101081e-03
   4.6125747e+02   1.1488896e-03
   4.6285491e+02   1.1882179e-03
   4.6445235e+02   1.2280614e-03
   4.6604979e+02   1.2683867e-03
   4.6764724e+02   1.3091591e-03
   4.6924468e+02   1.3503422e-03
   4.7084212e+02   1.3918979e-03
   4.7243956e+02   1.4337873e-03
   4.7403701e+02   1.4759696e-03
   4.7563445e+02   1.5184031e-03
   4.7723189e+02   1.5610450e-03
   4.7882933e+02   1.6038513e-03
   4.8042678e+02   1.6467774e-03
   4.8202422e+02   1.6897776e-03
   4.8362166e+02   1.7328056e-03
   4.8521910e+02   1.7758146e-03
   4.8681655e+02   1.8187573e-03
   4.8841399e+02   1.8615861e-03
   4.9001143e+02   1.9042531e-03
   4.9160887e+02   1.9467106e-03
   4.9320632e+02   1.9889106e-03
   4.9480376e+02   2.0308056e-03
   4.9640120e+02   2.0723480e-03
   4.9799864e+02   2.1134912e-03
   4.9959609e+02   2.1541886e-03
   5.0119353e+02   2.1943947e-03
   5.0279097e+02   2.2340645e-03
   5.0438841e+02   2.2731542e-03
   5.0598586e+02   2.3116208e-03
   5.0758330e+02   2.3494226e-03
   5.0918074e+02   2.3865191e-03
   5.1077818e+02   2.4228711e-03
   5.1237563e+02   2.4584410e-03
   5.1397307e+02   2.4931927e-03
   5.1557051e+02   2.5270916e-03
   5.1716795e+02   2.5601050e-03
   5.1876540e+02   2.5922019e-03
   5.2036284e+02   2.6233530e-03
   5.2196028e+02   2.6535312e-03
   5.2355772e+02   2.6827112e-03
   5.2515517e+02   2.7108696e-03
   5.2675261e+02   2.7379852e-03
   5.2835005e+02   2.7640389e-03
   5.2994749e+02   2.7890135e-03
   5.3154493e+02   2.8128941e-03
   5.3314238e+02   2.8356677e-03
   5.3473982e+02   2.8573236e-03
   5.3633726e+02   2.8778532e-03
   5.3793470e+02   2.8972498e-03
   5.3953215e+02   2.9155089e-03
   5.4112959e+02   2.9326281e-03
   5.4272703e+02   2.9486068e-03
   5.4432447e+02   2.9634467e-03
   5.4592192e+02   2.9771509e-03
   5.4751936e+02   2.9897249e-03
   5.4911680e+02   3.0011757e-03
   5.5071424e+02   3.0115121e-03
   5.5231169e+02   3.0207445e-03
   5.5390913e+02   3.0288851e-03
   5.5550657e+02   3.0359476e-03
   5.5710401e+02   3.0419469e-03
   5.5870146e+02   3.0468997e-03
   5.6029890e+02   3.0508235e-03
   5.6189634e+02   3.0537375e-03
   5.6349378e+02   3.0556618e-03
   5.6509123e+02   3.0566174e-03
   5.6668867e+02   3.0566266e-03
   5.6828611e+02   3.0557123e-03
   5.6988355e+02   3.0538983e-03
   5.7148100e+02   3.0512091e-03
   5.7307844e+02   3.0476697e-03
   5.7467588e+02   3.0433058e-03
   5.7627332e+02   3.0381434e-03
   5.7787077e+02   3.0322091e-03
   5.7946821e+02   3.0255294e-03
   5.8106565e+02   3.0181314e-03
   5.8266309e+02   3.0100421e-03
   5.8426054e+02   3.0012887e-03
   5.8585798e+02   2.9918982e-03
   5.8745542e+02   2.9818979e-03
   5.8905286e+02   2.9713145e-03
   5.9065031e+02   2.9601748e-03
   5.9224775e+02   2.9485054e-03
   5.9384519e+02   2.9363325e-03
   5.9544263e+02   2.9236819e-03
   5.9704008e+02   2.9105791e-03
   5.9863752e+02   2.8970490e-03
   6.0023496e+02   2.8831164e-03
   6.0183240e+02   2.8688052e-03
   6.0342984e+02   2.8541390e-03
   6.0502729e+02   2.8391407e-03
   6.0662473e+02   2.8238326e-03
   6.0822217e+02   2.8082366e-03
   6.0981961e+02   2.7923737e-03
   6.1141706e+02   2.7762644e-03
   6.1301450e+02   2.7599285e-03
   6.1461194e+02   2.7433853e-03
   6.1620938e+02   2.7266531e-03
   6.1780683e+02   2.7097498e-03
   6.1940427e+02   2.6926924e-03
   6.2100171e+02   2.6754975e-03
   6.2259915e+02   2.6581807e-03
   6.2419660e+02   2.6407572e-03
   6.2579404e+02   2.6232415e-03
   6.2739148e+02   2.6056472e-03
   6.2898892e+02   2.5879875e-03
   6.3058637e+02   2.5702749e-03
   6.3218381e+02   2.5525213e-03
   6.3378125e+02   2.5347379e-03
   6.3537869e+02   2.5169353e-03
   6.3697614e+02   2.4991236e-03
   6.3857358e+02   2.4813125e-03
   6.4017102e+02   2.4635107e-03
   6.4176846e+02   2.4457268e-03
   6.4336591e+02   2.4279686e-03
   6.4496335e+02   2.4102437e-03
   6.4656079e+02   2.3925590e-03
   6.4815823e+02   2.3749209e-03
   6.4975568e+02   2.3573355e-03
   6.5135312e+02   2.3398084e-03
   6.5295056e+02   2.3223450e-03
   6.5454800e+02   2.3049499e-03
   6.5614545e+02   2.2876278e-03
   6.5774289e+02   2.2703828e-03
   6.5934033e+02   2.2532186e-03
   6.6093777e+02   2.2361387e-03
   6.6253522e+02   2.2191464e-03
   6.6413266e+02   2.2022445e-03
   6.6573010e+02   2.1854357e-03
   6.6732754e+02   2.1687224e-03
   6.6892498e+02   2.1521067e-03
   6.7052243e+02   2.1355906e-03
   6.7211987e+02   2.1191757e-03
   6.7371731e+02   2.1028637e-03
   6.7531475e+02   2.0866559e-03
   6.7691220e+02   2.0705533e-03
   6.7850964e+02   2.0545572e-03
   6.8010708e+02   2.0386682e-03
   6.8170452e+02   2.0228871e-03
   6.8330197e+02   2.0072146e-03
   6.8489941e+02   1.9916511e-03
   6.8649685e+02   1.9761970e-03
   6.8809429e+02   1.9608525e-03
   6.8969174e+02   1.9456178e-03
   6.9128918e+02   1.9304930e-03
   6.9288662e+02   1.9154781e-03
   6.9448406e+02   1.9005730e-03
   6.9608151e+02   1.8857776e-03
   6.9767895e+02   1.8710917e-03
   6.9927639e+02   1.8565150e-03
   7.0087383e+02   1.8420472e-03
   7.0247128e+02   1.8276879e-03
   7.0406872e+02   1.8134368e-03
   7.0566616e+02   1.7992935e-03
   7.0726360e+02   1.7852573e-03
   7.0886105e+02   1.7713280e-03
   7.1045849e+02   1.7575048e-03
   7.1205593e+02   1.7437873e-03
   7.1365337e+02   1.7301749e-03
   7.1525082e+02   1.7166670e-03
   7.1684826e+02   1.7032630e-03
   7.1844570e+02   1.6899622e-03
   7.2004314e+02   1.6767640e-03
   7.2164059e+02   1.6636677e-03
   7.2323803e+02   1.6506728e-03
   7.2483547e+02   1.6377784e-03
   7.2643291e+02   1.6249840e-03
   7.2803036e+02   1.6122888e-03
   7.2962780e+02   1.5996922e-03
   7.3122524e+02   1.5871934e-03
   7.3282268e+02   1.5747918e-03
   7.3442013e+02   1.5624867e-03
   7.3601757e+02   1.5502773e-03
   7.3761501e+02   1.5381630e-03
   7.3921245e+02   1.5261430e-03
   7.4080989e+02   1.5142168e-03
   7.4240734e+02   1.5023834e-03
   7.4400478e+02   1.4906424e-03
   7.4560222e+02   1.4789929e-03
   7.4719966e+02   1.4674343e-03
   7.4879711e+02   1.4559659e-03
   7.5039455e+02   1.4445870e-03
   7.5199199e+02   1.4332970e-03
   7.5358943e+02   1.4220950e-03
   7.5518688e+02   1.4109806e-03
   7.5678432e+02   1.3999529e-03
   7.5838176e+02   1.3890114e-03
   7.5997920e+02   1.3781553e-03
   7.6157665e+02   1.3673840e-03
   7.6317409e+02   1.3566968e-03
   7.6477153e+02   1.3460932e-03
   7.6636897e+02   1.3355724e-03
   7.6796642e+02   1.3251338e-03
   7.6956386e+02   1.3147768e-03
   7.7116130e+02   1.3045006e-03
   7.7275874e+02   1.2943048e-03
   7.7435619e+02   1.2841887e-03
   7.7595363e+02   1.2741516e-03
   7.7755107e+02   1.2641930e-03
   7.7914851e+02   1.2543121e-03
   7.8074596e+02   1.2445085e-03
   7.8234340e+02   1.2347816e-03
   7.8394084e+02   1.2251306e-03
   7.8553828e+02   1.2155550e-03
   7.8713573e+02   1.2060543e-03
   7.8873317e+02   1.1966279e-03
   7.9033061e+02   1.1872751e-03
   7.9192805e+02   1.1779954e-03
   7.9352550e+02   1.1687883e-03
   7.9512294e+02   1.1596531e-03
   7.9672038e+02   1.1505893e-03
   7.9831782e+02   1.1415963e-03
   7.9991527e+02   1.1326737e-03
   8.0151271e+02   1.1238207e-03
   8.0311015e+02   1.1150370e-03
   8.0470759e+02   1.1063219e-03
   8.0630504e+02   1.0976750e-03
   8.0790248e+02   1.0890956e-03
   8.0949992e+02   1.0805832e-03
   8.1109736e+02   1.0721375e-03
   8.1269480e+02   1.0637577e-03
   8.1429225e+02   1.0554434e-03
   8.1588969e+02   1.0471941e-03
   8.1748713e+02   1.0390092e-03
   8.1908457e+02   1.0308884e-03
   8.2068202e+02   1.0228310e-03
   8.2227946e+02   1.0148366e-03
   8.2387690e+02   1.0069047e-03
   8.2547434e+02   9.9903474e-04
   8.2707179e+02   9.9122633e-04
   8.2866923e+02   9.8347894e-04
   8.3026667e+02   9.7579210e-04
   8.3186411e+02   9.6816535e-04
   8.3346156e+02   9.6059821e-04
   8.3505900e+02   9.5309021e-04
   8.3665644e+02   9.4564089e-04
   8.3825388e+02   9.3824979e-04
   8.3985133e+02   9.3091647e-04
   8.4144877e+02   9.2364046e-04
   8.4304621e+02   9.1642132e-04
   8.4464365e+02   9.0925861e-04
   8.4624110e+02   9.0215188e-04
   8.4783854e+02   8.9510069e-04
   8.4943598e+02   8.8810462e-04
   8.5103342e+02   8.8116322e-04
   8.5263087e+02   8.7427609e-04
   8.5422831e+02   8.6744278e-04
   8.5582575e+02   8.6066288e-04
   8.5742319e+02   8.5393597e-04
   8.5902064e+02   8.4726164e-04
   8.6061808e+02   8.4063947e-04
   8.6221552e+02   8.3406906e-04
   8.6381296e+02   8.2755001e-04
   8.6541041e+02   8.2108191e-04
   8.6700785e+02   8.1466436e-04
   8.6860529e+02   8.0829698e-04
   8.7020273e+02   8.0197936e-04
   8.7180018e+02   7.9571112e-04
   8.7339762e+02   7.8949187e-04
   8.7499506e+02   7.8332123e-04
   8.7659250e+02   7.7719882e-04
   8.7818994e+02   7.7112426e-04
   8.7978739e+02   7.6509719e-04
   8.8138483e+02   7.5911722e-04
   8.8298227e+02   7.5318398e-04
   8.8457971e+02   7.4729713e-04
   8.8617716e+02   7.4145628e-04
   8.8777460e+02   7.3566108e-04
   8.8937204e+02   7.2991118e-04
   8.9096948e+02   7.2420623e-04
   8.9256693e+02   7.1854586e-04
   8.9416437e+02   7.1292973e-04
   8.9576181e+02   7.0735750e-04
   8.9735925e+02   7.0182882e-04
   8.9895670e+02   6.9634335e-04
   9.0055414e+02   6.9090076e-04
   9.0215158e+02   6.8550070e-04
   9.0374902e+02   6.8014285e-04
   9.0534647e+02   6.7482688e-04
   9.0694391e+02   6.6955246e-04
   9.0854135e+02   6.6431926e-04
   9.1013879e+02   6.5912697e-04
   9.1173624e+02   6.5397526e-04
   9.1333368e+02   6.4886381e-04
   9.1493112e+02   6.4379232e-04
   9.1652856e+02   6.3876046e-04
   9.1812601e+02   6.3376793e-04
   9.1972345e+02   6.2881442e-04
   9.2132089e+02   6.2389963e-04
   9.2291833e+02   6.1902326e-04
   9.2451578e+02   6.1418500e-04
   9.2611322e+02   6.0938455e-04
   9.2771066e+02   6.0462162e-04
   9.2930810e+02   5.9989592e-04
   9.3090555e+02   5.9520716e-04
   9.3250299e+02   5.9055504e-04
   9.3410043e+02   5.8593928e-04
   9.3569787e+02   5.8135961e-04
   9.3729532e+02   5.7681572e-04
   9.3889276e+02   5.7230735e-04
   9.4049020e+02   5.6783422e-04
   9.4208764e+02   5.6339605e-04
   9.4368509e+02   5.5899256e-04
   9.4528253e+02   5.5462350e-04
   9.4687997e+02   5.5028858e-04
   9.4847741e+02   5.4598755e-04
   9.5007485e+02   5.4172013e-04
   9.5167230e+02   5.3748606e-04
   9.5326974e+02   5.3328509e-04
   9.5486718e+02   5.2911696e-04
   9.5646462e+02   5.2498140e-04
   9.5806207e+02   5.2087816e-04
   9.5965951e+02   5.1680700e-04
   9.6125695e+02   5.1276766e-04
   9.6285439e+02   5.0875988e-04
   9.6445184e+02   5.0478343e-04
   9.6604928e+02   5.0083807e-04
   9.6764672e+02   4.9692353e-04
   9.6924416e+02   4.9303960e-04
   9.7084161e+02   4.8918602e-04
   9.7243905e+02   4.8536256e-04
   9.7403649e+02   4.8156898e-04
   9.7563393e+02   4.7780506e-04
   9.7723138e+02   4.7407055e-04
   9.7882882e+02   4.7036523e-04
   9.8042626e+02   4.6668888e-04
   9.8202370e+02   4.6304125e-04
   9.8362115e+02   4.5942214e-04
   9.8521859e+02   4.5583131e-04
   9.8681603e+02   4.5226855e-04
   9.8841347e+02   4.4873364e-04
   9.9001092e+02   4.4522635e-04
   9.9160836e+02   4.4174648e-04
   9.9320580e+02   4.3829381e-04
   9.9480324e+02   4.3486812e-04
   9.9640069e+02   4.3146921e-04
   9.9799813e+02   4.2809686e-04
   9.9959557e+02   4.2475087e-04
   1.0011930e+03   4.2143103e-04
   1.0027905e+03   4.1813714e-04
   1.0043879e+03   4.1486900e-04
   1.0059853e+03   4.1162640e-04
   1.0075828e+03   4.0840914e-04
   1.0091802e+03   4.0521703e-04
   1.0107777e+03   4.0204987e-04
   1.0123751e+03   3.9890746e-04
   1.0139726e+03   3.9578962e-04
   1.0155700e+03   3.9269614e-04
   1.0171674e+03   3.8962684e-04
   1.0187649e+03   3.8658153e-04
   1.0203623e+03   3.8356003e-04
   1.0219598e+03   3.8056214e-04
   1.0235572e+03   3.7758768e-04
   1.0251546e+03   3.7463647e-04
   1.0267521e+03   3.7170832e-04
   1.0283495e+03   3.6880306e-04
   1.0299470e+03   3.6592051e-04
   1.0315444e+03   3.6306049e-04
   1.0331419e+03   3.6022282e-04
   1.0347393e+03   3.5740734e-04
   1.0363367e+03   3.5461385e-04
   1.0379342e+03   3.5184220e-04
   1.0395316e+03   3.4909222e-04
   1.0411291e+03   3.4636373e-04
   1.0427265e+03   3.4365656e-04
   1.0443240e+03   3.4097055e-04
   1.0459214e+03   3.3830554e-04
   1.0475188e+03   3.3566136e-04
   1.0491163e+03   3.3303784e-04
   1.0507137e+03   3.3043483e-04
   1.0523112e+03   3.2785216e-04
   1.0539086e+03   3.2528968e-04
   1.0555061e+03   3.2274723e-04
   1.0571035e+03   3.2022465e-04
   1.0587009e+03   3.1772179e-04
   1.0602984e+03   3.1523849e-04
   1.0618958e+03   3.1277459e-04
   1.0634933e+03   3.1032996e-04
   1.0650907e+03   3.0790443e-04
   1.0666882e+03   3.0549786e-04
   1.0682856e+03   3.0311010e-04
   1.0698830e+03   3.0074100e-04
   1.0714805e+03   2.9839042e-04
   1.0730779e+03   2.9605822e-04
   1.0746754e+03   2.9374424e-04
   1.0762728e+03   2.9144834e-04
   1.0778703e+03   2.8917039e-04
   1.0794677e+03   2.8691025e-04
   1.0810651e+03   2.8466777e-04
   1.0826626e+03   2.8244281e-04
   1.0842600e+03   2.8023525e-04
   1.0858575e+03   2.7804494e-04
   1.0874549e+03   2.7587176e-04
   1.0890523e+03   2.7371555e-04
   1.0906498e+03   2.7157620e-04
   1.0922472e+03   2.6945357e-04
   1.0938447e+03   2.6734753e-04
   1.0954421e+03   2.6525795e-04
   1.0970396e+03   2.6318471e-04
   1.0986370e+03   2.6112767e-04
   1.1002344e+03   2.5908670e-04
   1.1018319e+03   2.5706169e-04
   1.1034293e+03   2.5505251e-04
   1.1050268e+03   2.5305902e-04
   1.1066242e+03   2.5108112e-04
   1.1082217e+03   2.4911868e-04
   1.1098191e+03   2.4717158e-04
   1.1114165e+03   2.4523970e-04
   1.1130140e+03   2.4332291e-04
   1.1146114e+03   2.4142111e-04
   1.1162089e+03   2.3953417e-04
   1.1178063e+03   2.3766198e-04
   1.1194038e+03   2.3580443e-04
   1.1210012e+03   2.3396139e-04
   1.1225986e+03   2.3213275e-04
   1.1241961e+03   2.3031841e-04
   1.1257935e+03   2.2851825e-04
   1.1273910e+03   2.2673216e-04
   1.1289884e+03   2.2496003e-04
   1.1305859e+03   2.2320175e-04
   1.1321833e+03   2.2145722e-04
   1.1337807e+03   2.1972631e-04
   1.1353782e+03   2.1800894e-04
   1.1369756e+03   2.1630499e-04
   1.1385731e+03   2.1461436e-04
   1.1401705e+03   2.1293694e-04
   1.1417679e+03   2.1127264e-04
   1.1433654e+03   2.0962134e-04
   1.1449628e+03   2.0798294e-04
   1.1465603e+03   2.0635736e-04
   1.1481577e+03   2.0474448e-04
   1.1497552e+03   2.0314420e-04
   1.1513526e+03   2.0155643e-04
   1.1529500e+03   1.9998108e-04
   1.1545475e+03   1.9841803e-04
   1.1561449e+03   1.9686720e-04
   1.1577424e+03   1.9532850e-04
   1.1593398e+03   1.9380182e-04
   1.1609373e+03   1.9228707e-04
   1.1625347e+03   1.9078416e-04
   1.1641321e+03   1.8929300e-04
   1.1657296e+03   1.8781349e-04
   1.1673270e+03   1.8634555e-04
   1.1689245e+03   1.8488908e-04
   1.1705219e+03   1.8344399e-04
   1.1721194e+03   1.8201020e-04
   1.1737168e+03   1.8058762e-04
   1.1753142e+03   1.7917615e-04
   1.1769117e+03   1.7777571e-04
   1.1785091e+03   1.7638623e-04
   1.1801066e+03   1.7500760e-04
   1.1817040e+03   1.7363975e-04
   1.1833015e+03   1.7228258e-04
   1.1848989e+03   1.7093603e-04
   1.1864963e+03   1.6960000e-04
   1.1880938e+03   1.6827441e-04
   1.1896912e+03   1.6695919e-04
   1.1912887e+03   1.6565424e-04
   1.1928861e+03   1.6435949e-04
   1.1944835e+03   1.6307486e-04
   1.1960810e+03   1.6180028e-04
   1.1976784e+03   1.6053565e-04
   1.1992759e+03   1.5928091e-04
   1.2008733e+03   1.5803598e-04
   1.2024708e+03   1.5680077e-04
   1.2040682e+03   1.5557523e-04
   1.2056656e+03   1.5435926e-04
   1.2072631e+03   1.5315279e-04
   1.2088605e+03   1.5195575e-04
   1.2104580e+03   1.5076807e-04
   1.2120554e+03   1.4958967e-04
   1.2136529e+03   1.4842049e-04
   1.2152503e+03   1.4726044e-04
   1.2168477e+03   1.4610946e-04
   1.2184452e+03   1.4496747e-04
   1.2200426e+03   1.4383441e-04
   1.2216401e+03   1.4271021e-04
   1.2232375e+03   1.4159479e-04
   1.2248350e+03   1.4048809e-04
   1.2264324e+03   1.3939004e-04
   1.2280298e+03   1.3830057e-04
   1.2296273e+03   1.3721962e-04
   1.2312247e+03   1.3614712e-04
   1.2328222e+03   1.3508300e-04
   1.2344196e+03   1.3402719e-04
   1.2360171e+03   1.3297964e-04
   1.2376145e+03   1.3194028e-04
   1.2392119e+03   1.3090904e-04
   1.2408094e+03   1.2988586e-04
   1.2424068e+03   1.2887067e-04
   1.2440043e+03   1.2786342e-04
   1.2456017e+03   1.2686405e-04
   1.2471991e+03   1.2587248e-04
   1.2487966e+03   1.2488867e-04
   1.2503940e+03   1.2391254e-04
   1.2519915e+03   1.2294405e-04
   1.2535889e+03   1.2198312e-04
   1.2551864e+03   1.2102971e-04
   1.2567838e+03   1.2008374e-04
   1.2583812e+03   1.1914517e-04
   1.2599787e+03   1.1821394e-04
   1.2615761e+03   1.1728998e-04
   1.2631736e+03   1.1637325e-04
   1.2647710e+03   1.1546368e-04
   1.2663685e+03   1.1456122e-04
   1.2679659e+03   1.1366581e-04
   1.2695633e+03   1.1277741e-04
   1.2711608e+03   1.1189594e-04
   1.2727582e+03   1.1102137e-04
   1.2743557e+03   1.1015363e-04
   1.2759531e+03   1.0929267e-04
   1.2775506e+03   1.0843844e-04
   1.2791480e+03   1.0759089e-04
   1.2807454e+03   1.0674997e-04
   1.2823429e+03   1.0591561e-04
   1.2839403e+03   1.0508778e-04
   1.2855378e+03   1.0426642e-04
   1.2871352e+03   1.0345148e-04
   1.2887327e+03   1.0264290e-04
   1.2903301e+03   1.0184065e-04
   1.2919275e+03   1.0104467e-04
   1.2935250e+03   1.0025491e-04
   1.2951224e+03   9.9471318e-05
   1.2967199e+03   9.8693854e-05
   1.2983173e+03   9.7922466e-05
   1.2999147e+03   9.7157108e-05
   1.3015122e+03   9.6397731e-05
   1.3031096e+03   9.5644290e-05
   1.3047071e+03   9.4896738e-05
   1.3063045e+03   9.4155029e-05
   1.3079020e+03   9.3419117e-05
   1.3094994e+03   9.2688956e-05
   1.3110968e+03   9.1964503e-05
   1.3126943e+03   9.1245712e-05
   1.3142917e+03   9.0532539e-05
   1.3158892e+03   8.9824940e-05
   1.3174866e+03   8.9122871e-05
   1.3190841e+03   8.8426290e-05
   1.3206815e+03   8.7735154e-05
   1.3222789e+03   8.7049419e-05
   1.3238764e+03   8.6369044e-05
   1.3254738e+03   8.5693987e-05
   1.3270713e+03   8.5024206e-05
   1.3286687e+03   8.4359660e-05
   1.3302662e+03   8.3700308e-05
   1.3318636e+03   8.3046109e-05
   1.3334610e+03   8.2397024e-05
   1.3350585e+03   8.1753012e-05
   1.3366559e+03   8.1114033e-05
   1.3382534e+03   8.0480049e-05
   1.3398508e+03   7.9851020e-05
   1.3414483e+03   7.9226908e-05
   1.3430457e+03   7.8607673e-05
   1.3446431e+03   7.7993278e-05
   1.3462406e+03   7.7383686e-05
   1.3478380e+03   7.6778858e-05
   1.3494355e+03   7.6178757e-05
   1.3510329e+03   7.5583347e-05
   1.3526304e+03   7.4992590e-05
   1.3542278e+03   7.4406451e-05
   1.3558252e+03   7.3824893e-05
   1.3574227e+03   7.3247880e-05
   1.3590201e+03   7.2675378e-05
   1.3606176e+03   7.2107350e-05
   1.3622150e+03   7.1543761e-05
   1.3638124e+03   7.0984578e-05
   1.3654099e+03   7.0429765e-05
   1.3670073e+03   6.9879289e-05
   1.3686048e+03   6.9333115e-05
   1.3702022e+03   6.8791210e-05
   1.3717997e+03   6.8253540e-05
   1.3733971e+03   6.7720073e-05
   1.3749945e+03   6.7190775e-05
   1.3765920e+03   6.6665615e-05
   1.3781894e+03   6.6144559e-05
   1.3797869e+03   6.5627575e-05
   1.3813843e+03   6.5114633e-05
   1.3829818e+03   6.4605699e-05
   1.3845792e+03   6.4100743e-05
   1.3861766e+03   6.3599734e-05
   1.3877741e+03   6.3102641e-05
   1.3893715e+03   6.2609433e-05
   1.3909690e+03   6.2120080e-05
   1.3925664e+03   6.1634552e-05
   1.3941639e+03   6.1152819e-05
   1.3957613e+03   6.0674851e-05
   1.3973587e+03   6.0200618e-05
   1.3989562e+03   5.9730093e-05
   1.4005536e+03   5.9263244e-05
   1.4021511e+03   5.8800045e-05
   1.4037485e+03   5.8340466e-05
   1.4053460e+03   5.7884479e-05
   1.4069434e+03   5.7432056e-05
   1.4085408e+03   5.6983169e-05
   1.4101383e+03   5.6537791e-05
   1.4117357e+03   5.6095894e-05
   1.4133332e+03   5.5657450e-05
   1.4149306e+03   5.5222434e-05
   1.4165280e+03   5.4790817e-05
   1.4181255e+03   5.4362574e-05
   1.4197229e+03   5.3937679e-05
   1.4213204e+03   5.3516104e-05
   1.4229178e+03   5.3097824e-05
   1.4245153e+03   5.2682813e-05
   1.4261127e+03   5.2271046e-05
   1.4277101e+03   5.1862498e-05
   1.4293076e+03   5.1457142e-05
   1.4309050e+03   5.1054955e-05
   1.4325025e+03   5.0655912e-05
   1.4340999e+03   5.0259987e-05
   1.4356974e+03   4.9867157e-05
   1.4372948e+03   4.9477397e-05
   1.4388922e+03   4.9090683e-05
   1.4404897e+03   4.8706993e-05
   1.4420871e+03   4.8326300e-05
   1.4436846e+03   4.7948584e-05
   1.4452820e+03   4.7573820e-05
   1.4468795e+03   4.7201984e-05
   1.4484769e+03   4.6833055e-05
   1.4500743e+03   4.6467010e-05
   1.4516718e+03   4.6103826e-05
   1.4532692e+03   4.5743480e-05
   1.4548667e+03   4.5385950e-05
   1.4564641e+03   4.5031216e-05
   1.4580616e+03   4.4679253e-05
   1.4596590e+03   4.4330042e-05
   1.4612564e+03   4.3983560e-05
   1.4628539e+03   4.3639786e-05
   1.4644513e+03   4.3298699e-05
   1.4660488e+03   4.2960278e-05
   1.4676462e+03   4.2624502e-05
   1.4692436e+03   4.2291351e-05
   1.4708411e+03   4.1960803e-05
   1.4724385e+03   4.1632839e-05
   1.4740360e+03   4.1307438e-05
   1.4756334e+03   4.0984581e-05
   1.4772309e+03   4.0664247e-05
   1.4788283e+03   4.0346417e-05
   1.4804257e+03   4.0031071e-05
   1.4820232e+03   3.9718189e-05
   1.4836206e+03   3.9407753e-05
   1.4852181e+03   3.9099744e-05
   1.4868155e+03   3.8794142e-05
   1.4884130e+03   3.8490928e-05
   1.4900104e+03   3.8190084e-05
   1.4916078e+03   3.7891592e-05
   1.4932053e+03   3.7595433e-05
   1.4948027e+03   3.7301588e-05
   1.4964002e+03   3.7010041e-05
   1.4979976e+03   3.6720772e-05
   1.4995951e+03   3.6433763e-05
   1.5011925e+03   3.6148998e-05
   1.5027899e+03   3.5866459e-05
   1.5043874e+03   3.5586128e-05
   1.5059848e+03   3.5307988e-05
   1.5075823e+03   3.5032022e-05
   1.5091797e+03   3.4758214e-05
   1.5107772e+03   3.4486545e-05
   1.5123746e+03   3.4216999e-05
   1.5139720e+03   3.3949560e-05
   1.5155695e+03   3.3684212e-05
   1.5171669e+03   3.3420937e-05
   1.5187644e+03   3.3159720e-05
   1.5203618e+03   3.2900545e-05
   1.5219592e+03   3.2643396e-05
   1.5235567e+03   3.2388256e-05
   1.5251541e+03   3.2135111e-05
   1.5267516e+03   3.1883944e-05
   1.5283490e+03   3.1634740e-05
   1.5299465e+03   3.1387484e-05
   1.5315439e+03   3.1142161e-05
   1.5331413e+03   3.0898755e-05
   1.5347388e+03   3.0657252e-05
   1.5363362e+03   3.0417636e-05
   1.5379337e+03   3.0179892e-05
   1.5395311e+03   2.9944008e-05
   1.5411286e+03   2.9709966e-05
   1.5427260e+03   2.9477754e-05
   1.5443234e+03   2.9247357e-05
   1.5459209e+03   2.9018761e-05
   1.5475183e+03   2.8791952e-05
   1.5491158e+03   2.8566915e-05
   1.5507132e+03   2.8343637e-05
   1.5523107e+03   2.8122104e-05
   1.5539081e+03   2.7902303e-05
   1.5555055e+03   2.7684219e-05
   1.5571030e+03   2.7467840e-05
   1.5587004e+03   2.7253153e-05
   1.5602979e+03   2.7040143e-05
   1.5618953e+03   2.6828798e-05
   1.5634928e+03   2.6619106e-05
   1.5650902e+03   2.6411052e-05
   1.5666876e+03   2.6204624e-05
   1.5682851e+03   2.5999809e-05
   1.5698825e+03   2.5796596e-05
   1.5714800e+03   2.5594971e-05
   1.5730774e+03   2.5394921e-05
   1.5746748e+03   2.5196436e-05
   1.5762723e+03   2.4999501e-05
   1.5778697e+03   2.4804106e-05
   1.5794672e+03   2.4610238e-05
   1.5810646e+03   2.4417885e-05
   1.5826621e+03   2.4227036e-05
   1.5842595e+03   2.4037678e-05
   1.5858569e+03   2.3849801e-05
   1.5874544e+03   2.3663392e-05
   1.5890518e+03   2.3478440e-05
   1.5906493e+03   2.3294933e-05
   1.5922467e+03   2.3112861e-05
   1.5938442e+03   2.2932211e-05
   1.5954416e+03   2.2752974e-05
   1.5970390e+03   2.2575138e-05
   1.5986365e+03   2.2398691e-05
   1.6002339e+03   2.2223624e-05
   1.6018314e+03   2.2049925e-05
   1.6034288e+03   2.1877583e-05
   1.6050263e+03   2.1706589e-05
   1.6066237e+03   2.1536931e-05
   1.6082211e+03   2.1368599e-05
   1.6098186e+03   2.1201583e-05
   1.6114160e+03   2.1035872e-05
   1.6130135e+03   2.0871457e-05
   1.6146109e+03   2.0708326e-05
   1.6162084e+03   2.0546471e-05
   1.6178058e+03   2.0385880e-05
   1.6194032e+03   2.0226545e-05
   1.6210007e+03   2.0068455e-05
   1.6225981e+03   1.9911601e-05
   1.6241956e+03   1.9755972e-05
   1.6257930e+03   1.9601561e-05
   1.6273905e+03   1.9448355e-05
   1.6289879e+03   1.9296348e-05
   1.6305853e+03   1.9145528e-05
   1.6321828e+03   1.8995888e-05
   1.6337802e+03   1.8847416e-05
   1.6353777e+03   1.8700106e-05
   1.6369751e+03   1.8553946e-05
   1.6385725e+03   1.8408929e-05
   1.6401700e+03   1.8265046e-05
   1.6417674e+03   1.8122287e-05
   1.6433649e+03   1.7980644e-05
   1.6449623e+03   1.7840108e-05
   1.6465598e+03   1.7700670e-05
   1.6481572e+03   1.7562322e-05
   1.6497546e+03   1.7425056e-05
   1.6513521e+03   1.7288862e-05
   1.6529495e+03   1.7153733e-05
   1.6545470e+03   1.7019660e-05
   1.6561444e+03   1.6886635e-05
   1.6577419e+03   1.6754650e-05
   1.6593393e+03   1.6623696e-05
   1.6609367e+03   1.6493766e-05
   1.6625342e+03   1.6364851e-05
   1.6641316e+03   1.6236944e-05
   1.6657291e+03   1.6110037e-05
   1.6673265e+03   1.5984122e-05
   1.6689240e+03   1.5859190e-05
   1.6705214e+03   1.5735235e-05
   1.6721188e+03   1.5612249e-05
   1.6737163e+03   1.5490225e-05
   1.6753137e+03   1.5369154e-05
   1.6769112e+03   1.5249029e-05
   1.6785086e+03   1.5129843e-05
   1.6801061e+03   1.5011589e-05
   1.6817035e+03   1.4894259e-05
   1.6833009e+03   1.4777846e-05
   1.6848984e+03   1.4662343e-05
   1.6864958e+03   1.4547742e-05
   1.6880933e+03   1.4434038e-05
   1.6896907e+03   1.4321222e-05
   1.6912881e+03   1.4209288e-05
   1.6928856e+03   1.4098229e-05
   1.6944830e+03   1.3988037e-05
   1.6960805e+03   1.3878707e-05
   1.6976779e+03   1.3770232e-05
   1.6992754e+03   1.3662604e-05
   1.7008728e+03   1.3555818e-05
   1.7024702e+03   1.3449866e-05
   1.7040677e+03   1.3344742e-05
   1.7056651e+03   1.3240440e-05
   1.7072626e+03   1.3136954e-05
   1.7088600e+03   1.3034276e-05
   1.7104575e+03   1.2932400e-05
   1.7120549e+03   1.2831321e-05
   1.7136523e+03   1.2731032e-05
   1.7152498e+03   1.2631527e-05
   1.7168472e+03   1.2532799e-05
   1.7184447e+03   1.2434843e-05
   1.7200421e+03   1.2337653e-05
   1.7216396e+03   1.2241222e-05
   1.7232370e+03   1.2145545e-05
   1.7248344e+03   1.2050616e-05
   1.7264319e+03   1.1956429e-05
   1.7280293e+03   1.1862978e-05
   1.7296268e+03   1.1770258e-05
   1.7312242e+03   1.1678262e-05
   1.7328217e+03   1.1586985e-05
   1.7344191e+03   1.1496421e-05
   1.7360165e+03   1.1406566e-05
   1.7376140e+03   1.1317412e-05
   1.7392114e+03   1.1228956e-05
   1.7408089e+03   1.1141191e-05
   1.7424063e+03   1.1054112e-05
   1.7440037e+03   1.0967713e-05
   1.7456012e+03   1.0881990e-05
   1.7471986e+03   1.0796937e-05
   1.7487961e+03   1.0712548e-05
   1.7503935e+03   1.0628819e-05
   1.7519910e+03   1.0545745e-05
   1.7535884e+03   1.0463320e-05
   1.7551858e+03   1.0381539e-05
   1.7567833e+03   1.0300397e-05
   1.7583807e+03   1.0219890e-05
   1.7599782e+03   1.0140011e-05
   1.7615756e+03   1.0060757e-05
   1.7631731e+03   9.9821229e-06
   1.7647705e+03   9.9041030e-06
   1.7663679e+03   9.8266929e-06
   1.7679654e+03   9.7498879e-06
   1.7695628e+03   9.6736831e-06
   1.7711603e+03   9.5980739e-06
   1.7727577e+03   9.5230558e-06
   1.7743552e+03   9.4486239e-06
   1.7759526e+03   9.3747738e-06
   1.7775500e+03   9.3015009e-06
   1.7791475e+03   9.2288008e-06
   1.7807449e+03   9.1566688e-06
   1.7823424e+03   9.0851006e-06
   1.7839398e+03   9.0140918e-06
   1.7855373e+03   8.9436380e-06
   1.7871347e+03   8.8737349e-06
   1.7887321e+03   8.8043781e-06
   1.7903296e+03   8.7355634e-06
   1.7919270e+03   8.6672865e-06
   1.7935245e+03   8.5995434e-06
   1.7951219e+03   8.5323296e-06
   1.7967193e+03   8.4656413e-06
   1.7983168e+03   8.3994741e-06
   1.7999142e+03   8.3338242e-06
   1.8015117e+03   8.2686873e-06
   1.8031091e+03   8.2040596e-06
   1.8047066e+03   8.1399369e-06
   1.8063040e+03   8.0763155e-06
   1.8079014e+03   8.0131913e-06
   1.8094989e+03   7.9505605e-06
   1.8110963e+03   7.8884192e-06
   1.8126938e+03   7.8267636e-06
   1.8142912e+03   7.7655899e-06
   1.8158887e+03   7.7048944e-06
   1.8174861e+03   7.6446732e-06
   1.8190835e+03   7.5849227e-06
   1.8206810e+03   7.5256393e-06
   1.8222784e+03   7.4668191e-06
   1.8238759e+03   7.4084588e-06
   1.8254733e+03   7.3505545e-06
   1.8270708e+03   7.2931029e-06
   1.8286682e+03   7.2361002e-06
   1.8302656e+03   7.1795432e-06
   1.8318631e+03   7.1234281e-06
   1.8334605e+03   7.0677517e-06
   1.8350580e+03   7.0125104e-06
   1.8366554e+03   6.9577009e-06
   1.8382529e+03   6.9033197e-06
   1.8398503e+03   6.8493636e-06
   1.8414477e+03   6.7958293e-06
   1.8430452e+03   6.7427133e-06
   1.8446426e+03   6.6900125e-06
   1.8462401e+03   6.6377236e-06
   1.8478375e+03   6.5858434e-06
   1.8494349e+03   6.5343687e-06
   1.8510324e+03   6.4832964e-06
   1.8526298e+03   6.4326231e-06
   1.8542273e+03   6.3823460e-06
   1.8558247e+03   6.3324618e-06
   1.8574222e+03   6.2829675e-06
   1.8590196e+03   6.2338601e-06
   1.8606170e+03   6.1851365e-06
   1.8622145e+03   6.1367937e-06
   1.8638119e+03   6.0888287e-06
   1.8654094e+03   6.0412387e-06
   1.8670068e+03   5.9940206e-06
   1.8686043e+03   5.9471715e-06
   1.8702017e+03   5.9006887e-06
   1.8717991e+03   5.8545691e-06
   1.8733966e+03   5.8088100e-06
   1.8749940e+03   5.7634086e-06
   1.8765915e+03   5.7183620e-06
   1.8781889e+03   5.6736675e-06
   1.8797864e+03   5.6293223e-06
   1.8813838e+03   5.5853237e-06
   1.8829812e+03   5.5416691e-06
   1.8845787e+03   5.4983556e-06
   1.8861761e+03   5.4553806e-06
   1.8877736e+03   5.4127416e-06
   1.8893710e+03   5.3704358e-06
   1.8909685e+03   5.3284607e-06
   1.8925659e+03   5.2868136e-06
   1.8941633e+03   5.2454921e-06
   1.8957608e+03   5.2044935e-06
   1.8973582e+03   5.1638154e-06
   1.8989557e+03   5.1234552e-06
   1.9005531e+03   5.0834105e-06
   1.9021506e+03   5.0436787e-06
   1.9037480e+03   5.0042575e-06
   1.9053454e+03   4.9651444e-06
   1.9069429e+03   4.9263370e-06
   1.9085403e+03   4.8878330e-06
   1.9101378e+03   4.8496299e-06
   1.9117352e+03   4.8117253e-06
   1.9133326e+03   4.7741171e-06
   1.9149301e+03   4.7368027e-06
   1.9165275e+03   4.6997801e-06
   1.9181250e+03   4.6630468e-06
   1.9197224e+03   4.6266006e-06
   1.9213199e+03   4.5904392e-06
   1.9229173e+03   4.5545605e-06
   1.9245147e+03   4.5189622e-06
   1.9261122e+03   4.4836422e-06
   1.9277096e+03   4.4485982e-06
   1.9293071e+03   4.4138281e-06
   1.9309045e+03   4.3793298e-06
   1.9325020e+03   4.3451012e-06
   1.9340994e+03   4.3111400e-06
   1.9356968e+03   4.2774443e-06
   1.9372943e+03   4.2440120e-06
   1.9388917e+03   4.2108409e-06
   1.9404892e+03   4.1779291e-06
   1.9420866e+03   4.1452746e-06
   1.9436841e+03   4.1128753e-06
   1.9452815e+03   4.0807292e-06
   1.9468789e+03   4.0488344e-06
   1.9484764e+03   4.0171888e-06
   1.9500738e+03   3.9857906e-06
   1.9516713e+03   3.9546379e-06
   1.9532687e+03   3.9237285e-06
   1.9548662e+03   3.8930608e-06
   1.9564636e+03   3.8626328e-06
   1.9580610e+03   3.8324426e-06
   1.9596585e+03   3.8024884e-06
   1.9612559e+03   3.7727683e-06
   1.9628534e+03   3.7432805e-06
   1.9644508e+03   3.7140231e-06
   1.9660482e+03   3.6849945e-06
   1.9676457e+03   3.6561927e-06
   1.9692431e+03   3.6276160e-06
   1.9708406e+03   3.5992627e-06
   1.9724380e+03   3.5711310e-06
   1.9740355e+03   3.5432192e-06
   1.9756329e+03   3.5155255e-06
   1.9772303e+03   3.4880483e-06
   1.9788278e+03   3.4607858e-06
   1.9804252e+03   3.4337365e-06
   1.9820227e+03   3.4068985e-06
   1.9836201e+03   3.3802703e-06
   1.9852176e+03   3.3538502e-06
   1.9868150e+03   3.3276367e-06
