   4.0500000e+02   5.1322161e-06
   4.0621041e+02   5.6067848e-06
   4.0742082e+02   6.1213875e-06
   4.0863123e+02   6.6790248e-06
   4.0984164e+02   7.2828878e-06
   4.1105205e+02   7.9363670e-06
   4.1226246e+02   8.6430615e-06
   4.1347287e+02   9.4067885e-06
   4.1468328e+02   1.0231593e-05
   4.1589369e+02   1.1121758e-05
   4.1710410e+02   1.2081813e-05
   4.1831451e+02   1.3116544e-05
   4.1952492e+02   1.4231008e-05
   4.2073534e+02   1.5430534e-05
   4.2194575e+02   1.6720741e-05
   4.2315616e+02   1.8107545e-05
   4.2436657e+02   1.9597168e-05
   4.2557698e+02   2.1196149e-05
   4.2678739e+02   2.2911353e-05
   4.2799780e+02   2.4749981e-05
   4.2920821e+02   2.6719575e-05
   4.3041862e+02   2.8828033e-05
   4.3162903e+02   3.1083614e-05
   4.3283944e+02   3.3494943e-05
   4.3404985e+02   3.6071025e-05
   4.3526026e+02   3.8821243e-05
   4.3647067e+02   4.1755374e-05
   4.3768108e+02   4.4883584e-05
   4.3889149e+02   4.8216441e-05
   4.4010190e+02   5.1764916e-05
   4.4131231e+02   5.5540381e-05
   4.4252272e+02   5.9554619e-05
   4.4373313e+02   6.3819819e-05
   4.4494354e+02   6.8348578e-05
   4.4615395e+02   7.3153897e-05
   4.4736436e+02   7.8249181e-05
   4.4857477e+02   8.3648234e-05
   4.4978519e+02   8.9365251e-05
   4.5099560e+02   9.5414814e-05
   4.5220601e+02   1.0181188e-04
   4.5341642e+02   1.0857178e-04
   4.5462683e+02   1.1571018e-04
   4.5583724e+02   1.2324311e-04
   4.5704765e+02   1.3118691e-04
   4.5825806e+02   1.3955823e-04
   4.5946847e+02   1.4837402e-04
   4.6067888e+02   1.5765147e-04
   4.6188929e+02   1.6740803e-04
   4.6309970e+02   1.7766138e-04
   4.6431011e+02   1.8842936e-04
   4.6552052e+02   1.9973000e-04
   4.6673093e+02   2.1158143e-04
   4.6794134e+02   2.2400192e-04
   4.6915175e+02   2.3700974e-04
   4.7036216e+02   2.5062324e-04
   4.7157257e+02   2.6486072e-04
   4.7278298e+02   2.7974042e-04
   4.7399339e+02   2.9528050e-04
   4.7520380e+02   3.1149896e-04
   4.7641421e+02   3.2841360e-04
   4.7762462e+02   3.4604198e-04
   4.7883504e+02   3.6440137e-04
   4.8004545e+02   3.8350870e-04
   4.8125586e+02   4.0338049e-04
   4.8246627e+02   4.2403281e-04
   4.8367668e+02   4.4548122e-04
   4.8488709e+02   4.6774073e-04
   4.8609750e+02   4.9082570e-04
   4.8730791e+02   5.1474983e-04
   4.8851832e+02   5.3952608e-04
   4.8972873e+02   5.6516660e-04
   4.9093914e+02   5.9168269e-04
   4.9214955e+02   6.1908473e-04
   4.9335996e+02   6.4738214e-04
   4.9457037e+02   6.7658328e-04
   4.9578078e+02   7.0669544e-04
   4.9699119e+02   7.3772477e-04
   4.9820160e+02   7.6967620e-04
   4.9941201e+02   8.0255342e-04
   5.0062242e+02   8.3635879e-04
   5.0183283e+02   8.7109336e-04
   5.0304324e+02   9.0675672e-04
   5.0425365e+02   9.4334705e-04
   5.0546406e+02   9.8086102e-04
   5.0667447e+02   1.0192938e-03
   5.0788488e+02   1.0586389e-03
   5.0909530e+02   1.0988883e-03
   5.1030571e+02   1.1400323e-03
   5.1151612e+02   1.1820597e-03
   5.1272653e+02   1.2249574e-03
   5.1393694e+02   1.2687107e-03
   5.1514735e+02   1.3133032e-03
   5.1635776e+02   1.3587167e-03
   5.1756817e+02   1.4049313e-03
   5.1877858e+02   1.4519254e-03
   5.1998899e+02   1.4996758e-03
   5.2119940e+02   1.5481573e-03
   5.2240981e+02   1.5973432e-03
   5.2362022e+02   1.6472050e-03
   5.2483063e+02   1.6977126e-03
   5.2604104e+02   1.7488344e-03
   5.2725145e+02   1.8005369e-03
   5.2846186e+02   1.8527854e-03
   5.2967227e+02   1.9055433e-03
   5.3088268e+02   1.9587730e-03
   5.3209309e+02   2.0124350e-03
   5.3330350e+02   2.0664888e-03
   5.3451391e+02   2.1208926e-03
   5.3572432e+02   2.1756032e-03
   5.3693473e+02   2.2305763e-03
   5.3814515e+02   2.2857667e-03
   5.3935556e+02   2.3411280e-03
   5.4056597e+02   2.3966131e-03
   5.4177638e+02   2.4521740e-03
   5.4298679e+02   2.5077619e-03
   5.4419720e+02   2.5633275e-03
   5.4540761e+02   2.6188210e-03
   5.4661802e+02   2.6741919e-03
   5.4782843e+02   2.7293897e-03
   5.4903884e+02   2.7843636e-03
   5.5024925e+02   2.8390624e-03
   5.5145966e+02   2.8934353e-03
   5.5267007e+02   2.9474314e-03
   5.5388048e+02   3.0009998e-03
   5.5509089e+02   3.0540903e-03
   5.5630130e+02   3.1066527e-03
   5.5751171e+02   3.1586377e-03
   5.5872212e+02   3.2099964e-03
   5.5993253e+02   3.2606806e-03
   5.6114294e+02   3.3106430e-03
   5.6235335e+02   3.3598371e-03
   5.6356376e+02   3.4082177e-03
   5.6477417e+02   3.4557404e-03
   5.6598458e+02   3.5023621e-03
   5.6719499e+02   3.5480411e-03
   5.6840541e+02   3.5927368e-03
   5.6961582e+02   3.6364105e-03
   5.7082623e+02   3.6790244e-03
   5.7203664e+02   3.7205429e-03
   5.7324705e+02   3.7609317e-03
   5.7445746e+02   3.8001584e-03
   5.7566787e+02   3.8381921e-03
   5.7687828e+02   3.8750040e-03
   5.7808869e+02   3.9105672e-03
   5.7929910e+02   3.9448565e-03
   5.8050951e+02   3.9778488e-03
   5.8171992e+02   4.0095228e-03
   5.8293033e+02   4.0398595e-03
   5.8414074e+02   4.0688416e-03
   5.8535115e+02   4.0964541e-03
   5.8656156e+02   4.1226838e-03
   5.8777197e+02   4.1475198e-03
   5.8898238e+02   4.1709529e-03
   5.9019279e+02   4.1929761e-03
   5.9140320e+02   4.2135846e-03
   5.9261361e+02   4.2327754e-03
   5.9382402e+02   4.2505473e-03
   5.9503443e+02   4.2669014e-03
   5.9624484e+02   4.2818404e-03
   5.9745526e+02   4.2953691e-03
   5.9866567e+02   4.3074939e-03
   5.9987608e+02   4.3182232e-03
   6.0108649e+02   4.3275669e-03
   6.0229690e+02   4.3355368e-03
   6.0350731e+02   4.3421461e-03
   6.0471772e+02   4.3474098e-03
   6.0592813e+02   4.3513441e-03
   6.0713854e+02   4.3539669e-03
   6.0834895e+02   4.3552973e-03
   6.0955936e+02   4.3553558e-03
   6.1076977e+02   4.3541640e-03
   6.1198018e+02   4.3517447e-03
   6.1319059e+02   4.3481219e-03
   6.1440100e+02   4.3433204e-03
   6.1561141e+02   4.3373661e-03
   6.1682182e+02   4.3302856e-03
   6.1803223e+02   4.3221064e-03
   6.1924264e+02   4.3128566e-03
   6.2045305e+02   4.3025652e-03
   6.2166346e+02   4.2912613e-03
   6.2287387e+02   4.2789749e-03
   6.2408428e+02   4.2657363e-03
   6.2529469e+02   4.2515759e-03
   6.2650511e+02   4.2365247e-03
   6.2771552e+02   4.2206138e-03
   6.2892593e+02   4.2038743e-03
   6.3013634e+02   4.1863377e-03
   6.3134675e+02   4.1680351e-03
   6.3255716e+02   4.1489979e-03
   6.3376757e+02   4.1292572e-03
   6.3497798e+02   4.1088441e-03
   6.3618839e+02   4.0877893e-03
   6.3739880e+02   4.0661235e-03
   6.3860921e+02   4.0438769e-03
   6.3981962e+02   4.0210793e-03
   6.4103003e+02   3.9977604e-03
   6.4224044e+02   3.9739492e-03
   6.4345085e+02   3.9496743e-03
   6.4466126e+02   3.9249639e-03
   6.4587167e+02   3.8998456e-03
   6.4708208e+02   3.8743464e-03
   6.4829249e+02   3.8484928e-03
   6.4950290e+02   3.8223106e-03
   6.5071331e+02   3.7958252e-03
   6.5192372e+02   3.7690610e-03
   6.5313413e+02   3.7420420e-03
   6.5434454e+02   3.7147916e-03
   6.5555495e+02   3.6873322e-03
   6.5676537e+02   3.6596857e-03
   6.5797578e+02   3.6318735e-03
   6.5918619e+02   3.6039158e-03
   6.6039660e+02   3.5758326e-03
   6.6160701e+02   3.5476429e-03
   6.6281742e+02   3.5193651e-03
   6.6402783e+02   3.4910168e-03
   6.6523824e+02   3.4626150e-03
   6.6644865e+02   3.4341761e-03
   6.6765906e+02   3.4057156e-03
   6.6886947e+02   3.3772484e-03
   6.7007988e+02   3.3487888e-03
   6.7129029e+02   3.3203503e-03
   6.7250070e+02   3.2919460e-03
   6.7371111e+02   3.2635882e-03
   6.7492152e+02   3.2352885e-03
   6.7613193e+02   3.2070581e-03
   6.7734234e+02   3.1789075e-03
   6.7855275e+02   3.1508466e-03
   6.7976316e+02   3.1228847e-03
   6.8097357e+02   3.0950307e-03
   6.8218398e+02   3.0672930e-03
   6.8339439e+02   3.0396792e-03
   6.8460480e+02   3.0121968e-03
   6.8581522e+02   2.9848524e-03
   6.8702563e+02   2.9576525e-03
   6.8823604e+02   2.9306031e-03
   6.8944645e+02   2.9037095e-03
   6.9065686e+02   2.8769769e-03
   6.9186727e+02   2.8504099e-03
   6.9307768e+02   2.8240129e-03
   6.9428809e+02   2.7977898e-03
   6.9549850e+02   2.7717443e-03
   6.9670891e+02   2.7458795e-03
   6.9791932e+02   2.7201986e-03
   6.9912973e+02   2.6947040e-03
   7.0034014e+02   2.6693983e-03
   7.0155055e+02   2.6442836e-03
   7.0276096e+02   2.6193616e-03
   7.0397137e+02   2.5946341e-03
   7.0518178e+02   2.5701023e-03
   7.0639219e+02   2.5457676e-03
   7.0760260e+02   2.5216308e-03
   7.0881301e+02   2.4976927e-03
   7.1002342e+02   2.4739540e-03
   7.1123383e+02   2.4504150e-03
   7.1244424e+02   2.4270760e-03
   7.1365465e+02   2.4039372e-03
   7.1486507e+02   2.3809985e-03
   7.1607548e+02   2.3582597e-03
   7.1728589e+02   2.3357207e-03
   7.1849630e+02   2.3133809e-03
   7.1970671e+02   2.2912400e-03
   7.2091712e+02   2.2692973e-03
   7.2212753e+02   2.2475522e-03
   7.2333794e+02   2.2260038e-03
   7.2454835e+02   2.2046515e-03
   7.2575876e+02   2.1834941e-03
   7.2696917e+02   2.1625309e-03
   7.2817958e+02   2.1417607e-03
   7.2938999e+02   2.1211824e-03
   7.3060040e+02   2.1007950e-03
   7.3181081e+02   2.0805972e-03
   7.3302122e+02   2.0605878e-03
   7.3423163e+02   2.0407655e-03
   7.3544204e+02   2.0211292e-03
   7.3665245e+02   2.0016774e-03
   7.3786286e+02   1.9824087e-03
   7.3907327e+02   1.9633220e-03
   7.4028368e+02   1.9444156e-03
   7.4149409e+02   1.9256883e-03
   7.4270450e+02   1.9071387e-03
   7.4391491e+02   1.8887652e-03
   7.4512533e+02   1.8705664e-03
   7.4633574e+02   1.8525410e-03
   7.4754615e+02   1.8346873e-03
   7.4875656e+02   1.8170041e-03
   7.4996697e+02   1.7994897e-03
   7.5117738e+02   1.7821428e-03
   7.5238779e+02   1.7649619e-03
   7.5359820e+02   1.7479455e-03
   7.5480861e+02   1.7310921e-03
   7.5601902e+02   1.7144003e-03
   7.5722943e+02   1.6978686e-03
   7.5843984e+02   1.6814956e-03
   7.5965025e+02   1.6652797e-03
   7.6086066e+02   1.6492197e-03
   7.6207107e+02   1.6333140e-03
   7.6328148e+02   1.6175612e-03
   7.6449189e+02   1.6019599e-03
   7.6570230e+02   1.5865087e-03
   7.6691271e+02   1.5712062e-03
   7.6812312e+02   1.5560509e-03
   7.6933353e+02   1.5410416e-03
   7.7054394e+02   1.5261767e-03
   7.7175435e+02   1.5114551e-03
   7.7296476e+02   1.4968752e-03
   7.7417518e+02   1.4824358e-03
   7.7538559e+02   1.4681355e-03
   7.7659600e+02   1.4539731e-03
   7.7780641e+02   1.4399471e-03
   7.7901682e+02   1.4260563e-03
   7.8022723e+02   1.4122994e-03
   7.8143764e+02   1.3986751e-03
   7.8264805e+02   1.3851822e-03
   7.8385846e+02   1.3718194e-03
   7.8506887e+02   1.3585854e-03
   7.8627928e+02   1.3454790e-03
   7.8748969e+02   1.3324991e-03
   7.8870010e+02   1.3196443e-03
   7.8991051e+02   1.3069134e-03
   7.9112092e+02   1.2943054e-03
   7.9233133e+02   1.2818190e-03
   7.9354174e+02   1.2694529e-03
   7.9475215e+02   1.2572062e-03
   7.9596256e+02   1.2450776e-03
   7.9717297e+02   1.2330660e-03
   7.9838338e+02   1.2211702e-03
   7.9959379e+02   1.2093892e-03
   8.0080420e+02   1.1977219e-03
   8.0201461e+02   1.1861670e-03
   8.0322503e+02   1.1747237e-03
   8.0443544e+02   1.1633907e-03
   8.0564585e+02   1.1521671e-03
   8.0685626e+02   1.1410517e-03
   8.0806667e+02   1.1300436e-03
   8.0927708e+02   1.1191416e-03
   8.1048749e+02   1.1083449e-03
   8.1169790e+02   1.0976523e-03
   8.1290831e+02   1.0870628e-03
   8.1411872e+02   1.0765755e-03
   8.1532913e+02   1.0661894e-03
   8.1653954e+02   1.0559034e-03
   8.1774995e+02   1.0457167e-03
   8.1896036e+02   1.0356283e-03
   8.2017077e+02   1.0256372e-03
   8.2138118e+02   1.0157425e-03
   8.2259159e+02   1.0059432e-03
   8.2380200e+02   9.9623846e-04
   8.2501241e+02   9.8662736e-04
   8.2622282e+02   9.7710898e-04
   8.2743323e+02   9.6768243e-04
   8.2864364e+02   9.5834681e-04
   8.2985405e+02   9.4910127e-04
   8.3106446e+02   9.3994491e-04
   8.3227487e+02   9.3087689e-04
   8.3348529e+02   9.2189636e-04
   8.3469570e+02   9.1300246e-04
   8.3590611e+02   9.0419436e-04
   8.3711652e+02   8.9547124e-04
   8.3832693e+02   8.8683228e-04
   8.3953734e+02   8.7827666e-04
   8.4074775e+02   8.6980357e-04
   8.4195816e+02   8.6141223e-04
   8.4316857e+02   8.5310185e-04
   8.4437898e+02   8.4487164e-04
   8.4558939e+02   8.3672083e-04
   8.4679980e+02   8.2864865e-04
   8.4801021e+02   8.2065435e-04
   8.4922062e+02   8.1273717e-04
   8.5043103e+02   8.0489637e-04
   8.5164144e+02   7.9713122e-04
   8.5285185e+02   7.8944098e-04
   8.5406226e+02   7.8182493e-04
   8.5527267e+02   7.7428235e-04
   8.5648308e+02   7.6681254e-04
   8.5769349e+02   7.5941480e-04
   8.5890390e+02   7.5208842e-04
   8.6011431e+02   7.4483273e-04
   8.6132472e+02   7.3764703e-04
   8.6253514e+02   7.3053066e-04
   8.6374555e+02   7.2348294e-04
   8.6495596e+02   7.1650321e-04
   8.6616637e+02   7.0959082e-04
   8.6737678e+02   7.0274512e-04
   8.6858719e+02   6.9596546e-04
   8.6979760e+02   6.8925120e-04
   8.7100801e+02   6.8260172e-04
   8.7221842e+02   6.7601639e-04
   8.7342883e+02   6.6949460e-04
   8.7463924e+02   6.6303572e-04
   8.7584965e+02   6.5663915e-04
   8.7706006e+02   6.5030429e-04
   8.7827047e+02   6.4403055e-04
   8.7948088e+02   6.3781733e-04
   8.8069129e+02   6.3166405e-04
   8.8190170e+02   6.2557014e-04
   8.8311211e+02   6.1953501e-04
   8.8432252e+02   6.1355811e-04
   8.8553293e+02   6.0763888e-04
   8.8674334e+02   6.0177674e-04
   8.8795375e+02   5.9597116e-04
   8.8916416e+02   5.9022159e-04
   8.9037457e+02   5.8452749e-04
   8.9158498e+02   5.7888832e-04
   8.9279540e+02   5.7330356e-04
   8.9400581e+02   5.6777267e-04
   8.9521622e+02   5.6229514e-04
   8.9642663e+02   5.5687046e-04
   8.9763704e+02   5.5149811e-04
   8.9884745e+02   5.4617759e-04
   9.0005786e+02   5.4090840e-04
   9.0126827e+02   5.3569004e-04
   9.0247868e+02   5.3052202e-04
   9.0368909e+02   5.2540387e-04
   9.0489950e+02   5.2033509e-04
   9.0610991e+02   5.1531521e-04
   9.0732032e+02   5.1034376e-04
   9.0853073e+02   5.0542027e-04
   9.0974114e+02   5.0054428e-04
   9.1095155e+02   4.9571533e-04
   9.1216196e+02   4.9093297e-04
   9.1337237e+02   4.8619674e-04
   9.1458278e+02   4.8150621e-04
   9.1579319e+02   4.7686093e-04
   9.1700360e+02   4.7226046e-04
   9.1821401e+02   4.6770438e-04
   9.1942442e+02   4.6319225e-04
   9.2063483e+02   4.5872365e-04
   9.2184525e+02   4.5429816e-04
   9.2305566e+02   4.4991537e-04
   9.2426607e+02   4.4557486e-04
   9.2547648e+02   4.4127622e-04
   9.2668689e+02   4.3701905e-04
   9.2789730e+02   4.3280296e-04
   9.2910771e+02   4.2862753e-04
   9.3031812e+02   4.2449239e-04
   9.3152853e+02   4.2039715e-04
   9.3273894e+02   4.1634141e-04
   9.3394935e+02   4.1232480e-04
   9.3515976e+02   4.0834694e-04
   9.3637017e+02   4.0440745e-04
   9.3758058e+02   4.0050597e-04
   9.3879099e+02   3.9664213e-04
   9.4000140e+02   3.9281557e-04
   9.4121181e+02   3.8902592e-04
   9.4242222e+02   3.8527284e-04
   9.4363263e+02   3.8155596e-04
   9.4484304e+02   3.7787493e-04
   9.4605345e+02   3.7422942e-04
   9.4726386e+02   3.7061909e-04
   9.4847427e+02   3.6704358e-04
   9.4968468e+02   3.6350256e-04
   9.5089510e+02   3.5999571e-04
   9.5210551e+02   3.5652269e-04
   9.5331592e+02   3.5308317e-04
   9.5452633e+02   3.4967684e-04
   9.5573674e+02   3.4630337e-04
   9.5694715e+02   3.4296244e-04
   9.5815756e+02   3.3965375e-04
   9.5936797e+02   3.3637697e-04
   9.6057838e+02   3.3313181e-04
   9.6178879e+02   3.2991795e-04
   9.6299920e+02   3.2673511e-04
   9.6420961e+02   3.2358296e-04
   9.6542002e+02   3.2046123e-04
   9.6663043e+02   3.1736961e-04
   9.6784084e+02   3.1430782e-04
   9.6905125e+02   3.1127557e-04
   9.7026166e+02   3.0827257e-04
   9.7147207e+02   3.0529854e-04
   9.7268248e+02   3.0235321e-04
   9.7389289e+02   2.9943629e-04
   9.7510330e+02   2.9654751e-04
   9.7631371e+02   2.9368659e-04
   9.7752412e+02   2.9085328e-04
   9.7873453e+02   2.8804731e-04
   9.7994494e+02   2.8526840e-04
   9.8115536e+02   2.8251630e-04
   9.8236577e+02   2.7979076e-04
   9.8357618e+02   2.7709150e-04
   9.8478659e+02   2.7441829e-04
   9.8599700e+02   2.7177087e-04
   9.8720741e+02   2.6914899e-04
   9.8841782e+02   2.6655240e-04
   9.8962823e+02   2.6398086e-04
   9.9083864e+02   2.6143414e-04
   9.9204905e+02   2.5891198e-04
   9.9325946e+02   2.5641415e-04
   9.9446987e+02   2.5394042e-04
   9.9568028e+02   2.5149056e-04
   9.9689069e+02   2.4906433e-04
   9.9810110e+02   2.4666151e-04
   9.9931151e+02   2.4428186e-04
   1.0005219e+03   2.4192518e-04
   1.0017323e+03   2.3959123e-04
   1.0029427e+03   2.3727980e-04
   1.0041532e+03   2.3499067e-04
   1.0053636e+03   2.3272362e-04
   1.0065740e+03   2.3047844e-04
   1.0077844e+03   2.2825493e-04
   1.0089948e+03   2.2605286e-04
   1.0102052e+03   2.2387204e-04
   1.0114156e+03   2.2171226e-04
   1.0126260e+03   2.1957331e-04
   1.0138364e+03   2.1745500e-04
   1.0150468e+03   2.1535713e-04
   1.0162573e+03   2.1327949e-04
   1.0174677e+03   2.1122190e-04
   1.0186781e+03   2.0918416e-04
   1.0198885e+03   2.0716607e-04
   1.0210989e+03   2.0516746e-04
   1.0223093e+03   2.0318813e-04
   1.0235197e+03   2.0122789e-04
   1.0247301e+03   1.9928657e-04
   1.0259405e+03   1.9736397e-04
   1.0271510e+03   1.9545992e-04
   1.0283614e+03   1.9357424e-04
   1.0295718e+03   1.9170676e-04
   1.0307822e+03   1.8985728e-04
   1.0319926e+03   1.8802566e-04
   1.0332030e+03   1.8621170e-04
   1.0344134e+03   1.8441524e-04
   1.0356238e+03   1.8263611e-04
   1.0368342e+03   1.8087415e-04
   1.0380446e+03   1.7912919e-04
   1.0392551e+03   1.7740105e-04
   1.0404655e+03   1.7568960e-04
   1.0416759e+03   1.7399465e-04
   1.0428863e+03   1.7231605e-04
   1.0440967e+03   1.7065365e-04
   1.0453071e+03   1.6900729e-04
   1.0465175e+03   1.6737681e-04
   1.0477279e+03   1.6576206e-04
   1.0489383e+03   1.6416289e-04
   1.0501487e+03   1.6257914e-04
   1.0513592e+03   1.6101068e-04
   1.0525696e+03   1.5945734e-04
   1.0537800e+03   1.5791899e-04
   1.0549904e+03   1.5639549e-04
   1.0562008e+03   1.5488668e-04
   1.0574112e+03   1.5339242e-04
   1.0586216e+03   1.5191259e-04
   1.0598320e+03   1.5044703e-04
   1.0610424e+03   1.4899560e-04
   1.0622529e+03   1.4755818e-04
   1.0634633e+03   1.4613463e-04
   1.0646737e+03   1.4472481e-04
   1.0658841e+03   1.4332860e-04
   1.0670945e+03   1.4194585e-04
   1.0683049e+03   1.4057644e-04
   1.0695153e+03   1.3922024e-04
   1.0707257e+03   1.3787713e-04
   1.0719361e+03   1.3654697e-04
   1.0731465e+03   1.3522965e-04
   1.0743570e+03   1.3392504e-04
   1.0755674e+03   1.3263301e-04
   1.0767778e+03   1.3135345e-04
   1.0779882e+03   1.3008623e-04
   1.0791986e+03   1.2883123e-04
   1.0804090e+03   1.2758835e-04
   1.0816194e+03   1.2635745e-04
   1.0828298e+03   1.2513843e-04
   1.0840402e+03   1.2393117e-04
   1.0852507e+03   1.2273556e-04
   1.0864611e+03   1.2155148e-04
   1.0876715e+03   1.2037883e-04
   1.0888819e+03   1.1921748e-04
   1.0900923e+03   1.1806735e-04
   1.0913027e+03   1.1692830e-04
   1.0925131e+03   1.1580025e-04
   1.0937235e+03   1.1468308e-04
   1.0949339e+03   1.1357668e-04
   1.0961443e+03   1.1248097e-04
   1.0973548e+03   1.1139582e-04
   1.0985652e+03   1.1032114e-04
   1.0997756e+03   1.0925683e-04
   1.1009860e+03   1.0820278e-04
   1.1021964e+03   1.0715891e-04
   1.1034068e+03   1.0612510e-04
   1.1046172e+03   1.0510127e-04
   1.1058276e+03   1.0408732e-04
   1.1070380e+03   1.0308315e-04
   1.1082484e+03   1.0208866e-04
   1.1094589e+03   1.0110377e-04
   1.1106693e+03   1.0012838e-04
   1.1118797e+03   9.9162406e-05
   1.1130901e+03   9.8205747e-05
   1.1143005e+03   9.7258317e-05
   1.1155109e+03   9.6320027e-05
   1.1167213e+03   9.5390790e-05
   1.1179317e+03   9.4470517e-05
   1.1191421e+03   9.3559123e-05
   1.1203526e+03   9.2656521e-05
   1.1215630e+03   9.1762626e-05
   1.1227734e+03   9.0877356e-05
   1.1239838e+03   9.0000626e-05
   1.1251942e+03   8.9132354e-05
   1.1264046e+03   8.8272459e-05
   1.1276150e+03   8.7420860e-05
   1.1288254e+03   8.6577476e-05
   1.1300358e+03   8.5742229e-05
   1.1312462e+03   8.4915040e-05
   1.1324567e+03   8.4095831e-05
   1.1336671e+03   8.3284525e-05
   1.1348775e+03   8.2481046e-05
   1.1360879e+03   8.1685318e-05
   1.1372983e+03   8.0897268e-05
   1.1385087e+03   8.0116820e-05
   1.1397191e+03   7.9343901e-05
   1.1409295e+03   7.8578439e-05
   1.1421399e+03   7.7820362e-05
   1.1433504e+03   7.7069598e-05
   1.1445608e+03   7.6326077e-05
   1.1457712e+03   7.5589729e-05
   1.1469816e+03   7.4860485e-05
   1.1481920e+03   7.4138276e-05
   1.1494024e+03   7.3423035e-05
   1.1506128e+03   7.2714694e-05
   1.1518232e+03   7.2013186e-05
   1.1530336e+03   7.1318446e-05
   1.1542440e+03   7.0630409e-05
   1.1554545e+03   6.9949009e-05
   1.1566649e+03   6.9274184e-05
   1.1578753e+03   6.8605868e-05
   1.1590857e+03   6.7944000e-05
   1.1602961e+03   6.7288517e-05
   1.1615065e+03   6.6639358e-05
   1.1627169e+03   6.5996462e-05
   1.1639273e+03   6.5359768e-05
   1.1651377e+03   6.4729216e-05
   1.1663481e+03   6.4104748e-05
   1.1675586e+03   6.3486304e-05
   1.1687690e+03   6.2873826e-05
   1.1699794e+03   6.2267258e-05
   1.1711898e+03   6.1666541e-05
   1.1724002e+03   6.1071619e-05
   1.1736106e+03   6.0482437e-05
   1.1748210e+03   5.9898939e-05
   1.1760314e+03   5.9321070e-05
   1.1772418e+03   5.8748776e-05
   1.1784523e+03   5.8182004e-05
   1.1796627e+03   5.7620699e-05
   1.1808731e+03   5.7064809e-05
   1.1820835e+03   5.6514282e-05
   1.1832939e+03   5.5969067e-05
   1.1845043e+03   5.5429111e-05
   1.1857147e+03   5.4894364e-05
   1.1869251e+03   5.4364776e-05
   1.1881355e+03   5.3840298e-05
   1.1893459e+03   5.3320879e-05
   1.1905564e+03   5.2806472e-05
   1.1917668e+03   5.2297027e-05
   1.1929772e+03   5.1792496e-05
   1.1941876e+03   5.1292834e-05
   1.1953980e+03   5.0797991e-05
   1.1966084e+03   5.0307923e-05
   1.1978188e+03   4.9822582e-05
   1.1990292e+03   4.9341924e-05
   1.2002396e+03   4.8865903e-05
   1.2014501e+03   4.8394474e-05
   1.2026605e+03   4.7927594e-05
   1.2038709e+03   4.7465217e-05
   1.2050813e+03   4.7007301e-05
   1.2062917e+03   4.6553803e-05
   1.2075021e+03   4.6104680e-05
   1.2087125e+03   4.5659890e-05
   1.2099229e+03   4.5219391e-05
   1.2111333e+03   4.4783142e-05
   1.2123437e+03   4.4351101e-05
   1.2135542e+03   4.3923228e-05
   1.2147646e+03   4.3499484e-05
   1.2159750e+03   4.3079827e-05
   1.2171854e+03   4.2664219e-05
   1.2183958e+03   4.2252620e-05
   1.2196062e+03   4.1844992e-05
   1.2208166e+03   4.1441297e-05
   1.2220270e+03   4.1041496e-05
   1.2232374e+03   4.0645553e-05
   1.2244478e+03   4.0253429e-05
   1.2256583e+03   3.9865088e-05
   1.2268687e+03   3.9480494e-05
   1.2280791e+03   3.9099610e-05
   1.2292895e+03   3.8722401e-05
   1.2304999e+03   3.8348830e-05
   1.2317103e+03   3.7978864e-05
   1.2329207e+03   3.7612467e-05
   1.2341311e+03   3.7249604e-05
   1.2353415e+03   3.6890243e-05
   1.2365520e+03   3.6534348e-05
   1.2377624e+03   3.6181886e-05
   1.2389728e+03   3.5832825e-05
   1.2401832e+03   3.5487132e-05
   1.2413936e+03   3.5144774e-05
   1.2426040e+03   3.4805718e-05
   1.2438144e+03   3.4469933e-05
   1.2450248e+03   3.4137388e-05
   1.2462352e+03   3.3808051e-05
   1.2474456e+03   3.3481892e-05
   1.2486561e+03   3.3158879e-05
   1.2498665e+03   3.2838982e-05
   1.2510769e+03   3.2522171e-05
   1.2522873e+03   3.2208417e-05
   1.2534977e+03   3.1897689e-05
   1.2547081e+03   3.1589960e-05
   1.2559185e+03   3.1285199e-05
   1.2571289e+03   3.0983378e-05
   1.2583393e+03   3.0684469e-05
   1.2595497e+03   3.0388444e-05
   1.2607602e+03   3.0095275e-05
   1.2619706e+03   2.9804934e-05
   1.2631810e+03   2.9517394e-05
   1.2643914e+03   2.9232628e-05
   1.2656018e+03   2.8950609e-05
   1.2668122e+03   2.8671311e-05
   1.2680226e+03   2.8394707e-05
   1.2692330e+03   2.8120772e-05
   1.2704434e+03   2.7849480e-05
   1.2716539e+03   2.7580805e-05
   1.2728643e+03   2.7314722e-05
   1.2740747e+03   2.7051206e-05
   1.2752851e+03   2.6790232e-05
   1.2764955e+03   2.6531776e-05
   1.2777059e+03   2.6275814e-05
   1.2789163e+03   2.6022321e-05
   1.2801267e+03   2.5771273e-05
   1.2813371e+03   2.5522647e-05
   1.2825475e+03   2.5276420e-05
   1.2837580e+03   2.5032569e-05
   1.2849684e+03   2.4791069e-05
   1.2861788e+03   2.4551900e-05
   1.2873892e+03   2.4315038e-05
   1.2885996e+03   2.4080461e-05
   1.2898100e+03   2.3848148e-05
   1.2910204e+03   2.3618075e-05
   1.2922308e+03   2.3390222e-05
   1.2934412e+03   2.3164568e-05
   1.2946517e+03   2.2941090e-05
   1.2958621e+03   2.2719768e-05
   1.2970725e+03   2.2500581e-05
   1.2982829e+03   2.2283509e-05
   1.2994933e+03   2.2068531e-05
   1.3007037e+03   2.1855628e-05
   1.3019141e+03   2.1644778e-05
   1.3031245e+03   2.1435962e-05
   1.3043349e+03   2.1229161e-05
   1.3055453e+03   2.1024355e-05
   1.3067558e+03   2.0821524e-05
   1.3079662e+03   2.0620651e-05
   1.3091766e+03   2.0421715e-05
   1.3103870e+03   2.0224699e-05
   1.3115974e+03   2.0029583e-05
   1.3128078e+03   1.9836350e-05
   1.3140182e+03   1.9644981e-05
   1.3152286e+03   1.9455458e-05
   1.3164390e+03   1.9267763e-05
   1.3176494e+03   1.9081879e-05
   1.3188599e+03   1.8897789e-05
   1.3200703e+03   1.8715475e-05
   1.3212807e+03   1.8534919e-05
   1.3224911e+03   1.8356105e-05
   1.3237015e+03   1.8179017e-05
   1.3249119e+03   1.8003636e-05
   1.3261223e+03   1.7829948e-05
   1.3273327e+03   1.7657936e-05
   1.3285431e+03   1.7487583e-05
   1.3297536e+03   1.7318873e-05
   1.3309640e+03   1.7151791e-05
   1.3321744e+03   1.6986321e-05
   1.3333848e+03   1.6822447e-05
   1.3345952e+03   1.6660154e-05
   1.3358056e+03   1.6499427e-05
   1.3370160e+03   1.6340250e-05
   1.3382264e+03   1.6182610e-05
   1.3394368e+03   1.6026490e-05
   1.3406472e+03   1.5871876e-05
   1.3418577e+03   1.5718753e-05
   1.3430681e+03   1.5567108e-05
   1.3442785e+03   1.5416926e-05
   1.3454889e+03   1.5268193e-05
   1.3466993e+03   1.5120895e-05
   1.3479097e+03   1.4975017e-05
   1.3491201e+03   1.4830548e-05
   1.3503305e+03   1.4687471e-05
   1.3515409e+03   1.4545776e-05
   1.3527514e+03   1.4405447e-05
   1.3539618e+03   1.4266472e-05
   1.3551722e+03   1.4128837e-05
   1.3563826e+03   1.3992531e-05
   1.3575930e+03   1.3857539e-05
   1.3588034e+03   1.3723850e-05
   1.3600138e+03   1.3591451e-05
   1.3612242e+03   1.3460329e-05
   1.3624346e+03   1.3330471e-05
   1.3636450e+03   1.3201867e-05
   1.3648555e+03   1.3074503e-05
   1.3660659e+03   1.2948369e-05
   1.3672763e+03   1.2823451e-05
   1.3684867e+03   1.2699738e-05
   1.3696971e+03   1.2577218e-05
   1.3709075e+03   1.2455881e-05
   1.3721179e+03   1.2335714e-05
   1.3733283e+03   1.2216706e-05
   1.3745387e+03   1.2098847e-05
   1.3757491e+03   1.1982125e-05
   1.3769596e+03   1.1866528e-05
   1.3781700e+03   1.1752047e-05
   1.3793804e+03   1.1638671e-05
   1.3805908e+03   1.1526388e-05
   1.3818012e+03   1.1415188e-05
   1.3830116e+03   1.1305061e-05
   1.3842220e+03   1.1195997e-05
   1.3854324e+03   1.1087985e-05
   1.3866428e+03   1.0981014e-05
   1.3878533e+03   1.0875076e-05
   1.3890637e+03   1.0770160e-05
   1.3902741e+03   1.0666256e-05
   1.3914845e+03   1.0563354e-05
   1.3926949e+03   1.0461446e-05
   1.3939053e+03   1.0360520e-05
   1.3951157e+03   1.0260568e-05
   1.3963261e+03   1.0161580e-05
   1.3975365e+03   1.0063547e-05
   1.3987469e+03   9.9664602e-06
   1.3999574e+03   9.8703098e-06
   1.4011678e+03   9.7750870e-06
   1.4023782e+03   9.6807829e-06
   1.4035886e+03   9.5873886e-06
   1.4047990e+03   9.4948952e-06
   1.4060094e+03   9.4032942e-06
   1.4072198e+03   9.3125769e-06
   1.4084302e+03   9.2227348e-06
   1.4096406e+03   9.1337594e-06
   1.4108511e+03   9.0456424e-06
   1.4120615e+03   8.9583755e-06
   1.4132719e+03   8.8719505e-06
   1.4144823e+03   8.7863593e-06
   1.4156927e+03   8.7015938e-06
   1.4169031e+03   8.6176460e-06
   1.4181135e+03   8.5345082e-06
   1.4193239e+03   8.4521724e-06
   1.4205343e+03   8.3706310e-06
   1.4217447e+03   8.2898762e-06
   1.4229552e+03   8.2099004e-06
   1.4241656e+03   8.1306963e-06
   1.4253760e+03   8.0522562e-06
   1.4265864e+03   7.9745729e-06
   1.4277968e+03   7.8976390e-06
   1.4290072e+03   7.8214474e-06
   1.4302176e+03   7.7459908e-06
   1.4314280e+03   7.6712621e-06
   1.4326384e+03   7.5972544e-06
   1.4338488e+03   7.5239607e-06
   1.4350593e+03   7.4513741e-06
   1.4362697e+03   7.3794877e-06
   1.4374801e+03   7.3082949e-06
   1.4386905e+03   7.2377889e-06
   1.4399009e+03   7.1679630e-06
   1.4411113e+03   7.0988109e-06
   1.4423217e+03   7.0303258e-06
   1.4435321e+03   6.9625015e-06
   1.4447425e+03   6.8953315e-06
   1.4459530e+03   6.8288095e-06
   1.4471634e+03   6.7629292e-06
   1.4483738e+03   6.6976846e-06
   1.4495842e+03   6.6330693e-06
   1.4507946e+03   6.5690775e-06
   1.4520050e+03   6.5057030e-06
   1.4532154e+03   6.4429399e-06
   1.4544258e+03   6.3807823e-06
   1.4556362e+03   6.3192244e-06
   1.4568466e+03   6.2582603e-06
   1.4580571e+03   6.1978844e-06
   1.4592675e+03   6.1380909e-06
   1.4604779e+03   6.0788743e-06
   1.4616883e+03   6.0202290e-06
   1.4628987e+03   5.9621495e-06
   1.4641091e+03   5.9046303e-06
   1.4653195e+03   5.8476660e-06
   1.4665299e+03   5.7912512e-06
   1.4677403e+03   5.7353807e-06
   1.4689508e+03   5.6800492e-06
   1.4701612e+03   5.6252515e-06
   1.4713716e+03   5.5709825e-06
   1.4725820e+03   5.5172370e-06
   1.4737924e+03   5.4640101e-06
   1.4750028e+03   5.4112966e-06
   1.4762132e+03   5.3590917e-06
   1.4774236e+03   5.3073904e-06
   1.4786340e+03   5.2561879e-06
   1.4798444e+03   5.2054794e-06
   1.4810549e+03   5.1552600e-06
   1.4822653e+03   5.1055252e-06
   1.4834757e+03   5.0562702e-06
   1.4846861e+03   5.0074903e-06
   1.4858965e+03   4.9591811e-06
   1.4871069e+03   4.9113379e-06
   1.4883173e+03   4.8639563e-06
   1.4895277e+03   4.8170318e-06
   1.4907381e+03   4.7705599e-06
   1.4919485e+03   4.7245365e-06
   1.4931590e+03   4.6789570e-06
   1.4943694e+03   4.6338172e-06
   1.4955798e+03   4.5891129e-06
   1.4967902e+03   4.5448400e-06
   1.4980006e+03   4.5009941e-06
   1.4992110e+03   4.4575712e-06
   1.5004214e+03   4.4145673e-06
   1.5016318e+03   4.3719782e-06
   1.5028422e+03   4.3298000e-06
   1.5040527e+03   4.2880287e-06
   1.5052631e+03   4.2466604e-06
   1.5064735e+03   4.2056911e-06
   1.5076839e+03   4.1651172e-06
   1.5088943e+03   4.1249346e-06
   1.5101047e+03   4.0851398e-06
   1.5113151e+03   4.0457288e-06
   1.5125255e+03   4.0066980e-06
   1.5137359e+03   3.9680438e-06
   1.5149463e+03   3.9297625e-06
   1.5161568e+03   3.8918506e-06
   1.5173672e+03   3.8543043e-06
   1.5185776e+03   3.8171203e-06
   1.5197880e+03   3.7802951e-06
   1.5209984e+03   3.7438251e-06
   1.5222088e+03   3.7077069e-06
   1.5234192e+03   3.6719372e-06
   1.5246296e+03   3.6365125e-06
   1.5258400e+03   3.6014297e-06
   1.5270505e+03   3.5666852e-06
   1.5282609e+03   3.5322760e-06
   1.5294713e+03   3.4981987e-06
   1.5306817e+03   3.4644502e-06
   1.5318921e+03   3.4310273e-06
   1.5331025e+03   3.3979268e-06
   1.5343129e+03   3.3651457e-06
   1.5355233e+03   3.3326808e-06
   1.5367337e+03   3.3005291e-06
   1.5379441e+03   3.2686876e-06
   1.5391546e+03   3.2371533e-06
   1.5403650e+03   3.2059232e-06
   1.5415754e+03   3.1749943e-06
   1.5427858e+03   3.1443639e-06
   1.5439962e+03   3.1140290e-06
   1.5452066e+03   3.0839867e-06
   1.5464170e+03   3.0542343e-06
   1.5476274e+03   3.0247689e-06
   1.5488378e+03   2.9955877e-06
   1.5500482e+03   2.9666881e-06
   1.5512587e+03   2.9380673e-06
   1.5524691e+03   2.9097226e-06
   1.5536795e+03   2.8816513e-06
   1.5548899e+03   2.8538509e-06
   1.5561003e+03   2.8263187e-06
   1.5573107e+03   2.7990521e-06
   1.5585211e+03   2.7720485e-06
   1.5597315e+03   2.7453054e-06
   1.5609419e+03   2.7188204e-06
   1.5621524e+03   2.6925908e-06
   1.5633628e+03   2.6666144e-06
   1.5645732e+03   2.6408885e-06
   1.5657836e+03   2.6154108e-06
   1.5669940e+03   2.5901789e-06
   1.5682044e+03   2.5651904e-06
   1.5694148e+03   2.5404430e-06
   1.5706252e+03   2.5159343e-06
   1.5718356e+03   2.4916621e-06
   1.5730460e+03   2.4676240e-06
   1.5742565e+03   2.4438179e-06
   1.5754669e+03   2.4202414e-06
   1.5766773e+03   2.3968924e-06
   1.5778877e+03   2.3737686e-06
   1.5790981e+03   2.3508679e-06
   1.5803085e+03   2.3281882e-06
   1.5815189e+03   2.3057272e-06
   1.5827293e+03   2.2834830e-06
   1.5839397e+03   2.2614533e-06
   1.5851502e+03   2.2396362e-06
   1.5863606e+03   2.2180295e-06
   1.5875710e+03   2.1966313e-06
   1.5887814e+03   2.1754395e-06
   1.5899918e+03   2.1544522e-06
   1.5912022e+03   2.1336673e-06
   1.5924126e+03   2.1130830e-06
   1.5936230e+03   2.0926972e-06
   1.5948334e+03   2.0725082e-06
   1.5960438e+03   2.0525139e-06
   1.5972543e+03   2.0327124e-06
   1.5984647e+03   2.0131021e-06
   1.5996751e+03   1.9936809e-06
   1.6008855e+03   1.9744470e-06
   1.6020959e+03   1.9553988e-06
   1.6033063e+03   1.9365343e-06
   1.6045167e+03   1.9178517e-06
   1.6057271e+03   1.8993495e-06
   1.6069375e+03   1.8810257e-06
   1.6081479e+03   1.8628787e-06
   1.6093584e+03   1.8449068e-06
   1.6105688e+03   1.8271082e-06
   1.6117792e+03   1.8094814e-06
   1.6129896e+03   1.7920246e-06
   1.6142000e+03   1.7747362e-06
