   4.3770000e+02   5.9414646e-05
   4.4154765e+02   6.9311192e-05
   4.4539530e+02   8.0581562e-05
   4.4924294e+02   9.3367300e-05
   4.5309059e+02   1.0781651e-04
   4.5693824e+02   1.2408285e-04
   4.6078589e+02   1.4232435e-04
   4.6463353e+02   1.6270192e-04
   4.6848118e+02   1.8537770e-04
   4.7232883e+02   2.1051313e-04
   4.7617648e+02   2.3826678e-04
   4.8002412e+02   2.6879204e-04
   4.8387177e+02   3.0223459e-04
   4.8771942e+02   3.3872969e-04
   4.9156707e+02   3.7839942e-04
   4.9541471e+02   4.2134985e-04
   4.9926236e+02   4.6766808e-04
   5.0311001e+02   5.1741952e-04
   5.0695766e+02   5.7064506e-04
   5.1080531e+02   6.2735854e-04
   5.1465295e+02   6.8754442e-04
   5.1850060e+02   7.5115567e-04
   5.2234825e+02   8.1811211e-04
   5.2619590e+02   8.8829910e-04
   5.3004354e+02   9.6156669e-04
   5.3389119e+02   1.0377293e-03
   5.3773884e+02   1.1165660e-03
   5.4158649e+02   1.1978212e-03
   5.4543413e+02   1.2812060e-03
   5.4928178e+02   1.3664003e-03
   5.5312943e+02   1.4530551e-03
   5.5697708e+02   1.5407957e-03
   5.6082472e+02   1.6292253e-03
   5.6467237e+02   1.7179289e-03
   5.6852002e+02   1.8064777e-03
   5.7236767e+02   1.8944339e-03
   5.7621532e+02   1.9813555e-03
   5.8006296e+02   2.0668016e-03
   5.8391061e+02   2.1503373e-03
   5.8775826e+02   2.2315389e-03
   5.9160591e+02   2.3099986e-03
   5.9545355e+02   2.3853296e-03
   5.9930120e+02   2.4571700e-03
   6.0314885e+02   2.5251871e-03
   6.0699650e+02   2.5890804e-03
   6.1084414e+02   2.6485852e-03
   6.1469179e+02   2.7034744e-03
   6.1853944e+02   2.7535606e-03
   6.2238709e+02   2.7986967e-03
   6.2623473e+02   2.8387773e-03
   6.3008238e+02   2.8737376e-03
   6.3393003e+02   2.9035532e-03
   6.3777768e+02   2.9282390e-03
   6.4162533e+02   2.9478469e-03
   6.4547297e+02   2.9624638e-03
   6.4932062e+02   2.9722090e-03
   6.5316827e+02   2.9772313e-03
   6.5701592e+02   2.9777055e-03
   6.6086356e+02   2.9738294e-03
   6.6471121e+02   2.9658200e-03
   6.6855886e+02   2.9539101e-03
   6.7240651e+02   2.9383446e-03
   6.7625415e+02   2.9193773e-03
   6.8010180e+02   2.8972676e-03
   6.8394945e+02   2.8722773e-03
   6.8779710e+02   2.8446676e-03
   6.9164474e+02   2.8146968e-03
   6.9549239e+02   2.7826177e-03
   6.9934004e+02   2.7486757e-03
   7.0318769e+02   2.7131070e-03
   7.0703534e+02   2.6761372e-03
   7.1088298e+02   2.6379800e-03
   7.1473063e+02   2.5988363e-03
   7.1857828e+02   2.5588941e-03
   7.2242593e+02   2.5183274e-03
   7.2627357e+02   2.4772966e-03
   7.3012122e+02   2.4359483e-03
   7.3396887e+02   2.3944156e-03
   7.3781652e+02   2.3528186e-03
   7.4166416e+02   2.3112648e-03
   7.4551181e+02   2.2698495e-03
   7.4935946e+02   2.2286568e-03
   7.5320711e+02   2.1877603e-03
   7.5705475e+02   2.1472236e-03
   7.6090240e+02   2.1071013e-03
   7.6475005e+02   2.0674397e-03
   7.6859770e+02   2.0282777e-03
   7.7244535e+02   1.9896471e-03
   7.7629299e+02   1.9515740e-03
   7.8014064e+02   1.9140789e-03
   7.8398829e+02   1.8771776e-03
   7.8783594e+02   1.8408817e-03
   7.9168358e+02   1.8051991e-03
   7.9553123e+02   1.7701348e-03
   7.9937888e+02   1.7356908e-03
   8.0322653e+02   1.7018669e-03
   8.0707417e+02   1.6686611e-03
   8.1092182e+02   1.6360696e-03
   8.1476947e+02   1.6040873e-03
   8.1861712e+02   1.5727081e-03
   8.2246476e+02   1.5419248e-03
   8.2631241e+02   1.5117297e-03
   8.3016006e+02   1.4821144e-03
   8.3400771e+02   1.4530701e-03
   8.3785536e+02   1.4245876e-03
   8.4170300e+02   1.3966576e-03
   8.4555065e+02   1.3692707e-03
   8.4939830e+02   1.3424172e-03
   8.5324595e+02   1.3160876e-03
   8.5709359e+02   1.2902722e-03
   8.6094124e+02   1.2649615e-03
   8.6478889e+02   1.2401460e-03
   8.6863654e+02   1.2158163e-03
   8.7248418e+02   1.1919631e-03
   8.7633183e+02   1.1685774e-03
   8.8017948e+02   1.1456500e-03
   8.8402713e+02   1.1231721e-03
   8.8787477e+02   1.1011349e-03
   8.9172242e+02   1.0795300e-03
   8.9557007e+02   1.0583488e-03
   8.9941772e+02   1.0375831e-03
   9.0326537e+02   1.0172247e-03
   9.0711301e+02   9.9726577e-04
   9.1096066e+02   9.7769838e-04
   9.1480831e+02   9.5851490e-04
   9.1865596e+02   9.3970779e-04
   9.2250360e+02   9.2126968e-04
   9.2635125e+02   9.0319334e-04
   9.3019890e+02   8.8547166e-04
   9.3404655e+02   8.6809770e-04
   9.3789419e+02   8.5106463e-04
   9.4174184e+02   8.3436576e-04
   9.4558949e+02   8.1799454e-04
   9.4943714e+02   8.0194455e-04
   9.5328478e+02   7.8620947e-04
   9.5713243e+02   7.7078313e-04
   9.6098008e+02   7.5565947e-04
   9.6482773e+02   7.4083256e-04
   9.6867538e+02   7.2629657e-04
   9.7252302e+02   7.1204579e-04
   9.7637067e+02   6.9807462e-04
   9.8021832e+02   6.8437759e-04
   9.8406597e+02   6.7094931e-04
   9.8791361e+02   6.5778451e-04
   9.9176126e+02   6.4487801e-04
   9.9560891e+02   6.3222476e-04
   9.9945656e+02   6.1981978e-04
   1.0033042e+03   6.0765819e-04
   1.0071519e+03   5.9573524e-04
   1.0109995e+03   5.8404622e-04
   1.0148471e+03   5.7258656e-04
   1.0186948e+03   5.6135174e-04
   1.0225424e+03   5.5033737e-04
   1.0263901e+03   5.3953912e-04
   1.0302377e+03   5.2895273e-04
   1.0340854e+03   5.1857407e-04
   1.0379330e+03   5.0839904e-04
   1.0417807e+03   4.9842366e-04
   1.0456283e+03   4.8864401e-04
   1.0494760e+03   4.7905625e-04
   1.0533236e+03   4.6965661e-04
   1.0571713e+03   4.6044141e-04
   1.0610189e+03   4.5140701e-04
   1.0648666e+03   4.4254988e-04
   1.0687142e+03   4.3386654e-04
   1.0725619e+03   4.2535358e-04
   1.0764095e+03   4.1700765e-04
   1.0802572e+03   4.0882547e-04
   1.0841048e+03   4.0080384e-04
   1.0879525e+03   3.9293961e-04
   1.0918001e+03   3.8522968e-04
   1.0956477e+03   3.7767103e-04
   1.0994954e+03   3.7026068e-04
   1.1033430e+03   3.6299574e-04
   1.1071907e+03   3.5587334e-04
   1.1110383e+03   3.4889069e-04
   1.1148860e+03   3.4204505e-04
   1.1187336e+03   3.3533373e-04
   1.1225813e+03   3.2875410e-04
   1.1264289e+03   3.2230356e-04
   1.1302766e+03   3.1597959e-04
   1.1341242e+03   3.0977971e-04
   1.1379719e+03   3.0370147e-04
   1.1418195e+03   2.9774249e-04
   1.1456672e+03   2.9190044e-04
   1.1495148e+03   2.8617302e-04
   1.1533625e+03   2.8055797e-04
   1.1572101e+03   2.7505310e-04
   1.1610578e+03   2.6965624e-04
   1.1649054e+03   2.6436527e-04
   1.1687531e+03   2.5917812e-04
   1.1726007e+03   2.5409274e-04
   1.1764483e+03   2.4910715e-04
   1.1802960e+03   2.4421938e-04
   1.1841436e+03   2.3942751e-04
   1.1879913e+03   2.3472966e-04
   1.1918389e+03   2.3012400e-04
   1.1956866e+03   2.2560870e-04
   1.1995342e+03   2.2118199e-04
   1.2033819e+03   2.1684215e-04
   1.2072295e+03   2.1258745e-04
   1.2110772e+03   2.0841624e-04
   1.2149248e+03   2.0432687e-04
   1.2187725e+03   2.0031774e-04
   1.2226201e+03   1.9638727e-04
   1.2264678e+03   1.9253393e-04
   1.2303154e+03   1.8875619e-04
   1.2341631e+03   1.8505257e-04
   1.2380107e+03   1.8142163e-04
   1.2418584e+03   1.7786193e-04
   1.2457060e+03   1.7437207e-04
   1.2495537e+03   1.7095069e-04
   1.2534013e+03   1.6759644e-04
   1.2572489e+03   1.6430800e-04
   1.2610966e+03   1.6108409e-04
   1.2649442e+03   1.5792343e-04
   1.2687919e+03   1.5482479e-04
   1.2726395e+03   1.5178695e-04
   1.2764872e+03   1.4880871e-04
   1.2803348e+03   1.4588891e-04
   1.2841825e+03   1.4302640e-04
   1.2880301e+03   1.4022006e-04
   1.2918778e+03   1.3746878e-04
   1.2957254e+03   1.3477148e-04
   1.2995731e+03   1.3212711e-04
   1.3034207e+03   1.2953462e-04
   1.3072684e+03   1.2699300e-04
   1.3111160e+03   1.2450125e-04
   1.3149637e+03   1.2205839e-04
   1.3188113e+03   1.1966347e-04
   1.3226590e+03   1.1731553e-04
   1.3265066e+03   1.1501366e-04
   1.3303543e+03   1.1275696e-04
   1.3342019e+03   1.1054454e-04
   1.3380495e+03   1.0837553e-04
   1.3418972e+03   1.0624908e-04
   1.3457448e+03   1.0416435e-04
   1.3495925e+03   1.0212052e-04
   1.3534401e+03   1.0011680e-04
   1.3572878e+03   9.8152390e-05
   1.3611354e+03   9.6226526e-05
   1.3649831e+03   9.4338450e-05
   1.3688307e+03   9.2487421e-05
   1.3726784e+03   9.0672710e-05
   1.3765260e+03   8.8893607e-05
   1.3803737e+03   8.7149411e-05
   1.3842213e+03   8.5439439e-05
   1.3880690e+03   8.3763018e-05
   1.3919166e+03   8.2119490e-05
   1.3957643e+03   8.0508211e-05
   1.3996119e+03   7.8928546e-05
   1.4034596e+03   7.7379877e-05
   1.4073072e+03   7.5861594e-05
   1.4111549e+03   7.4373102e-05
   1.4150025e+03   7.2913815e-05
   1.4188502e+03   7.1483162e-05
   1.4226978e+03   7.0080579e-05
   1.4265454e+03   6.8705517e-05
   1.4303931e+03   6.7357435e-05
   1.4342407e+03   6.6035804e-05
   1.4380884e+03   6.4740105e-05
   1.4419360e+03   6.3469829e-05
   1.4457837e+03   6.2224478e-05
   1.4496313e+03   6.1003561e-05
   1.4534790e+03   5.9806601e-05
   1.4573266e+03   5.8633126e-05
   1.4611743e+03   5.7482676e-05
   1.4650219e+03   5.6354799e-05
   1.4688696e+03   5.5249053e-05
   1.4727172e+03   5.4165002e-05
   1.4765649e+03   5.3102222e-05
   1.4804125e+03   5.2060295e-05
   1.4842602e+03   5.1038812e-05
   1.4881078e+03   5.0037371e-05
   1.4919555e+03   4.9055580e-05
   1.4958031e+03   4.8093053e-05
   1.4996508e+03   4.7149411e-05
   1.5034984e+03   4.6224285e-05
   1.5073460e+03   4.5317311e-05
   1.5111937e+03   4.4428133e-05
   1.5150413e+03   4.3556401e-05
   1.5188890e+03   4.2701774e-05
   1.5227366e+03   4.1863916e-05
   1.5265843e+03   4.1042497e-05
   1.5304319e+03   4.0237196e-05
   1.5342796e+03   3.9447696e-05
   1.5381272e+03   3.8673686e-05
   1.5419749e+03   3.7914864e-05
   1.5458225e+03   3.7170930e-05
   1.5496702e+03   3.6441593e-05
   1.5535178e+03   3.5726567e-05
   1.5573655e+03   3.5025570e-05
   1.5612131e+03   3.4338328e-05
   1.5650608e+03   3.3664570e-05
   1.5689084e+03   3.3004032e-05
   1.5727561e+03   3.2356455e-05
   1.5766037e+03   3.1721584e-05
   1.5804514e+03   3.1099170e-05
   1.5842990e+03   3.0488968e-05
   1.5881466e+03   2.9890739e-05
   1.5919943e+03   2.9304248e-05
   1.5958419e+03   2.8729265e-05
   1.5996896e+03   2.8165563e-05
   1.6035372e+03   2.7612922e-05
   1.6073849e+03   2.7071125e-05
   1.6112325e+03   2.6539958e-05
   1.6150802e+03   2.6019213e-05
   1.6189278e+03   2.5508686e-05
   1.6227755e+03   2.5008176e-05
   1.6266231e+03   2.4517487e-05
   1.6304708e+03   2.4036425e-05
   1.6343184e+03   2.3564803e-05
   1.6381661e+03   2.3102434e-05
   1.6420137e+03   2.2649137e-05
   1.6458614e+03   2.2204735e-05
   1.6497090e+03   2.1769052e-05
   1.6535567e+03   2.1341918e-05
   1.6574043e+03   2.0923165e-05
   1.6612520e+03   2.0512629e-05
   1.6650996e+03   2.0110147e-05
   1.6689472e+03   1.9715563e-05
   1.6727949e+03   1.9328720e-05
   1.6766425e+03   1.8949469e-05
   1.6804902e+03   1.8577658e-05
   1.6843378e+03   1.8213143e-05
   1.6881855e+03   1.7855780e-05
   1.6920331e+03   1.7505429e-05
   1.6958808e+03   1.7161952e-05
   1.6997284e+03   1.6825215e-05
   1.7035761e+03   1.6495084e-05
   1.7074237e+03   1.6171432e-05
   1.7112714e+03   1.5854129e-05
   1.7151190e+03   1.5543053e-05
   1.7189667e+03   1.5238080e-05
   1.7228143e+03   1.4939092e-05
   1.7266620e+03   1.4645969e-05
   1.7305096e+03   1.4358598e-05
   1.7343573e+03   1.4076866e-05
   1.7382049e+03   1.3800662e-05
   1.7420526e+03   1.3529877e-05
   1.7459002e+03   1.3264405e-05
   1.7497478e+03   1.3004142e-05
   1.7535955e+03   1.2748985e-05
   1.7574431e+03   1.2498836e-05
   1.7612908e+03   1.2253594e-05
   1.7651384e+03   1.2013164e-05
   1.7689861e+03   1.1777452e-05
   1.7728337e+03   1.1546365e-05
   1.7766814e+03   1.1319812e-05
   1.7805290e+03   1.1097704e-05
   1.7843767e+03   1.0879954e-05
   1.7882243e+03   1.0666477e-05
   1.7920720e+03   1.0457188e-05
   1.7959196e+03   1.0252006e-05
   1.7997673e+03   1.0050850e-05
   1.8036149e+03   9.8536404e-06
   1.8074626e+03   9.6603006e-06
   1.8113102e+03   9.4707543e-06
   1.8151579e+03   9.2849271e-06
   1.8190055e+03   9.1027461e-06
   1.8228532e+03   8.9241396e-06
   1.8267008e+03   8.7490377e-06
   1.8305484e+03   8.5773714e-06
   1.8343961e+03   8.4090735e-06
   1.8382437e+03   8.2440777e-06
   1.8420914e+03   8.0823193e-06
   1.8459390e+03   7.9237349e-06
   1.8497867e+03   7.7682620e-06
   1.8536343e+03   7.6158397e-06
   1.8574820e+03   7.4664081e-06
   1.8613296e+03   7.3199085e-06
   1.8651773e+03   7.1762834e-06
   1.8690249e+03   7.0354764e-06
   1.8728726e+03   6.8974322e-06
   1.8767202e+03   6.7620966e-06
   1.8805679e+03   6.6294164e-06
   1.8844155e+03   6.4993396e-06
   1.8882632e+03   6.3718150e-06
   1.8921108e+03   6.2467926e-06
   1.8959585e+03   6.1242233e-06
   1.8998061e+03   6.0040590e-06
   1.9036538e+03   5.8862524e-06
   1.9075014e+03   5.7707573e-06
   1.9113490e+03   5.6575283e-06
   1.9151967e+03   5.5465211e-06
   1.9190443e+03   5.4376919e-06
   1.9228920e+03   5.3309981e-06
   1.9267396e+03   5.2263977e-06
   1.9305873e+03   5.1238497e-06
   1.9344349e+03   5.0233139e-06
   1.9382826e+03   4.9247506e-06
   1.9421302e+03   4.8281213e-06
   1.9459779e+03   4.7333880e-06
   1.9498255e+03   4.6405134e-06
   1.9536732e+03   4.5494612e-06
   1.9575208e+03   4.4601955e-06
   1.9613685e+03   4.3726813e-06
   1.9652161e+03   4.2868842e-06
   1.9690638e+03   4.2027706e-06
   1.9729114e+03   4.1203073e-06
   1.9767591e+03   4.0394621e-06
   1.9806067e+03   3.9602032e-06
   1.9844544e+03   3.8824994e-06
   1.9883020e+03   3.8063203e-06
   1.9921496e+03   3.7316359e-06
   1.9959973e+03   3.6584168e-06
   1.9998449e+03   3.5866345e-06
   2.0036926e+03   3.5162605e-06
   2.0075402e+03   3.4472674e-06
   2.0113879e+03   3.3796281e-06
   2.0152355e+03   3.3133158e-06
   2.0190832e+03   3.2483047e-06
   2.0229308e+03   3.1845692e-06
   2.0267785e+03   3.1220843e-06
   2.0306261e+03   3.0608254e-06
   2.0344738e+03   3.0007684e-06
   2.0383214e+03   2.9418899e-06
   2.0421691e+03   2.8841666e-06
   2.0460167e+03   2.8275759e-06
   2.0498644e+03   2.7720956e-06
   2.0537120e+03   2.7177039e-06
   2.0575597e+03   2.6643794e-06
   2.0614073e+03   2.6121012e-06
   2.0652550e+03   2.5608487e-06
   2.0691026e+03   2.5106019e-06
   2.0729503e+03   2.4613410e-06
   2.0767979e+03   2.4130466e-06
   2.0806455e+03   2.3656998e-06
   2.0844932e+03   2.3192821e-06
   2.0883408e+03   2.2737751e-06
   2.0921885e+03   2.2291610e-06
   2.0960361e+03   2.1854222e-06
   2.0998838e+03   2.1425417e-06
   2.1037314e+03   2.1005026e-06
   2.1075791e+03   2.0592883e-06
   2.1114267e+03   2.0188827e-06
   2.1152744e+03   1.9792698e-06
   2.1191220e+03   1.9404343e-06
   2.1229697e+03   1.9023607e-06
   2.1268173e+03   1.8650342e-06
   2.1306650e+03   1.8284400e-06
   2.1345126e+03   1.7925639e-06
   2.1383603e+03   1.7573917e-06
   2.1422079e+03   1.7229097e-06
   2.1460556e+03   1.6891042e-06
   2.1499032e+03   1.6559620e-06
   2.1537509e+03   1.6234701e-06
   2.1575985e+03   1.5916158e-06
   2.1614461e+03   1.5603864e-06
   2.1652938e+03   1.5297698e-06
   2.1691414e+03   1.4997540e-06
   2.1729891e+03   1.4703271e-06
   2.1768367e+03   1.4414775e-06
   2.1806844e+03   1.4131941e-06
   2.1845320e+03   1.3854656e-06
   2.1883797e+03   1.3582811e-06
   2.1922273e+03   1.3316301e-06
   2.1960750e+03   1.3055020e-06
   2.1999226e+03   1.2798865e-06
   2.2037703e+03   1.2547736e-06
   2.2076179e+03   1.2301535e-06
   2.2114656e+03   1.2060165e-06
   2.2153132e+03   1.1823530e-06
   2.2191609e+03   1.1591539e-06
   2.2230085e+03   1.1364100e-06
   2.2268562e+03   1.1141123e-06
   2.2307038e+03   1.0922521e-06
   2.2345515e+03   1.0708209e-06
   2.2383991e+03   1.0498101e-06
   2.2422467e+03   1.0292116e-06
   2.2460944e+03   1.0090173e-06
   2.2499420e+03   9.8921921e-07
   2.2537897e+03   9.6980958e-07
   2.2576373e+03   9.5078079e-07
   2.2614850e+03   9.3212537e-07
   2.2653326e+03   9.1383599e-07
   2.2691803e+03   8.9590547e-07
   2.2730279e+03   8.7832677e-07
   2.2768756e+03   8.6109298e-07
   2.2807232e+03   8.4419734e-07
   2.2845709e+03   8.2763321e-07
   2.2884185e+03   8.1139408e-07
   2.2922662e+03   7.9547359e-07
   2.2961138e+03   7.7986548e-07
   2.2999615e+03   7.6456361e-07
   2.3038091e+03   7.4956199e-07
   2.3076568e+03   7.3485471e-07
   2.3115044e+03   7.2043601e-07
   2.3153521e+03   7.0630022e-07
   2.3191997e+03   6.9244179e-07
   2.3230473e+03   6.7885528e-07
   2.3268950e+03   6.6553536e-07
   2.3307426e+03   6.5247678e-07
   2.3345903e+03   6.3967443e-07
   2.3384379e+03   6.2712328e-07
   2.3422856e+03   6.1481839e-07
   2.3461332e+03   6.0275494e-07
   2.3499809e+03   5.9092819e-07
   2.3538285e+03   5.7933350e-07
   2.3576762e+03   5.6796630e-07
   2.3615238e+03   5.5682214e-07
   2.3653715e+03   5.4589665e-07
   2.3692191e+03   5.3518552e-07
   2.3730668e+03   5.2468456e-07
   2.3769144e+03   5.1438964e-07
   2.3807621e+03   5.0429672e-07
   2.3846097e+03   4.9440184e-07
   2.3884574e+03   4.8470110e-07
   2.3923050e+03   4.7519070e-07
   2.3961527e+03   4.6586691e-07
   2.4000003e+03   4.5672606e-07
   2.4038479e+03   4.4776457e-07
   2.4076956e+03   4.3897891e-07
   2.4115432e+03   4.3036563e-07
   2.4153909e+03   4.2192136e-07
   2.4192385e+03   4.1364277e-07
   2.4230862e+03   4.0552662e-07
   2.4269338e+03   3.9756972e-07
   2.4307815e+03   3.8976894e-07
   2.4346291e+03   3.8212122e-07
   2.4384768e+03   3.7462356e-07
   2.4423244e+03   3.6727301e-07
   2.4461721e+03   3.6006669e-07
   2.4500197e+03   3.5300177e-07
   2.4538674e+03   3.4607546e-07
   2.4577150e+03   3.3928506e-07
   2.4615627e+03   3.3262789e-07
   2.4654103e+03   3.2610135e-07
   2.4692580e+03   3.1970286e-07
   2.4731056e+03   3.1342992e-07
   2.4769533e+03   3.0728006e-07
   2.4808009e+03   3.0125087e-07
   2.4846485e+03   2.9533998e-07
   2.4884962e+03   2.8954507e-07
   2.4923438e+03   2.8386386e-07
   2.4961915e+03   2.7829412e-07
   2.5000391e+03   2.7283367e-07
   2.5038868e+03   2.6748036e-07
   2.5077344e+03   2.6223208e-07
   2.5115821e+03   2.5708678e-07
   2.5154297e+03   2.5204244e-07
   2.5192774e+03   2.4709708e-07
   2.5231250e+03   2.4224875e-07
   2.5269727e+03   2.3749555e-07
   2.5308203e+03   2.3283561e-07
   2.5346680e+03   2.2826710e-07
   2.5385156e+03   2.2378824e-07
   2.5423633e+03   2.1939725e-07
   2.5462109e+03   2.1509243e-07
   2.5500586e+03   2.1087206e-07
   2.5539062e+03   2.0673451e-07
   2.5577539e+03   2.0267814e-07
   2.5616015e+03   1.9870136e-07
   2.5654491e+03   1.9480261e-07
   2.5692968e+03   1.9098035e-07
   2.5731444e+03   1.8723310e-07
   2.5769921e+03   1.8355937e-07
   2.5808397e+03   1.7995772e-07
   2.5846874e+03   1.7642674e-07
   2.5885350e+03   1.7296504e-07
   2.5923827e+03   1.6957127e-07
   2.5962303e+03   1.6624409e-07
   2.6000780e+03   1.6298218e-07
   2.6039256e+03   1.5978428e-07
   2.6077733e+03   1.5664913e-07
   2.6116209e+03   1.5357549e-07
   2.6154686e+03   1.5056216e-07
   2.6193162e+03   1.4760796e-07
   2.6231639e+03   1.4471172e-07
   2.6270115e+03   1.4187231e-07
   2.6308592e+03   1.3908861e-07
   2.6347068e+03   1.3635953e-07
   2.6385545e+03   1.3368400e-07
   2.6424021e+03   1.3106096e-07
   2.6462497e+03   1.2848940e-07
   2.6500974e+03   1.2596828e-07
   2.6539450e+03   1.2349664e-07
   2.6577927e+03   1.2107349e-07
   2.6616403e+03   1.1869789e-07
   2.6654880e+03   1.1636890e-07
   2.6693356e+03   1.1408561e-07
   2.6731833e+03   1.1184712e-07
   2.6770309e+03   1.0965255e-07
   2.6808786e+03   1.0750104e-07
   2.6847262e+03   1.0539174e-07
   2.6885739e+03   1.0332383e-07
   2.6924215e+03   1.0129650e-07
   2.6962692e+03   9.9308946e-08
   2.7001168e+03   9.7360389e-08
   2.7039645e+03   9.5450065e-08
   2.7078121e+03   9.3577225e-08
   2.7116598e+03   9.1741131e-08
   2.7155074e+03   8.9941064e-08
   2.7193551e+03   8.8176316e-08
   2.7232027e+03   8.6446194e-08
   2.7270504e+03   8.4750020e-08
   2.7308980e+03   8.3087126e-08
   2.7347456e+03   8.1456860e-08
   2.7385933e+03   7.9858582e-08
   2.7424409e+03   7.8291664e-08
   2.7462886e+03   7.6755491e-08
   2.7501362e+03   7.5249460e-08
   2.7539839e+03   7.3772978e-08
   2.7578315e+03   7.2325467e-08
   2.7616792e+03   7.0906357e-08
   2.7655268e+03   6.9515092e-08
   2.7693745e+03   6.8151126e-08
   2.7732221e+03   6.6813922e-08
   2.7770698e+03   6.5502955e-08
   2.7809174e+03   6.4217711e-08
   2.7847651e+03   6.2957685e-08
   2.7886127e+03   6.1722382e-08
   2.7924604e+03   6.0511318e-08
   2.7963080e+03   5.9324016e-08
   2.8001557e+03   5.8160010e-08
   2.8040033e+03   5.7018843e-08
   2.8078510e+03   5.5900067e-08
   2.8116986e+03   5.4803243e-08
   2.8155462e+03   5.3727940e-08
   2.8193939e+03   5.2673735e-08
   2.8232415e+03   5.1640216e-08
   2.8270892e+03   5.0626975e-08
   2.8309368e+03   4.9633615e-08
   2.8347845e+03   4.8659746e-08
   2.8386321e+03   4.7704985e-08
   2.8424798e+03   4.6768958e-08
   2.8463274e+03   4.5851297e-08
   2.8501751e+03   4.4951641e-08
   2.8540227e+03   4.4069638e-08
   2.8578704e+03   4.3204941e-08
   2.8617180e+03   4.2357210e-08
   2.8655657e+03   4.1526112e-08
   2.8694133e+03   4.0711322e-08
   2.8732610e+03   3.9912518e-08
   2.8771086e+03   3.9129389e-08
   2.8809563e+03   3.8361625e-08
   2.8848039e+03   3.7608925e-08
   2.8886516e+03   3.6870994e-08
   2.8924992e+03   3.6147543e-08
   2.8963468e+03   3.5438286e-08
   2.9001945e+03   3.4742946e-08
   2.9040421e+03   3.4061249e-08
   2.9078898e+03   3.3392928e-08
   2.9117374e+03   3.2737720e-08
   2.9155851e+03   3.2095368e-08
   2.9194327e+03   3.1465620e-08
   2.9232804e+03   3.0848228e-08
   2.9271280e+03   3.0242950e-08
   2.9309757e+03   2.9649548e-08
   2.9348233e+03   2.9067789e-08
   2.9386710e+03   2.8497446e-08
   2.9425186e+03   2.7938293e-08
   2.9463663e+03   2.7390111e-08
   2.9502139e+03   2.6852685e-08
   2.9540616e+03   2.6325805e-08
   2.9579092e+03   2.5809262e-08
   2.9617569e+03   2.5302854e-08
   2.9656045e+03   2.4806383e-08
   2.9694522e+03   2.4319653e-08
   2.9732998e+03   2.3842473e-08
   2.9771474e+03   2.3374656e-08
   2.9809951e+03   2.2916018e-08
   2.9848427e+03   2.2466379e-08
   2.9886904e+03   2.2025563e-08
   2.9925380e+03   2.1593396e-08
   2.9963857e+03   2.1169709e-08
   3.0002333e+03   2.0754334e-08
   3.0040810e+03   2.0347110e-08
   3.0079286e+03   1.9947876e-08
   3.0117763e+03   1.9556476e-08
   3.0156239e+03   1.9172755e-08
   3.0194716e+03   1.8796563e-08
   3.0233192e+03   1.8427753e-08
   3.0271669e+03   1.8066179e-08
   3.0310145e+03   1.7711700e-08
   3.0348622e+03   1.7364176e-08
   3.0387098e+03   1.7023471e-08
   3.0425575e+03   1.6689450e-08
   3.0464051e+03   1.6361984e-08
   3.0502528e+03   1.6040943e-08
   3.0541004e+03   1.5726201e-08
   3.0579480e+03   1.5417635e-08
   3.0617957e+03   1.5115123e-08
   3.0656433e+03   1.4818547e-08
   3.0694910e+03   1.4527790e-08
   3.0733386e+03   1.4242737e-08
   3.0771863e+03   1.3963278e-08
   3.0810339e+03   1.3689303e-08
   3.0848816e+03   1.3420703e-08
   3.0887292e+03   1.3157373e-08
   3.0925769e+03   1.2899210e-08
   3.0964245e+03   1.2646113e-08
   3.1002722e+03   1.2397981e-08
   3.1041198e+03   1.2154719e-08
   3.1079675e+03   1.1916229e-08
   3.1118151e+03   1.1682419e-08
   3.1156628e+03   1.1453196e-08
   3.1195104e+03   1.1228471e-08
   3.1233581e+03   1.1008155e-08
   3.1272057e+03   1.0792163e-08
   3.1310534e+03   1.0580408e-08
   3.1349010e+03   1.0372808e-08
   3.1387486e+03   1.0169282e-08
   3.1425963e+03   9.9697485e-09
   3.1464439e+03   9.7741305e-09
   3.1502916e+03   9.5823507e-09
   3.1541392e+03   9.3943339e-09
   3.1579869e+03   9.2100062e-09
   3.1618345e+03   9.0292952e-09
   3.1656822e+03   8.8521299e-09
   3.1695298e+03   8.6784409e-09
   3.1733775e+03   8.5081598e-09
   3.1772251e+03   8.3412199e-09
   3.1810728e+03   8.1775555e-09
   3.1849204e+03   8.0171023e-09
   3.1887681e+03   7.8597975e-09
   3.1926157e+03   7.7055792e-09
   3.1964634e+03   7.5543868e-09
   3.2003110e+03   7.4061609e-09
   3.2041587e+03   7.2608435e-09
   3.2080063e+03   7.1183773e-09
   3.2118540e+03   6.9787065e-09
   3.2157016e+03   6.8417762e-09
   3.2195492e+03   6.7075326e-09
   3.2233969e+03   6.5759231e-09
   3.2272445e+03   6.4468958e-09
   3.2310922e+03   6.3204003e-09
   3.2349398e+03   6.1963867e-09
   3.2387875e+03   6.0748064e-09
   3.2426351e+03   5.9556117e-09
   3.2464828e+03   5.8387557e-09
   3.2503304e+03   5.7241925e-09
   3.2541781e+03   5.6118772e-09
   3.2580257e+03   5.5017657e-09
   3.2618734e+03   5.3938147e-09
   3.2657210e+03   5.2879818e-09
   3.2695687e+03   5.1842254e-09
   3.2734163e+03   5.0825049e-09
   3.2772640e+03   4.9827803e-09
   3.2811116e+03   4.8850124e-09
   3.2849593e+03   4.7891628e-09
   3.2888069e+03   4.6951938e-09
   3.2926546e+03   4.6030687e-09
   3.2965022e+03   4.5127511e-09
   3.3003498e+03   4.4242057e-09
   3.3041975e+03   4.3373977e-09
   3.3080451e+03   4.2522929e-09
   3.3118928e+03   4.1688580e-09
   3.3157404e+03   4.0870602e-09
   3.3195881e+03   4.0068673e-09
   3.3234357e+03   3.9282479e-09
   3.3272834e+03   3.8511712e-09
   3.3311310e+03   3.7756067e-09
   3.3349787e+03   3.7015249e-09
   3.3388263e+03   3.6288967e-09
   3.3426740e+03   3.5576936e-09
   3.3465216e+03   3.4878875e-09
   3.3503693e+03   3.4194511e-09
   3.3542169e+03   3.3523575e-09
   3.3580646e+03   3.2865804e-09
   3.3619122e+03   3.2220939e-09
   3.3657599e+03   3.1588726e-09
   3.3696075e+03   3.0968919e-09
   3.3734552e+03   3.0361273e-09
   3.3773028e+03   2.9765550e-09
   3.3811505e+03   2.9181515e-09
   3.3849981e+03   2.8608940e-09
   3.3888457e+03   2.8047599e-09
   3.3926934e+03   2.7497273e-09
   3.3965410e+03   2.6957745e-09
   3.4003887e+03   2.6428802e-09
   3.4042363e+03   2.5910239e-09
   3.4080840e+03   2.5401850e-09
   3.4119316e+03   2.4903436e-09
   3.4157793e+03   2.4414802e-09
   3.4196269e+03   2.3935755e-09
   3.4234746e+03   2.3466108e-09
   3.4273222e+03   2.3005676e-09
   3.4311699e+03   2.2554278e-09
   3.4350175e+03   2.2111736e-09
   3.4388652e+03   2.1677879e-09
   3.4427128e+03   2.1252533e-09
   3.4465605e+03   2.0835534e-09
   3.4504081e+03   2.0426717e-09
   3.4542558e+03   2.0025921e-09
   3.4581034e+03   1.9632989e-09
   3.4619511e+03   1.9247767e-09
   3.4657987e+03   1.8870104e-09
   3.4696463e+03   1.8499850e-09
   3.4734940e+03   1.8136862e-09
   3.4773416e+03   1.7780996e-09
   3.4811893e+03   1.7432112e-09
   3.4850369e+03   1.7090074e-09
   3.4888846e+03   1.6754747e-09
   3.4927322e+03   1.6425999e-09
   3.4965799e+03   1.6103702e-09
   3.5004275e+03   1.5787729e-09
   3.5042752e+03   1.5477955e-09
   3.5081228e+03   1.5174260e-09
   3.5119705e+03   1.4876523e-09
   3.5158181e+03   1.4584628e-09
   3.5196658e+03   1.4298461e-09
   3.5235134e+03   1.4017909e-09
   3.5273611e+03   1.3742861e-09
   3.5312087e+03   1.3473210e-09
   3.5350564e+03   1.3208850e-09
   3.5389040e+03   1.2949677e-09
   3.5427517e+03   1.2695590e-09
   3.5465993e+03   1.2446488e-09
   3.5504469e+03   1.2202273e-09
   3.5542946e+03   1.1962850e-09
   3.5581422e+03   1.1728125e-09
   3.5619899e+03   1.1498006e-09
   3.5658375e+03   1.1272402e-09
   3.5696852e+03   1.1051224e-09
   3.5735328e+03   1.0834386e-09
   3.5773805e+03   1.0621803e-09
   3.5812281e+03   1.0413391e-09
   3.5850758e+03   1.0209068e-09
   3.5889234e+03   1.0008754e-09
   3.5927711e+03   9.8123710e-10
   3.5966187e+03   9.6198410e-10
   3.6004664e+03   9.4310885e-10
   3.6043140e+03   9.2460396e-10
   3.6081617e+03   9.0646216e-10
   3.6120093e+03   8.8867632e-10
   3.6158570e+03   8.7123947e-10
   3.6197046e+03   8.5414474e-10
   3.6235523e+03   8.3738543e-10
   3.6273999e+03   8.2095496e-10
   3.6312475e+03   8.0484687e-10
   3.6350952e+03   7.8905484e-10
   3.6389428e+03   7.7357267e-10
   3.6427905e+03   7.5839428e-10
   3.6466381e+03   7.4351370e-10
   3.6504858e+03   7.2892510e-10
   3.6543334e+03   7.1462275e-10
   3.6581811e+03   7.0060102e-10
   3.6620287e+03   6.8685442e-10
   3.6658764e+03   6.7337754e-10
   3.6697240e+03   6.6016509e-10
   3.6735717e+03   6.4721188e-10
   3.6774193e+03   6.3451284e-10
   3.6812670e+03   6.2206296e-10
   3.6851146e+03   6.0985736e-10
   3.6889623e+03   5.9789126e-10
   3.6928099e+03   5.8615994e-10
   3.6966576e+03   5.7465880e-10
   3.7005052e+03   5.6338333e-10
   3.7043529e+03   5.5232909e-10
   3.7082005e+03   5.4149176e-10
   3.7120481e+03   5.3086706e-10
   3.7158958e+03   5.2045083e-10
   3.7197434e+03   5.1023899e-10
   3.7235911e+03   5.0022751e-10
   3.7274387e+03   4.9041246e-10
   3.7312864e+03   4.8079000e-10
   3.7351340e+03   4.7135634e-10
   3.7389817e+03   4.6210779e-10
   3.7428293e+03   4.5304070e-10
   3.7466770e+03   4.4415151e-10
   3.7505246e+03   4.3543675e-10
   3.7543723e+03   4.2689297e-10
   3.7582199e+03   4.1851684e-10
   3.7620676e+03   4.1030505e-10
   3.7659152e+03   4.0225439e-10
   3.7697629e+03   3.9436169e-10
   3.7736105e+03   3.8662386e-10
   3.7774582e+03   3.7903785e-10
   3.7813058e+03   3.7160069e-10
   3.7851535e+03   3.6430945e-10
   3.7890011e+03   3.5716128e-10
   3.7928487e+03   3.5015336e-10
   3.7966964e+03   3.4328295e-10
   3.8005440e+03   3.3654734e-10
   3.8043917e+03   3.2994389e-10
   3.8082393e+03   3.2347001e-10
   3.8120870e+03   3.1712315e-10
   3.8159346e+03   3.1090083e-10
   3.8197823e+03   3.0480059e-10
   3.8236299e+03   2.9882005e-10
   3.8274776e+03   2.9295686e-10
   3.8313252e+03   2.8720870e-10
   3.8351729e+03   2.8157334e-10
   3.8390205e+03   2.7604854e-10
   3.8428682e+03   2.7063215e-10
   3.8467158e+03   2.6532203e-10
   3.8505635e+03   2.6011611e-10
   3.8544111e+03   2.5501233e-10
   3.8582588e+03   2.5000869e-10
   3.8621064e+03   2.4510323e-10
   3.8659541e+03   2.4029402e-10
   3.8698017e+03   2.3557917e-10
   3.8736493e+03   2.3095684e-10
   3.8774970e+03   2.2642520e-10
   3.8813446e+03   2.2198247e-10
   3.8851923e+03   2.1762692e-10
   3.8890399e+03   2.1335682e-10
   3.8928876e+03   2.0917052e-10
   3.8967352e+03   2.0506635e-10
   3.9005829e+03   2.0104271e-10
   3.9044305e+03   1.9709802e-10
   3.9082782e+03   1.9323073e-10
   3.9121258e+03   1.8943932e-10
   3.9159735e+03   1.8572230e-10
   3.9198211e+03   1.8207821e-10
   3.9236688e+03   1.7850562e-10
   3.9275164e+03   1.7500314e-10
   3.9313641e+03   1.7156937e-10
   3.9352117e+03   1.6820298e-10
   3.9390594e+03   1.6490265e-10
   3.9429070e+03   1.6166706e-10
   3.9467547e+03   1.5849497e-10
   3.9506023e+03   1.5538511e-10
   3.9544499e+03   1.5233628e-10
   3.9582976e+03   1.4934726e-10
   3.9621452e+03   1.4641690e-10
   3.9659929e+03   1.4354403e-10
   3.9698405e+03   1.4072753e-10
   3.9736882e+03   1.3796629e-10
   3.9775358e+03   1.3525923e-10
   3.9813835e+03   1.3260529e-10
   3.9852311e+03   1.3000342e-10
   3.9890788e+03   1.2745260e-10
   3.9929264e+03   1.2495183e-10
   3.9967741e+03   1.2250014e-10
   4.0006217e+03   1.2009654e-10
   4.0044694e+03   1.1774011e-10
   4.0083170e+03   1.1542991e-10
   4.0121647e+03   1.1316504e-10
   4.0160123e+03   1.1094461e-10
   4.0198600e+03   1.0876775e-10
   4.0237076e+03   1.0663360e-10
   4.0275553e+03   1.0454133e-10
   4.0314029e+03   1.0249010e-10
   4.0352506e+03   1.0047913e-10
   4.0390982e+03   9.8507612e-11
   4.0429458e+03   9.6574779e-11
   4.0467935e+03   9.4679870e-11
   4.0506411e+03   9.2822141e-11
   4.0544888e+03   9.1000863e-11
   4.0583364e+03   8.9215321e-11
   4.0621841e+03   8.7464813e-11
   4.0660317e+03   8.5748652e-11
   4.0698794e+03   8.4066164e-11
   4.0737270e+03   8.2416688e-11
   4.0775747e+03   8.0799577e-11
   4.0814223e+03   7.9214196e-11
   4.0852700e+03   7.7659922e-11
   4.0891176e+03   7.6136144e-11
   4.0929653e+03   7.4642265e-11
   4.0968129e+03   7.3177697e-11
   4.1006606e+03   7.1741866e-11
   4.1045082e+03   7.0334207e-11
   4.1083559e+03   6.8954168e-11
   4.1122035e+03   6.7601208e-11
   4.1160512e+03   6.6274794e-11
   4.1198988e+03   6.4974405e-11
   4.1237464e+03   6.3699532e-11
   4.1275941e+03   6.2449674e-11
   4.1314417e+03   6.1224339e-11
   4.1352894e+03   6.0023046e-11
   4.1391370e+03   5.8845325e-11
   4.1429847e+03   5.7690711e-11
   4.1468323e+03   5.6558752e-11
   4.1506800e+03   5.5449004e-11
   4.1545276e+03   5.4361030e-11
   4.1583753e+03   5.3294404e-11
   4.1622229e+03   5.2248706e-11
   4.1660706e+03   5.1223526e-11
   4.1699182e+03   5.0218461e-11
   4.1737659e+03   4.9233117e-11
   4.1776135e+03   4.8267106e-11
   4.1814612e+03   4.7320049e-11
   4.1853088e+03   4.6391575e-11
   4.1891565e+03   4.5481319e-11
   4.1930041e+03   4.4588922e-11
   4.1968518e+03   4.3714036e-11
   4.2006994e+03   4.2856316e-11
   4.2045470e+03   4.2015425e-11
   4.2083947e+03   4.1191034e-11
   4.2122423e+03   4.0382818e-11
   4.2160900e+03   3.9590461e-11
   4.2199376e+03   3.8813650e-11
   4.2237853e+03   3.8052081e-11
   4.2276329e+03   3.7305455e-11
   4.2314806e+03   3.6573479e-11
   4.2353282e+03   3.5855865e-11
   4.2391759e+03   3.5152331e-11
   4.2430235e+03   3.4462602e-11
   4.2468712e+03   3.3786406e-11
   4.2507188e+03   3.3123477e-11
   4.2545665e+03   3.2473556e-11
   4.2584141e+03   3.1836387e-11
   4.2622618e+03   3.1211720e-11
   4.2661094e+03   3.0599310e-11
   4.2699571e+03   2.9998916e-11
   4.2738047e+03   2.9410303e-11
   4.2776524e+03   2.8833239e-11
   4.2815000e+03   2.8267497e-11
