   4.5710000e+02   1.4200501e-04
   4.5856136e+02   1.5295621e-04
   4.6002272e+02   1.6460351e-04
   4.6148408e+02   1.7697838e-04
   4.6294545e+02   1.9011272e-04
   4.6440681e+02   2.0403873e-04
   4.6586817e+02   2.1878888e-04
   4.6732953e+02   2.3439577e-04
   4.6879089e+02   2.5089204e-04
   4.7025225e+02   2.6831029e-04
   4.7171361e+02   2.8668295e-04
   4.7317497e+02   3.0604215e-04
   4.7463634e+02   3.2641962e-04
   4.7609770e+02   3.4784654e-04
   4.7755906e+02   3.7035341e-04
   4.7902042e+02   3.9396992e-04
   4.8048178e+02   4.1872482e-04
   4.8194314e+02   4.4464572e-04
   4.8340450e+02   4.7175899e-04
   4.8486587e+02   5.0008959e-04
   4.8632723e+02   5.2966093e-04
   4.8778859e+02   5.6049467e-04
   4.8924995e+02   5.9261061e-04
   4.9071131e+02   6.2602652e-04
   4.9217267e+02   6.6075799e-04
   4.9363403e+02   6.9681825e-04
   4.9509540e+02   7.3421805e-04
   4.9655676e+02   7.7296553e-04
   4.9801812e+02   8.1306602e-04
   4.9947948e+02   8.5452197e-04
   5.0094084e+02   8.9733278e-04
   5.0240220e+02   9.4149469e-04
   5.0386356e+02   9.8700069e-04
   5.0532492e+02   1.0338404e-03
   5.0678629e+02   1.0819999e-03
   5.0824765e+02   1.1314619e-03
   5.0970901e+02   1.1822054e-03
   5.1117037e+02   1.2342056e-03
   5.1263173e+02   1.2874343e-03
   5.1409309e+02   1.3418593e-03
   5.1555445e+02   1.3974447e-03
   5.1701582e+02   1.4541510e-03
   5.1847718e+02   1.5119348e-03
   5.1993854e+02   1.5707491e-03
   5.2139990e+02   1.6305433e-03
   5.2286126e+02   1.6912631e-03
   5.2432262e+02   1.7528508e-03
   5.2578398e+02   1.8152453e-03
   5.2724535e+02   1.8783821e-03
   5.2870671e+02   1.9421937e-03
   5.3016807e+02   2.0066096e-03
   5.3162943e+02   2.0715564e-03
   5.3309079e+02   2.1369581e-03
   5.3455215e+02   2.2027362e-03
   5.3601351e+02   2.2688098e-03
   5.3747487e+02   2.3350962e-03
   5.3893624e+02   2.4015109e-03
   5.4039760e+02   2.4679675e-03
   5.4185896e+02   2.5343786e-03
   5.4332032e+02   2.6006557e-03
   5.4478168e+02   2.6667093e-03
   5.4624304e+02   2.7324495e-03
   5.4770440e+02   2.7977862e-03
   5.4916577e+02   2.8626292e-03
   5.5062713e+02   2.9268887e-03
   5.5208849e+02   2.9904755e-03
   5.5354985e+02   3.0533010e-03
   5.5501121e+02   3.1152782e-03
   5.5647257e+02   3.1763210e-03
   5.5793393e+02   3.2363455e-03
   5.5939530e+02   3.2952693e-03
   5.6085666e+02   3.3530124e-03
   5.6231802e+02   3.4094972e-03
   5.6377938e+02   3.4646488e-03
   5.6524074e+02   3.5183952e-03
   5.6670210e+02   3.5706675e-03
   5.6816346e+02   3.6214000e-03
   5.6962482e+02   3.6705306e-03
   5.7108619e+02   3.7180008e-03
   5.7254755e+02   3.7637560e-03
   5.7400891e+02   3.8077454e-03
   5.7547027e+02   3.8499222e-03
   5.7693163e+02   3.8902440e-03
   5.7839299e+02   3.9286724e-03
   5.7985435e+02   3.9651735e-03
   5.8131572e+02   3.9997175e-03
   5.8277708e+02   4.0322792e-03
   5.8423844e+02   4.0628376e-03
   5.8569980e+02   4.0913762e-03
   5.8716116e+02   4.1178829e-03
   5.8862252e+02   4.1423497e-03
   5.9008388e+02   4.1647731e-03
   5.9154525e+02   4.1851536e-03
   5.9300661e+02   4.2034960e-03
   5.9446797e+02   4.2198088e-03
   5.9592933e+02   4.2341047e-03
   5.9739069e+02   4.2463999e-03
   5.9885205e+02   4.2567143e-03
   6.0031341e+02   4.2650714e-03
   6.0177477e+02   4.2714979e-03
   6.0323614e+02   4.2760235e-03
   6.0469750e+02   4.2786811e-03
   6.0615886e+02   4.2795063e-03
   6.0762022e+02   4.2785372e-03
   6.0908158e+02   4.2758145e-03
   6.1054294e+02   4.2713811e-03
   6.1200430e+02   4.2652817e-03
   6.1346567e+02   4.2575631e-03
   6.1492703e+02   4.2482735e-03
   6.1638839e+02   4.2374628e-03
   6.1784975e+02   4.2251818e-03
   6.1931111e+02   4.2114828e-03
   6.2077247e+02   4.1964186e-03
   6.2223383e+02   4.1800427e-03
   6.2369520e+02   4.1624094e-03
   6.2515656e+02   4.1435730e-03
   6.2661792e+02   4.1235883e-03
   6.2807928e+02   4.1025097e-03
   6.2954064e+02   4.0803918e-03
   6.3100200e+02   4.0572888e-03
   6.3246336e+02   4.0332545e-03
   6.3392472e+02   4.0083420e-03
   6.3538609e+02   3.9826038e-03
   6.3684745e+02   3.9560918e-03
   6.3830881e+02   3.9288568e-03
   6.3977017e+02   3.9009487e-03
   6.4123153e+02   3.8724162e-03
   6.4269289e+02   3.8433069e-03
   6.4415425e+02   3.8136674e-03
   6.4561562e+02   3.7835428e-03
   6.4707698e+02   3.7529768e-03
   6.4853834e+02   3.7220120e-03
   6.4999970e+02   3.6906892e-03
   6.5146106e+02   3.6590482e-03
   6.5292242e+02   3.6271269e-03
   6.5438378e+02   3.5949621e-03
   6.5584515e+02   3.5625887e-03
   6.5730651e+02   3.5300405e-03
   6.5876787e+02   3.4973496e-03
   6.6022923e+02   3.4645467e-03
   6.6169059e+02   3.4316608e-03
   6.6315195e+02   3.3987196e-03
   6.6461331e+02   3.3657495e-03
   6.6607467e+02   3.3327753e-03
   6.6753604e+02   3.2998205e-03
   6.6899740e+02   3.2669071e-03
   6.7045876e+02   3.2340560e-03
   6.7192012e+02   3.2012866e-03
   6.7338148e+02   3.1686172e-03
   6.7484284e+02   3.1360649e-03
   6.7630420e+02   3.1036455e-03
   6.7776557e+02   3.0713737e-03
   6.7922693e+02   3.0392634e-03
   6.8068829e+02   3.0073270e-03
   6.8214965e+02   2.9755762e-03
   6.8361101e+02   2.9440218e-03
   6.8507237e+02   2.9126734e-03
   6.8653373e+02   2.8815401e-03
   6.8799510e+02   2.8506300e-03
   6.8945646e+02   2.8199502e-03
   6.9091782e+02   2.7895075e-03
   6.9237918e+02   2.7593078e-03
   6.9384054e+02   2.7293562e-03
   6.9530190e+02   2.6996573e-03
   6.9676326e+02   2.6702153e-03
   6.9822462e+02   2.6410336e-03
   6.9968599e+02   2.6121152e-03
   7.0114735e+02   2.5834626e-03
   7.0260871e+02   2.5550779e-03
   7.0407007e+02   2.5269627e-03
   7.0553143e+02   2.4991182e-03
   7.0699279e+02   2.4715455e-03
   7.0845415e+02   2.4442450e-03
   7.0991552e+02   2.4172171e-03
   7.1137688e+02   2.3904618e-03
   7.1283824e+02   2.3639788e-03
   7.1429960e+02   2.3377676e-03
   7.1576096e+02   2.3118275e-03
   7.1722232e+02   2.2861576e-03
   7.1868368e+02   2.2607568e-03
   7.2014505e+02   2.2356240e-03
   7.2160641e+02   2.2107576e-03
   7.2306777e+02   2.1861562e-03
   7.2452913e+02   2.1618182e-03
   7.2599049e+02   2.1377417e-03
   7.2745185e+02   2.1139250e-03
   7.2891321e+02   2.0903662e-03
   7.3037457e+02   2.0670632e-03
   7.3183594e+02   2.0440139e-03
   7.3329730e+02   2.0212164e-03
   7.3475866e+02   1.9986683e-03
   7.3622002e+02   1.9763675e-03
   7.3768138e+02   1.9543117e-03
   7.3914274e+02   1.9324987e-03
   7.4060410e+02   1.9109262e-03
   7.4206547e+02   1.8895919e-03
   7.4352683e+02   1.8684934e-03
   7.4498819e+02   1.8476284e-03
   7.4644955e+02   1.8269946e-03
   7.4791091e+02   1.8065895e-03
   7.4937227e+02   1.7864110e-03
   7.5083363e+02   1.7664565e-03
   7.5229499e+02   1.7467239e-03
   7.5375636e+02   1.7272107e-03
   7.5521772e+02   1.7079146e-03
   7.5667908e+02   1.6888334e-03
   7.5814044e+02   1.6699646e-03
   7.5960180e+02   1.6513061e-03
   7.6106316e+02   1.6328556e-03
   7.6252452e+02   1.6146108e-03
   7.6398589e+02   1.5965695e-03
   7.6544725e+02   1.5787294e-03
   7.6690861e+02   1.5610883e-03
   7.6836997e+02   1.5436442e-03
   7.6983133e+02   1.5263947e-03
   7.7129269e+02   1.5093378e-03
   7.7275405e+02   1.4924714e-03
   7.7421542e+02   1.4757932e-03
   7.7567678e+02   1.4593014e-03
   7.7713814e+02   1.4429937e-03
   7.7859950e+02   1.4268681e-03
   7.8006086e+02   1.4109227e-03
   7.8152222e+02   1.3951554e-03
   7.8298358e+02   1.3795643e-03
   7.8444494e+02   1.3641473e-03
   7.8590631e+02   1.3489026e-03
   7.8736767e+02   1.3338282e-03
   7.8882903e+02   1.3189222e-03
   7.9029039e+02   1.3041828e-03
   7.9175175e+02   1.2896081e-03
   7.9321311e+02   1.2751962e-03
   7.9467447e+02   1.2609454e-03
   7.9613584e+02   1.2468538e-03
   7.9759720e+02   1.2329197e-03
   7.9905856e+02   1.2191413e-03
   8.0051992e+02   1.2055168e-03
   8.0198128e+02   1.1920446e-03
   8.0344264e+02   1.1787230e-03
   8.0490400e+02   1.1655502e-03
   8.0636537e+02   1.1525247e-03
   8.0782673e+02   1.1396447e-03
   8.0928809e+02   1.1269086e-03
   8.1074945e+02   1.1143149e-03
   8.1221081e+02   1.1018619e-03
   8.1367217e+02   1.0895481e-03
   8.1513353e+02   1.0773719e-03
   8.1659489e+02   1.0653317e-03
   8.1805626e+02   1.0534261e-03
   8.1951762e+02   1.0416536e-03
   8.2097898e+02   1.0300126e-03
   8.2244034e+02   1.0185017e-03
   8.2390170e+02   1.0071195e-03
   8.2536306e+02   9.9586446e-04
   8.2682442e+02   9.8473519e-04
   8.2828579e+02   9.7373030e-04
   8.2974715e+02   9.6284840e-04
   8.3120851e+02   9.5208811e-04
   8.3266987e+02   9.4144807e-04
   8.3413123e+02   9.3092693e-04
   8.3559259e+02   9.2052338e-04
   8.3705395e+02   9.1023608e-04
   8.3851532e+02   9.0006376e-04
   8.3997668e+02   8.9000511e-04
   8.4143804e+02   8.8005888e-04
   8.4289940e+02   8.7022380e-04
   8.4436076e+02   8.6049863e-04
   8.4582212e+02   8.5088214e-04
   8.4728348e+02   8.4137312e-04
   8.4874484e+02   8.3197037e-04
   8.5020621e+02   8.2267271e-04
   8.5166757e+02   8.1347894e-04
   8.5312893e+02   8.0438792e-04
   8.5459029e+02   7.9539850e-04
   8.5605165e+02   7.8650954e-04
   8.5751301e+02   7.7771992e-04
   8.5897437e+02   7.6902852e-04
   8.6043574e+02   7.6043426e-04
   8.6189710e+02   7.5193604e-04
   8.6335846e+02   7.4353279e-04
   8.6481982e+02   7.3522346e-04
   8.6628118e+02   7.2700698e-04
   8.6774254e+02   7.1888233e-04
   8.6920390e+02   7.1084847e-04
   8.7066527e+02   7.0290440e-04
   8.7212663e+02   6.9504910e-04
   8.7358799e+02   6.8728159e-04
   8.7504935e+02   6.7960089e-04
   8.7651071e+02   6.7200602e-04
   8.7797207e+02   6.6449603e-04
   8.7943343e+02   6.5706997e-04
   8.8089479e+02   6.4972690e-04
   8.8235616e+02   6.4246589e-04
   8.8381752e+02   6.3528602e-04
   8.8527888e+02   6.2818639e-04
   8.8674024e+02   6.2116611e-04
   8.8820160e+02   6.1422428e-04
   8.8966296e+02   6.0736003e-04
   8.9112432e+02   6.0057249e-04
   8.9258569e+02   5.9386080e-04
   8.9404705e+02   5.8722412e-04
   8.9550841e+02   5.8066161e-04
   8.9696977e+02   5.7417243e-04
   8.9843113e+02   5.6775578e-04
   8.9989249e+02   5.6141084e-04
   9.0135385e+02   5.5513680e-04
   9.0281522e+02   5.4893288e-04
   9.0427658e+02   5.4279829e-04
   9.0573794e+02   5.3673226e-04
   9.0719930e+02   5.3073402e-04
   9.0866066e+02   5.2480281e-04
   9.1012202e+02   5.1893788e-04
   9.1158338e+02   5.1313850e-04
   9.1304474e+02   5.0740393e-04
   9.1450611e+02   5.0173345e-04
   9.1596747e+02   4.9612634e-04
   9.1742883e+02   4.9058189e-04
   9.1889019e+02   4.8509940e-04
   9.2035155e+02   4.7967818e-04
   9.2181291e+02   4.7431754e-04
   9.2327427e+02   4.6901682e-04
   9.2473564e+02   4.6377533e-04
   9.2619700e+02   4.5859242e-04
   9.2765836e+02   4.5346743e-04
   9.2911972e+02   4.4839971e-04
   9.3058108e+02   4.4338863e-04
   9.3204244e+02   4.3843354e-04
   9.3350380e+02   4.3353384e-04
   9.3496517e+02   4.2868889e-04
   9.3642653e+02   4.2389808e-04
   9.3788789e+02   4.1916082e-04
   9.3934925e+02   4.1447650e-04
   9.4081061e+02   4.0984452e-04
   9.4227197e+02   4.0526431e-04
   9.4373333e+02   4.0073529e-04
   9.4519469e+02   3.9625688e-04
   9.4665606e+02   3.9182852e-04
   9.4811742e+02   3.8744964e-04
   9.4957878e+02   3.8311971e-04
   9.5104014e+02   3.7883816e-04
   9.5250150e+02   3.7460446e-04
   9.5396286e+02   3.7041808e-04
   9.5542422e+02   3.6627848e-04
   9.5688559e+02   3.6218514e-04
   9.5834695e+02   3.5813755e-04
   9.5980831e+02   3.5413519e-04
   9.6126967e+02   3.5017755e-04
   9.6273103e+02   3.4626415e-04
   9.6419239e+02   3.4239448e-04
   9.6565375e+02   3.3856806e-04
   9.6711512e+02   3.3478440e-04
   9.6857648e+02   3.3104302e-04
   9.7003784e+02   3.2734346e-04
   9.7149920e+02   3.2368524e-04
   9.7296056e+02   3.2006790e-04
   9.7442192e+02   3.1649099e-04
   9.7588328e+02   3.1295405e-04
   9.7734464e+02   3.0945663e-04
   9.7880601e+02   3.0599831e-04
   9.8026737e+02   3.0257863e-04
   9.8172873e+02   2.9919717e-04
   9.8319009e+02   2.9585349e-04
   9.8465145e+02   2.9254719e-04
   9.8611281e+02   2.8927783e-04
   9.8757417e+02   2.8604501e-04
   9.8903554e+02   2.8284832e-04
   9.9049690e+02   2.7968736e-04
   9.9195826e+02   2.7656172e-04
   9.9341962e+02   2.7347101e-04
   9.9488098e+02   2.7041484e-04
   9.9634234e+02   2.6739282e-04
   9.9780370e+02   2.6440458e-04
   9.9926507e+02   2.6144973e-04
   1.0007264e+03   2.5852790e-04
   1.0021878e+03   2.5563873e-04
   1.0036491e+03   2.5278184e-04
   1.0051105e+03   2.4995688e-04
   1.0065719e+03   2.4716350e-04
   1.0080332e+03   2.4440132e-04
   1.0094946e+03   2.4167002e-04
   1.0109560e+03   2.3896924e-04
   1.0124173e+03   2.3629865e-04
   1.0138787e+03   2.3365790e-04
   1.0153400e+03   2.3104666e-04
   1.0168014e+03   2.2846460e-04
   1.0182628e+03   2.2591140e-04
   1.0197241e+03   2.2338673e-04
   1.0211855e+03   2.2089027e-04
   1.0226468e+03   2.1842172e-04
   1.0241082e+03   2.1598075e-04
   1.0255696e+03   2.1356706e-04
   1.0270309e+03   2.1118035e-04
   1.0284923e+03   2.0882031e-04
   1.0299537e+03   2.0648664e-04
   1.0314150e+03   2.0417905e-04
   1.0328764e+03   2.0189725e-04
   1.0343377e+03   1.9964095e-04
   1.0357991e+03   1.9740987e-04
   1.0372605e+03   1.9520372e-04
   1.0387218e+03   1.9302222e-04
   1.0401832e+03   1.9086511e-04
   1.0416445e+03   1.8873210e-04
   1.0431059e+03   1.8662293e-04
   1.0445673e+03   1.8453732e-04
   1.0460286e+03   1.8247503e-04
   1.0474900e+03   1.8043578e-04
   1.0489514e+03   1.7841933e-04
   1.0504127e+03   1.7642541e-04
   1.0518741e+03   1.7445377e-04
   1.0533354e+03   1.7250416e-04
   1.0547968e+03   1.7057635e-04
   1.0562582e+03   1.6867007e-04
   1.0577195e+03   1.6678510e-04
   1.0591809e+03   1.6492120e-04
   1.0606422e+03   1.6307813e-04
   1.0621036e+03   1.6125565e-04
   1.0635650e+03   1.5945354e-04
   1.0650263e+03   1.5767157e-04
   1.0664877e+03   1.5590951e-04
   1.0679490e+03   1.5416715e-04
   1.0694104e+03   1.5244426e-04
   1.0708718e+03   1.5074062e-04
   1.0723331e+03   1.4905602e-04
   1.0737945e+03   1.4739025e-04
   1.0752559e+03   1.4574309e-04
   1.0767172e+03   1.4411434e-04
   1.0781786e+03   1.4250379e-04
   1.0796399e+03   1.4091125e-04
   1.0811013e+03   1.3933650e-04
   1.0825627e+03   1.3777934e-04
   1.0840240e+03   1.3623959e-04
   1.0854854e+03   1.3471705e-04
   1.0869467e+03   1.3321152e-04
   1.0884081e+03   1.3172282e-04
   1.0898695e+03   1.3025075e-04
   1.0913308e+03   1.2879514e-04
   1.0927922e+03   1.2735579e-04
   1.0942536e+03   1.2593253e-04
   1.0957149e+03   1.2452517e-04
   1.0971763e+03   1.2313354e-04
   1.0986376e+03   1.2175747e-04
   1.1000990e+03   1.2039677e-04
   1.1015604e+03   1.1905128e-04
   1.1030217e+03   1.1772082e-04
   1.1044831e+03   1.1640523e-04
   1.1059444e+03   1.1510435e-04
   1.1074058e+03   1.1381800e-04
   1.1088672e+03   1.1254603e-04
   1.1103285e+03   1.1128828e-04
   1.1117899e+03   1.1004458e-04
   1.1132513e+03   1.0881477e-04
   1.1147126e+03   1.0759872e-04
   1.1161740e+03   1.0639625e-04
   1.1176353e+03   1.0520722e-04
   1.1190967e+03   1.0403148e-04
   1.1205581e+03   1.0286888e-04
   1.1220194e+03   1.0171927e-04
   1.1234808e+03   1.0058251e-04
   1.1249421e+03   9.9458448e-05
   1.1264035e+03   9.8346952e-05
   1.1278649e+03   9.7247878e-05
   1.1293262e+03   9.6161086e-05
   1.1307876e+03   9.5086439e-05
   1.1322489e+03   9.4023803e-05
   1.1337103e+03   9.2973041e-05
   1.1351717e+03   9.1934023e-05
   1.1366330e+03   9.0906616e-05
   1.1380944e+03   8.9890691e-05
   1.1395558e+03   8.8886119e-05
   1.1410171e+03   8.7892774e-05
   1.1424785e+03   8.6910530e-05
   1.1439398e+03   8.5939263e-05
   1.1454012e+03   8.4978850e-05
   1.1468626e+03   8.4029171e-05
   1.1483239e+03   8.3090104e-05
   1.1497853e+03   8.2161532e-05
   1.1512466e+03   8.1243338e-05
   1.1527080e+03   8.0335404e-05
   1.1541694e+03   7.9437617e-05
   1.1556307e+03   7.8549864e-05
   1.1570921e+03   7.7672031e-05
   1.1585535e+03   7.6804009e-05
   1.1600148e+03   7.5945687e-05
   1.1614762e+03   7.5096957e-05
   1.1629375e+03   7.4257713e-05
   1.1643989e+03   7.3427847e-05
   1.1658603e+03   7.2607256e-05
   1.1673216e+03   7.1795835e-05
   1.1687830e+03   7.0993482e-05
   1.1702443e+03   7.0200095e-05
   1.1717057e+03   6.9415575e-05
   1.1731671e+03   6.8639823e-05
   1.1746284e+03   6.7872740e-05
   1.1760898e+03   6.7114229e-05
   1.1775512e+03   6.6364195e-05
   1.1790125e+03   6.5622544e-05
   1.1804739e+03   6.4889180e-05
   1.1819352e+03   6.4164012e-05
   1.1833966e+03   6.3446949e-05
   1.1848580e+03   6.2737898e-05
   1.1863193e+03   6.2036772e-05
   1.1877807e+03   6.1343481e-05
   1.1892420e+03   6.0657938e-05
   1.1907034e+03   5.9980057e-05
   1.1921648e+03   5.9309751e-05
   1.1936261e+03   5.8646936e-05
   1.1950875e+03   5.7991528e-05
   1.1965488e+03   5.7343445e-05
   1.1980102e+03   5.6702604e-05
   1.1994716e+03   5.6068925e-05
   1.2009329e+03   5.5442328e-05
   1.2023943e+03   5.4822733e-05
   1.2038557e+03   5.4210063e-05
   1.2053170e+03   5.3604239e-05
   1.2067784e+03   5.3005186e-05
   1.2082397e+03   5.2412828e-05
   1.2097011e+03   5.1827089e-05
   1.2111625e+03   5.1247897e-05
   1.2126238e+03   5.0675177e-05
   1.2140852e+03   5.0108857e-05
   1.2155465e+03   4.9548867e-05
   1.2170079e+03   4.8995134e-05
   1.2184693e+03   4.8447590e-05
   1.2199306e+03   4.7906165e-05
   1.2213920e+03   4.7370790e-05
   1.2228534e+03   4.6841399e-05
   1.2243147e+03   4.6317924e-05
   1.2257761e+03   4.5800299e-05
   1.2272374e+03   4.5288458e-05
   1.2286988e+03   4.4782338e-05
   1.2301602e+03   4.4281874e-05
   1.2316215e+03   4.3787003e-05
   1.2330829e+03   4.3297662e-05
   1.2345442e+03   4.2813789e-05
   1.2360056e+03   4.2335325e-05
   1.2374670e+03   4.1862207e-05
   1.2389283e+03   4.1394377e-05
   1.2403897e+03   4.0931775e-05
   1.2418511e+03   4.0474342e-05
   1.2433124e+03   4.0022022e-05
   1.2447738e+03   3.9574757e-05
   1.2462351e+03   3.9132490e-05
   1.2476965e+03   3.8695165e-05
   1.2491579e+03   3.8262728e-05
   1.2506192e+03   3.7835124e-05
   1.2520806e+03   3.7412298e-05
   1.2535419e+03   3.6994198e-05
   1.2550033e+03   3.6580770e-05
   1.2564647e+03   3.6171962e-05
   1.2579260e+03   3.5767723e-05
   1.2593874e+03   3.5368002e-05
   1.2608487e+03   3.4972747e-05
   1.2623101e+03   3.4581910e-05
   1.2637715e+03   3.4195440e-05
   1.2652328e+03   3.3813290e-05
   1.2666942e+03   3.3435410e-05
   1.2681556e+03   3.3061753e-05
   1.2696169e+03   3.2692272e-05
   1.2710783e+03   3.2326920e-05
   1.2725396e+03   3.1965651e-05
   1.2740010e+03   3.1608420e-05
   1.2754624e+03   3.1255181e-05
   1.2769237e+03   3.0905889e-05
   1.2783851e+03   3.0560501e-05
   1.2798464e+03   3.0218972e-05
   1.2813078e+03   2.9881261e-05
   1.2827692e+03   2.9547323e-05
   1.2842305e+03   2.9217118e-05
   1.2856919e+03   2.8890602e-05
   1.2871533e+03   2.8567736e-05
   1.2886146e+03   2.8248478e-05
   1.2900760e+03   2.7932788e-05
   1.2915373e+03   2.7620625e-05
   1.2929987e+03   2.7311951e-05
   1.2944601e+03   2.7006727e-05
   1.2959214e+03   2.6704914e-05
   1.2973828e+03   2.6406474e-05
   1.2988441e+03   2.6111369e-05
   1.3003055e+03   2.5819562e-05
   1.3017669e+03   2.5531016e-05
   1.3032282e+03   2.5245694e-05
   1.3046896e+03   2.4963561e-05
   1.3061510e+03   2.4684582e-05
   1.3076123e+03   2.4408719e-05
   1.3090737e+03   2.4135940e-05
   1.3105350e+03   2.3866210e-05
   1.3119964e+03   2.3599493e-05
   1.3134578e+03   2.3335757e-05
   1.3149191e+03   2.3074969e-05
   1.3163805e+03   2.2817095e-05
   1.3178418e+03   2.2562103e-05
   1.3193032e+03   2.2309961e-05
   1.3207646e+03   2.2060636e-05
   1.3222259e+03   2.1814098e-05
   1.3236873e+03   2.1570315e-05
   1.3251486e+03   2.1329256e-05
   1.3266100e+03   2.1090892e-05
   1.3280714e+03   2.0855191e-05
   1.3295327e+03   2.0622124e-05
   1.3309941e+03   2.0391662e-05
   1.3324555e+03   2.0163775e-05
   1.3339168e+03   1.9938435e-05
   1.3353782e+03   1.9715614e-05
   1.3368395e+03   1.9495282e-05
   1.3383009e+03   1.9277413e-05
   1.3397623e+03   1.9061979e-05
   1.3412236e+03   1.8848952e-05
   1.3426850e+03   1.8638306e-05
   1.3441463e+03   1.8430014e-05
   1.3456077e+03   1.8224049e-05
   1.3470691e+03   1.8020387e-05
   1.3485304e+03   1.7819000e-05
   1.3499918e+03   1.7619865e-05
   1.3514532e+03   1.7422954e-05
   1.3529145e+03   1.7228244e-05
   1.3543759e+03   1.7035710e-05
   1.3558372e+03   1.6845328e-05
   1.3572986e+03   1.6657073e-05
   1.3587600e+03   1.6470923e-05
   1.3602213e+03   1.6286852e-05
   1.3616827e+03   1.6104839e-05
   1.3631440e+03   1.5924859e-05
   1.3646054e+03   1.5746891e-05
   1.3660668e+03   1.5570912e-05
   1.3675281e+03   1.5396900e-05
   1.3689895e+03   1.5224832e-05
   1.3704509e+03   1.5054687e-05
   1.3719122e+03   1.4886444e-05
   1.3733736e+03   1.4720081e-05
   1.3748349e+03   1.4555577e-05
   1.3762963e+03   1.4392911e-05
   1.3777577e+03   1.4232063e-05
   1.3792190e+03   1.4073013e-05
   1.3806804e+03   1.3915741e-05
   1.3821417e+03   1.3760225e-05
   1.3836031e+03   1.3606448e-05
   1.3850645e+03   1.3454390e-05
   1.3865258e+03   1.3304030e-05
   1.3879872e+03   1.3155351e-05
   1.3894485e+03   1.3008334e-05
   1.3909099e+03   1.2862960e-05
   1.3923713e+03   1.2719210e-05
   1.3938326e+03   1.2577067e-05
   1.3952940e+03   1.2436512e-05
   1.3967554e+03   1.2297528e-05
   1.3982167e+03   1.2160097e-05
   1.3996781e+03   1.2024202e-05
   1.4011394e+03   1.1889826e-05
   1.4026008e+03   1.1756951e-05
   1.4040622e+03   1.1625562e-05
   1.4055235e+03   1.1495641e-05
   1.4069849e+03   1.1367171e-05
   1.4084462e+03   1.1240138e-05
   1.4099076e+03   1.1114524e-05
   1.4113690e+03   1.0990313e-05
   1.4128303e+03   1.0867491e-05
   1.4142917e+03   1.0746042e-05
   1.4157531e+03   1.0625950e-05
   1.4172144e+03   1.0507200e-05
   1.4186758e+03   1.0389777e-05
   1.4201371e+03   1.0273666e-05
   1.4215985e+03   1.0158853e-05
   1.4230599e+03   1.0045323e-05
   1.4245212e+03   9.9330614e-06
   1.4259826e+03   9.8220546e-06
   1.4274439e+03   9.7122885e-06
   1.4289053e+03   9.6037490e-06
   1.4303667e+03   9.4964224e-06
   1.4318280e+03   9.3902954e-06
   1.4332894e+03   9.2853543e-06
   1.4347508e+03   9.1815860e-06
   1.4362121e+03   9.0789773e-06
   1.4376735e+03   8.9775154e-06
   1.4391348e+03   8.8771873e-06
   1.4405962e+03   8.7779805e-06
   1.4420576e+03   8.6798823e-06
   1.4435189e+03   8.5828805e-06
   1.4449803e+03   8.4869627e-06
   1.4464416e+03   8.3921168e-06
   1.4479030e+03   8.2983308e-06
   1.4493644e+03   8.2055930e-06
   1.4508257e+03   8.1138915e-06
   1.4522871e+03   8.0232149e-06
   1.4537484e+03   7.9335516e-06
   1.4552098e+03   7.8448903e-06
   1.4566712e+03   7.7572199e-06
   1.4581325e+03   7.6705292e-06
   1.4595939e+03   7.5848074e-06
   1.4610553e+03   7.5000435e-06
   1.4625166e+03   7.4162269e-06
   1.4639780e+03   7.3333470e-06
   1.4654393e+03   7.2513933e-06
   1.4669007e+03   7.1703555e-06
   1.4683621e+03   7.0902233e-06
   1.4698234e+03   7.0109867e-06
   1.4712848e+03   6.9326355e-06
   1.4727461e+03   6.8551600e-06
   1.4742075e+03   6.7785503e-06
   1.4756689e+03   6.7027967e-06
   1.4771302e+03   6.6278897e-06
   1.4785916e+03   6.5538199e-06
   1.4800530e+03   6.4805778e-06
   1.4815143e+03   6.4081542e-06
   1.4829757e+03   6.3365400e-06
   1.4844370e+03   6.2657261e-06
   1.4858984e+03   6.1957036e-06
   1.4873598e+03   6.1264636e-06
   1.4888211e+03   6.0579975e-06
   1.4902825e+03   5.9902964e-06
   1.4917438e+03   5.9233520e-06
   1.4932052e+03   5.8571557e-06
   1.4946666e+03   5.7916991e-06
   1.4961279e+03   5.7269741e-06
   1.4975893e+03   5.6629724e-06
   1.4990507e+03   5.5996860e-06
   1.5005120e+03   5.5371068e-06
   1.5019734e+03   5.4752270e-06
   1.5034347e+03   5.4140387e-06
   1.5048961e+03   5.3535342e-06
   1.5063575e+03   5.2937059e-06
   1.5078188e+03   5.2345461e-06
   1.5092802e+03   5.1760476e-06
   1.5107415e+03   5.1182027e-06
   1.5122029e+03   5.0610044e-06
   1.5136643e+03   5.0044452e-06
   1.5151256e+03   4.9485181e-06
   1.5165870e+03   4.8932161e-06
   1.5180483e+03   4.8385320e-06
   1.5195097e+03   4.7844591e-06
   1.5209711e+03   4.7309904e-06
   1.5224324e+03   4.6781194e-06
   1.5238938e+03   4.6258391e-06
   1.5253552e+03   4.5741431e-06
   1.5268165e+03   4.5230249e-06
   1.5282779e+03   4.4724779e-06
   1.5297392e+03   4.4224958e-06
   1.5312006e+03   4.3730723e-06
   1.5326620e+03   4.3242011e-06
   1.5341233e+03   4.2758761e-06
   1.5355847e+03   4.2280911e-06
   1.5370460e+03   4.1808402e-06
   1.5385074e+03   4.1341173e-06
   1.5399688e+03   4.0879165e-06
   1.5414301e+03   4.0422321e-06
   1.5428915e+03   3.9970582e-06
   1.5443529e+03   3.9523891e-06
   1.5458142e+03   3.9082193e-06
   1.5472756e+03   3.8645430e-06
   1.5487369e+03   3.8213549e-06
   1.5501983e+03   3.7786494e-06
   1.5516597e+03   3.7364212e-06
   1.5531210e+03   3.6946649e-06
   1.5545824e+03   3.6533752e-06
   1.5560437e+03   3.6125470e-06
   1.5575051e+03   3.5721751e-06
   1.5589665e+03   3.5322543e-06
   1.5604278e+03   3.4927796e-06
   1.5618892e+03   3.4537462e-06
   1.5633506e+03   3.4151489e-06
   1.5648119e+03   3.3769829e-06
   1.5662733e+03   3.3392435e-06
   1.5677346e+03   3.3019259e-06
   1.5691960e+03   3.2650253e-06
   1.5706574e+03   3.2285370e-06
   1.5721187e+03   3.1924566e-06
   1.5735801e+03   3.1567793e-06
   1.5750414e+03   3.1215008e-06
   1.5765028e+03   3.0866165e-06
   1.5779642e+03   3.0521221e-06
   1.5794255e+03   3.0180132e-06
   1.5808869e+03   2.9842854e-06
   1.5823482e+03   2.9509346e-06
   1.5838096e+03   2.9179565e-06
   1.5852710e+03   2.8853469e-06
   1.5867323e+03   2.8531018e-06
   1.5881937e+03   2.8212170e-06
   1.5896551e+03   2.7896885e-06
   1.5911164e+03   2.7585124e-06
   1.5925778e+03   2.7276847e-06
   1.5940391e+03   2.6972015e-06
   1.5955005e+03   2.6670590e-06
   1.5969619e+03   2.6372533e-06
   1.5984232e+03   2.6077808e-06
   1.5998846e+03   2.5786376e-06
   1.6013459e+03   2.5498200e-06
   1.6028073e+03   2.5213246e-06
   1.6042687e+03   2.4931476e-06
   1.6057300e+03   2.4652854e-06
   1.6071914e+03   2.4377347e-06
   1.6086528e+03   2.4104918e-06
   1.6101141e+03   2.3835534e-06
   1.6115755e+03   2.3569161e-06
   1.6130368e+03   2.3305764e-06
   1.6144982e+03   2.3045311e-06
   1.6159596e+03   2.2787768e-06
   1.6174209e+03   2.2533104e-06
   1.6188823e+03   2.2281286e-06
   1.6203436e+03   2.2032282e-06
   1.6218050e+03   2.1786060e-06
   1.6232664e+03   2.1542591e-06
   1.6247277e+03   2.1301842e-06
   1.6261891e+03   2.1063784e-06
   1.6276505e+03   2.0828386e-06
   1.6291118e+03   2.0595618e-06
   1.6305732e+03   2.0365452e-06
   1.6320345e+03   2.0137859e-06
   1.6334959e+03   1.9912808e-06
   1.6349573e+03   1.9690273e-06
   1.6364186e+03   1.9470225e-06
   1.6378800e+03   1.9252636e-06
   1.6393413e+03   1.9037478e-06
   1.6408027e+03   1.8824725e-06
   1.6422641e+03   1.8614350e-06
   1.6437254e+03   1.8406326e-06
   1.6451868e+03   1.8200626e-06
   1.6466481e+03   1.7997225e-06
   1.6481095e+03   1.7796098e-06
   1.6495709e+03   1.7597218e-06
   1.6510322e+03   1.7400560e-06
   1.6524936e+03   1.7206101e-06
   1.6539550e+03   1.7013814e-06
   1.6554163e+03   1.6823677e-06
   1.6568777e+03   1.6635664e-06
   1.6583390e+03   1.6449752e-06
   1.6598004e+03   1.6265919e-06
   1.6612618e+03   1.6084139e-06
   1.6627231e+03   1.5904391e-06
   1.6641845e+03   1.5726652e-06
   1.6656458e+03   1.5550899e-06
   1.6671072e+03   1.5377110e-06
   1.6685686e+03   1.5205264e-06
   1.6700299e+03   1.5035337e-06
   1.6714913e+03   1.4867310e-06
   1.6729527e+03   1.4701161e-06
   1.6744140e+03   1.4536868e-06
   1.6758754e+03   1.4374412e-06
   1.6773367e+03   1.4213771e-06
   1.6787981e+03   1.4054925e-06
   1.6802595e+03   1.3897855e-06
   1.6817208e+03   1.3742539e-06
   1.6831822e+03   1.3588960e-06
   1.6846435e+03   1.3437097e-06
   1.6861049e+03   1.3286931e-06
   1.6875663e+03   1.3138443e-06
   1.6890276e+03   1.2991614e-06
   1.6904890e+03   1.2846427e-06
   1.6919504e+03   1.2702862e-06
   1.6934117e+03   1.2560901e-06
   1.6948731e+03   1.2420527e-06
   1.6963344e+03   1.2281722e-06
   1.6977958e+03   1.2144468e-06
   1.6992572e+03   1.2008747e-06
   1.7007185e+03   1.1874544e-06
   1.7021799e+03   1.1741840e-06
   1.7036412e+03   1.1610619e-06
   1.7051026e+03   1.1480865e-06
   1.7065640e+03   1.1352561e-06
   1.7080253e+03   1.1225691e-06
   1.7094867e+03   1.1100238e-06
   1.7109480e+03   1.0976188e-06
   1.7124094e+03   1.0853523e-06
   1.7138708e+03   1.0732230e-06
   1.7153321e+03   1.0612292e-06
   1.7167935e+03   1.0493695e-06
   1.7182549e+03   1.0376423e-06
   1.7197162e+03   1.0260461e-06
   1.7211776e+03   1.0145796e-06
   1.7226389e+03   1.0032411e-06
   1.7241003e+03   9.9202944e-07
   1.7255617e+03   9.8094303e-07
   1.7270230e+03   9.6998052e-07
   1.7284844e+03   9.5914052e-07
   1.7299457e+03   9.4842167e-07
   1.7314071e+03   9.3782260e-07
   1.7328685e+03   9.2734198e-07
   1.7343298e+03   9.1697849e-07
   1.7357912e+03   9.0673081e-07
   1.7372526e+03   8.9659766e-07
   1.7387139e+03   8.8657775e-07
   1.7401753e+03   8.7666981e-07
   1.7416366e+03   8.6687261e-07
   1.7430980e+03   8.5718489e-07
   1.7445594e+03   8.4760543e-07
   1.7460207e+03   8.3813304e-07
   1.7474821e+03   8.2876649e-07
   1.7489434e+03   8.1950463e-07
   1.7504048e+03   8.1034627e-07
   1.7518662e+03   8.0129026e-07
   1.7533275e+03   7.9233546e-07
   1.7547889e+03   7.8348073e-07
   1.7562503e+03   7.7472495e-07
   1.7577116e+03   7.6606703e-07
   1.7591730e+03   7.5750586e-07
   1.7606343e+03   7.4904037e-07
   1.7620957e+03   7.4066948e-07
   1.7635571e+03   7.3239214e-07
   1.7650184e+03   7.2420731e-07
   1.7664798e+03   7.1611394e-07
   1.7679411e+03   7.0811103e-07
   1.7694025e+03   7.0019754e-07
   1.7708639e+03   6.9237250e-07
   1.7723252e+03   6.8463490e-07
   1.7737866e+03   6.7698378e-07
   1.7752479e+03   6.6941816e-07
   1.7767093e+03   6.6193709e-07
   1.7781707e+03   6.5453962e-07
   1.7796320e+03   6.4722483e-07
   1.7810934e+03   6.3999178e-07
   1.7825548e+03   6.3283956e-07
   1.7840161e+03   6.2576728e-07
   1.7854775e+03   6.1877403e-07
   1.7869388e+03   6.1185893e-07
   1.7884002e+03   6.0502111e-07
   1.7898616e+03   5.9825971e-07
   1.7913229e+03   5.9157387e-07
   1.7927843e+03   5.8496275e-07
   1.7942456e+03   5.7842551e-07
   1.7957070e+03   5.7196132e-07
   1.7971684e+03   5.6556938e-07
   1.7986297e+03   5.5924887e-07
   1.8000911e+03   5.5299899e-07
   1.8015525e+03   5.4681896e-07
   1.8030138e+03   5.4070800e-07
   1.8044752e+03   5.3466533e-07
   1.8059365e+03   5.2869018e-07
   1.8073979e+03   5.2278182e-07
   1.8088593e+03   5.1693948e-07
   1.8103206e+03   5.1116243e-07
   1.8117820e+03   5.0544994e-07
   1.8132433e+03   4.9980130e-07
   1.8147047e+03   4.9421578e-07
   1.8161661e+03   4.8869268e-07
   1.8176274e+03   4.8323130e-07
   1.8190888e+03   4.7783096e-07
   1.8205502e+03   4.7249097e-07
   1.8220115e+03   4.6721066e-07
   1.8234729e+03   4.6198935e-07
   1.8249342e+03   4.5682640e-07
   1.8263956e+03   4.5172114e-07
   1.8278570e+03   4.4667294e-07
   1.8293183e+03   4.4168116e-07
   1.8307797e+03   4.3674516e-07
   1.8322410e+03   4.3186432e-07
   1.8337024e+03   4.2703803e-07
   1.8351638e+03   4.2226567e-07
   1.8366251e+03   4.1754665e-07
   1.8380865e+03   4.1288037e-07
   1.8395478e+03   4.0826623e-07
   1.8410092e+03   4.0370366e-07
   1.8424706e+03   3.9919207e-07
   1.8439319e+03   3.9473091e-07
   1.8453933e+03   3.9031960e-07
   1.8468547e+03   3.8595759e-07
   1.8483160e+03   3.8164433e-07
   1.8497774e+03   3.7737927e-07
   1.8512387e+03   3.7316188e-07
   1.8527001e+03   3.6899161e-07
   1.8541615e+03   3.6486796e-07
   1.8556228e+03   3.6079038e-07
   1.8570842e+03   3.5675837e-07
   1.8585455e+03   3.5277143e-07
   1.8600069e+03   3.4882904e-07
   1.8614683e+03   3.4493070e-07
   1.8629296e+03   3.4107594e-07
   1.8643910e+03   3.3726425e-07
   1.8658524e+03   3.3349516e-07
   1.8673137e+03   3.2976819e-07
   1.8687751e+03   3.2608287e-07
   1.8702364e+03   3.2243874e-07
   1.8716978e+03   3.1883533e-07
   1.8731592e+03   3.1527219e-07
   1.8746205e+03   3.1174887e-07
   1.8760819e+03   3.0826493e-07
   1.8775432e+03   3.0481992e-07
   1.8790046e+03   3.0141341e-07
   1.8804660e+03   2.9804497e-07
   1.8819273e+03   2.9471418e-07
   1.8833887e+03   2.9142060e-07
   1.8848501e+03   2.8816384e-07
   1.8863114e+03   2.8494347e-07
   1.8877728e+03   2.8175909e-07
   1.8892341e+03   2.7861029e-07
   1.8906955e+03   2.7549669e-07
   1.8921569e+03   2.7241788e-07
   1.8936182e+03   2.6937348e-07
   1.8950796e+03   2.6636310e-07
   1.8965409e+03   2.6338637e-07
   1.8980023e+03   2.6044290e-07
   1.8994637e+03   2.5753232e-07
   1.9009250e+03   2.5465428e-07
   1.9023864e+03   2.5180839e-07
   1.9038477e+03   2.4899431e-07
   1.9053091e+03   2.4621168e-07
   1.9067705e+03   2.4346015e-07
   1.9082318e+03   2.4073936e-07
   1.9096932e+03   2.3804898e-07
   1.9111546e+03   2.3538867e-07
   1.9126159e+03   2.3275809e-07
   1.9140773e+03   2.3015691e-07
   1.9155386e+03   2.2758479e-07
   1.9170000e+03   2.2504142e-07
