   4.2340000e+02   1.6754033e-04
   4.2451061e+02   1.7027278e-04
   4.2562122e+02   1.7304088e-04
   4.2673183e+02   1.7584492e-04
   4.2784244e+02   1.7868519e-04
   4.2895305e+02   1.8156199e-04
   4.3006366e+02   1.8447561e-04
   4.3117427e+02   1.8742635e-04
   4.3228488e+02   1.9041447e-04
   4.3339550e+02   1.9344029e-04
   4.3450611e+02   1.9650408e-04
   4.3561672e+02   1.9960613e-04
   4.3672733e+02   2.0274672e-04
   4.3783794e+02   2.0592614e-04
   4.3894855e+02   2.0914467e-04
   4.4005916e+02   2.1240258e-04
   4.4116977e+02   2.1570017e-04
   4.4228038e+02   2.1903769e-04
   4.4339099e+02   2.2241544e-04
   4.4450160e+02   2.2583367e-04
   4.4561221e+02   2.2929267e-04
   4.4672282e+02   2.3279269e-04
   4.4783343e+02   2.3633402e-04
   4.4894404e+02   2.3991690e-04
   4.5005465e+02   2.4354161e-04
   4.5116527e+02   2.4720841e-04
   4.5227588e+02   2.5091754e-04
   4.5338649e+02   2.5466927e-04
   4.5449710e+02   2.5846385e-04
   4.5560771e+02   2.6230153e-04
   4.5671832e+02   2.6618255e-04
   4.5782893e+02   2.7010716e-04
   4.5893954e+02   2.7407560e-04
   4.6005015e+02   2.7808810e-04
   4.6116076e+02   2.8214490e-04
   4.6227137e+02   2.8624624e-04
   4.6338198e+02   2.9039233e-04
   4.6449259e+02   2.9458341e-04
   4.6560320e+02   2.9881969e-04
   4.6671381e+02   3.0310139e-04
   4.6782442e+02   3.0742873e-04
   4.6893504e+02   3.1180190e-04
   4.7004565e+02   3.1622113e-04
   4.7115626e+02   3.2068661e-04
   4.7226687e+02   3.2519854e-04
   4.7337748e+02   3.2975711e-04
   4.7448809e+02   3.3436251e-04
   4.7559870e+02   3.3901492e-04
   4.7670931e+02   3.4371453e-04
   4.7781992e+02   3.4846150e-04
   4.7893053e+02   3.5325602e-04
   4.8004114e+02   3.5809824e-04
   4.8115175e+02   3.6298834e-04
   4.8226236e+02   3.6792645e-04
   4.8337297e+02   3.7291274e-04
   4.8448358e+02   3.7794735e-04
   4.8559419e+02   3.8303042e-04
   4.8670480e+02   3.8816208e-04
   4.8781542e+02   3.9334247e-04
   4.8892603e+02   3.9857172e-04
   4.9003664e+02   4.0384992e-04
   4.9114725e+02   4.0917721e-04
   4.9225786e+02   4.1455369e-04
   4.9336847e+02   4.1997946e-04
   4.9447908e+02   4.2545461e-04
   4.9558969e+02   4.3097924e-04
   4.9670030e+02   4.3655342e-04
   4.9781091e+02   4.4217723e-04
   4.9892152e+02   4.4785075e-04
   5.0003213e+02   4.5357403e-04
   5.0114274e+02   4.5934713e-04
   5.0225335e+02   4.6517011e-04
   5.0336396e+02   4.7104301e-04
   5.0447457e+02   4.7696586e-04
   5.0558519e+02   4.8293869e-04
   5.0669580e+02   4.8896153e-04
   5.0780641e+02   4.9503439e-04
   5.0891702e+02   5.0115728e-04
   5.1002763e+02   5.0733020e-04
   5.1113824e+02   5.1355315e-04
   5.1224885e+02   5.1982611e-04
   5.1335946e+02   5.2614906e-04
   5.1447007e+02   5.3252198e-04
   5.1558068e+02   5.3894482e-04
   5.1669129e+02   5.4541754e-04
   5.1780190e+02   5.5194010e-04
   5.1891251e+02   5.5851242e-04
   5.2002312e+02   5.6513445e-04
   5.2113373e+02   5.7180610e-04
   5.2224434e+02   5.7852730e-04
   5.2335495e+02   5.8529794e-04
   5.2446557e+02   5.9211794e-04
   5.2557618e+02   5.9898718e-04
   5.2668679e+02   6.0590554e-04
   5.2779740e+02   6.1287289e-04
   5.2890801e+02   6.1988911e-04
   5.3001862e+02   6.2695405e-04
   5.3112923e+02   6.3406756e-04
   5.3223984e+02   6.4122948e-04
   5.3335045e+02   6.4843963e-04
   5.3446106e+02   6.5569784e-04
   5.3557167e+02   6.6300393e-04
   5.3668228e+02   6.7035769e-04
   5.3779289e+02   6.7775893e-04
   5.3890350e+02   6.8520742e-04
   5.4001411e+02   6.9270294e-04
   5.4112472e+02   7.0024527e-04
   5.4223534e+02   7.0783416e-04
   5.4334595e+02   7.1546935e-04
   5.4445656e+02   7.2315059e-04
   5.4556717e+02   7.3087761e-04
   5.4667778e+02   7.3865013e-04
   5.4778839e+02   7.4646785e-04
   5.4889900e+02   7.5433049e-04
   5.5000961e+02   7.6223774e-04
   5.5112022e+02   7.7018927e-04
   5.5223083e+02   7.7818476e-04
   5.5334144e+02   7.8622387e-04
   5.5445205e+02   7.9430626e-04
   5.5556266e+02   8.0243157e-04
   5.5667327e+02   8.1059944e-04
   5.5778388e+02   8.1880949e-04
   5.5889449e+02   8.2706134e-04
   5.6000511e+02   8.3535458e-04
   5.6111572e+02   8.4368883e-04
   5.6222633e+02   8.5206366e-04
   5.6333694e+02   8.6047865e-04
   5.6444755e+02   8.6893336e-04
   5.6555816e+02   8.7742736e-04
   5.6666877e+02   8.8596019e-04
   5.6777938e+02   8.9453139e-04
   5.6888999e+02   9.0314048e-04
   5.7000060e+02   9.1178699e-04
   5.7111121e+02   9.2047042e-04
   5.7222182e+02   9.2919026e-04
   5.7333243e+02   9.3794602e-04
   5.7444304e+02   9.4673716e-04
   5.7555365e+02   9.5556315e-04
   5.7666426e+02   9.6442347e-04
   5.7777487e+02   9.7331754e-04
   5.7888549e+02   9.8224483e-04
   5.7999610e+02   9.9120475e-04
   5.8110671e+02   1.0001967e-03
   5.8221732e+02   1.0092202e-03
   5.8332793e+02   1.0182745e-03
   5.8443854e+02   1.0273591e-03
   5.8554915e+02   1.0364733e-03
   5.8665976e+02   1.0456166e-03
   5.8777037e+02   1.0547882e-03
   5.8888098e+02   1.0639876e-03
   5.8999159e+02   1.0732141e-03
   5.9110220e+02   1.0824670e-03
   5.9221281e+02   1.0917457e-03
   5.9332342e+02   1.1010494e-03
   5.9443403e+02   1.1103776e-03
   5.9554464e+02   1.1197294e-03
   5.9665526e+02   1.1291042e-03
   5.9776587e+02   1.1385013e-03
   5.9887648e+02   1.1479199e-03
   5.9998709e+02   1.1573593e-03
   6.0109770e+02   1.1668188e-03
   6.0220831e+02   1.1762976e-03
   6.0331892e+02   1.1857949e-03
   6.0442953e+02   1.1953101e-03
   6.0554014e+02   1.2048422e-03
   6.0665075e+02   1.2143906e-03
   6.0776136e+02   1.2239545e-03
   6.0887197e+02   1.2335330e-03
   6.0998258e+02   1.2431253e-03
   6.1109319e+02   1.2527306e-03
   6.1220380e+02   1.2623482e-03
   6.1331441e+02   1.2719771e-03
   6.1442503e+02   1.2816166e-03
   6.1553564e+02   1.2912658e-03
   6.1664625e+02   1.3009238e-03
   6.1775686e+02   1.3105898e-03
   6.1886747e+02   1.3202630e-03
   6.1997808e+02   1.3299424e-03
   6.2108869e+02   1.3396271e-03
   6.2219930e+02   1.3493164e-03
   6.2330991e+02   1.3590093e-03
   6.2442052e+02   1.3687048e-03
   6.2553113e+02   1.3784022e-03
   6.2664174e+02   1.3881005e-03
   6.2775235e+02   1.3977988e-03
   6.2886296e+02   1.4074961e-03
   6.2997357e+02   1.4171915e-03
   6.3108418e+02   1.4268842e-03
   6.3219479e+02   1.4365732e-03
   6.3330541e+02   1.4462574e-03
   6.3441602e+02   1.4559361e-03
   6.3552663e+02   1.4656082e-03
   6.3663724e+02   1.4752728e-03
   6.3774785e+02   1.4849289e-03
   6.3885846e+02   1.4945756e-03
   6.3996907e+02   1.5042118e-03
   6.4107968e+02   1.5138367e-03
   6.4219029e+02   1.5234493e-03
   6.4330090e+02   1.5330485e-03
   6.4441151e+02   1.5426334e-03
   6.4552212e+02   1.5522029e-03
   6.4663273e+02   1.5617562e-03
   6.4774334e+02   1.5712923e-03
   6.4885395e+02   1.5808100e-03
   6.4996456e+02   1.5903085e-03
   6.5107518e+02   1.5997867e-03
   6.5218579e+02   1.6092437e-03
   6.5329640e+02   1.6186784e-03
   6.5440701e+02   1.6280898e-03
   6.5551762e+02   1.6374769e-03
   6.5662823e+02   1.6468388e-03
   6.5773884e+02   1.6561743e-03
   6.5884945e+02   1.6654826e-03
   6.5996006e+02   1.6747625e-03
   6.6107067e+02   1.6840131e-03
   6.6218128e+02   1.6932334e-03
   6.6329189e+02   1.7024223e-03
   6.6440250e+02   1.7115789e-03
   6.6551311e+02   1.7207020e-03
   6.6662372e+02   1.7297908e-03
   6.6773433e+02   1.7388442e-03
   6.6884494e+02   1.7478612e-03
   6.6995556e+02   1.7568408e-03
   6.7106617e+02   1.7657820e-03
   6.7217678e+02   1.7746837e-03
   6.7328739e+02   1.7835450e-03
   6.7439800e+02   1.7923649e-03
   6.7550861e+02   1.8011423e-03
   6.7661922e+02   1.8098763e-03
   6.7772983e+02   1.8185658e-03
   6.7884044e+02   1.8272099e-03
   6.7995105e+02   1.8358076e-03
   6.8106166e+02   1.8443579e-03
   6.8217227e+02   1.8528598e-03
   6.8328288e+02   1.8613123e-03
   6.8439349e+02   1.8697145e-03
   6.8550410e+02   1.8780653e-03
   6.8661471e+02   1.8863638e-03
   6.8772533e+02   1.8946090e-03
   6.8883594e+02   1.9028001e-03
   6.8994655e+02   1.9109359e-03
   6.9105716e+02   1.9190156e-03
   6.9216777e+02   1.9270381e-03
   6.9327838e+02   1.9350027e-03
   6.9438899e+02   1.9429082e-03
   6.9549960e+02   1.9507539e-03
   6.9661021e+02   1.9585387e-03
   6.9772082e+02   1.9662618e-03
   6.9883143e+02   1.9739222e-03
   6.9994204e+02   1.9815190e-03
   7.0105265e+02   1.9890514e-03
   7.0216326e+02   1.9965183e-03
   7.0327387e+02   2.0039190e-03
   7.0438448e+02   2.0112526e-03
   7.0549510e+02   2.0185181e-03
   7.0660571e+02   2.0257148e-03
   7.0771632e+02   2.0328417e-03
   7.0882693e+02   2.0398980e-03
   7.0993754e+02   2.0468828e-03
   7.1104815e+02   2.0537954e-03
   7.1215876e+02   2.0606349e-03
   7.1326937e+02   2.0674005e-03
   7.1437998e+02   2.0740913e-03
   7.1549059e+02   2.0807066e-03
   7.1660120e+02   2.0872456e-03
   7.1771181e+02   2.0937074e-03
   7.1882242e+02   2.1000914e-03
   7.1993303e+02   2.1063968e-03
   7.2104364e+02   2.1126227e-03
   7.2215425e+02   2.1187685e-03
   7.2326486e+02   2.1248335e-03
   7.2437548e+02   2.1308168e-03
   7.2548609e+02   2.1367178e-03
   7.2659670e+02   2.1425358e-03
   7.2770731e+02   2.1482701e-03
   7.2881792e+02   2.1539200e-03
   7.2992853e+02   2.1594848e-03
   7.3103914e+02   2.1649639e-03
   7.3214975e+02   2.1703567e-03
   7.3326036e+02   2.1756624e-03
   7.3437097e+02   2.1808805e-03
   7.3548158e+02   2.1860103e-03
   7.3659219e+02   2.1910513e-03
   7.3770280e+02   2.1960028e-03
   7.3881341e+02   2.2008643e-03
   7.3992402e+02   2.2056352e-03
   7.4103463e+02   2.2103150e-03
   7.4214525e+02   2.2149031e-03
   7.4325586e+02   2.2193989e-03
   7.4436647e+02   2.2238020e-03
   7.4547708e+02   2.2281119e-03
   7.4658769e+02   2.2323281e-03
   7.4769830e+02   2.2364500e-03
   7.4880891e+02   2.2404772e-03
   7.4991952e+02   2.2444094e-03
   7.5103013e+02   2.2482459e-03
   7.5214074e+02   2.2519864e-03
   7.5325135e+02   2.2556306e-03
   7.5436196e+02   2.2591779e-03
   7.5547257e+02   2.2626280e-03
   7.5658318e+02   2.2659805e-03
   7.5769379e+02   2.2692351e-03
   7.5880440e+02   2.2723914e-03
   7.5991502e+02   2.2754491e-03
   7.6102563e+02   2.2784078e-03
   7.6213624e+02   2.2812673e-03
   7.6324685e+02   2.2840273e-03
   7.6435746e+02   2.2866875e-03
   7.6546807e+02   2.2892476e-03
   7.6657868e+02   2.2917073e-03
   7.6768929e+02   2.2940666e-03
   7.6879990e+02   2.2963250e-03
   7.6991051e+02   2.2984825e-03
   7.7102112e+02   2.3005387e-03
   7.7213173e+02   2.3024936e-03
   7.7324234e+02   2.3043470e-03
   7.7435295e+02   2.3060988e-03
   7.7546356e+02   2.3077487e-03
   7.7657417e+02   2.3092967e-03
   7.7768478e+02   2.3107427e-03
   7.7879540e+02   2.3120865e-03
   7.7990601e+02   2.3133281e-03
   7.8101662e+02   2.3144675e-03
   7.8212723e+02   2.3155045e-03
   7.8323784e+02   2.3164392e-03
   7.8434845e+02   2.3172714e-03
   7.8545906e+02   2.3180013e-03
   7.8656967e+02   2.3186289e-03
   7.8768028e+02   2.3191540e-03
   7.8879089e+02   2.3195769e-03
   7.8990150e+02   2.3198974e-03
   7.9101211e+02   2.3201158e-03
   7.9212272e+02   2.3202320e-03
   7.9323333e+02   2.3202462e-03
   7.9434394e+02   2.3201584e-03
   7.9545455e+02   2.3199688e-03
   7.9656517e+02   2.3196776e-03
   7.9767578e+02   2.3192848e-03
   7.9878639e+02   2.3187906e-03
   7.9989700e+02   2.3181952e-03
   8.0100761e+02   2.3174988e-03
   8.0211822e+02   2.3167016e-03
   8.0322883e+02   2.3158038e-03
   8.0433944e+02   2.3148057e-03
   8.0545005e+02   2.3137074e-03
   8.0656066e+02   2.3125093e-03
   8.0767127e+02   2.3112115e-03
   8.0878188e+02   2.3098145e-03
   8.0989249e+02   2.3083184e-03
   8.1100310e+02   2.3067237e-03
   8.1211371e+02   2.3050305e-03
   8.1322432e+02   2.3032393e-03
   8.1433493e+02   2.3013504e-03
   8.1544555e+02   2.2993641e-03
   8.1655616e+02   2.2972809e-03
   8.1766677e+02   2.2951011e-03
   8.1877738e+02   2.2928251e-03
   8.1988799e+02   2.2904533e-03
   8.2099860e+02   2.2879861e-03
   8.2210921e+02   2.2854240e-03
   8.2321982e+02   2.2827675e-03
   8.2433043e+02   2.2800169e-03
   8.2544104e+02   2.2771728e-03
   8.2655165e+02   2.2742355e-03
   8.2766226e+02   2.2712057e-03
   8.2877287e+02   2.2680839e-03
   8.2988348e+02   2.2648704e-03
   8.3099409e+02   2.2615659e-03
   8.3210470e+02   2.2581709e-03
   8.3321532e+02   2.2546860e-03
   8.3432593e+02   2.2511116e-03
   8.3543654e+02   2.2474485e-03
   8.3654715e+02   2.2436970e-03
   8.3765776e+02   2.2398579e-03
   8.3876837e+02   2.2359317e-03
   8.3987898e+02   2.2319191e-03
   8.4098959e+02   2.2278206e-03
   8.4210020e+02   2.2236369e-03
   8.4321081e+02   2.2193686e-03
   8.4432142e+02   2.2150164e-03
   8.4543203e+02   2.2105809e-03
   8.4654264e+02   2.2060628e-03
   8.4765325e+02   2.2014627e-03
   8.4876386e+02   2.1967814e-03
   8.4987447e+02   2.1920195e-03
   8.5098509e+02   2.1871777e-03
   8.5209570e+02   2.1822568e-03
   8.5320631e+02   2.1772574e-03
   8.5431692e+02   2.1721803e-03
   8.5542753e+02   2.1670261e-03
   8.5653814e+02   2.1617957e-03
   8.5764875e+02   2.1564898e-03
   8.5875936e+02   2.1511091e-03
   8.5986997e+02   2.1456544e-03
   8.6098058e+02   2.1401264e-03
   8.6209119e+02   2.1345260e-03
   8.6320180e+02   2.1288538e-03
   8.6431241e+02   2.1231108e-03
   8.6542302e+02   2.1172976e-03
   8.6653363e+02   2.1114151e-03
   8.6764424e+02   2.1054640e-03
   8.6875485e+02   2.0994453e-03
   8.6986547e+02   2.0933596e-03
   8.7097608e+02   2.0872078e-03
   8.7208669e+02   2.0809908e-03
   8.7319730e+02   2.0747093e-03
   8.7430791e+02   2.0683643e-03
   8.7541852e+02   2.0619564e-03
   8.7652913e+02   2.0554866e-03
   8.7763974e+02   2.0489558e-03
   8.7875035e+02   2.0423647e-03
   8.7986096e+02   2.0357142e-03
   8.8097157e+02   2.0290052e-03
   8.8208218e+02   2.0222385e-03
   8.8319279e+02   2.0154150e-03
   8.8430340e+02   2.0085356e-03
   8.8541401e+02   2.0016011e-03
   8.8652462e+02   1.9946124e-03
   8.8763524e+02   1.9875704e-03
   8.8874585e+02   1.9804760e-03
   8.8985646e+02   1.9733300e-03
   8.9096707e+02   1.9661333e-03
   8.9207768e+02   1.9588867e-03
   8.9318829e+02   1.9515913e-03
   8.9429890e+02   1.9442478e-03
   8.9540951e+02   1.9368572e-03
   8.9652012e+02   1.9294204e-03
   8.9763073e+02   1.9219381e-03
   8.9874134e+02   1.9144114e-03
   8.9985195e+02   1.9068411e-03
   9.0096256e+02   1.8992281e-03
   9.0207317e+02   1.8915732e-03
   9.0318378e+02   1.8838775e-03
   9.0429439e+02   1.8761417e-03
   9.0540501e+02   1.8683668e-03
   9.0651562e+02   1.8605537e-03
   9.0762623e+02   1.8527032e-03
   9.0873684e+02   1.8448162e-03
   9.0984745e+02   1.8368937e-03
   9.1095806e+02   1.8289365e-03
   9.1206867e+02   1.8209455e-03
   9.1317928e+02   1.8129215e-03
   9.1428989e+02   1.8048656e-03
   9.1540050e+02   1.7967784e-03
   9.1651111e+02   1.7886611e-03
   9.1762172e+02   1.7805143e-03
   9.1873233e+02   1.7723390e-03
   9.1984294e+02   1.7641361e-03
   9.2095355e+02   1.7559064e-03
   9.2206416e+02   1.7476508e-03
   9.2317477e+02   1.7393702e-03
   9.2428539e+02   1.7310654e-03
   9.2539600e+02   1.7227374e-03
   9.2650661e+02   1.7143868e-03
   9.2761722e+02   1.7060147e-03
   9.2872783e+02   1.6976219e-03
   9.2983844e+02   1.6892091e-03
   9.3094905e+02   1.6807774e-03
   9.3205966e+02   1.6723274e-03
   9.3317027e+02   1.6638600e-03
   9.3428088e+02   1.6553762e-03
   9.3539149e+02   1.6468766e-03
   9.3650210e+02   1.6383621e-03
   9.3761271e+02   1.6298336e-03
   9.3872332e+02   1.6212919e-03
   9.3983393e+02   1.6127377e-03
   9.4094454e+02   1.6041719e-03
   9.4205516e+02   1.5955953e-03
   9.4316577e+02   1.5870087e-03
   9.4427638e+02   1.5784129e-03
   9.4538699e+02   1.5698087e-03
   9.4649760e+02   1.5611967e-03
   9.4760821e+02   1.5525780e-03
   9.4871882e+02   1.5439531e-03
   9.4982943e+02   1.5353229e-03
   9.5094004e+02   1.5266881e-03
   9.5205065e+02   1.5180495e-03
   9.5316126e+02   1.5094079e-03
   9.5427187e+02   1.5007640e-03
   9.5538248e+02   1.4921184e-03
   9.5649309e+02   1.4834721e-03
   9.5760370e+02   1.4748256e-03
   9.5871431e+02   1.4661797e-03
   9.5982492e+02   1.4575351e-03
   9.6093554e+02   1.4488926e-03
   9.6204615e+02   1.4402528e-03
   9.6315676e+02   1.4316165e-03
   9.6426737e+02   1.4229842e-03
   9.6537798e+02   1.4143568e-03
   9.6648859e+02   1.4057348e-03
   9.6759920e+02   1.3971190e-03
   9.6870981e+02   1.3885100e-03
   9.6982042e+02   1.3799085e-03
   9.7093103e+02   1.3713151e-03
   9.7204164e+02   1.3627305e-03
   9.7315225e+02   1.3541552e-03
   9.7426286e+02   1.3455900e-03
   9.7537347e+02   1.3370355e-03
   9.7648408e+02   1.3284922e-03
   9.7759469e+02   1.3199608e-03
   9.7870531e+02   1.3114419e-03
   9.7981592e+02   1.3029361e-03
   9.8092653e+02   1.2944439e-03
   9.8203714e+02   1.2859659e-03
   9.8314775e+02   1.2775028e-03
   9.8425836e+02   1.2690550e-03
   9.8536897e+02   1.2606232e-03
   9.8647958e+02   1.2522079e-03
   9.8759019e+02   1.2438096e-03
   9.8870080e+02   1.2354289e-03
   9.8981141e+02   1.2270663e-03
   9.9092202e+02   1.2187223e-03
   9.9203263e+02   1.2103974e-03
   9.9314324e+02   1.2020921e-03
   9.9425385e+02   1.1938071e-03
   9.9536446e+02   1.1855426e-03
   9.9647508e+02   1.1772992e-03
   9.9758569e+02   1.1690775e-03
   9.9869630e+02   1.1608778e-03
   9.9980691e+02   1.1527006e-03
   1.0009175e+03   1.1445464e-03
   1.0020281e+03   1.1364156e-03
   1.0031387e+03   1.1283087e-03
   1.0042493e+03   1.1202261e-03
   1.0053600e+03   1.1121682e-03
   1.0064706e+03   1.1041355e-03
   1.0075812e+03   1.0961283e-03
   1.0086918e+03   1.0881470e-03
   1.0098024e+03   1.0801921e-03
   1.0109130e+03   1.0722640e-03
   1.0120236e+03   1.0643629e-03
   1.0131342e+03   1.0564893e-03
   1.0142448e+03   1.0486436e-03
   1.0153555e+03   1.0408261e-03
   1.0164661e+03   1.0330372e-03
   1.0175767e+03   1.0252771e-03
   1.0186873e+03   1.0175463e-03
   1.0197979e+03   1.0098451e-03
   1.0209085e+03   1.0021737e-03
   1.0220191e+03   9.9453257e-04
   1.0231297e+03   9.8692194e-04
   1.0242403e+03   9.7934211e-04
   1.0253510e+03   9.7179340e-04
   1.0264616e+03   9.6427607e-04
   1.0275722e+03   9.5679041e-04
   1.0286828e+03   9.4933670e-04
   1.0297934e+03   9.4191519e-04
   1.0309040e+03   9.3452614e-04
   1.0320146e+03   9.2716981e-04
   1.0331252e+03   9.1984644e-04
   1.0342358e+03   9.1255627e-04
   1.0353464e+03   9.0529952e-04
   1.0364571e+03   8.9807643e-04
   1.0375677e+03   8.9088721e-04
   1.0386783e+03   8.8373206e-04
   1.0397889e+03   8.7661120e-04
   1.0408995e+03   8.6952481e-04
   1.0420101e+03   8.6247310e-04
   1.0431207e+03   8.5545624e-04
   1.0442313e+03   8.4847442e-04
   1.0453419e+03   8.4152780e-04
   1.0464526e+03   8.3461655e-04
   1.0475632e+03   8.2774083e-04
   1.0486738e+03   8.2090079e-04
   1.0497844e+03   8.1409658e-04
   1.0508950e+03   8.0732834e-04
   1.0520056e+03   8.0059620e-04
   1.0531162e+03   7.9390029e-04
   1.0542268e+03   7.8724073e-04
   1.0553374e+03   7.8061765e-04
   1.0564480e+03   7.7403114e-04
   1.0575587e+03   7.6748133e-04
   1.0586693e+03   7.6096829e-04
   1.0597799e+03   7.5449213e-04
   1.0608905e+03   7.4805294e-04
   1.0620011e+03   7.4165080e-04
   1.0631117e+03   7.3528578e-04
   1.0642223e+03   7.2895796e-04
   1.0653329e+03   7.2266740e-04
   1.0664435e+03   7.1641416e-04
   1.0675542e+03   7.1019830e-04
   1.0686648e+03   7.0401987e-04
   1.0697754e+03   6.9787891e-04
   1.0708860e+03   6.9177547e-04
   1.0719966e+03   6.8570957e-04
   1.0731072e+03   6.7968125e-04
   1.0742178e+03   6.7369053e-04
   1.0753284e+03   6.6773743e-04
   1.0764390e+03   6.6182198e-04
   1.0775496e+03   6.5594417e-04
   1.0786603e+03   6.5010401e-04
   1.0797709e+03   6.4430152e-04
   1.0808815e+03   6.3853667e-04
   1.0819921e+03   6.3280947e-04
   1.0831027e+03   6.2711991e-04
   1.0842133e+03   6.2146796e-04
   1.0853239e+03   6.1585361e-04
   1.0864345e+03   6.1027683e-04
   1.0875451e+03   6.0473759e-04
   1.0886558e+03   5.9923587e-04
   1.0897664e+03   5.9377162e-04
   1.0908770e+03   5.8834480e-04
   1.0919876e+03   5.8295536e-04
   1.0930982e+03   5.7760327e-04
   1.0942088e+03   5.7228846e-04
   1.0953194e+03   5.6701088e-04
   1.0964300e+03   5.6177047e-04
   1.0975406e+03   5.5656716e-04
   1.0986513e+03   5.5140090e-04
   1.0997619e+03   5.4627160e-04
   1.1008725e+03   5.4117920e-04
   1.1019831e+03   5.3612362e-04
   1.1030937e+03   5.3110477e-04
   1.1042043e+03   5.2612258e-04
   1.1053149e+03   5.2117695e-04
   1.1064255e+03   5.1626780e-04
   1.1075361e+03   5.1139503e-04
   1.1086467e+03   5.0655856e-04
   1.1097574e+03   5.0175827e-04
   1.1108680e+03   4.9699406e-04
   1.1119786e+03   4.9226584e-04
   1.1130892e+03   4.8757349e-04
   1.1141998e+03   4.8291691e-04
   1.1153104e+03   4.7829598e-04
   1.1164210e+03   4.7371059e-04
   1.1175316e+03   4.6916062e-04
   1.1186422e+03   4.6464595e-04
   1.1197529e+03   4.6016645e-04
   1.1208635e+03   4.5572200e-04
   1.1219741e+03   4.5131248e-04
   1.1230847e+03   4.4693776e-04
   1.1241953e+03   4.4259769e-04
   1.1253059e+03   4.3829216e-04
   1.1264165e+03   4.3402102e-04
   1.1275271e+03   4.2978414e-04
   1.1286377e+03   4.2558137e-04
   1.1297483e+03   4.2141258e-04
   1.1308590e+03   4.1727761e-04
   1.1319696e+03   4.1317634e-04
   1.1330802e+03   4.0910860e-04
   1.1341908e+03   4.0507425e-04
   1.1353014e+03   4.0107314e-04
   1.1364120e+03   3.9710511e-04
   1.1375226e+03   3.9317002e-04
   1.1386332e+03   3.8926771e-04
   1.1397438e+03   3.8539802e-04
   1.1408545e+03   3.8156079e-04
   1.1419651e+03   3.7775587e-04
   1.1430757e+03   3.7398309e-04
   1.1441863e+03   3.7024229e-04
   1.1452969e+03   3.6653331e-04
   1.1464075e+03   3.6285599e-04
   1.1475181e+03   3.5921015e-04
   1.1486287e+03   3.5559563e-04
   1.1497393e+03   3.5201227e-04
   1.1508499e+03   3.4845989e-04
   1.1519606e+03   3.4493833e-04
   1.1530712e+03   3.4144742e-04
   1.1541818e+03   3.3798697e-04
   1.1552924e+03   3.3455683e-04
   1.1564030e+03   3.3115682e-04
   1.1575136e+03   3.2778677e-04
   1.1586242e+03   3.2444649e-04
   1.1597348e+03   3.2113582e-04
   1.1608454e+03   3.1785458e-04
   1.1619561e+03   3.1460259e-04
   1.1630667e+03   3.1137968e-04
   1.1641773e+03   3.0818567e-04
   1.1652879e+03   3.0502037e-04
   1.1663985e+03   3.0188362e-04
   1.1675091e+03   2.9877524e-04
   1.1686197e+03   2.9569504e-04
   1.1697303e+03   2.9264284e-04
   1.1708409e+03   2.8961847e-04
   1.1719516e+03   2.8662174e-04
   1.1730622e+03   2.8365248e-04
   1.1741728e+03   2.8071050e-04
   1.1752834e+03   2.7779562e-04
   1.1763940e+03   2.7490767e-04
   1.1775046e+03   2.7204646e-04
   1.1786152e+03   2.6921180e-04
   1.1797258e+03   2.6640353e-04
   1.1808364e+03   2.6362145e-04
   1.1819470e+03   2.6086539e-04
   1.1830577e+03   2.5813517e-04
   1.1841683e+03   2.5543060e-04
   1.1852789e+03   2.5275150e-04
   1.1863895e+03   2.5009769e-04
   1.1875001e+03   2.4746900e-04
   1.1886107e+03   2.4486523e-04
   1.1897213e+03   2.4228621e-04
   1.1908319e+03   2.3973177e-04
   1.1919425e+03   2.3720171e-04
   1.1930532e+03   2.3469586e-04
   1.1941638e+03   2.3221404e-04
   1.1952744e+03   2.2975607e-04
   1.1963850e+03   2.2732177e-04
   1.1974956e+03   2.2491097e-04
   1.1986062e+03   2.2252348e-04
   1.1997168e+03   2.2015913e-04
   1.2008274e+03   2.1781773e-04
   1.2019380e+03   2.1549912e-04
   1.2030486e+03   2.1320311e-04
   1.2041593e+03   2.1092954e-04
   1.2052699e+03   2.0867822e-04
   1.2063805e+03   2.0644897e-04
   1.2074911e+03   2.0424163e-04
   1.2086017e+03   2.0205602e-04
   1.2097123e+03   1.9989197e-04
   1.2108229e+03   1.9774930e-04
   1.2119335e+03   1.9562784e-04
   1.2130441e+03   1.9352742e-04
   1.2141548e+03   1.9144786e-04
   1.2152654e+03   1.8938901e-04
   1.2163760e+03   1.8735068e-04
   1.2174866e+03   1.8533271e-04
   1.2185972e+03   1.8333493e-04
   1.2197078e+03   1.8135717e-04
   1.2208184e+03   1.7939926e-04
   1.2219290e+03   1.7746104e-04
   1.2230396e+03   1.7554235e-04
   1.2241503e+03   1.7364301e-04
   1.2252609e+03   1.7176286e-04
   1.2263715e+03   1.6990174e-04
   1.2274821e+03   1.6805948e-04
   1.2285927e+03   1.6623593e-04
   1.2297033e+03   1.6443092e-04
   1.2308139e+03   1.6264430e-04
   1.2319245e+03   1.6087589e-04
   1.2330351e+03   1.5912555e-04
   1.2341457e+03   1.5739311e-04
   1.2352564e+03   1.5567842e-04
   1.2363670e+03   1.5398132e-04
   1.2374776e+03   1.5230166e-04
   1.2385882e+03   1.5063928e-04
   1.2396988e+03   1.4899402e-04
   1.2408094e+03   1.4736574e-04
   1.2419200e+03   1.4575428e-04
   1.2430306e+03   1.4415948e-04
   1.2441412e+03   1.4258121e-04
   1.2452519e+03   1.4101931e-04
   1.2463625e+03   1.3947363e-04
   1.2474731e+03   1.3794402e-04
   1.2485837e+03   1.3643034e-04
   1.2496943e+03   1.3493244e-04
   1.2508049e+03   1.3345018e-04
   1.2519155e+03   1.3198341e-04
   1.2530261e+03   1.3053198e-04
   1.2541367e+03   1.2909576e-04
   1.2552473e+03   1.2767461e-04
   1.2563580e+03   1.2626837e-04
   1.2574686e+03   1.2487693e-04
   1.2585792e+03   1.2350013e-04
   1.2596898e+03   1.2213783e-04
   1.2608004e+03   1.2078991e-04
   1.2619110e+03   1.1945622e-04
   1.2630216e+03   1.1813663e-04
   1.2641322e+03   1.1683101e-04
   1.2652428e+03   1.1553922e-04
   1.2663535e+03   1.1426113e-04
   1.2674641e+03   1.1299661e-04
   1.2685747e+03   1.1174553e-04
   1.2696853e+03   1.1050776e-04
   1.2707959e+03   1.0928317e-04
   1.2719065e+03   1.0807163e-04
   1.2730171e+03   1.0687302e-04
   1.2741277e+03   1.0568722e-04
   1.2752383e+03   1.0451409e-04
   1.2763489e+03   1.0335351e-04
   1.2774596e+03   1.0220537e-04
   1.2785702e+03   1.0106953e-04
   1.2796808e+03   9.9945882e-05
   1.2807914e+03   9.8834302e-05
   1.2819020e+03   9.7734671e-05
   1.2830126e+03   9.6646870e-05
   1.2841232e+03   9.5570784e-05
   1.2852338e+03   9.4506294e-05
   1.2863444e+03   9.3453286e-05
   1.2874551e+03   9.2411646e-05
   1.2885657e+03   9.1381260e-05
   1.2896763e+03   9.0362016e-05
   1.2907869e+03   8.9353801e-05
   1.2918975e+03   8.8356505e-05
   1.2930081e+03   8.7370018e-05
   1.2941187e+03   8.6394232e-05
   1.2952293e+03   8.5429037e-05
   1.2963399e+03   8.4474328e-05
   1.2974506e+03   8.3529997e-05
   1.2985612e+03   8.2595940e-05
   1.2996718e+03   8.1672051e-05
   1.3007824e+03   8.0758228e-05
   1.3018930e+03   7.9854367e-05
   1.3030036e+03   7.8960367e-05
   1.3041142e+03   7.8076127e-05
   1.3052248e+03   7.7201547e-05
   1.3063354e+03   7.6336527e-05
   1.3074460e+03   7.5480970e-05
   1.3085567e+03   7.4634777e-05
   1.3096673e+03   7.3797852e-05
   1.3107779e+03   7.2970100e-05
   1.3118885e+03   7.2151425e-05
   1.3129991e+03   7.1341733e-05
   1.3141097e+03   7.0540932e-05
   1.3152203e+03   6.9748928e-05
   1.3163309e+03   6.8965630e-05
   1.3174415e+03   6.8190947e-05
   1.3185522e+03   6.7424790e-05
   1.3196628e+03   6.6667070e-05
   1.3207734e+03   6.5917697e-05
   1.3218840e+03   6.5176585e-05
   1.3229946e+03   6.4443647e-05
   1.3241052e+03   6.3718797e-05
   1.3252158e+03   6.3001949e-05
   1.3263264e+03   6.2293021e-05
   1.3274370e+03   6.1591927e-05
   1.3285476e+03   6.0898586e-05
   1.3296583e+03   6.0212915e-05
   1.3307689e+03   5.9534834e-05
   1.3318795e+03   5.8864261e-05
   1.3329901e+03   5.8201117e-05
   1.3341007e+03   5.7545324e-05
   1.3352113e+03   5.6896803e-05
   1.3363219e+03   5.6255476e-05
   1.3374325e+03   5.5621267e-05
   1.3385431e+03   5.4994101e-05
   1.3396538e+03   5.4373901e-05
   1.3407644e+03   5.3760594e-05
   1.3418750e+03   5.3154105e-05
   1.3429856e+03   5.2554362e-05
   1.3440962e+03   5.1961292e-05
   1.3452068e+03   5.1374824e-05
   1.3463174e+03   5.0794887e-05
   1.3474280e+03   5.0221410e-05
   1.3485386e+03   4.9654324e-05
   1.3496492e+03   4.9093560e-05
   1.3507599e+03   4.8539049e-05
   1.3518705e+03   4.7990726e-05
   1.3529811e+03   4.7448522e-05
   1.3540917e+03   4.6912371e-05
   1.3552023e+03   4.6382208e-05
   1.3563129e+03   4.5857968e-05
   1.3574235e+03   4.5339586e-05
   1.3585341e+03   4.4827000e-05
   1.3596447e+03   4.4320147e-05
   1.3607554e+03   4.3818963e-05
   1.3618660e+03   4.3323388e-05
   1.3629766e+03   4.2833359e-05
   1.3640872e+03   4.2348818e-05
   1.3651978e+03   4.1869704e-05
   1.3663084e+03   4.1395957e-05
   1.3674190e+03   4.0927520e-05
   1.3685296e+03   4.0464334e-05
   1.3696402e+03   4.0006342e-05
   1.3707509e+03   3.9553487e-05
   1.3718615e+03   3.9105712e-05
   1.3729721e+03   3.8662962e-05
   1.3740827e+03   3.8225183e-05
   1.3751933e+03   3.7792319e-05
   1.3763039e+03   3.7364316e-05
   1.3774145e+03   3.6941121e-05
   1.3785251e+03   3.6522682e-05
   1.3796357e+03   3.6108946e-05
   1.3807463e+03   3.5699860e-05
   1.3818570e+03   3.5295375e-05
   1.3829676e+03   3.4895439e-05
   1.3840782e+03   3.4500002e-05
   1.3851888e+03   3.4109014e-05
   1.3862994e+03   3.3722427e-05
   1.3874100e+03   3.3340192e-05
   1.3885206e+03   3.2962260e-05
   1.3896312e+03   3.2588584e-05
   1.3907418e+03   3.2219117e-05
   1.3918525e+03   3.1853813e-05
   1.3929631e+03   3.1492625e-05
   1.3940737e+03   3.1135508e-05
   1.3951843e+03   3.0782416e-05
   1.3962949e+03   3.0433306e-05
   1.3974055e+03   3.0088132e-05
   1.3985161e+03   2.9746851e-05
   1.3996267e+03   2.9409420e-05
   1.4007373e+03   2.9075796e-05
   1.4018479e+03   2.8745937e-05
   1.4029586e+03   2.8419801e-05
   1.4040692e+03   2.8097346e-05
   1.4051798e+03   2.7778531e-05
   1.4062904e+03   2.7463317e-05
   1.4074010e+03   2.7151663e-05
   1.4085116e+03   2.6843528e-05
   1.4096222e+03   2.6538875e-05
   1.4107328e+03   2.6237664e-05
   1.4118434e+03   2.5939856e-05
   1.4129541e+03   2.5645414e-05
   1.4140647e+03   2.5354301e-05
   1.4151753e+03   2.5066478e-05
   1.4162859e+03   2.4781909e-05
   1.4173965e+03   2.4500559e-05
   1.4185071e+03   2.4222390e-05
   1.4196177e+03   2.3947367e-05
   1.4207283e+03   2.3675456e-05
   1.4218389e+03   2.3406620e-05
   1.4229495e+03   2.3140827e-05
   1.4240602e+03   2.2878041e-05
   1.4251708e+03   2.2618229e-05
   1.4262814e+03   2.2361357e-05
   1.4273920e+03   2.2107394e-05
   1.4285026e+03   2.1856306e-05
   1.4296132e+03   2.1608060e-05
   1.4307238e+03   2.1362625e-05
   1.4318344e+03   2.1119970e-05
   1.4329450e+03   2.0880063e-05
   1.4340557e+03   2.0642873e-05
   1.4351663e+03   2.0408371e-05
   1.4362769e+03   2.0176524e-05
   1.4373875e+03   1.9947305e-05
   1.4384981e+03   1.9720683e-05
   1.4396087e+03   1.9496629e-05
   1.4407193e+03   1.9275114e-05
   1.4418299e+03   1.9056109e-05
   1.4429405e+03   1.8839587e-05
   1.4440512e+03   1.8625519e-05
   1.4451618e+03   1.8413878e-05
   1.4462724e+03   1.8204637e-05
   1.4473830e+03   1.7997768e-05
   1.4484936e+03   1.7793245e-05
   1.4496042e+03   1.7591040e-05
   1.4507148e+03   1.7391130e-05
   1.4518254e+03   1.7193486e-05
   1.4529360e+03   1.6998084e-05
   1.4540466e+03   1.6804898e-05
   1.4551573e+03   1.6613904e-05
   1.4562679e+03   1.6425077e-05
   1.4573785e+03   1.6238392e-05
   1.4584891e+03   1.6053825e-05
   1.4595997e+03   1.5871352e-05
   1.4607103e+03   1.5690950e-05
   1.4618209e+03   1.5512595e-05
   1.4629315e+03   1.5336264e-05
   1.4640421e+03   1.5161935e-05
   1.4651528e+03   1.4989584e-05
   1.4662634e+03   1.4819189e-05
   1.4673740e+03   1.4650728e-05
   1.4684846e+03   1.4484180e-05
   1.4695952e+03   1.4319522e-05
   1.4707058e+03   1.4156734e-05
   1.4718164e+03   1.3995793e-05
   1.4729270e+03   1.3836680e-05
   1.4740376e+03   1.3679374e-05
   1.4751482e+03   1.3523854e-05
   1.4762589e+03   1.3370100e-05
   1.4773695e+03   1.3218091e-05
   1.4784801e+03   1.3067809e-05
   1.4795907e+03   1.2919234e-05
   1.4807013e+03   1.2772346e-05
   1.4818119e+03   1.2627127e-05
   1.4829225e+03   1.2483556e-05
   1.4840331e+03   1.2341617e-05
   1.4851437e+03   1.2201290e-05
   1.4862544e+03   1.2062556e-05
   1.4873650e+03   1.1925399e-05
   1.4884756e+03   1.1789800e-05
   1.4895862e+03   1.1655741e-05
   1.4906968e+03   1.1523206e-05
   1.4918074e+03   1.1392176e-05
   1.4929180e+03   1.1262634e-05
   1.4940286e+03   1.1134565e-05
   1.4951392e+03   1.1007951e-05
   1.4962498e+03   1.0882775e-05
   1.4973605e+03   1.0759022e-05
   1.4984711e+03   1.0636675e-05
   1.4995817e+03   1.0515718e-05
   1.5006923e+03   1.0396135e-05
   1.5018029e+03   1.0277912e-05
   1.5029135e+03   1.0161032e-05
   1.5040241e+03   1.0045481e-05
   1.5051347e+03   9.9312423e-06
   1.5062453e+03   9.8183023e-06
   1.5073560e+03   9.7066459e-06
   1.5084666e+03   9.5962585e-06
   1.5095772e+03   9.4871257e-06
   1.5106878e+03   9.3792334e-06
   1.5117984e+03   9.2725674e-06
   1.5129090e+03   9.1671139e-06
   1.5140196e+03   9.0628590e-06
   1.5151302e+03   8.9597891e-06
   1.5162408e+03   8.8578909e-06
   1.5173515e+03   8.7571510e-06
   1.5184621e+03   8.6575563e-06
   1.5195727e+03   8.5590937e-06
   1.5206833e+03   8.4617505e-06
   1.5217939e+03   8.3655138e-06
   1.5229045e+03   8.2703713e-06
   1.5240151e+03   8.1763103e-06
   1.5251257e+03   8.0833187e-06
   1.5262363e+03   7.9913844e-06
   1.5273469e+03   7.9004952e-06
   1.5284576e+03   7.8106394e-06
   1.5295682e+03   7.7218051e-06
   1.5306788e+03   7.6339809e-06
   1.5317894e+03   7.5471552e-06
   1.5329000e+03   7.4613167e-06
