   4.2360000e+02   4.1079685e-06
   4.2762543e+02   5.2758792e-06
   4.3165085e+02   6.7356310e-06
   4.3567628e+02   8.5484057e-06
   4.3970170e+02   1.0785081e-05
   4.4372713e+02   1.3527003e-05
   4.4775255e+02   1.6866640e-05
   4.5177798e+02   2.0908060e-05
   4.5580340e+02   2.5767183e-05
   4.5982883e+02   3.1571741e-05
   4.6385425e+02   3.8460900e-05
   4.6787968e+02   4.6584473e-05
   4.7190511e+02   5.6101681e-05
   4.7593053e+02   6.7179428e-05
   4.7995596e+02   7.9990047e-05
   4.8398138e+02   9.4708519e-05
   4.8800681e+02   1.1150917e-04
   4.9203223e+02   1.3056189e-04
   4.9605766e+02   1.5202790e-04
   5.0008308e+02   1.7605519e-04
   5.0410851e+02   2.0277374e-04
   5.0813393e+02   2.3229059e-04
   5.1215936e+02   2.6468503e-04
   5.1618478e+02   3.0000393e-04
   5.2021021e+02   3.3825758e-04
   5.2423564e+02   3.7941605e-04
   5.2826106e+02   4.2340628e-04
   5.3228649e+02   4.7011020e-04
   5.3631191e+02   5.1936378e-04
   5.4033734e+02   5.7095739e-04
   5.4436276e+02   6.2463721e-04
   5.4838819e+02   6.8010807e-04
   5.5241361e+02   7.3703738e-04
   5.5643904e+02   7.9506026e-04
   5.6046446e+02   8.5378568e-04
   5.6448989e+02   9.1280346e-04
   5.6851532e+02   9.7169191e-04
   5.7254074e+02   1.0300259e-03
   5.7656617e+02   1.0873849e-03
   5.8059159e+02   1.1433613e-03
   5.8461702e+02   1.1975682e-03
   5.8864244e+02   1.2496462e-03
   5.9266787e+02   1.2992699e-03
   5.9669329e+02   1.3461532e-03
   6.0071872e+02   1.3900535e-03
   6.0474414e+02   1.4307745e-03
   6.0876957e+02   1.4681680e-03
   6.1279499e+02   1.5021340e-03
   6.1682042e+02   1.5326201e-03
   6.2084585e+02   1.5596194e-03
   6.2487127e+02   1.5831676e-03
   6.2889670e+02   1.6033392e-03
   6.3292212e+02   1.6202430e-03
   6.3694755e+02   1.6340173e-03
   6.4097297e+02   1.6448247e-03
   6.4499840e+02   1.6528468e-03
   6.4902382e+02   1.6582790e-03
   6.5304925e+02   1.6613257e-03
   6.5707467e+02   1.6621954e-03
   6.6110010e+02   1.6610970e-03
   6.6512553e+02   1.6582354e-03
   6.6915095e+02   1.6538093e-03
   6.7317638e+02   1.6480079e-03
   6.7720180e+02   1.6410094e-03
   6.8122723e+02   1.6329795e-03
   6.8525265e+02   1.6240705e-03
   6.8927808e+02   1.6144206e-03
   6.9330350e+02   1.6041542e-03
   6.9732893e+02   1.5933820e-03
   7.0135435e+02   1.5822015e-03
   7.0537978e+02   1.5706977e-03
   7.0940521e+02   1.5589442e-03
   7.1343063e+02   1.5470041e-03
   7.1745606e+02   1.5349307e-03
   7.2148148e+02   1.5227689e-03
   7.2550691e+02   1.5105561e-03
   7.2953233e+02   1.4983233e-03
   7.3355776e+02   1.4860957e-03
   7.3758318e+02   1.4738937e-03
   7.4160861e+02   1.4617337e-03
   7.4563403e+02   1.4496287e-03
   7.4965946e+02   1.4375889e-03
   7.5368488e+02   1.4256221e-03
   7.5771031e+02   1.4137344e-03
   7.6173574e+02   1.4019302e-03
   7.6576116e+02   1.3902129e-03
   7.6978659e+02   1.3785847e-03
   7.7381201e+02   1.3670473e-03
   7.7783744e+02   1.3556017e-03
   7.8186286e+02   1.3442483e-03
   7.8588829e+02   1.3329875e-03
   7.8991371e+02   1.3218192e-03
   7.9393914e+02   1.3107432e-03
   7.9796456e+02   1.2997590e-03
   8.0198999e+02   1.2888662e-03
   8.0601542e+02   1.2780642e-03
   8.1004084e+02   1.2673524e-03
   8.1406627e+02   1.2567301e-03
   8.1809169e+02   1.2461968e-03
   8.2211712e+02   1.2357516e-03
   8.2614254e+02   1.2253939e-03
   8.3016797e+02   1.2151229e-03
   8.3419339e+02   1.2049380e-03
   8.3821882e+02   1.1948385e-03
   8.4224424e+02   1.1848236e-03
   8.4626967e+02   1.1748926e-03
   8.5029510e+02   1.1650449e-03
   8.5432052e+02   1.1552797e-03
   8.5834595e+02   1.1455963e-03
   8.6237137e+02   1.1359941e-03
   8.6639680e+02   1.1264724e-03
   8.7042222e+02   1.1170305e-03
   8.7444765e+02   1.1076677e-03
   8.7847307e+02   1.0983834e-03
   8.8249850e+02   1.0891770e-03
   8.8652392e+02   1.0800477e-03
   8.9054935e+02   1.0709949e-03
   8.9457477e+02   1.0620180e-03
   8.9860020e+02   1.0531163e-03
   9.0262563e+02   1.0442893e-03
   9.0665105e+02   1.0355362e-03
   9.1067648e+02   1.0268565e-03
   9.1470190e+02   1.0182496e-03
   9.1872733e+02   1.0097148e-03
   9.2275275e+02   1.0012516e-03
   9.2677818e+02   9.9285923e-04
   9.3080360e+02   9.8453725e-04
   9.3482903e+02   9.7628502e-04
   9.3885445e+02   9.6810196e-04
   9.4287988e+02   9.5998750e-04
   9.4690531e+02   9.5194104e-04
   9.5093073e+02   9.4396203e-04
   9.5495616e+02   9.3604990e-04
   9.5898158e+02   9.2820408e-04
   9.6300701e+02   9.2042403e-04
   9.6703243e+02   9.1270919e-04
   9.7105786e+02   9.0505902e-04
   9.7508328e+02   8.9747296e-04
   9.7910871e+02   8.8995050e-04
   9.8313413e+02   8.8249108e-04
   9.8715956e+02   8.7509419e-04
   9.9118498e+02   8.6775929e-04
   9.9521041e+02   8.6048588e-04
   9.9923584e+02   8.5327343e-04
   1.0032613e+03   8.4612144e-04
   1.0072867e+03   8.3902939e-04
   1.0113121e+03   8.3199679e-04
   1.0153375e+03   8.2502313e-04
   1.0193630e+03   8.1810792e-04
   1.0233884e+03   8.1125068e-04
   1.0274138e+03   8.0445091e-04
   1.0314392e+03   7.9770814e-04
   1.0354647e+03   7.9102188e-04
   1.0394901e+03   7.8439167e-04
   1.0435155e+03   7.7781703e-04
   1.0475409e+03   7.7129750e-04
   1.0515664e+03   7.6483261e-04
   1.0555918e+03   7.5842191e-04
   1.0596172e+03   7.5206495e-04
   1.0636426e+03   7.4576126e-04
   1.0676681e+03   7.3951042e-04
   1.0716935e+03   7.3331196e-04
   1.0757189e+03   7.2716547e-04
   1.0797443e+03   7.2107049e-04
   1.0837698e+03   7.1502659e-04
   1.0877952e+03   7.0903336e-04
   1.0918206e+03   7.0309036e-04
   1.0958460e+03   6.9719718e-04
   1.0998715e+03   6.9135339e-04
   1.1038969e+03   6.8555858e-04
   1.1079223e+03   6.7981234e-04
   1.1119477e+03   6.7411427e-04
   1.1159732e+03   6.6846395e-04
   1.1199986e+03   6.6286100e-04
   1.1240240e+03   6.5730501e-04
   1.1280494e+03   6.5179559e-04
   1.1320749e+03   6.4633235e-04
   1.1361003e+03   6.4091490e-04
   1.1401257e+03   6.3554286e-04
   1.1441512e+03   6.3021584e-04
   1.1481766e+03   6.2493348e-04
   1.1522020e+03   6.1969539e-04
   1.1562274e+03   6.1450121e-04
   1.1602529e+03   6.0935056e-04
   1.1642783e+03   6.0424309e-04
   1.1683037e+03   5.9917842e-04
   1.1723291e+03   5.9415621e-04
   1.1763546e+03   5.8917609e-04
   1.1803800e+03   5.8423772e-04
   1.1844054e+03   5.7934074e-04
   1.1884308e+03   5.7448480e-04
   1.1924563e+03   5.6966956e-04
   1.1964817e+03   5.6489469e-04
   1.2005071e+03   5.6015983e-04
   1.2045325e+03   5.5546467e-04
   1.2085580e+03   5.5080886e-04
   1.2125834e+03   5.4619207e-04
   1.2166088e+03   5.4161398e-04
   1.2206342e+03   5.3707426e-04
   1.2246597e+03   5.3257259e-04
   1.2286851e+03   5.2810866e-04
   1.2327105e+03   5.2368214e-04
   1.2367359e+03   5.1929273e-04
   1.2407614e+03   5.1494010e-04
   1.2447868e+03   5.1062396e-04
   1.2488122e+03   5.0634399e-04
   1.2528376e+03   5.0209990e-04
   1.2568631e+03   4.9789139e-04
   1.2608885e+03   4.9371814e-04
   1.2649139e+03   4.8957988e-04
   1.2689393e+03   4.8547630e-04
   1.2729648e+03   4.8140712e-04
   1.2769902e+03   4.7737205e-04
   1.2810156e+03   4.7337080e-04
   1.2850410e+03   4.6940308e-04
   1.2890665e+03   4.6546862e-04
   1.2930919e+03   4.6156714e-04
   1.2971173e+03   4.5769837e-04
   1.3011427e+03   4.5386201e-04
   1.3051682e+03   4.5005782e-04
   1.3091936e+03   4.4628551e-04
   1.3132190e+03   4.4254482e-04
   1.3172444e+03   4.3883548e-04
   1.3212699e+03   4.3515724e-04
   1.3252953e+03   4.3150982e-04
   1.3293207e+03   4.2789298e-04
   1.3333461e+03   4.2430645e-04
   1.3373716e+03   4.2074999e-04
   1.3413970e+03   4.1722333e-04
   1.3454224e+03   4.1372623e-04
   1.3494478e+03   4.1025845e-04
   1.3534733e+03   4.0681973e-04
   1.3574987e+03   4.0340984e-04
   1.3615241e+03   4.0002852e-04
   1.3655495e+03   3.9667555e-04
   1.3695750e+03   3.9335068e-04
   1.3736004e+03   3.9005368e-04
   1.3776258e+03   3.8678432e-04
   1.3816513e+03   3.8354236e-04
   1.3856767e+03   3.8032757e-04
   1.3897021e+03   3.7713973e-04
   1.3937275e+03   3.7397861e-04
   1.3977530e+03   3.7084398e-04
   1.4017784e+03   3.6773563e-04
   1.4058038e+03   3.6465333e-04
   1.4098292e+03   3.6159687e-04
   1.4138547e+03   3.5856602e-04
   1.4178801e+03   3.5556058e-04
   1.4219055e+03   3.5258033e-04
   1.4259309e+03   3.4962506e-04
   1.4299564e+03   3.4669456e-04
   1.4339818e+03   3.4378863e-04
   1.4380072e+03   3.4090705e-04
   1.4420326e+03   3.3804962e-04
   1.4460581e+03   3.3521615e-04
   1.4500835e+03   3.3240642e-04
   1.4541089e+03   3.2962025e-04
   1.4581343e+03   3.2685742e-04
   1.4621598e+03   3.2411776e-04
   1.4661852e+03   3.2140106e-04
   1.4702106e+03   3.1870713e-04
   1.4742360e+03   3.1603578e-04
   1.4782615e+03   3.1338682e-04
   1.4822869e+03   3.1076007e-04
   1.4863123e+03   3.0815533e-04
   1.4903377e+03   3.0557242e-04
   1.4943632e+03   3.0301116e-04
   1.4983886e+03   3.0047137e-04
   1.5024140e+03   2.9795287e-04
   1.5064394e+03   2.9545548e-04
   1.5104649e+03   2.9297902e-04
   1.5144903e+03   2.9052332e-04
   1.5185157e+03   2.8808820e-04
   1.5225411e+03   2.8567350e-04
   1.5265666e+03   2.8327903e-04
   1.5305920e+03   2.8090463e-04
   1.5346174e+03   2.7855014e-04
   1.5386428e+03   2.7621538e-04
   1.5426683e+03   2.7390019e-04
   1.5466937e+03   2.7160440e-04
   1.5507191e+03   2.6932786e-04
   1.5547445e+03   2.6707040e-04
   1.5587700e+03   2.6483186e-04
   1.5627954e+03   2.6261208e-04
   1.5668208e+03   2.6041091e-04
   1.5708462e+03   2.5822819e-04
   1.5748717e+03   2.5606376e-04
   1.5788971e+03   2.5391748e-04
   1.5829225e+03   2.5178919e-04
   1.5869479e+03   2.4967873e-04
   1.5909734e+03   2.4758597e-04
   1.5949988e+03   2.4551074e-04
   1.5990242e+03   2.4345291e-04
   1.6030496e+03   2.4141233e-04
   1.6070751e+03   2.3938885e-04
   1.6111005e+03   2.3738234e-04
   1.6151259e+03   2.3539264e-04
   1.6191514e+03   2.3341961e-04
   1.6231768e+03   2.3146313e-04
   1.6272022e+03   2.2952305e-04
   1.6312276e+03   2.2759922e-04
   1.6352531e+03   2.2569152e-04
   1.6392785e+03   2.2379981e-04
   1.6433039e+03   2.2192396e-04
   1.6473293e+03   2.2006383e-04
   1.6513548e+03   2.1821929e-04
   1.6553802e+03   2.1639022e-04
   1.6594056e+03   2.1457647e-04
   1.6634310e+03   2.1277793e-04
   1.6674565e+03   2.1099446e-04
   1.6714819e+03   2.0922594e-04
   1.6755073e+03   2.0747224e-04
   1.6795327e+03   2.0573324e-04
   1.6835582e+03   2.0400882e-04
   1.6875836e+03   2.0229885e-04
   1.6916090e+03   2.0060322e-04
   1.6956344e+03   1.9892180e-04
   1.6996599e+03   1.9725447e-04
   1.7036853e+03   1.9560111e-04
   1.7077107e+03   1.9396162e-04
   1.7117361e+03   1.9233586e-04
   1.7157616e+03   1.9072374e-04
   1.7197870e+03   1.8912512e-04
   1.7238124e+03   1.8753991e-04
   1.7278378e+03   1.8596798e-04
   1.7318633e+03   1.8440923e-04
   1.7358887e+03   1.8286354e-04
   1.7399141e+03   1.8133081e-04
   1.7439395e+03   1.7981092e-04
   1.7479650e+03   1.7830378e-04
   1.7519904e+03   1.7680926e-04
   1.7560158e+03   1.7532728e-04
   1.7600412e+03   1.7385771e-04
   1.7640667e+03   1.7240047e-04
   1.7680921e+03   1.7095544e-04
   1.7721175e+03   1.6952252e-04
   1.7761429e+03   1.6810161e-04
   1.7801684e+03   1.6669261e-04
   1.7841938e+03   1.6529542e-04
   1.7882192e+03   1.6390994e-04
   1.7922446e+03   1.6253607e-04
   1.7962701e+03   1.6117372e-04
   1.8002955e+03   1.5982279e-04
   1.8043209e+03   1.5848318e-04
   1.8083463e+03   1.5715481e-04
   1.8123718e+03   1.5583756e-04
   1.8163972e+03   1.5453136e-04
   1.8204226e+03   1.5323610e-04
   1.8244480e+03   1.5195170e-04
   1.8284735e+03   1.5067807e-04
   1.8324989e+03   1.4941511e-04
   1.8365243e+03   1.4816274e-04
   1.8405497e+03   1.4692086e-04
   1.8445752e+03   1.4568939e-04
   1.8486006e+03   1.4446825e-04
   1.8526260e+03   1.4325734e-04
   1.8566515e+03   1.4205658e-04
   1.8606769e+03   1.4086589e-04
   1.8647023e+03   1.3968517e-04
   1.8687277e+03   1.3851436e-04
   1.8727532e+03   1.3735335e-04
   1.8767786e+03   1.3620208e-04
   1.8808040e+03   1.3506046e-04
   1.8848294e+03   1.3392840e-04
   1.8888549e+03   1.3280584e-04
   1.8928803e+03   1.3169268e-04
   1.8969057e+03   1.3058885e-04
   1.9009311e+03   1.2949428e-04
   1.9049566e+03   1.2840888e-04
   1.9089820e+03   1.2733258e-04
   1.9130074e+03   1.2626530e-04
   1.9170328e+03   1.2520696e-04
   1.9210583e+03   1.2415750e-04
   1.9250837e+03   1.2311683e-04
   1.9291091e+03   1.2208489e-04
   1.9331345e+03   1.2106159e-04
   1.9371600e+03   1.2004688e-04
   1.9411854e+03   1.1904066e-04
   1.9452108e+03   1.1804288e-04
   1.9492362e+03   1.1705347e-04
   1.9532617e+03   1.1607235e-04
   1.9572871e+03   1.1509945e-04
   1.9613125e+03   1.1413470e-04
   1.9653379e+03   1.1317804e-04
   1.9693634e+03   1.1222940e-04
   1.9733888e+03   1.1128872e-04
   1.9774142e+03   1.1035591e-04
   1.9814396e+03   1.0943093e-04
   1.9854651e+03   1.0851370e-04
   1.9894905e+03   1.0760415e-04
   1.9935159e+03   1.0670223e-04
   1.9975413e+03   1.0580787e-04
   2.0015668e+03   1.0492101e-04
   2.0055922e+03   1.0404158e-04
   2.0096176e+03   1.0316952e-04
   2.0136430e+03   1.0230477e-04
   2.0176685e+03   1.0144727e-04
   2.0216939e+03   1.0059695e-04
   2.0257193e+03   9.9753767e-05
   2.0297447e+03   9.8917648e-05
   2.0337702e+03   9.8088537e-05
   2.0377956e+03   9.7266375e-05
   2.0418210e+03   9.6451105e-05
   2.0458464e+03   9.5642668e-05
   2.0498719e+03   9.4841007e-05
   2.0538973e+03   9.4046065e-05
   2.0579227e+03   9.3257787e-05
   2.0619481e+03   9.2476116e-05
   2.0659736e+03   9.1700996e-05
   2.0699990e+03   9.0932374e-05
   2.0740244e+03   9.0170194e-05
   2.0780498e+03   8.9414403e-05
   2.0820753e+03   8.8664946e-05
   2.0861007e+03   8.7921771e-05
   2.0901261e+03   8.7184826e-05
   2.0941516e+03   8.6454057e-05
   2.0981770e+03   8.5729414e-05
   2.1022024e+03   8.5010844e-05
   2.1062278e+03   8.4298297e-05
   2.1102533e+03   8.3591723e-05
   2.1142787e+03   8.2891071e-05
   2.1183041e+03   8.2196292e-05
   2.1223295e+03   8.1507337e-05
   2.1263550e+03   8.0824156e-05
   2.1303804e+03   8.0146701e-05
   2.1344058e+03   7.9474925e-05
   2.1384312e+03   7.8808779e-05
   2.1424567e+03   7.8148217e-05
   2.1464821e+03   7.7493192e-05
   2.1505075e+03   7.6843657e-05
   2.1545329e+03   7.6199567e-05
   2.1585584e+03   7.5560875e-05
   2.1625838e+03   7.4927536e-05
   2.1666092e+03   7.4299506e-05
   2.1706346e+03   7.3676740e-05
   2.1746601e+03   7.3059194e-05
   2.1786855e+03   7.2446824e-05
   2.1827109e+03   7.1839587e-05
   2.1867363e+03   7.1237439e-05
   2.1907618e+03   7.0640339e-05
   2.1947872e+03   7.0048243e-05
   2.1988126e+03   6.9461111e-05
   2.2028380e+03   6.8878899e-05
   2.2068635e+03   6.8301568e-05
   2.2108889e+03   6.7729076e-05
   2.2149143e+03   6.7161382e-05
   2.2189397e+03   6.6598446e-05
   2.2229652e+03   6.6040229e-05
   2.2269906e+03   6.5486691e-05
   2.2310160e+03   6.4937793e-05
   2.2350414e+03   6.4393495e-05
   2.2390669e+03   6.3853760e-05
   2.2430923e+03   6.3318548e-05
   2.2471177e+03   6.2787823e-05
   2.2511431e+03   6.2261546e-05
   2.2551686e+03   6.1739680e-05
   2.2591940e+03   6.1222188e-05
   2.2632194e+03   6.0709034e-05
   2.2672448e+03   6.0200181e-05
   2.2712703e+03   5.9695593e-05
   2.2752957e+03   5.9195235e-05
   2.2793211e+03   5.8699070e-05
   2.2833465e+03   5.8207064e-05
   2.2873720e+03   5.7719182e-05
   2.2913974e+03   5.7235390e-05
   2.2954228e+03   5.6755652e-05
   2.2994482e+03   5.6279936e-05
   2.3034737e+03   5.5808207e-05
   2.3074991e+03   5.5340432e-05
   2.3115245e+03   5.4876578e-05
   2.3155499e+03   5.4416611e-05
   2.3195754e+03   5.3960500e-05
   2.3236008e+03   5.3508213e-05
   2.3276262e+03   5.3059716e-05
   2.3316517e+03   5.2614978e-05
   2.3356771e+03   5.2173968e-05
   2.3397025e+03   5.1736655e-05
   2.3437279e+03   5.1303007e-05
   2.3477534e+03   5.0872993e-05
   2.3517788e+03   5.0446585e-05
   2.3558042e+03   5.0023750e-05
   2.3598296e+03   4.9604459e-05
   2.3638551e+03   4.9188683e-05
   2.3678805e+03   4.8776391e-05
   2.3719059e+03   4.8367556e-05
   2.3759313e+03   4.7962147e-05
   2.3799568e+03   4.7560136e-05
   2.3839822e+03   4.7161495e-05
   2.3880076e+03   4.6766196e-05
   2.3920330e+03   4.6374209e-05
   2.3960585e+03   4.5985508e-05
   2.4000839e+03   4.5600065e-05
   2.4041093e+03   4.5217853e-05
   2.4081347e+03   4.4838845e-05
   2.4121602e+03   4.4463013e-05
   2.4161856e+03   4.4090332e-05
   2.4202110e+03   4.3720774e-05
   2.4242364e+03   4.3354314e-05
   2.4282619e+03   4.2990925e-05
   2.4322873e+03   4.2630582e-05
   2.4363127e+03   4.2273260e-05
   2.4403381e+03   4.1918932e-05
   2.4443636e+03   4.1567575e-05
   2.4483890e+03   4.1219163e-05
   2.4524144e+03   4.0873670e-05
   2.4564398e+03   4.0531074e-05
   2.4604653e+03   4.0191349e-05
   2.4644907e+03   3.9854472e-05
   2.4685161e+03   3.9520419e-05
   2.4725415e+03   3.9189165e-05
   2.4765670e+03   3.8860688e-05
   2.4805924e+03   3.8534964e-05
   2.4846178e+03   3.8211971e-05
   2.4886432e+03   3.7891684e-05
   2.4926687e+03   3.7574083e-05
   2.4966941e+03   3.7259143e-05
   2.5007195e+03   3.6946843e-05
   2.5047449e+03   3.6637161e-05
   2.5087704e+03   3.6330074e-05
   2.5127958e+03   3.6025562e-05
   2.5168212e+03   3.5723601e-05
   2.5208466e+03   3.5424172e-05
   2.5248721e+03   3.5127253e-05
   2.5288975e+03   3.4832822e-05
   2.5329229e+03   3.4540859e-05
   2.5369483e+03   3.4251343e-05
   2.5409738e+03   3.3964254e-05
   2.5449992e+03   3.3679572e-05
   2.5490246e+03   3.3397275e-05
   2.5530501e+03   3.3117345e-05
   2.5570755e+03   3.2839761e-05
   2.5611009e+03   3.2564503e-05
   2.5651263e+03   3.2291553e-05
   2.5691518e+03   3.2020891e-05
   2.5731772e+03   3.1752497e-05
   2.5772026e+03   3.1486353e-05
   2.5812280e+03   3.1222440e-05
   2.5852535e+03   3.0960738e-05
   2.5892789e+03   3.0701231e-05
   2.5933043e+03   3.0443898e-05
   2.5973297e+03   3.0188722e-05
   2.6013552e+03   2.9935686e-05
   2.6053806e+03   2.9684770e-05
   2.6094060e+03   2.9435957e-05
   2.6134314e+03   2.9189230e-05
   2.6174569e+03   2.8944570e-05
   2.6214823e+03   2.8701962e-05
   2.6255077e+03   2.8461387e-05
   2.6295331e+03   2.8222828e-05
   2.6335586e+03   2.7986269e-05
   2.6375840e+03   2.7751693e-05
   2.6416094e+03   2.7519083e-05
   2.6456348e+03   2.7288423e-05
   2.6496603e+03   2.7059696e-05
   2.6536857e+03   2.6832886e-05
   2.6577111e+03   2.6607977e-05
   2.6617365e+03   2.6384953e-05
   2.6657620e+03   2.6163799e-05
   2.6697874e+03   2.5944498e-05
   2.6738128e+03   2.5727036e-05
   2.6778382e+03   2.5511396e-05
   2.6818637e+03   2.5297564e-05
   2.6858891e+03   2.5085524e-05
   2.6899145e+03   2.4875261e-05
   2.6939399e+03   2.4666761e-05
   2.6979654e+03   2.4460008e-05
   2.7019908e+03   2.4254989e-05
   2.7060162e+03   2.4051688e-05
   2.7100416e+03   2.3850090e-05
   2.7140671e+03   2.3650183e-05
   2.7180925e+03   2.3451951e-05
   2.7221179e+03   2.3255381e-05
   2.7261433e+03   2.3060458e-05
   2.7301688e+03   2.2867169e-05
   2.7341942e+03   2.2675500e-05
   2.7382196e+03   2.2485438e-05
   2.7422450e+03   2.2296969e-05
   2.7462705e+03   2.2110079e-05
   2.7502959e+03   2.1924756e-05
   2.7543213e+03   2.1740987e-05
   2.7583467e+03   2.1558757e-05
   2.7623722e+03   2.1378056e-05
   2.7663976e+03   2.1198868e-05
   2.7704230e+03   2.1021183e-05
   2.7744484e+03   2.0844987e-05
   2.7784739e+03   2.0670268e-05
   2.7824993e+03   2.0497013e-05
   2.7865247e+03   2.0325210e-05
   2.7905502e+03   2.0154848e-05
   2.7945756e+03   1.9985913e-05
   2.7986010e+03   1.9818395e-05
   2.8026264e+03   1.9652280e-05
   2.8066519e+03   1.9487558e-05
   2.8106773e+03   1.9324217e-05
   2.8147027e+03   1.9162244e-05
   2.8187281e+03   1.9001630e-05
   2.8227536e+03   1.8842361e-05
   2.8267790e+03   1.8684428e-05
   2.8308044e+03   1.8527818e-05
   2.8348298e+03   1.8372521e-05
   2.8388553e+03   1.8218525e-05
   2.8428807e+03   1.8065821e-05
   2.8469061e+03   1.7914396e-05
   2.8509315e+03   1.7764241e-05
   2.8549570e+03   1.7615344e-05
   2.8589824e+03   1.7467695e-05
   2.8630078e+03   1.7321284e-05
   2.8670332e+03   1.7176099e-05
   2.8710587e+03   1.7032132e-05
   2.8750841e+03   1.6889372e-05
   2.8791095e+03   1.6747808e-05
   2.8831349e+03   1.6607431e-05
   2.8871604e+03   1.6468230e-05
   2.8911858e+03   1.6330196e-05
   2.8952112e+03   1.6193319e-05
   2.8992366e+03   1.6057589e-05
   2.9032621e+03   1.5922997e-05
   2.9072875e+03   1.5789533e-05
   2.9113129e+03   1.5657188e-05
   2.9153383e+03   1.5525952e-05
   2.9193638e+03   1.5395816e-05
   2.9233892e+03   1.5266771e-05
   2.9274146e+03   1.5138808e-05
   2.9314400e+03   1.5011917e-05
   2.9354655e+03   1.4886089e-05
   2.9394909e+03   1.4761317e-05
   2.9435163e+03   1.4637590e-05
   2.9475417e+03   1.4514900e-05
   2.9515672e+03   1.4393238e-05
   2.9555926e+03   1.4272597e-05
   2.9596180e+03   1.4152966e-05
   2.9636434e+03   1.4034338e-05
   2.9676689e+03   1.3916705e-05
   2.9716943e+03   1.3800057e-05
   2.9757197e+03   1.3684388e-05
   2.9797451e+03   1.3569687e-05
   2.9837706e+03   1.3455949e-05
   2.9877960e+03   1.3343163e-05
   2.9918214e+03   1.3231323e-05
   2.9958468e+03   1.3120420e-05
   2.9998723e+03   1.3010447e-05
   3.0038977e+03   1.2901396e-05
   3.0079231e+03   1.2793258e-05
   3.0119485e+03   1.2686027e-05
   3.0159740e+03   1.2579695e-05
   3.0199994e+03   1.2474254e-05
   3.0240248e+03   1.2369697e-05
   3.0280503e+03   1.2266016e-05
   3.0320757e+03   1.2163205e-05
   3.0361011e+03   1.2061255e-05
   3.0401265e+03   1.1960159e-05
   3.0441520e+03   1.1859911e-05
   3.0481774e+03   1.1760503e-05
   3.0522028e+03   1.1661929e-05
   3.0562282e+03   1.1564181e-05
   3.0602537e+03   1.1467252e-05
   3.0642791e+03   1.1371135e-05
   3.0683045e+03   1.1275824e-05
   3.0723299e+03   1.1181312e-05
   3.0763554e+03   1.1087592e-05
   3.0803808e+03   1.0994658e-05
   3.0844062e+03   1.0902502e-05
   3.0884316e+03   1.0811119e-05
   3.0924571e+03   1.0720502e-05
   3.0964825e+03   1.0630645e-05
   3.1005079e+03   1.0541541e-05
   3.1045333e+03   1.0453183e-05
   3.1085588e+03   1.0365566e-05
   3.1125842e+03   1.0278684e-05
   3.1166096e+03   1.0192530e-05
   3.1206350e+03   1.0107098e-05
   3.1246605e+03   1.0022382e-05
   3.1286859e+03   9.9383757e-06
   3.1327113e+03   9.8550739e-06
   3.1367367e+03   9.7724703e-06
   3.1407622e+03   9.6905591e-06
   3.1447876e+03   9.6093345e-06
   3.1488130e+03   9.5287906e-06
   3.1528384e+03   9.4489219e-06
   3.1568639e+03   9.3697226e-06
   3.1608893e+03   9.2911872e-06
   3.1649147e+03   9.2133100e-06
   3.1689401e+03   9.1360856e-06
   3.1729656e+03   9.0595084e-06
   3.1769910e+03   8.9835732e-06
   3.1810164e+03   8.9082744e-06
   3.1850418e+03   8.8336067e-06
   3.1890673e+03   8.7595649e-06
   3.1930927e+03   8.6861437e-06
   3.1971181e+03   8.6133379e-06
   3.2011435e+03   8.5411423e-06
   3.2051690e+03   8.4695519e-06
   3.2091944e+03   8.3985615e-06
   3.2132198e+03   8.3281662e-06
   3.2172452e+03   8.2583609e-06
   3.2212707e+03   8.1891407e-06
   3.2252961e+03   8.1205007e-06
   3.2293215e+03   8.0524360e-06
   3.2333469e+03   7.9849418e-06
   3.2373724e+03   7.9180134e-06
   3.2413978e+03   7.8516459e-06
   3.2454232e+03   7.7858347e-06
   3.2494486e+03   7.7205752e-06
   3.2534741e+03   7.6558626e-06
   3.2574995e+03   7.5916924e-06
   3.2615249e+03   7.5280601e-06
   3.2655504e+03   7.4649612e-06
   3.2695758e+03   7.4023912e-06
   3.2736012e+03   7.3403455e-06
   3.2776266e+03   7.2788200e-06
   3.2816521e+03   7.2178101e-06
   3.2856775e+03   7.1573117e-06
   3.2897029e+03   7.0973203e-06
   3.2937283e+03   7.0378317e-06
   3.2977538e+03   6.9788418e-06
   3.3017792e+03   6.9203463e-06
   3.3058046e+03   6.8623411e-06
   3.3098300e+03   6.8048221e-06
   3.3138555e+03   6.7477853e-06
   3.3178809e+03   6.6912265e-06
   3.3219063e+03   6.6351417e-06
   3.3259317e+03   6.5795271e-06
   3.3299572e+03   6.5243786e-06
   3.3339826e+03   6.4696923e-06
   3.3380080e+03   6.4154644e-06
   3.3420334e+03   6.3616911e-06
   3.3460589e+03   6.3083685e-06
   3.3500843e+03   6.2554928e-06
   3.3541097e+03   6.2030603e-06
   3.3581351e+03   6.1510673e-06
   3.3621606e+03   6.0995100e-06
   3.3661860e+03   6.0483850e-06
   3.3702114e+03   5.9976884e-06
   3.3742368e+03   5.9474168e-06
   3.3782623e+03   5.8975666e-06
   3.3822877e+03   5.8481341e-06
   3.3863131e+03   5.7991161e-06
   3.3903385e+03   5.7505088e-06
   3.3943640e+03   5.7023090e-06
   3.3983894e+03   5.6545132e-06
   3.4024148e+03   5.6071180e-06
   3.4064402e+03   5.5601201e-06
   3.4104657e+03   5.5135161e-06
   3.4144911e+03   5.4673028e-06
   3.4185165e+03   5.4214767e-06
   3.4225419e+03   5.3760348e-06
   3.4265674e+03   5.3309738e-06
   3.4305928e+03   5.2862905e-06
   3.4346182e+03   5.2419817e-06
   3.4386436e+03   5.1980443e-06
   3.4426691e+03   5.1544751e-06
   3.4466945e+03   5.1112712e-06
   3.4507199e+03   5.0684294e-06
   3.4547453e+03   5.0259466e-06
   3.4587708e+03   4.9838200e-06
   3.4627962e+03   4.9420464e-06
   3.4668216e+03   4.9006230e-06
   3.4708470e+03   4.8595468e-06
   3.4748725e+03   4.8188149e-06
   3.4788979e+03   4.7784244e-06
   3.4829233e+03   4.7383725e-06
   3.4869487e+03   4.6986562e-06
   3.4909742e+03   4.6592729e-06
   3.4949996e+03   4.6202196e-06
   3.4990250e+03   4.5814937e-06
   3.5030505e+03   4.5430924e-06
   3.5070759e+03   4.5050130e-06
   3.5111013e+03   4.4672527e-06
   3.5151267e+03   4.4298089e-06
   3.5191522e+03   4.3926790e-06
   3.5231776e+03   4.3558603e-06
   3.5272030e+03   4.3193502e-06
   3.5312284e+03   4.2831462e-06
   3.5352539e+03   4.2472455e-06
   3.5392793e+03   4.2116458e-06
   3.5433047e+03   4.1763445e-06
   3.5473301e+03   4.1413391e-06
   3.5513556e+03   4.1066271e-06
   3.5553810e+03   4.0722060e-06
   3.5594064e+03   4.0380735e-06
   3.5634318e+03   4.0042270e-06
   3.5674573e+03   3.9706643e-06
   3.5714827e+03   3.9373828e-06
   3.5755081e+03   3.9043803e-06
   3.5795335e+03   3.8716545e-06
   3.5835590e+03   3.8392029e-06
   3.5875844e+03   3.8070234e-06
   3.5916098e+03   3.7751135e-06
   3.5956352e+03   3.7434712e-06
   3.5996607e+03   3.7120940e-06
   3.6036861e+03   3.6809799e-06
   3.6077115e+03   3.6501265e-06
   3.6117369e+03   3.6195318e-06
   3.6157624e+03   3.5891934e-06
   3.6197878e+03   3.5591094e-06
   3.6238132e+03   3.5292776e-06
   3.6278386e+03   3.4996958e-06
   3.6318641e+03   3.4703619e-06
   3.6358895e+03   3.4412739e-06
   3.6399149e+03   3.4124297e-06
   3.6439403e+03   3.3838273e-06
   3.6479658e+03   3.3554646e-06
   3.6519912e+03   3.3273397e-06
   3.6560166e+03   3.2994505e-06
   3.6600420e+03   3.2717950e-06
   3.6640675e+03   3.2443714e-06
   3.6680929e+03   3.2171776e-06
   3.6721183e+03   3.1902118e-06
   3.6761437e+03   3.1634720e-06
   3.6801692e+03   3.1369563e-06
   3.6841946e+03   3.1106628e-06
   3.6882200e+03   3.0845898e-06
   3.6922454e+03   3.0587352e-06
   3.6962709e+03   3.0330974e-06
   3.7002963e+03   3.0076745e-06
   3.7043217e+03   2.9824647e-06
   3.7083471e+03   2.9574662e-06
   3.7123726e+03   2.9326772e-06
   3.7163980e+03   2.9080960e-06
   3.7204234e+03   2.8837208e-06
   3.7244488e+03   2.8595499e-06
   3.7284743e+03   2.8355817e-06
   3.7324997e+03   2.8118143e-06
   3.7365251e+03   2.7882461e-06
   3.7405506e+03   2.7648755e-06
   3.7445760e+03   2.7417008e-06
   3.7486014e+03   2.7187203e-06
   3.7526268e+03   2.6959325e-06
   3.7566523e+03   2.6733356e-06
   3.7606777e+03   2.6509282e-06
   3.7647031e+03   2.6287085e-06
   3.7687285e+03   2.6066751e-06
   3.7727540e+03   2.5848264e-06
   3.7767794e+03   2.5631608e-06
   3.7808048e+03   2.5416769e-06
   3.7848302e+03   2.5203729e-06
   3.7888557e+03   2.4992476e-06
   3.7928811e+03   2.4782993e-06
   3.7969065e+03   2.4575266e-06
   3.8009319e+03   2.4369281e-06
   3.8049574e+03   2.4165021e-06
   3.8089828e+03   2.3962474e-06
   3.8130082e+03   2.3761625e-06
   3.8170336e+03   2.3562459e-06
   3.8210591e+03   2.3364962e-06
   3.8250845e+03   2.3169121e-06
   3.8291099e+03   2.2974921e-06
   3.8331353e+03   2.2782349e-06
   3.8371608e+03   2.2591391e-06
   3.8411862e+03   2.2402034e-06
   3.8452116e+03   2.2214264e-06
   3.8492370e+03   2.2028068e-06
   3.8532625e+03   2.1843432e-06
   3.8572879e+03   2.1660344e-06
   3.8613133e+03   2.1478791e-06
   3.8653387e+03   2.1298759e-06
   3.8693642e+03   2.1120237e-06
   3.8733896e+03   2.0943210e-06
   3.8774150e+03   2.0767668e-06
   3.8814404e+03   2.0593597e-06
   3.8854659e+03   2.0420985e-06
   3.8894913e+03   2.0249819e-06
   3.8935167e+03   2.0080089e-06
   3.8975421e+03   1.9911781e-06
   3.9015676e+03   1.9744884e-06
   3.9055930e+03   1.9579385e-06
   3.9096184e+03   1.9415274e-06
   3.9136438e+03   1.9252539e-06
   3.9176693e+03   1.9091167e-06
   3.9216947e+03   1.8931148e-06
   3.9257201e+03   1.8772470e-06
   3.9297455e+03   1.8615123e-06
   3.9337710e+03   1.8459094e-06
   3.9377964e+03   1.8304373e-06
   3.9418218e+03   1.8150949e-06
   3.9458472e+03   1.7998810e-06
   3.9498727e+03   1.7847947e-06
   3.9538981e+03   1.7698349e-06
   3.9579235e+03   1.7550004e-06
   3.9619489e+03   1.7402903e-06
   3.9659744e+03   1.7257035e-06
   3.9699998e+03   1.7112389e-06
   3.9740252e+03   1.6968956e-06
   3.9780507e+03   1.6826725e-06
   3.9820761e+03   1.6685686e-06
   3.9861015e+03   1.6545830e-06
   3.9901269e+03   1.6407145e-06
   3.9941524e+03   1.6269623e-06
   3.9981778e+03   1.6133254e-06
   4.0022032e+03   1.5998028e-06
   4.0062286e+03   1.5863935e-06
   4.0102541e+03   1.5730966e-06
   4.0142795e+03   1.5599112e-06
   4.0183049e+03   1.5468363e-06
   4.0223303e+03   1.5338710e-06
   4.0263558e+03   1.5210143e-06
   4.0303812e+03   1.5082654e-06
   4.0344066e+03   1.4956234e-06
   4.0384320e+03   1.4830873e-06
   4.0424575e+03   1.4706563e-06
   4.0464829e+03   1.4583295e-06
   4.0505083e+03   1.4461061e-06
   4.0545337e+03   1.4339850e-06
   4.0585592e+03   1.4219656e-06
   4.0625846e+03   1.4100469e-06
   4.0666100e+03   1.3982282e-06
   4.0706354e+03   1.3865085e-06
   4.0746609e+03   1.3748870e-06
   4.0786863e+03   1.3633629e-06
   4.0827117e+03   1.3519354e-06
   4.0867371e+03   1.3406037e-06
   4.0907626e+03   1.3293670e-06
   4.0947880e+03   1.3182245e-06
   4.0988134e+03   1.3071753e-06
   4.1028388e+03   1.2962188e-06
   4.1068643e+03   1.2853541e-06
   4.1108897e+03   1.2745805e-06
   4.1149151e+03   1.2638972e-06
   4.1189405e+03   1.2533034e-06
   4.1229660e+03   1.2427984e-06
   4.1269914e+03   1.2323815e-06
   4.1310168e+03   1.2220519e-06
   4.1350422e+03   1.2118088e-06
   4.1390677e+03   1.2016517e-06
   4.1430931e+03   1.1915796e-06
   4.1471185e+03   1.1815920e-06
   4.1511439e+03   1.1716881e-06
   4.1551694e+03   1.1618672e-06
   4.1591948e+03   1.1521286e-06
   4.1632202e+03   1.1424717e-06
   4.1672456e+03   1.1328957e-06
   4.1712711e+03   1.1233999e-06
   4.1752965e+03   1.1139838e-06
   4.1793219e+03   1.1046466e-06
   4.1833473e+03   1.0953876e-06
   4.1873728e+03   1.0862062e-06
   4.1913982e+03   1.0771018e-06
   4.1954236e+03   1.0680738e-06
   4.1994490e+03   1.0591213e-06
   4.2034745e+03   1.0502440e-06
   4.2074999e+03   1.0414410e-06
   4.2115253e+03   1.0327118e-06
   4.2155508e+03   1.0240558e-06
   4.2195762e+03   1.0154723e-06
   4.2236016e+03   1.0069608e-06
   4.2276270e+03   9.9852063e-07
   4.2316525e+03   9.9015119e-07
   4.2356779e+03   9.8185191e-07
   4.2397033e+03   9.7362219e-07
   4.2437287e+03   9.6546146e-07
   4.2477542e+03   9.5736912e-07
   4.2517796e+03   9.4934461e-07
   4.2558050e+03   9.4138736e-07
   4.2598304e+03   9.3349681e-07
   4.2638559e+03   9.2567240e-07
   4.2678813e+03   9.1791357e-07
   4.2719067e+03   9.1021977e-07
   4.2759321e+03   9.0259046e-07
   4.2799576e+03   8.9502510e-07
   4.2839830e+03   8.8752315e-07
   4.2880084e+03   8.8008408e-07
   4.2920338e+03   8.7270736e-07
   4.2960593e+03   8.6539247e-07
   4.3000847e+03   8.5813890e-07
   4.3041101e+03   8.5094612e-07
   4.3081355e+03   8.4381363e-07
   4.3121610e+03   8.3674093e-07
   4.3161864e+03   8.2972750e-07
   4.3202118e+03   8.2277287e-07
   4.3242372e+03   8.1587652e-07
   4.3282627e+03   8.0903798e-07
   4.3322881e+03   8.0225676e-07
   4.3363135e+03   7.9553238e-07
   4.3403389e+03   7.8886436e-07
   4.3443644e+03   7.8225223e-07
   4.3483898e+03   7.7569552e-07
   4.3524152e+03   7.6919377e-07
   4.3564406e+03   7.6274652e-07
   4.3604661e+03   7.5635331e-07
   4.3644915e+03   7.5001368e-07
   4.3685169e+03   7.4372719e-07
   4.3725423e+03   7.3749339e-07
   4.3765678e+03   7.3131185e-07
   4.3805932e+03   7.2518211e-07
   4.3846186e+03   7.1910376e-07
   4.3886440e+03   7.1307635e-07
   4.3926695e+03   7.0709946e-07
   4.3966949e+03   7.0117268e-07
   4.4007203e+03   6.9529556e-07
   4.4047457e+03   6.8946771e-07
   4.4087712e+03   6.8368871e-07
   4.4127966e+03   6.7795815e-07
   4.4168220e+03   6.7227561e-07
   4.4208474e+03   6.6664071e-07
   4.4248729e+03   6.6105304e-07
   4.4288983e+03   6.5551220e-07
   4.4329237e+03   6.5001781e-07
   4.4369491e+03   6.4456947e-07
   4.4409746e+03   6.3916680e-07
   4.4450000e+03   6.3380941e-07
