   3.5522000e+02   1.6268119e-05
   3.5609600e+02   1.7187629e-05
   3.5697200e+02   1.8154058e-05
   3.5784800e+02   1.9169492e-05
   3.5872400e+02   2.0236096e-05
   3.5960001e+02   2.1356109e-05
   3.6047601e+02   2.2531848e-05
   3.6135201e+02   2.3765715e-05
   3.6222801e+02   2.5060191e-05
   3.6310401e+02   2.6417841e-05
   3.6398001e+02   2.7841319e-05
   3.6485601e+02   2.9333362e-05
   3.6573201e+02   3.0896801e-05
   3.6660801e+02   3.2534555e-05
   3.6748401e+02   3.4249636e-05
   3.6836002e+02   3.6045150e-05
   3.6923602e+02   3.7924298e-05
   3.7011202e+02   3.9890379e-05
   3.7098802e+02   4.1946791e-05
   3.7186402e+02   4.4097028e-05
   3.7274002e+02   4.6344689e-05
   3.7361602e+02   4.8693474e-05
   3.7449202e+02   5.1147184e-05
   3.7536802e+02   5.3709726e-05
   3.7624402e+02   5.6385113e-05
   3.7712003e+02   5.9177462e-05
   3.7799603e+02   6.2090999e-05
   3.7887203e+02   6.5130055e-05
   3.7974803e+02   6.8299070e-05
   3.8062403e+02   7.1602593e-05
   3.8150003e+02   7.5045280e-05
   3.8237603e+02   7.8631898e-05
   3.8325203e+02   8.2367321e-05
   3.8412803e+02   8.6256531e-05
   3.8500403e+02   9.0304621e-05
   3.8588004e+02   9.4516790e-05
   3.8675604e+02   9.8898346e-05
   3.8763204e+02   1.0345470e-04
   3.8850804e+02   1.0819137e-04
   3.8938404e+02   1.1311399e-04
   3.9026004e+02   1.1822827e-04
   3.9113604e+02   1.2354006e-04
   3.9201204e+02   1.2905527e-04
   3.9288804e+02   1.3477994e-04
   3.9376404e+02   1.4072018e-04
   3.9464005e+02   1.4688222e-04
   3.9551605e+02   1.5327237e-04
   3.9639205e+02   1.5989702e-04
   3.9726805e+02   1.6676265e-04
   3.9814405e+02   1.7387584e-04
   3.9902005e+02   1.8124322e-04
   3.9989605e+02   1.8887153e-04
   4.0077205e+02   1.9676754e-04
   4.0164805e+02   2.0493812e-04
   4.0252405e+02   2.1339019e-04
   4.0340006e+02   2.2213073e-04
   4.0427606e+02   2.3116678e-04
   4.0515206e+02   2.4050542e-04
   4.0602806e+02   2.5015377e-04
   4.0690406e+02   2.6011900e-04
   4.0778006e+02   2.7040830e-04
   4.0865606e+02   2.8102888e-04
   4.0953206e+02   2.9198800e-04
   4.1040806e+02   3.0329289e-04
   4.1128406e+02   3.1495082e-04
   4.1216007e+02   3.2696903e-04
   4.1303607e+02   3.3935477e-04
   4.1391207e+02   3.5211526e-04
   4.1478807e+02   3.6525771e-04
   4.1566407e+02   3.7878928e-04
   4.1654007e+02   3.9271710e-04
   4.1741607e+02   4.0704824e-04
   4.1829207e+02   4.2178971e-04
   4.1916807e+02   4.3694848e-04
   4.2004407e+02   4.5253140e-04
   4.2092008e+02   4.6854526e-04
   4.2179608e+02   4.8499674e-04
   4.2267208e+02   5.0189243e-04
   4.2354808e+02   5.1923878e-04
   4.2442408e+02   5.3704214e-04
   4.2530008e+02   5.5530870e-04
   4.2617608e+02   5.7404451e-04
   4.2705208e+02   5.9325547e-04
   4.2792808e+02   6.1294730e-04
   4.2880408e+02   6.3312554e-04
   4.2968009e+02   6.5379556e-04
   4.3055609e+02   6.7496249e-04
   4.3143209e+02   6.9663128e-04
   4.3230809e+02   7.1880666e-04
   4.3318409e+02   7.4149309e-04
   4.3406009e+02   7.6469481e-04
   4.3493609e+02   7.8841580e-04
   4.3581209e+02   8.1265978e-04
   4.3668809e+02   8.3743017e-04
   4.3756409e+02   8.6273012e-04
   4.3844010e+02   8.8856246e-04
   4.3931610e+02   9.1492972e-04
   4.4019210e+02   9.4183412e-04
   4.4106810e+02   9.6927752e-04
   4.4194410e+02   9.9726146e-04
   4.4282010e+02   1.0257871e-03
   4.4369610e+02   1.0548553e-03
   4.4457210e+02   1.0844664e-03
   4.4544810e+02   1.1146206e-03
   4.4632410e+02   1.1453175e-03
   4.4720011e+02   1.1765563e-03
   4.4807611e+02   1.2083360e-03
   4.4895211e+02   1.2406549e-03
   4.4982811e+02   1.2735110e-03
   4.5070411e+02   1.3069021e-03
   4.5158011e+02   1.3408251e-03
   4.5245611e+02   1.3752768e-03
   4.5333211e+02   1.4102535e-03
   4.5420811e+02   1.4457508e-03
   4.5508411e+02   1.4817642e-03
   4.5596012e+02   1.5182884e-03
   4.5683612e+02   1.5553179e-03
   4.5771212e+02   1.5928465e-03
   4.5858812e+02   1.6308676e-03
   4.5946412e+02   1.6693742e-03
   4.6034012e+02   1.7083586e-03
   4.6121612e+02   1.7478130e-03
   4.6209212e+02   1.7877286e-03
   4.6296812e+02   1.8280964e-03
   4.6384412e+02   1.8689070e-03
   4.6472013e+02   1.9101504e-03
   4.6559613e+02   1.9518159e-03
   4.6647213e+02   1.9938926e-03
   4.6734813e+02   2.0363691e-03
   4.6822413e+02   2.0792333e-03
   4.6910013e+02   2.1224729e-03
   4.6997613e+02   2.1660749e-03
   4.7085213e+02   2.2100259e-03
   4.7172813e+02   2.2543121e-03
   4.7260413e+02   2.2989192e-03
   4.7348014e+02   2.3438324e-03
   4.7435614e+02   2.3890366e-03
   4.7523214e+02   2.4345161e-03
   4.7610814e+02   2.4802549e-03
   4.7698414e+02   2.5262364e-03
   4.7786014e+02   2.5724440e-03
   4.7873614e+02   2.6188601e-03
   4.7961214e+02   2.6654674e-03
   4.8048814e+02   2.7122476e-03
   4.8136414e+02   2.7591826e-03
   4.8224015e+02   2.8062535e-03
   4.8311615e+02   2.8534413e-03
   4.8399215e+02   2.9007267e-03
   4.8486815e+02   2.9480901e-03
   4.8574415e+02   2.9955114e-03
   4.8662015e+02   3.0429706e-03
   4.8749615e+02   3.0904471e-03
   4.8837215e+02   3.1379204e-03
   4.8924815e+02   3.1853694e-03
   4.9012415e+02   3.2327732e-03
   4.9100016e+02   3.2801104e-03
   4.9187616e+02   3.3273597e-03
   4.9275216e+02   3.3744995e-03
   4.9362816e+02   3.4215080e-03
   4.9450416e+02   3.4683636e-03
   4.9538016e+02   3.5150443e-03
   4.9625616e+02   3.5615282e-03
   4.9713216e+02   3.6077934e-03
   4.9800816e+02   3.6538179e-03
   4.9888416e+02   3.6995797e-03
   4.9976017e+02   3.7450569e-03
   5.0063617e+02   3.7902275e-03
   5.0151217e+02   3.8350697e-03
   5.0238817e+02   3.8795618e-03
   5.0326417e+02   3.9236821e-03
   5.0414017e+02   3.9674091e-03
   5.0501617e+02   4.0107214e-03
   5.0589217e+02   4.0535978e-03
   5.0676817e+02   4.0960174e-03
   5.0764417e+02   4.1379592e-03
   5.0852018e+02   4.1794029e-03
   5.0939618e+02   4.2203281e-03
   5.1027218e+02   4.2607147e-03
   5.1114818e+02   4.3005430e-03
   5.1202418e+02   4.3397936e-03
   5.1290018e+02   4.3784474e-03
   5.1377618e+02   4.4164857e-03
   5.1465218e+02   4.4538901e-03
   5.1552818e+02   4.4906427e-03
   5.1640418e+02   4.5267257e-03
   5.1728019e+02   4.5621222e-03
   5.1815619e+02   4.5968153e-03
   5.1903219e+02   4.6307888e-03
   5.1990819e+02   4.6640269e-03
   5.2078419e+02   4.6965143e-03
   5.2166019e+02   4.7282362e-03
   5.2253619e+02   4.7591783e-03
   5.2341219e+02   4.7893267e-03
   5.2428819e+02   4.8186682e-03
   5.2516419e+02   4.8471902e-03
   5.2604020e+02   4.8748805e-03
   5.2691620e+02   4.9017275e-03
   5.2779220e+02   4.9277202e-03
   5.2866820e+02   4.9528482e-03
   5.2954420e+02   4.9771017e-03
   5.3042020e+02   5.0004714e-03
   5.3129620e+02   5.0229488e-03
   5.3217220e+02   5.0445259e-03
   5.3304820e+02   5.0651952e-03
   5.3392420e+02   5.0849501e-03
   5.3480021e+02   5.1037843e-03
   5.3567621e+02   5.1216924e-03
   5.3655221e+02   5.1386695e-03
   5.3742821e+02   5.1547114e-03
   5.3830421e+02   5.1698143e-03
   5.3918021e+02   5.1839754e-03
   5.4005621e+02   5.1971923e-03
   5.4093221e+02   5.2094632e-03
   5.4180821e+02   5.2207870e-03
   5.4268421e+02   5.2311633e-03
   5.4356022e+02   5.2405922e-03
   5.4443622e+02   5.2490743e-03
   5.4531222e+02   5.2566111e-03
   5.4618822e+02   5.2632045e-03
   5.4706422e+02   5.2688570e-03
   5.4794022e+02   5.2735718e-03
   5.4881622e+02   5.2773524e-03
   5.4969222e+02   5.2802033e-03
   5.5056822e+02   5.2821292e-03
   5.5144422e+02   5.2831355e-03
   5.5232023e+02   5.2832280e-03
   5.5319623e+02   5.2824133e-03
   5.5407223e+02   5.2806983e-03
   5.5494823e+02   5.2780904e-03
   5.5582423e+02   5.2745976e-03
   5.5670023e+02   5.2702282e-03
   5.5757623e+02   5.2649913e-03
   5.5845223e+02   5.2588961e-03
   5.5932823e+02   5.2519524e-03
   5.6020423e+02   5.2441704e-03
   5.6108024e+02   5.2355607e-03
   5.6195624e+02   5.2261343e-03
   5.6283224e+02   5.2159026e-03
   5.6370824e+02   5.2048774e-03
   5.6458424e+02   5.1930707e-03
   5.6546024e+02   5.1804950e-03
   5.6633624e+02   5.1671629e-03
   5.6721224e+02   5.1530877e-03
   5.6808824e+02   5.1382825e-03
   5.6896424e+02   5.1227609e-03
   5.6984025e+02   5.1065369e-03
   5.7071625e+02   5.0896245e-03
   5.7159225e+02   5.0720380e-03
   5.7246825e+02   5.0537919e-03
   5.7334425e+02   5.0349009e-03
   5.7422025e+02   5.0153799e-03
   5.7509625e+02   4.9952439e-03
   5.7597225e+02   4.9745080e-03
   5.7684825e+02   4.9531875e-03
   5.7772425e+02   4.9312979e-03
   5.7860026e+02   4.9088546e-03
   5.7947626e+02   4.8858731e-03
   5.8035226e+02   4.8623691e-03
   5.8122826e+02   4.8383583e-03
   5.8210426e+02   4.8138564e-03
   5.8298026e+02   4.7888790e-03
   5.8385626e+02   4.7634420e-03
   5.8473226e+02   4.7375611e-03
   5.8560826e+02   4.7112518e-03
   5.8648426e+02   4.6845300e-03
   5.8736027e+02   4.6574112e-03
   5.8823627e+02   4.6299110e-03
   5.8911227e+02   4.6020449e-03
   5.8998827e+02   4.5738282e-03
   5.9086427e+02   4.5452763e-03
   5.9174027e+02   4.5164044e-03
   5.9261627e+02   4.4872276e-03
   5.9349227e+02   4.4577607e-03
   5.9436827e+02   4.4280187e-03
   5.9524427e+02   4.3980162e-03
   5.9612028e+02   4.3677677e-03
   5.9699628e+02   4.3372876e-03
   5.9787228e+02   4.3065901e-03
   5.9874828e+02   4.2756891e-03
   5.9962428e+02   4.2445985e-03
   6.0050028e+02   4.2133319e-03
   6.0137628e+02   4.1819027e-03
   6.0225228e+02   4.1503242e-03
   6.0312828e+02   4.1186092e-03
   6.0400428e+02   4.0867707e-03
   6.0488029e+02   4.0548211e-03
   6.0575629e+02   4.0227729e-03
   6.0663229e+02   3.9906380e-03
   6.0750829e+02   3.9584284e-03
   6.0838429e+02   3.9261557e-03
   6.0926029e+02   3.8938312e-03
   6.1013629e+02   3.8614661e-03
   6.1101229e+02   3.8290713e-03
   6.1188829e+02   3.7966574e-03
   6.1276429e+02   3.7642348e-03
   6.1364030e+02   3.7318136e-03
   6.1451630e+02   3.6994037e-03
   6.1539230e+02   3.6670147e-03
   6.1626830e+02   3.6346560e-03
   6.1714430e+02   3.6023367e-03
   6.1802030e+02   3.5700656e-03
   6.1889630e+02   3.5378514e-03
   6.1977230e+02   3.5057023e-03
   6.2064830e+02   3.4736266e-03
   6.2152430e+02   3.4416319e-03
   6.2240031e+02   3.4097259e-03
   6.2327631e+02   3.3779160e-03
   6.2415231e+02   3.3462091e-03
   6.2502831e+02   3.3146122e-03
   6.2590431e+02   3.2831319e-03
   6.2678031e+02   3.2517745e-03
   6.2765631e+02   3.2205461e-03
   6.2853231e+02   3.1894526e-03
   6.2940831e+02   3.1584996e-03
   6.3028431e+02   3.1276927e-03
   6.3116032e+02   3.0970369e-03
   6.3203632e+02   3.0665372e-03
   6.3291232e+02   3.0361985e-03
   6.3378832e+02   3.0060251e-03
   6.3466432e+02   2.9760215e-03
   6.3554032e+02   2.9461918e-03
   6.3641632e+02   2.9165398e-03
   6.3729232e+02   2.8870693e-03
   6.3816832e+02   2.8577837e-03
   6.3904432e+02   2.8286864e-03
   6.3992033e+02   2.7997806e-03
   6.4079633e+02   2.7710691e-03
   6.4167233e+02   2.7425547e-03
   6.4254833e+02   2.7142401e-03
   6.4342433e+02   2.6861276e-03
   6.4430033e+02   2.6582194e-03
   6.4517633e+02   2.6305177e-03
   6.4605233e+02   2.6030243e-03
   6.4692833e+02   2.5757411e-03
   6.4780433e+02   2.5486696e-03
   6.4868034e+02   2.5218114e-03
   6.4955634e+02   2.4951677e-03
   6.5043234e+02   2.4687398e-03
   6.5130834e+02   2.4425287e-03
   6.5218434e+02   2.4165353e-03
   6.5306034e+02   2.3907605e-03
   6.5393634e+02   2.3652048e-03
   6.5481234e+02   2.3398690e-03
   6.5568834e+02   2.3147533e-03
   6.5656434e+02   2.2898583e-03
   6.5744035e+02   2.2651840e-03
   6.5831635e+02   2.2407307e-03
   6.5919235e+02   2.2164983e-03
   6.6006835e+02   2.1924869e-03
   6.6094435e+02   2.1686962e-03
   6.6182035e+02   2.1451260e-03
   6.6269635e+02   2.1217761e-03
   6.6357235e+02   2.0986459e-03
   6.6444835e+02   2.0757350e-03
   6.6532435e+02   2.0530430e-03
   6.6620036e+02   2.0305691e-03
   6.6707636e+02   2.0083126e-03
   6.6795236e+02   1.9862728e-03
   6.6882836e+02   1.9644490e-03
   6.6970436e+02   1.9428401e-03
   6.7058036e+02   1.9214454e-03
   6.7145636e+02   1.9002638e-03
   6.7233236e+02   1.8792943e-03
   6.7320836e+02   1.8585357e-03
   6.7408436e+02   1.8379871e-03
   6.7496037e+02   1.8176472e-03
   6.7583637e+02   1.7975149e-03
   6.7671237e+02   1.7775888e-03
   6.7758837e+02   1.7578677e-03
   6.7846437e+02   1.7383504e-03
   6.7934037e+02   1.7190354e-03
   6.8021637e+02   1.6999214e-03
   6.8109237e+02   1.6810071e-03
   6.8196837e+02   1.6622909e-03
   6.8284437e+02   1.6437715e-03
   6.8372038e+02   1.6254474e-03
   6.8459638e+02   1.6073171e-03
   6.8547238e+02   1.5893791e-03
   6.8634838e+02   1.5716319e-03
   6.8722438e+02   1.5540740e-03
   6.8810038e+02   1.5367039e-03
   6.8897638e+02   1.5195199e-03
   6.8985238e+02   1.5025205e-03
   6.9072838e+02   1.4857042e-03
   6.9160438e+02   1.4690693e-03
   6.9248039e+02   1.4526144e-03
   6.9335639e+02   1.4363377e-03
   6.9423239e+02   1.4202377e-03
   6.9510839e+02   1.4043128e-03
   6.9598439e+02   1.3885613e-03
   6.9686039e+02   1.3729818e-03
   6.9773639e+02   1.3575725e-03
   6.9861239e+02   1.3423319e-03
   6.9948839e+02   1.3272584e-03
   7.0036439e+02   1.3123504e-03
   7.0124040e+02   1.2976063e-03
   7.0211640e+02   1.2830244e-03
   7.0299240e+02   1.2686032e-03
   7.0386840e+02   1.2543412e-03
   7.0474440e+02   1.2402367e-03
   7.0562040e+02   1.2262881e-03
   7.0649640e+02   1.2124939e-03
   7.0737240e+02   1.1988526e-03
   7.0824840e+02   1.1853625e-03
   7.0912440e+02   1.1720222e-03
   7.1000041e+02   1.1588301e-03
   7.1087641e+02   1.1457847e-03
   7.1175241e+02   1.1328844e-03
   7.1262841e+02   1.1201277e-03
   7.1350441e+02   1.1075132e-03
   7.1438041e+02   1.0950393e-03
   7.1525641e+02   1.0827047e-03
   7.1613241e+02   1.0705077e-03
   7.1700841e+02   1.0584469e-03
   7.1788441e+02   1.0465210e-03
   7.1876042e+02   1.0347284e-03
   7.1963642e+02   1.0230677e-03
   7.2051242e+02   1.0115376e-03
   7.2138842e+02   1.0001366e-03
   7.2226442e+02   9.8886328e-04
   7.2314042e+02   9.7771632e-04
   7.2401642e+02   9.6669433e-04
   7.2489242e+02   9.5579596e-04
   7.2576842e+02   9.4501987e-04
   7.2664442e+02   9.3436471e-04
   7.2752043e+02   9.2382918e-04
   7.2839643e+02   9.1341196e-04
   7.2927243e+02   9.0311175e-04
   7.3014843e+02   8.9292728e-04
   7.3102443e+02   8.8285726e-04
   7.3190043e+02   8.7290045e-04
   7.3277643e+02   8.6305559e-04
   7.3365243e+02   8.5332144e-04
   7.3452843e+02   8.4369679e-04
   7.3540443e+02   8.3418043e-04
   7.3628044e+02   8.2477115e-04
   7.3715644e+02   8.1546776e-04
   7.3803244e+02   8.0626909e-04
   7.3890844e+02   7.9717399e-04
   7.3978444e+02   7.8818129e-04
   7.4066044e+02   7.7928986e-04
   7.4153644e+02   7.7049856e-04
   7.4241244e+02   7.6180629e-04
   7.4328844e+02   7.5321194e-04
   7.4416444e+02   7.4471442e-04
   7.4504045e+02   7.3631264e-04
   7.4591645e+02   7.2800554e-04
   7.4679245e+02   7.1979205e-04
   7.4766845e+02   7.1167113e-04
   7.4854445e+02   7.0364175e-04
   7.4942045e+02   6.9570287e-04
   7.5029645e+02   6.8785348e-04
   7.5117245e+02   6.8009259e-04
   7.5204845e+02   6.7241920e-04
   7.5292445e+02   6.6483232e-04
   7.5380046e+02   6.5733099e-04
   7.5467646e+02   6.4991424e-04
   7.5555246e+02   6.4258113e-04
   7.5642846e+02   6.3533072e-04
   7.5730446e+02   6.2816207e-04
   7.5818046e+02   6.2107427e-04
   7.5905646e+02   6.1406641e-04
   7.5993246e+02   6.0713760e-04
   7.6080846e+02   6.0028693e-04
   7.6168446e+02   5.9351354e-04
   7.6256047e+02   5.8681654e-04
   7.6343647e+02   5.8019510e-04
   7.6431247e+02   5.7364834e-04
   7.6518847e+02   5.6717544e-04
   7.6606447e+02   5.6077555e-04
   7.6694047e+02   5.5444787e-04
   7.6781647e+02   5.4819157e-04
   7.6869247e+02   5.4200585e-04
   7.6956847e+02   5.3588992e-04
   7.7044447e+02   5.2984298e-04
   7.7132048e+02   5.2386427e-04
   7.7219648e+02   5.1795301e-04
   7.7307248e+02   5.1210845e-04
   7.7394848e+02   5.0632983e-04
   7.7482448e+02   5.0061640e-04
   7.7570048e+02   4.9496744e-04
   7.7657648e+02   4.8938221e-04
   7.7745248e+02   4.8386000e-04
   7.7832848e+02   4.7840010e-04
   7.7920448e+02   4.7300180e-04
   7.8008049e+02   4.6766442e-04
   7.8095649e+02   4.6238726e-04
   7.8183249e+02   4.5716964e-04
   7.8270849e+02   4.5201089e-04
   7.8358449e+02   4.4691035e-04
   7.8446049e+02   4.4186737e-04
   7.8533649e+02   4.3688128e-04
   7.8621249e+02   4.3195146e-04
   7.8708849e+02   4.2707726e-04
   7.8796449e+02   4.2225807e-04
   7.8884050e+02   4.1749325e-04
   7.8971650e+02   4.1278220e-04
   7.9059250e+02   4.0812430e-04
   7.9146850e+02   4.0351897e-04
   7.9234450e+02   3.9896560e-04
   7.9322050e+02   3.9446361e-04
   7.9409650e+02   3.9001242e-04
   7.9497250e+02   3.8561146e-04
   7.9584850e+02   3.8126015e-04
   7.9672450e+02   3.7695795e-04
   7.9760051e+02   3.7270429e-04
   7.9847651e+02   3.6849864e-04
   7.9935251e+02   3.6434043e-04
   8.0022851e+02   3.6022915e-04
   8.0110451e+02   3.5616427e-04
   8.0198051e+02   3.5214525e-04
   8.0285651e+02   3.4817158e-04
   8.0373251e+02   3.4424275e-04
   8.0460851e+02   3.4035825e-04
   8.0548451e+02   3.3651759e-04
   8.0636052e+02   3.3272026e-04
   8.0723652e+02   3.2896579e-04
   8.0811252e+02   3.2525368e-04
   8.0898852e+02   3.2158345e-04
   8.0986452e+02   3.1795465e-04
   8.1074052e+02   3.1436679e-04
   8.1161652e+02   3.1081942e-04
   8.1249252e+02   3.0731207e-04
   8.1336852e+02   3.0384431e-04
   8.1424452e+02   3.0041567e-04
   8.1512053e+02   2.9702573e-04
   8.1599653e+02   2.9367403e-04
   8.1687253e+02   2.9036016e-04
   8.1774853e+02   2.8708368e-04
   8.1862453e+02   2.8384418e-04
   8.1950053e+02   2.8064122e-04
   8.2037653e+02   2.7747442e-04
   8.2125253e+02   2.7434334e-04
   8.2212853e+02   2.7124760e-04
   8.2300453e+02   2.6818679e-04
   8.2388054e+02   2.6516052e-04
   8.2475654e+02   2.6216840e-04
   8.2563254e+02   2.5921004e-04
   8.2650854e+02   2.5628507e-04
   8.2738454e+02   2.5339310e-04
   8.2826054e+02   2.5053376e-04
   8.2913654e+02   2.4770669e-04
   8.3001254e+02   2.4491152e-04
   8.3088854e+02   2.4214790e-04
   8.3176454e+02   2.3941545e-04
   8.3264055e+02   2.3671384e-04
   8.3351655e+02   2.3404272e-04
   8.3439255e+02   2.3140174e-04
   8.3526855e+02   2.2879056e-04
   8.3614455e+02   2.2620884e-04
   8.3702055e+02   2.2365626e-04
   8.3789655e+02   2.2113248e-04
   8.3877255e+02   2.1863718e-04
   8.3964855e+02   2.1617004e-04
   8.4052455e+02   2.1373073e-04
   8.4140056e+02   2.1131895e-04
   8.4227656e+02   2.0893439e-04
   8.4315256e+02   2.0657674e-04
   8.4402856e+02   2.0424568e-04
   8.4490456e+02   2.0194094e-04
   8.4578056e+02   1.9966220e-04
   8.4665656e+02   1.9740917e-04
   8.4753256e+02   1.9518157e-04
   8.4840856e+02   1.9297910e-04
   8.4928456e+02   1.9080149e-04
   8.5016057e+02   1.8864845e-04
   8.5103657e+02   1.8651971e-04
   8.5191257e+02   1.8441498e-04
   8.5278857e+02   1.8233401e-04
   8.5366457e+02   1.8027652e-04
   8.5454057e+02   1.7824224e-04
   8.5541657e+02   1.7623092e-04
   8.5629257e+02   1.7424230e-04
   8.5716857e+02   1.7227612e-04
   8.5804457e+02   1.7033212e-04
   8.5892058e+02   1.6841006e-04
   8.5979658e+02   1.6650969e-04
   8.6067258e+02   1.6463076e-04
   8.6154858e+02   1.6277304e-04
   8.6242458e+02   1.6093628e-04
   8.6330058e+02   1.5912024e-04
   8.6417658e+02   1.5732470e-04
   8.6505258e+02   1.5554942e-04
   8.6592858e+02   1.5379417e-04
   8.6680458e+02   1.5205872e-04
   8.6768059e+02   1.5034287e-04
   8.6855659e+02   1.4864637e-04
   8.6943259e+02   1.4696901e-04
   8.7030859e+02   1.4531059e-04
   8.7118459e+02   1.4367088e-04
   8.7206059e+02   1.4204967e-04
   8.7293659e+02   1.4044675e-04
   8.7381259e+02   1.3886192e-04
   8.7468859e+02   1.3729498e-04
   8.7556459e+02   1.3574572e-04
   8.7644060e+02   1.3421394e-04
   8.7731660e+02   1.3269944e-04
   8.7819260e+02   1.3120204e-04
   8.7906860e+02   1.2972153e-04
   8.7994460e+02   1.2825772e-04
   8.8082060e+02   1.2681044e-04
   8.8169660e+02   1.2537949e-04
   8.8257260e+02   1.2396468e-04
   8.8344860e+02   1.2256584e-04
   8.8432460e+02   1.2118278e-04
   8.8520061e+02   1.1981533e-04
   8.8607661e+02   1.1846332e-04
   8.8695261e+02   1.1712655e-04
   8.8782861e+02   1.1580487e-04
   8.8870461e+02   1.1449811e-04
   8.8958061e+02   1.1320609e-04
   8.9045661e+02   1.1192865e-04
   8.9133261e+02   1.1066563e-04
   8.9220861e+02   1.0941686e-04
   8.9308461e+02   1.0818218e-04
   8.9396062e+02   1.0696143e-04
   8.9483662e+02   1.0575446e-04
   8.9571262e+02   1.0456110e-04
   8.9658862e+02   1.0338121e-04
   8.9746462e+02   1.0221464e-04
   8.9834062e+02   1.0106123e-04
   8.9921662e+02   9.9920838e-05
   9.0009262e+02   9.8793312e-05
   9.0096862e+02   9.7678510e-05
   9.0184462e+02   9.6576287e-05
   9.0272063e+02   9.5486502e-05
   9.0359663e+02   9.4409014e-05
   9.0447263e+02   9.3343685e-05
   9.0534863e+02   9.2290377e-05
   9.0622463e+02   9.1248955e-05
   9.0710063e+02   9.0219285e-05
   9.0797663e+02   8.9201233e-05
   9.0885263e+02   8.8194670e-05
   9.0972863e+02   8.7199464e-05
   9.1060463e+02   8.6215489e-05
   9.1148064e+02   8.5242617e-05
   9.1235664e+02   8.4280723e-05
   9.1323264e+02   8.3329684e-05
   9.1410864e+02   8.2389376e-05
   9.1498464e+02   8.1459678e-05
   9.1586064e+02   8.0540472e-05
   9.1673664e+02   7.9631638e-05
   9.1761264e+02   7.8733059e-05
   9.1848864e+02   7.7844621e-05
   9.1936464e+02   7.6966207e-05
   9.2024065e+02   7.6097706e-05
   9.2111665e+02   7.5239005e-05
   9.2199265e+02   7.4389994e-05
   9.2286865e+02   7.3550563e-05
   9.2374465e+02   7.2720605e-05
   9.2462065e+02   7.1900012e-05
   9.2549665e+02   7.1088678e-05
   9.2637265e+02   7.0286500e-05
   9.2724865e+02   6.9493374e-05
   9.2812465e+02   6.8709198e-05
   9.2900066e+02   6.7933870e-05
   9.2987666e+02   6.7167291e-05
   9.3075266e+02   6.6409363e-05
   9.3162866e+02   6.5659987e-05
   9.3250466e+02   6.4919067e-05
   9.3338066e+02   6.4186508e-05
   9.3425666e+02   6.3462216e-05
   9.3513266e+02   6.2746096e-05
   9.3600866e+02   6.2038057e-05
   9.3688466e+02   6.1338008e-05
   9.3776067e+02   6.0645858e-05
   9.3863667e+02   5.9961519e-05
   9.3951267e+02   5.9284902e-05
   9.4038867e+02   5.8615920e-05
   9.4126467e+02   5.7954486e-05
   9.4214067e+02   5.7300517e-05
   9.4301667e+02   5.6653927e-05
   9.4389267e+02   5.6014634e-05
   9.4476867e+02   5.5382554e-05
   9.4564467e+02   5.4757607e-05
   9.4652068e+02   5.4139711e-05
   9.4739668e+02   5.3528789e-05
   9.4827268e+02   5.2924760e-05
   9.4914868e+02   5.2327547e-05
   9.5002468e+02   5.1737073e-05
   9.5090068e+02   5.1153262e-05
   9.5177668e+02   5.0576039e-05
   9.5265268e+02   5.0005329e-05
   9.5352868e+02   4.9441059e-05
   9.5440468e+02   4.8883157e-05
   9.5528069e+02   4.8331550e-05
   9.5615669e+02   4.7786168e-05
   9.5703269e+02   4.7246940e-05
   9.5790869e+02   4.6713796e-05
   9.5878469e+02   4.6186669e-05
   9.5966069e+02   4.5665490e-05
   9.6053669e+02   4.5150192e-05
   9.6141269e+02   4.4640709e-05
   9.6228869e+02   4.4136974e-05
   9.6316469e+02   4.3638924e-05
   9.6404070e+02   4.3146495e-05
   9.6491670e+02   4.2659621e-05
   9.6579270e+02   4.2178242e-05
   9.6666870e+02   4.1702295e-05
   9.6754470e+02   4.1231718e-05
   9.6842070e+02   4.0766452e-05
   9.6929670e+02   4.0306435e-05
   9.7017270e+02   3.9851610e-05
   9.7104870e+02   3.9401917e-05
   9.7192470e+02   3.8957298e-05
   9.7280071e+02   3.8517697e-05
   9.7367671e+02   3.8083056e-05
   9.7455271e+02   3.7653319e-05
   9.7542871e+02   3.7228432e-05
   9.7630471e+02   3.6808339e-05
   9.7718071e+02   3.6392987e-05
   9.7805671e+02   3.5982322e-05
   9.7893271e+02   3.5576290e-05
   9.7980871e+02   3.5174841e-05
   9.8068471e+02   3.4777921e-05
   9.8156072e+02   3.4385480e-05
   9.8243672e+02   3.3997468e-05
   9.8331272e+02   3.3613834e-05
   9.8418872e+02   3.3234529e-05
   9.8506472e+02   3.2859505e-05
   9.8594072e+02   3.2488712e-05
   9.8681672e+02   3.2122103e-05
   9.8769272e+02   3.1759631e-05
   9.8856872e+02   3.1401249e-05
   9.8944472e+02   3.1046912e-05
   9.9032073e+02   3.0696573e-05
   9.9119673e+02   3.0350187e-05
   9.9207273e+02   3.0007709e-05
   9.9294873e+02   2.9669097e-05
   9.9382473e+02   2.9334305e-05
   9.9470073e+02   2.9003291e-05
   9.9557673e+02   2.8676013e-05
   9.9645273e+02   2.8352427e-05
   9.9732873e+02   2.8032493e-05
   9.9820473e+02   2.7716169e-05
   9.9908074e+02   2.7403414e-05
   9.9995674e+02   2.7094189e-05
   1.0008327e+03   2.6788453e-05
   1.0017087e+03   2.6486167e-05
   1.0025847e+03   2.6187292e-05
   1.0034607e+03   2.5891790e-05
   1.0043367e+03   2.5599622e-05
   1.0052127e+03   2.5310751e-05
   1.0060887e+03   2.5025140e-05
   1.0069647e+03   2.4742751e-05
   1.0078407e+03   2.4463549e-05
   1.0087167e+03   2.4187498e-05
   1.0095927e+03   2.3914562e-05
   1.0104687e+03   2.3644705e-05
   1.0113447e+03   2.3377894e-05
   1.0122208e+03   2.3114093e-05
   1.0130968e+03   2.2853270e-05
   1.0139728e+03   2.2595389e-05
   1.0148488e+03   2.2340418e-05
   1.0157248e+03   2.2088325e-05
   1.0166008e+03   2.1839076e-05
   1.0174768e+03   2.1592640e-05
   1.0183528e+03   2.1348984e-05
   1.0192288e+03   2.1108078e-05
   1.0201048e+03   2.0869891e-05
   1.0209808e+03   2.0634391e-05
   1.0218568e+03   2.0401549e-05
   1.0227328e+03   2.0171334e-05
   1.0236088e+03   1.9943716e-05
   1.0244848e+03   1.9718668e-05
   1.0253608e+03   1.9496159e-05
   1.0262368e+03   1.9276160e-05
   1.0271128e+03   1.9058644e-05
   1.0279888e+03   1.8843583e-05
   1.0288648e+03   1.8630948e-05
   1.0297408e+03   1.8420713e-05
   1.0306168e+03   1.8212851e-05
   1.0314928e+03   1.8007333e-05
   1.0323688e+03   1.7804135e-05
   1.0332448e+03   1.7603230e-05
   1.0341208e+03   1.7404592e-05
   1.0349968e+03   1.7208195e-05
   1.0358728e+03   1.7014014e-05
   1.0367488e+03   1.6822025e-05
   1.0376248e+03   1.6632202e-05
   1.0385008e+03   1.6444521e-05
   1.0393768e+03   1.6258958e-05
   1.0402528e+03   1.6075489e-05
   1.0411288e+03   1.5894090e-05
   1.0420048e+03   1.5714738e-05
   1.0428808e+03   1.5537410e-05
   1.0437568e+03   1.5362083e-05
   1.0446328e+03   1.5188734e-05
   1.0455088e+03   1.5017342e-05
   1.0463848e+03   1.4847883e-05
   1.0472608e+03   1.4680337e-05
   1.0481368e+03   1.4514681e-05
   1.0490128e+03   1.4350895e-05
   1.0498888e+03   1.4188957e-05
   1.0507648e+03   1.4028846e-05
   1.0516408e+03   1.3870542e-05
   1.0525168e+03   1.3714024e-05
   1.0533928e+03   1.3559272e-05
   1.0542688e+03   1.3406267e-05
   1.0551448e+03   1.3254988e-05
   1.0560208e+03   1.3105416e-05
   1.0568968e+03   1.2957532e-05
   1.0577728e+03   1.2811317e-05
   1.0586488e+03   1.2666752e-05
   1.0595248e+03   1.2523818e-05
   1.0604008e+03   1.2382496e-05
   1.0612768e+03   1.2242770e-05
   1.0621528e+03   1.2104620e-05
   1.0630288e+03   1.1968029e-05
   1.0639048e+03   1.1832980e-05
   1.0647808e+03   1.1699454e-05
   1.0656568e+03   1.1567435e-05
   1.0665328e+03   1.1436906e-05
   1.0674088e+03   1.1307850e-05
   1.0682848e+03   1.1180250e-05
   1.0691608e+03   1.1054090e-05
   1.0700368e+03   1.0929354e-05
   1.0709128e+03   1.0806025e-05
   1.0717888e+03   1.0684088e-05
   1.0726648e+03   1.0563526e-05
   1.0735408e+03   1.0444325e-05
   1.0744168e+03   1.0326470e-05
   1.0752928e+03   1.0209944e-05
   1.0761688e+03   1.0094733e-05
   1.0770448e+03   9.9808220e-06
   1.0779208e+03   9.8681965e-06
   1.0787968e+03   9.7568419e-06
   1.0796728e+03   9.6467439e-06
   1.0805488e+03   9.5378882e-06
   1.0814248e+03   9.4302609e-06
   1.0823008e+03   9.3238480e-06
   1.0831768e+03   9.2186360e-06
   1.0840528e+03   9.1146111e-06
   1.0849288e+03   9.0117601e-06
   1.0858048e+03   8.9100697e-06
   1.0866808e+03   8.8095268e-06
   1.0875568e+03   8.7101184e-06
   1.0884328e+03   8.6118318e-06
   1.0893088e+03   8.5146543e-06
   1.0901848e+03   8.4185733e-06
   1.0910608e+03   8.3235765e-06
   1.0919368e+03   8.2296517e-06
   1.0928128e+03   8.1367868e-06
   1.0936888e+03   8.0449697e-06
   1.0945648e+03   7.9541887e-06
   1.0954408e+03   7.8644322e-06
   1.0963168e+03   7.7756884e-06
   1.0971928e+03   7.6879461e-06
   1.0980688e+03   7.6011939e-06
   1.0989448e+03   7.5154205e-06
   1.0998209e+03   7.4306151e-06
   1.1006969e+03   7.3467666e-06
   1.1015729e+03   7.2638643e-06
   1.1024489e+03   7.1818975e-06
   1.1033249e+03   7.1008556e-06
   1.1042009e+03   7.0207282e-06
   1.1050769e+03   6.9415050e-06
   1.1059529e+03   6.8631757e-06
   1.1068289e+03   6.7857304e-06
   1.1077049e+03   6.7091589e-06
   1.1085809e+03   6.6334515e-06
   1.1094569e+03   6.5585984e-06
   1.1103329e+03   6.4845899e-06
   1.1112089e+03   6.4114165e-06
   1.1120849e+03   6.3390689e-06
   1.1129609e+03   6.2675377e-06
   1.1138369e+03   6.1968136e-06
   1.1147129e+03   6.1268876e-06
   1.1155889e+03   6.0577506e-06
   1.1164649e+03   5.9893938e-06
   1.1173409e+03   5.9218083e-06
   1.1182169e+03   5.8549855e-06
   1.1190929e+03   5.7889168e-06
   1.1199689e+03   5.7235935e-06
   1.1208449e+03   5.6590074e-06
   1.1217209e+03   5.5951501e-06
   1.1225969e+03   5.5320134e-06
   1.1234729e+03   5.4695891e-06
   1.1243489e+03   5.4078692e-06
   1.1252249e+03   5.3468458e-06
   1.1261009e+03   5.2865110e-06
   1.1269769e+03   5.2268570e-06
   1.1278529e+03   5.1678761e-06
   1.1287289e+03   5.1095608e-06
   1.1296049e+03   5.0519036e-06
   1.1304809e+03   4.9948969e-06
   1.1313569e+03   4.9385336e-06
   1.1322329e+03   4.8828062e-06
   1.1331089e+03   4.8277077e-06
   1.1339849e+03   4.7732310e-06
   1.1348609e+03   4.7193689e-06
   1.1357369e+03   4.6661147e-06
   1.1366129e+03   4.6134613e-06
   1.1374889e+03   4.5614022e-06
   1.1383649e+03   4.5099304e-06
   1.1392409e+03   4.4590395e-06
   1.1401169e+03   4.4087229e-06
   1.1409929e+03   4.3589740e-06
   1.1418689e+03   4.3097865e-06
   1.1427449e+03   4.2611541e-06
   1.1436209e+03   4.2130704e-06
   1.1444969e+03   4.1655293e-06
   1.1453729e+03   4.1185247e-06
   1.1462489e+03   4.0720505e-06
   1.1471249e+03   4.0261007e-06
   1.1480009e+03   3.9806694e-06
   1.1488769e+03   3.9357508e-06
   1.1497529e+03   3.8913390e-06
   1.1506289e+03   3.8474284e-06
   1.1515049e+03   3.8040133e-06
   1.1523809e+03   3.7610881e-06
   1.1532569e+03   3.7186473e-06
   1.1541329e+03   3.6766854e-06
   1.1550089e+03   3.6351970e-06
   1.1558849e+03   3.5941767e-06
   1.1567609e+03   3.5536193e-06
   1.1576369e+03   3.5135196e-06
   1.1585129e+03   3.4738724e-06
   1.1593889e+03   3.4346726e-06
   1.1602649e+03   3.3959151e-06
   1.1611409e+03   3.3575949e-06
   1.1620169e+03   3.3197072e-06
   1.1628929e+03   3.2822470e-06
   1.1637689e+03   3.2452095e-06
   1.1646449e+03   3.2085899e-06
   1.1655209e+03   3.1723836e-06
   1.1663969e+03   3.1365858e-06
   1.1672729e+03   3.1011920e-06
   1.1681489e+03   3.0661975e-06
   1.1690249e+03   3.0315980e-06
   1.1699009e+03   2.9973889e-06
   1.1707769e+03   2.9635658e-06
   1.1716529e+03   2.9301243e-06
   1.1725289e+03   2.8970602e-06
   1.1734049e+03   2.8643693e-06
   1.1742809e+03   2.8320472e-06
   1.1751569e+03   2.8000898e-06
   1.1760329e+03   2.7684931e-06
   1.1769089e+03   2.7372529e-06
   1.1777849e+03   2.7063652e-06
   1.1786609e+03   2.6758261e-06
   1.1795369e+03   2.6456315e-06
   1.1804129e+03   2.6157777e-06
   1.1812889e+03   2.5862608e-06
   1.1821649e+03   2.5570769e-06
   1.1830409e+03   2.5282224e-06
   1.1839169e+03   2.4996935e-06
   1.1847929e+03   2.4714864e-06
   1.1856689e+03   2.4435977e-06
   1.1865449e+03   2.4160237e-06
   1.1874210e+03   2.3887608e-06
   1.1882970e+03   2.3618056e-06
   1.1891730e+03   2.3351545e-06
   1.1900490e+03   2.3088042e-06
   1.1909250e+03   2.2827512e-06
   1.1918010e+03   2.2569922e-06
   1.1926770e+03   2.2315239e-06
   1.1935530e+03   2.2063430e-06
   1.1944290e+03   2.1814462e-06
   1.1953050e+03   2.1568303e-06
   1.1961810e+03   2.1324922e-06
   1.1970570e+03   2.1084288e-06
   1.1979330e+03   2.0846369e-06
   1.1988090e+03   2.0611134e-06
   1.1996850e+03   2.0378555e-06
   1.2005610e+03   2.0148599e-06
   1.2014370e+03   1.9921238e-06
   1.2023130e+03   1.9696443e-06
   1.2031890e+03   1.9474185e-06
   1.2040650e+03   1.9254435e-06
   1.2049410e+03   1.9037164e-06
   1.2058170e+03   1.8822345e-06
   1.2066930e+03   1.8609950e-06
   1.2075690e+03   1.8399952e-06
   1.2084450e+03   1.8192323e-06
   1.2093210e+03   1.7987038e-06
   1.2101970e+03   1.7784069e-06
   1.2110730e+03   1.7583390e-06
   1.2119490e+03   1.7384975e-06
   1.2128250e+03   1.7188800e-06
   1.2137010e+03   1.6994838e-06
   1.2145770e+03   1.6803065e-06
   1.2154530e+03   1.6613456e-06
   1.2163290e+03   1.6425987e-06
   1.2172050e+03   1.6240633e-06
   1.2180810e+03   1.6057371e-06
   1.2189570e+03   1.5876176e-06
   1.2198330e+03   1.5697027e-06
   1.2207090e+03   1.5519898e-06
   1.2215850e+03   1.5344769e-06
   1.2224610e+03   1.5171616e-06
   1.2233370e+03   1.5000416e-06
   1.2242130e+03   1.4831149e-06
   1.2250890e+03   1.4663791e-06
   1.2259650e+03   1.4498322e-06
   1.2268410e+03   1.4334720e-06
   1.2277170e+03   1.4172965e-06
   1.2285930e+03   1.4013034e-06
   1.2294690e+03   1.3854909e-06
   1.2303450e+03   1.3698567e-06
