   3.9900000e+02   1.0284308e-05
   4.0067768e+02   1.1353444e-05
   4.0235536e+02   1.2522131e-05
   4.0403303e+02   1.3798357e-05
   4.0571071e+02   1.5190618e-05
   4.0738839e+02   1.6707936e-05
   4.0906607e+02   1.8359883e-05
   4.1074374e+02   2.0156593e-05
   4.1242142e+02   2.2108788e-05
   4.1409910e+02   2.4227788e-05
   4.1577678e+02   2.6525528e-05
   4.1745445e+02   2.9014575e-05
   4.1913213e+02   3.1708140e-05
   4.2080981e+02   3.4620088e-05
   4.2248749e+02   3.7764947e-05
   4.2416517e+02   4.1157919e-05
   4.2584284e+02   4.4814881e-05
   4.2752052e+02   4.8752390e-05
   4.2919820e+02   5.2987681e-05
   4.3087588e+02   5.7538665e-05
   4.3255355e+02   6.2423925e-05
   4.3423123e+02   6.7662699e-05
   4.3590891e+02   7.3274875e-05
   4.3758659e+02   7.9280970e-05
   4.3926426e+02   8.5702109e-05
   4.4094194e+02   9.2560000e-05
   4.4261962e+02   9.9876903e-05
   4.4429730e+02   1.0767560e-04
   4.4597497e+02   1.1597935e-04
   4.4765265e+02   1.2481186e-04
   4.4933033e+02   1.3419721e-04
   4.5100801e+02   1.4415982e-04
   4.5268569e+02   1.5472440e-04
   4.5436336e+02   1.6591585e-04
   4.5604104e+02   1.7775925e-04
   4.5771872e+02   1.9027971e-04
   4.5939640e+02   2.0350238e-04
   4.6107407e+02   2.1745228e-04
   4.6275175e+02   2.3215428e-04
   4.6442943e+02   2.4763298e-04
   4.6610711e+02   2.6391260e-04
   4.6778478e+02   2.8101692e-04
   4.6946246e+02   2.9896913e-04
   4.7114014e+02   3.1779176e-04
   4.7281782e+02   3.3750655e-04
   4.7449550e+02   3.5813434e-04
   4.7617317e+02   3.7969497e-04
   4.7785085e+02   4.0220714e-04
   4.7952853e+02   4.2568830e-04
   4.8120621e+02   4.5015457e-04
   4.8288388e+02   4.7562054e-04
   4.8456156e+02   5.0209925e-04
   4.8623924e+02   5.2960199e-04
   4.8791692e+02   5.5813826e-04
   4.8959459e+02   5.8771560e-04
   4.9127227e+02   6.1833949e-04
   4.9294995e+02   6.5001331e-04
   4.9462763e+02   6.8273816e-04
   4.9630531e+02   7.1651279e-04
   4.9798298e+02   7.5133356e-04
   4.9966066e+02   7.8719429e-04
   5.0133834e+02   8.2408625e-04
   5.0301602e+02   8.6199803e-04
   5.0469369e+02   9.0091556e-04
   5.0637137e+02   9.4082198e-04
   5.0804905e+02   9.8169769e-04
   5.0972673e+02   1.0235203e-03
   5.1140440e+02   1.0662644e-03
   5.1308208e+02   1.1099021e-03
   5.1475976e+02   1.1544024e-03
   5.1643744e+02   1.1997315e-03
   5.1811512e+02   1.2458531e-03
   5.1979279e+02   1.2927279e-03
   5.2147047e+02   1.3403140e-03
   5.2314815e+02   1.3885670e-03
   5.2482583e+02   1.4374397e-03
   5.2650350e+02   1.4868828e-03
   5.2818118e+02   1.5368445e-03
   5.2985886e+02   1.5872707e-03
   5.3153654e+02   1.6381055e-03
   5.3321421e+02   1.6892907e-03
   5.3489189e+02   1.7407666e-03
   5.3656957e+02   1.7924716e-03
   5.3824725e+02   1.8443429e-03
   5.3992492e+02   1.8963161e-03
   5.4160260e+02   1.9483258e-03
   5.4328028e+02   2.0003057e-03
   5.4495796e+02   2.0521888e-03
   5.4663564e+02   2.1039075e-03
   5.4831331e+02   2.1553938e-03
   5.4999099e+02   2.2065797e-03
   5.5166867e+02   2.2573971e-03
   5.5334635e+02   2.3077783e-03
   5.5502402e+02   2.3576562e-03
   5.5670170e+02   2.4069642e-03
   5.5837938e+02   2.4556367e-03
   5.6005706e+02   2.5036092e-03
   5.6173473e+02   2.5508185e-03
   5.6341241e+02   2.5972028e-03
   5.6509009e+02   2.6427023e-03
   5.6676777e+02   2.6872586e-03
   5.6844545e+02   2.7308157e-03
   5.7012312e+02   2.7733197e-03
   5.7180080e+02   2.8147189e-03
   5.7347848e+02   2.8549643e-03
   5.7515616e+02   2.8940094e-03
   5.7683383e+02   2.9318105e-03
   5.7851151e+02   2.9683266e-03
   5.8018919e+02   3.0035199e-03
   5.8186687e+02   3.0373554e-03
   5.8354454e+02   3.0698013e-03
   5.8522222e+02   3.1008289e-03
   5.8689990e+02   3.1304128e-03
   5.8857758e+02   3.1585308e-03
   5.9025526e+02   3.1851638e-03
   5.9193293e+02   3.2102962e-03
   5.9361061e+02   3.2339154e-03
   5.9528829e+02   3.2560121e-03
   5.9696597e+02   3.2765804e-03
   5.9864364e+02   3.2956171e-03
   6.0032132e+02   3.3131225e-03
   6.0199900e+02   3.3290998e-03
   6.0367668e+02   3.3435550e-03
   6.0535435e+02   3.3564971e-03
   6.0703203e+02   3.3679378e-03
   6.0870971e+02   3.3778916e-03
   6.1038739e+02   3.3863753e-03
   6.1206507e+02   3.3934084e-03
   6.1374274e+02   3.3990124e-03
   6.1542042e+02   3.4032112e-03
   6.1709810e+02   3.4060308e-03
   6.1877578e+02   3.4074988e-03
   6.2045345e+02   3.4076449e-03
   6.2213113e+02   3.4065003e-03
   6.2380881e+02   3.4040975e-03
   6.2548649e+02   3.4004706e-03
   6.2716416e+02   3.3956549e-03
   6.2884184e+02   3.3896864e-03
   6.3051952e+02   3.3826025e-03
   6.3219720e+02   3.3744410e-03
   6.3387487e+02   3.3652405e-03
   6.3555255e+02   3.3550400e-03
   6.3723023e+02   3.3438791e-03
   6.3890791e+02   3.3317973e-03
   6.4058559e+02   3.3188346e-03
   6.4226326e+02   3.3050306e-03
   6.4394094e+02   3.2904253e-03
   6.4561862e+02   3.2750580e-03
   6.4729630e+02   3.2589680e-03
   6.4897397e+02   3.2421941e-03
   6.5065165e+02   3.2247747e-03
   6.5232933e+02   3.2067475e-03
   6.5400701e+02   3.1881497e-03
   6.5568468e+02   3.1690177e-03
   6.5736236e+02   3.1493871e-03
   6.5904004e+02   3.1292927e-03
   6.6071772e+02   3.1087686e-03
   6.6239540e+02   3.0878478e-03
   6.6407307e+02   3.0665622e-03
   6.6575075e+02   3.0449431e-03
   6.6742843e+02   3.0230204e-03
   6.6910611e+02   3.0008232e-03
   6.7078378e+02   2.9783794e-03
   6.7246146e+02   2.9557160e-03
   6.7413914e+02   2.9328589e-03
   6.7581682e+02   2.9098326e-03
   6.7749449e+02   2.8866610e-03
   6.7917217e+02   2.8633667e-03
   6.8084985e+02   2.8399711e-03
   6.8252753e+02   2.8164948e-03
   6.8420521e+02   2.7929573e-03
   6.8588288e+02   2.7693770e-03
   6.8756056e+02   2.7457714e-03
   6.8923824e+02   2.7221569e-03
   6.9091592e+02   2.6985491e-03
   6.9259359e+02   2.6749626e-03
   6.9427127e+02   2.6514111e-03
   6.9594895e+02   2.6279075e-03
   6.9762663e+02   2.6044637e-03
   6.9930430e+02   2.5810910e-03
   7.0098198e+02   2.5577998e-03
   7.0265966e+02   2.5345998e-03
   7.0433734e+02   2.5114999e-03
   7.0601502e+02   2.4885083e-03
   7.0769269e+02   2.4656328e-03
   7.0937037e+02   2.4428803e-03
   7.1104805e+02   2.4202573e-03
   7.1272573e+02   2.3977695e-03
   7.1440340e+02   2.3754223e-03
   7.1608108e+02   2.3532205e-03
   7.1775876e+02   2.3311684e-03
   7.1943644e+02   2.3092699e-03
   7.2111411e+02   2.2875286e-03
   7.2279179e+02   2.2659474e-03
   7.2446947e+02   2.2445291e-03
   7.2614715e+02   2.2232760e-03
   7.2782482e+02   2.2021901e-03
   7.2950250e+02   2.1812733e-03
   7.3118018e+02   2.1605269e-03
   7.3285786e+02   2.1399522e-03
   7.3453554e+02   2.1195501e-03
   7.3621321e+02   2.0993213e-03
   7.3789089e+02   2.0792663e-03
   7.3956857e+02   2.0593855e-03
   7.4124625e+02   2.0396791e-03
   7.4292392e+02   2.0201470e-03
   7.4460160e+02   2.0007891e-03
   7.4627928e+02   1.9816050e-03
   7.4795696e+02   1.9625945e-03
   7.4963463e+02   1.9437569e-03
   7.5131231e+02   1.9250916e-03
   7.5298999e+02   1.9065981e-03
   7.5466767e+02   1.8882753e-03
   7.5634535e+02   1.8701225e-03
   7.5802302e+02   1.8521388e-03
   7.5970070e+02   1.8343231e-03
   7.6137838e+02   1.8166744e-03
   7.6305606e+02   1.7991916e-03
   7.6473373e+02   1.7818736e-03
   7.6641141e+02   1.7647192e-03
   7.6808909e+02   1.7477271e-03
   7.6976677e+02   1.7308963e-03
   7.7144444e+02   1.7142253e-03
   7.7312212e+02   1.6977130e-03
   7.7479980e+02   1.6813580e-03
   7.7647748e+02   1.6651591e-03
   7.7815516e+02   1.6491149e-03
   7.7983283e+02   1.6332241e-03
   7.8151051e+02   1.6174854e-03
   7.8318819e+02   1.6018974e-03
   7.8486587e+02   1.5864589e-03
   7.8654354e+02   1.5711684e-03
   7.8822122e+02   1.5560247e-03
   7.8989890e+02   1.5410264e-03
   7.9157658e+02   1.5261722e-03
   7.9325425e+02   1.5114608e-03
   7.9493193e+02   1.4968908e-03
   7.9660961e+02   1.4824609e-03
   7.9828729e+02   1.4681698e-03
   7.9996496e+02   1.4540163e-03
   8.0164264e+02   1.4399990e-03
   8.0332032e+02   1.4261167e-03
   8.0499800e+02   1.4123680e-03
   8.0667568e+02   1.3987517e-03
   8.0835335e+02   1.3852666e-03
   8.1003103e+02   1.3719114e-03
   8.1170871e+02   1.3586848e-03
   8.1338639e+02   1.3455857e-03
   8.1506406e+02   1.3326128e-03
   8.1674174e+02   1.3197650e-03
   8.1841942e+02   1.3070409e-03
   8.2009710e+02   1.2944395e-03
   8.2177477e+02   1.2819595e-03
   8.2345245e+02   1.2695998e-03
   8.2513013e+02   1.2573592e-03
   8.2680781e+02   1.2452367e-03
   8.2848549e+02   1.2332310e-03
   8.3016316e+02   1.2213410e-03
   8.3184084e+02   1.2095657e-03
   8.3351852e+02   1.1979038e-03
   8.3519620e+02   1.1863544e-03
   8.3687387e+02   1.1749164e-03
   8.3855155e+02   1.1635886e-03
   8.4022923e+02   1.1523700e-03
   8.4190691e+02   1.1412595e-03
   8.4358458e+02   1.1302562e-03
   8.4526226e+02   1.1193590e-03
   8.4693994e+02   1.1085668e-03
   8.4861762e+02   1.0978787e-03
   8.5029530e+02   1.0872936e-03
   8.5197297e+02   1.0768106e-03
   8.5365065e+02   1.0664287e-03
   8.5532833e+02   1.0561468e-03
   8.5700601e+02   1.0459641e-03
   8.5868368e+02   1.0358795e-03
   8.6036136e+02   1.0258922e-03
   8.6203904e+02   1.0160012e-03
   8.6371672e+02   1.0062055e-03
   8.6539439e+02   9.9650426e-04
   8.6707207e+02   9.8689656e-04
   8.6874975e+02   9.7738150e-04
   8.7042743e+02   9.6795817e-04
   8.7210511e+02   9.5862570e-04
   8.7378278e+02   9.4938321e-04
   8.7546046e+02   9.4022982e-04
   8.7713814e+02   9.3116469e-04
   8.7881582e+02   9.2218696e-04
   8.8049349e+02   9.1329578e-04
   8.8217117e+02   9.0449033e-04
   8.8384885e+02   8.9576978e-04
   8.8552653e+02   8.8713330e-04
   8.8720420e+02   8.7858009e-04
   8.8888188e+02   8.7010935e-04
   8.9055956e+02   8.6172028e-04
   8.9223724e+02   8.5341209e-04
   8.9391491e+02   8.4518400e-04
   8.9559259e+02   8.3703524e-04
   8.9727027e+02   8.2896505e-04
   8.9894795e+02   8.2097266e-04
   9.0062563e+02   8.1305734e-04
   9.0230330e+02   8.0521832e-04
   9.0398098e+02   7.9745489e-04
   9.0565866e+02   7.8976631e-04
   9.0733634e+02   7.8215185e-04
   9.0901401e+02   7.7461081e-04
   9.1069169e+02   7.6714248e-04
   9.1236937e+02   7.5974615e-04
   9.1404705e+02   7.5242113e-04
   9.1572472e+02   7.4516674e-04
   9.1740240e+02   7.3798229e-04
   9.1908008e+02   7.3086710e-04
   9.2075776e+02   7.2382052e-04
   9.2243544e+02   7.1684188e-04
   9.2411311e+02   7.0993052e-04
   9.2579079e+02   7.0308579e-04
   9.2746847e+02   6.9630706e-04
   9.2914615e+02   6.8959368e-04
   9.3082382e+02   6.8294503e-04
   9.3250150e+02   6.7636049e-04
   9.3417918e+02   6.6983942e-04
   9.3585686e+02   6.6338123e-04
   9.3753453e+02   6.5698531e-04
   9.3921221e+02   6.5065105e-04
   9.4088989e+02   6.4437786e-04
   9.4256757e+02   6.3816515e-04
   9.4424525e+02   6.3201235e-04
   9.4592292e+02   6.2591886e-04
   9.4760060e+02   6.1988413e-04
   9.4927828e+02   6.1390758e-04
   9.5095596e+02   6.0798865e-04
   9.5263363e+02   6.0212678e-04
   9.5431131e+02   5.9632144e-04
   9.5598899e+02   5.9057206e-04
   9.5766667e+02   5.8487812e-04
   9.5934434e+02   5.7923908e-04
   9.6102202e+02   5.7365440e-04
   9.6269970e+02   5.6812357e-04
   9.6437738e+02   5.6264606e-04
   9.6605506e+02   5.5722136e-04
   9.6773273e+02   5.5184897e-04
   9.6941041e+02   5.4652837e-04
   9.7108809e+02   5.4125907e-04
   9.7276577e+02   5.3604058e-04
   9.7444344e+02   5.3087239e-04
   9.7612112e+02   5.2575404e-04
   9.7779880e+02   5.2068503e-04
   9.7947648e+02   5.1566490e-04
   9.8115415e+02   5.1069317e-04
   9.8283183e+02   5.0576937e-04
   9.8450951e+02   5.0089304e-04
   9.8618719e+02   4.9606373e-04
   9.8786486e+02   4.9128098e-04
   9.8954254e+02   4.8654435e-04
   9.9122022e+02   4.8185338e-04
   9.9289790e+02   4.7720764e-04
   9.9457558e+02   4.7260668e-04
   9.9625325e+02   4.6805009e-04
   9.9793093e+02   4.6353744e-04
   9.9960861e+02   4.5906828e-04
   1.0012863e+03   4.5464222e-04
   1.0029640e+03   4.5025883e-04
   1.0046416e+03   4.4591771e-04
   1.0063193e+03   4.4161844e-04
   1.0079970e+03   4.3736062e-04
   1.0096747e+03   4.3314385e-04
   1.0113524e+03   4.2896773e-04
   1.0130300e+03   4.2483188e-04
   1.0147077e+03   4.2073591e-04
   1.0163854e+03   4.1667942e-04
   1.0180631e+03   4.1266205e-04
   1.0197407e+03   4.0868341e-04
   1.0214184e+03   4.0474313e-04
   1.0230961e+03   4.0084084e-04
   1.0247738e+03   3.9697617e-04
   1.0264515e+03   3.9314876e-04
   1.0281291e+03   3.8935826e-04
   1.0298068e+03   3.8560430e-04
   1.0314845e+03   3.8188653e-04
   1.0331622e+03   3.7820461e-04
   1.0348398e+03   3.7455819e-04
   1.0365175e+03   3.7094692e-04
   1.0381952e+03   3.6737048e-04
   1.0398729e+03   3.6382851e-04
   1.0415506e+03   3.6032069e-04
   1.0432282e+03   3.5684670e-04
   1.0449059e+03   3.5340619e-04
   1.0465836e+03   3.4999886e-04
   1.0482613e+03   3.4662438e-04
   1.0499389e+03   3.4328244e-04
   1.0516166e+03   3.3997271e-04
   1.0532943e+03   3.3669490e-04
   1.0549720e+03   3.3344869e-04
   1.0566496e+03   3.3023378e-04
   1.0583273e+03   3.2704986e-04
   1.0600050e+03   3.2389664e-04
   1.0616827e+03   3.2077383e-04
   1.0633604e+03   3.1768112e-04
   1.0650380e+03   3.1461822e-04
   1.0667157e+03   3.1158486e-04
   1.0683934e+03   3.0858075e-04
   1.0700711e+03   3.0560560e-04
   1.0717487e+03   3.0265913e-04
   1.0734264e+03   2.9974107e-04
   1.0751041e+03   2.9685115e-04
   1.0767818e+03   2.9398909e-04
   1.0784595e+03   2.9115462e-04
   1.0801371e+03   2.8834748e-04
   1.0818148e+03   2.8556741e-04
   1.0834925e+03   2.8281414e-04
   1.0851702e+03   2.8008741e-04
   1.0868478e+03   2.7738698e-04
   1.0885255e+03   2.7471258e-04
   1.0902032e+03   2.7206397e-04
   1.0918809e+03   2.6944089e-04
   1.0935586e+03   2.6684310e-04
   1.0952362e+03   2.6427036e-04
   1.0969139e+03   2.6172242e-04
   1.0985916e+03   2.5919905e-04
   1.1002693e+03   2.5670001e-04
   1.1019469e+03   2.5422506e-04
   1.1036246e+03   2.5177398e-04
   1.1053023e+03   2.4934652e-04
   1.1069800e+03   2.4694247e-04
   1.1086577e+03   2.4456160e-04
   1.1103353e+03   2.4220368e-04
   1.1120130e+03   2.3986850e-04
   1.1136907e+03   2.3755583e-04
   1.1153684e+03   2.3526546e-04
   1.1170460e+03   2.3299717e-04
   1.1187237e+03   2.3075075e-04
   1.1204014e+03   2.2852599e-04
   1.1220791e+03   2.2632268e-04
   1.1237568e+03   2.2414061e-04
   1.1254344e+03   2.2197958e-04
   1.1271121e+03   2.1983939e-04
   1.1287898e+03   2.1771983e-04
   1.1304675e+03   2.1562071e-04
   1.1321451e+03   2.1354182e-04
   1.1338228e+03   2.1148298e-04
   1.1355005e+03   2.0944398e-04
   1.1371782e+03   2.0742465e-04
   1.1388559e+03   2.0542479e-04
   1.1405335e+03   2.0344420e-04
   1.1422112e+03   2.0148272e-04
   1.1438889e+03   1.9954014e-04
   1.1455666e+03   1.9761629e-04
   1.1472442e+03   1.9571100e-04
   1.1489219e+03   1.9382407e-04
   1.1505996e+03   1.9195533e-04
   1.1522773e+03   1.9010461e-04
   1.1539550e+03   1.8827174e-04
   1.1556326e+03   1.8645654e-04
   1.1573103e+03   1.8465883e-04
   1.1589880e+03   1.8287846e-04
   1.1606657e+03   1.8111526e-04
   1.1623433e+03   1.7936905e-04
   1.1640210e+03   1.7763968e-04
   1.1656987e+03   1.7592699e-04
   1.1673764e+03   1.7423081e-04
   1.1690541e+03   1.7255098e-04
   1.1707317e+03   1.7088734e-04
   1.1724094e+03   1.6923975e-04
   1.1740871e+03   1.6760804e-04
   1.1757648e+03   1.6599207e-04
   1.1774424e+03   1.6439167e-04
   1.1791201e+03   1.6280670e-04
   1.1807978e+03   1.6123702e-04
   1.1824755e+03   1.5968247e-04
   1.1841532e+03   1.5814290e-04
   1.1858308e+03   1.5661819e-04
   1.1875085e+03   1.5510817e-04
   1.1891862e+03   1.5361271e-04
   1.1908639e+03   1.5213166e-04
   1.1925415e+03   1.5066490e-04
   1.1942192e+03   1.4921228e-04
   1.1958969e+03   1.4777367e-04
   1.1975746e+03   1.4634892e-04
   1.1992523e+03   1.4493791e-04
   1.2009299e+03   1.4354051e-04
   1.2026076e+03   1.4215658e-04
   1.2042853e+03   1.4078599e-04
   1.2059630e+03   1.3942861e-04
   1.2076406e+03   1.3808433e-04
   1.2093183e+03   1.3675300e-04
   1.2109960e+03   1.3543451e-04
   1.2126737e+03   1.3412873e-04
   1.2143514e+03   1.3283554e-04
   1.2160290e+03   1.3155482e-04
   1.2177067e+03   1.3028645e-04
   1.2193844e+03   1.2903030e-04
   1.2210621e+03   1.2778627e-04
   1.2227397e+03   1.2655423e-04
   1.2244174e+03   1.2533407e-04
   1.2260951e+03   1.2412568e-04
   1.2277728e+03   1.2292893e-04
   1.2294505e+03   1.2174372e-04
   1.2311281e+03   1.2056994e-04
   1.2328058e+03   1.1940748e-04
   1.2344835e+03   1.1825622e-04
   1.2361612e+03   1.1711607e-04
   1.2378388e+03   1.1598691e-04
   1.2395165e+03   1.1486863e-04
   1.2411942e+03   1.1376113e-04
   1.2428719e+03   1.1266432e-04
   1.2445495e+03   1.1157808e-04
   1.2462272e+03   1.1050231e-04
   1.2479049e+03   1.0943691e-04
   1.2495826e+03   1.0838178e-04
   1.2512603e+03   1.0733683e-04
   1.2529379e+03   1.0630195e-04
   1.2546156e+03   1.0527706e-04
   1.2562933e+03   1.0426204e-04
   1.2579710e+03   1.0325680e-04
   1.2596486e+03   1.0226126e-04
   1.2613263e+03   1.0127532e-04
   1.2630040e+03   1.0029889e-04
   1.2646817e+03   9.9331864e-05
   1.2663594e+03   9.8374166e-05
   1.2680370e+03   9.7425701e-05
   1.2697147e+03   9.6486381e-05
   1.2713924e+03   9.5556117e-05
   1.2730701e+03   9.4634822e-05
   1.2747477e+03   9.3722410e-05
   1.2764254e+03   9.2818794e-05
   1.2781031e+03   9.1923891e-05
   1.2797808e+03   9.1037616e-05
   1.2814585e+03   9.0159886e-05
   1.2831361e+03   8.9290618e-05
   1.2848138e+03   8.8429731e-05
   1.2864915e+03   8.7577145e-05
   1.2881692e+03   8.6732778e-05
   1.2898468e+03   8.5896553e-05
   1.2915245e+03   8.5068390e-05
   1.2932022e+03   8.4248211e-05
   1.2948799e+03   8.3435940e-05
   1.2965576e+03   8.2631501e-05
   1.2982352e+03   8.1834818e-05
   1.2999129e+03   8.1045815e-05
   1.3015906e+03   8.0264420e-05
   1.3032683e+03   7.9490558e-05
   1.3049459e+03   7.8724158e-05
   1.3066236e+03   7.7965147e-05
   1.3083013e+03   7.7213454e-05
   1.3099790e+03   7.6469008e-05
   1.3116567e+03   7.5731739e-05
   1.3133343e+03   7.5001579e-05
   1.3150120e+03   7.4278459e-05
   1.3166897e+03   7.3562310e-05
   1.3183674e+03   7.2853067e-05
   1.3200450e+03   7.2150661e-05
   1.3217227e+03   7.1455027e-05
   1.3234004e+03   7.0766101e-05
   1.3250781e+03   7.0083816e-05
   1.3267558e+03   6.9408110e-05
   1.3284334e+03   6.8738919e-05
   1.3301111e+03   6.8076179e-05
   1.3317888e+03   6.7419829e-05
   1.3334665e+03   6.6769808e-05
   1.3351441e+03   6.6126053e-05
   1.3368218e+03   6.5488505e-05
   1.3384995e+03   6.4857104e-05
   1.3401772e+03   6.4231791e-05
   1.3418549e+03   6.3612507e-05
   1.3435325e+03   6.2999193e-05
   1.3452102e+03   6.2391792e-05
   1.3468879e+03   6.1790248e-05
   1.3485656e+03   6.1194503e-05
   1.3502432e+03   6.0604503e-05
   1.3519209e+03   6.0020190e-05
   1.3535986e+03   5.9441512e-05
   1.3552763e+03   5.8868412e-05
   1.3569540e+03   5.8300838e-05
   1.3586316e+03   5.7738736e-05
   1.3603093e+03   5.7182054e-05
   1.3619870e+03   5.6630739e-05
   1.3636647e+03   5.6084739e-05
   1.3653423e+03   5.5544004e-05
   1.3670200e+03   5.5008482e-05
   1.3686977e+03   5.4478123e-05
   1.3703754e+03   5.3952877e-05
   1.3720531e+03   5.3432696e-05
   1.3737307e+03   5.2917530e-05
   1.3754084e+03   5.2407331e-05
   1.3770861e+03   5.1902051e-05
   1.3787638e+03   5.1401642e-05
   1.3804414e+03   5.0906058e-05
   1.3821191e+03   5.0415252e-05
   1.3837968e+03   4.9929179e-05
   1.3854745e+03   4.9447792e-05
   1.3871522e+03   4.8971046e-05
   1.3888298e+03   4.8498896e-05
   1.3905075e+03   4.8031299e-05
   1.3921852e+03   4.7568210e-05
   1.3938629e+03   4.7109585e-05
   1.3955405e+03   4.6655383e-05
   1.3972182e+03   4.6205560e-05
   1.3988959e+03   4.5760073e-05
   1.4005736e+03   4.5318882e-05
   1.4022513e+03   4.4881945e-05
   1.4039289e+03   4.4449220e-05
   1.4056066e+03   4.4020667e-05
   1.4072843e+03   4.3596246e-05
   1.4089620e+03   4.3175917e-05
   1.4106396e+03   4.2759641e-05
   1.4123173e+03   4.2347378e-05
   1.4139950e+03   4.1939090e-05
   1.4156727e+03   4.1534738e-05
   1.4173504e+03   4.1134285e-05
   1.4190280e+03   4.0737693e-05
   1.4207057e+03   4.0344925e-05
   1.4223834e+03   3.9955943e-05
   1.4240611e+03   3.9570712e-05
   1.4257387e+03   3.9189195e-05
   1.4274164e+03   3.8811356e-05
   1.4290941e+03   3.8437160e-05
   1.4307718e+03   3.8066572e-05
   1.4324494e+03   3.7699557e-05
   1.4341271e+03   3.7336080e-05
   1.4358048e+03   3.6976108e-05
   1.4374825e+03   3.6619606e-05
   1.4391602e+03   3.6266542e-05
   1.4408378e+03   3.5916882e-05
   1.4425155e+03   3.5570593e-05
   1.4441932e+03   3.5227642e-05
   1.4458709e+03   3.4887999e-05
   1.4475485e+03   3.4551629e-05
   1.4492262e+03   3.4218503e-05
   1.4509039e+03   3.3888589e-05
   1.4525816e+03   3.3561855e-05
   1.4542593e+03   3.3238272e-05
   1.4559369e+03   3.2917809e-05
   1.4576146e+03   3.2600435e-05
   1.4592923e+03   3.2286121e-05
   1.4609700e+03   3.1974837e-05
   1.4626476e+03   3.1666555e-05
   1.4643253e+03   3.1361245e-05
   1.4660030e+03   3.1058879e-05
   1.4676807e+03   3.0759428e-05
   1.4693584e+03   3.0462864e-05
   1.4710360e+03   3.0169159e-05
   1.4727137e+03   2.9878286e-05
   1.4743914e+03   2.9590218e-05
   1.4760691e+03   2.9304926e-05
   1.4777467e+03   2.9022386e-05
   1.4794244e+03   2.8742569e-05
   1.4811021e+03   2.8465451e-05
   1.4827798e+03   2.8191004e-05
   1.4844575e+03   2.7919203e-05
   1.4861351e+03   2.7650023e-05
   1.4878128e+03   2.7383438e-05
   1.4894905e+03   2.7119423e-05
   1.4911682e+03   2.6857954e-05
   1.4928458e+03   2.6599006e-05
   1.4945235e+03   2.6342554e-05
   1.4962012e+03   2.6088575e-05
   1.4978789e+03   2.5837044e-05
   1.4995566e+03   2.5587939e-05
   1.5012342e+03   2.5341235e-05
   1.5029119e+03   2.5096910e-05
   1.5045896e+03   2.4854941e-05
   1.5062673e+03   2.4615304e-05
   1.5079449e+03   2.4377978e-05
   1.5096226e+03   2.4142941e-05
   1.5113003e+03   2.3910169e-05
   1.5129780e+03   2.3679641e-05
   1.5146557e+03   2.3451336e-05
   1.5163333e+03   2.3225233e-05
   1.5180110e+03   2.3001309e-05
   1.5196887e+03   2.2779544e-05
   1.5213664e+03   2.2559917e-05
   1.5230440e+03   2.2342408e-05
   1.5247217e+03   2.2126996e-05
   1.5263994e+03   2.1913661e-05
   1.5280771e+03   2.1702382e-05
   1.5297548e+03   2.1493141e-05
   1.5314324e+03   2.1285917e-05
   1.5331101e+03   2.1080691e-05
   1.5347878e+03   2.0877443e-05
   1.5364655e+03   2.0676156e-05
   1.5381431e+03   2.0476808e-05
   1.5398208e+03   2.0279383e-05
   1.5414985e+03   2.0083862e-05
   1.5431762e+03   1.9890225e-05
   1.5448539e+03   1.9698455e-05
   1.5465315e+03   1.9508535e-05
   1.5482092e+03   1.9320445e-05
   1.5498869e+03   1.9134169e-05
   1.5515646e+03   1.8949689e-05
   1.5532422e+03   1.8766987e-05
   1.5549199e+03   1.8586047e-05
   1.5565976e+03   1.8406852e-05
   1.5582753e+03   1.8229384e-05
   1.5599530e+03   1.8053627e-05
   1.5616306e+03   1.7879565e-05
   1.5633083e+03   1.7707181e-05
   1.5649860e+03   1.7536459e-05
   1.5666637e+03   1.7367382e-05
   1.5683413e+03   1.7199937e-05
   1.5700190e+03   1.7034105e-05
   1.5716967e+03   1.6869872e-05
   1.5733744e+03   1.6707223e-05
   1.5750521e+03   1.6546142e-05
   1.5767297e+03   1.6386614e-05
   1.5784074e+03   1.6228624e-05
   1.5800851e+03   1.6072158e-05
   1.5817628e+03   1.5917199e-05
   1.5834404e+03   1.5763735e-05
   1.5851181e+03   1.5611751e-05
   1.5867958e+03   1.5461232e-05
   1.5884735e+03   1.5312164e-05
   1.5901512e+03   1.5164533e-05
   1.5918288e+03   1.5018326e-05
   1.5935065e+03   1.4873528e-05
   1.5951842e+03   1.4730126e-05
   1.5968619e+03   1.4588107e-05
   1.5985395e+03   1.4447457e-05
   1.6002172e+03   1.4308164e-05
   1.6018949e+03   1.4170213e-05
   1.6035726e+03   1.4033592e-05
   1.6052503e+03   1.3898289e-05
   1.6069279e+03   1.3764290e-05
   1.6086056e+03   1.3631583e-05
   1.6102833e+03   1.3500155e-05
   1.6119610e+03   1.3369995e-05
   1.6136386e+03   1.3241089e-05
   1.6153163e+03   1.3113427e-05
   1.6169940e+03   1.2986995e-05
   1.6186717e+03   1.2861782e-05
   1.6203493e+03   1.2737776e-05
   1.6220270e+03   1.2614966e-05
   1.6237047e+03   1.2493340e-05
   1.6253824e+03   1.2372887e-05
   1.6270601e+03   1.2253595e-05
   1.6287377e+03   1.2135453e-05
   1.6304154e+03   1.2018450e-05
   1.6320931e+03   1.1902576e-05
   1.6337708e+03   1.1787818e-05
   1.6354484e+03   1.1674167e-05
   1.6371261e+03   1.1561612e-05
   1.6388038e+03   1.1450142e-05
   1.6404815e+03   1.1339746e-05
   1.6421592e+03   1.1230415e-05
   1.6438368e+03   1.1122138e-05
   1.6455145e+03   1.1014905e-05
   1.6471922e+03   1.0908706e-05
   1.6488699e+03   1.0803531e-05
   1.6505475e+03   1.0699370e-05
   1.6522252e+03   1.0596213e-05
   1.6539029e+03   1.0494051e-05
   1.6555806e+03   1.0392873e-05
   1.6572583e+03   1.0292671e-05
   1.6589359e+03   1.0193436e-05
   1.6606136e+03   1.0095157e-05
   1.6622913e+03   9.9978250e-06
   1.6639690e+03   9.9014320e-06
   1.6656466e+03   9.8059683e-06
   1.6673243e+03   9.7114250e-06
   1.6690020e+03   9.6177933e-06
   1.6706797e+03   9.5250643e-06
   1.6723574e+03   9.4332293e-06
   1.6740350e+03   9.3422798e-06
   1.6757127e+03   9.2522071e-06
   1.6773904e+03   9.1630029e-06
   1.6790681e+03   9.0746587e-06
   1.6807457e+03   8.9871662e-06
   1.6824234e+03   8.9005174e-06
   1.6841011e+03   8.8147039e-06
   1.6857788e+03   8.7297178e-06
   1.6874565e+03   8.6455511e-06
   1.6891341e+03   8.5621959e-06
   1.6908118e+03   8.4796443e-06
   1.6924895e+03   8.3978886e-06
   1.6941672e+03   8.3169212e-06
   1.6958448e+03   8.2367344e-06
   1.6975225e+03   8.1573208e-06
   1.6992002e+03   8.0786728e-06
   1.7008779e+03   8.0007830e-06
   1.7025556e+03   7.9236443e-06
   1.7042332e+03   7.8472492e-06
   1.7059109e+03   7.7715908e-06
   1.7075886e+03   7.6966617e-06
   1.7092663e+03   7.6224551e-06
   1.7109439e+03   7.5489640e-06
   1.7126216e+03   7.4761814e-06
   1.7142993e+03   7.4041005e-06
   1.7159770e+03   7.3327146e-06
   1.7176547e+03   7.2620170e-06
   1.7193323e+03   7.1920009e-06
   1.7210100e+03   7.1226600e-06
   1.7226877e+03   7.0539876e-06
   1.7243654e+03   6.9859772e-06
   1.7260430e+03   6.9186226e-06
   1.7277207e+03   6.8519174e-06
   1.7293984e+03   6.7858553e-06
   1.7310761e+03   6.7204302e-06
   1.7327538e+03   6.6556358e-06
   1.7344314e+03   6.5914661e-06
   1.7361091e+03   6.5279152e-06
   1.7377868e+03   6.4649769e-06
   1.7394645e+03   6.4026455e-06
   1.7411421e+03   6.3409150e-06
   1.7428198e+03   6.2797797e-06
   1.7444975e+03   6.2192338e-06
   1.7461752e+03   6.1592717e-06
   1.7478529e+03   6.0998877e-06
   1.7495305e+03   6.0410762e-06
   1.7512082e+03   5.9828318e-06
   1.7528859e+03   5.9251489e-06
   1.7545636e+03   5.8680221e-06
   1.7562412e+03   5.8114462e-06
   1.7579189e+03   5.7554157e-06
   1.7595966e+03   5.6999254e-06
   1.7612743e+03   5.6449702e-06
   1.7629520e+03   5.5905447e-06
   1.7646296e+03   5.5366440e-06
   1.7663073e+03   5.4832630e-06
   1.7679850e+03   5.4303967e-06
   1.7696627e+03   5.3780401e-06
   1.7713403e+03   5.3261882e-06
   1.7730180e+03   5.2748363e-06
   1.7746957e+03   5.2239795e-06
   1.7763734e+03   5.1736130e-06
   1.7780511e+03   5.1237321e-06
   1.7797287e+03   5.0743322e-06
   1.7814064e+03   5.0254085e-06
   1.7830841e+03   4.9769565e-06
   1.7847618e+03   4.9289717e-06
   1.7864394e+03   4.8814495e-06
   1.7881171e+03   4.8343855e-06
   1.7897948e+03   4.7877752e-06
   1.7914725e+03   4.7416143e-06
   1.7931502e+03   4.6958985e-06
   1.7948278e+03   4.6506235e-06
   1.7965055e+03   4.6057850e-06
   1.7981832e+03   4.5613787e-06
   1.7998609e+03   4.5174007e-06
   1.8015385e+03   4.4738466e-06
   1.8032162e+03   4.4307124e-06
   1.8048939e+03   4.3879942e-06
   1.8065716e+03   4.3456877e-06
   1.8082492e+03   4.3037892e-06
   1.8099269e+03   4.2622947e-06
   1.8116046e+03   4.2212002e-06
   1.8132823e+03   4.1805019e-06
   1.8149600e+03   4.1401960e-06
   1.8166376e+03   4.1002787e-06
   1.8183153e+03   4.0607463e-06
   1.8199930e+03   4.0215950e-06
   1.8216707e+03   3.9828212e-06
   1.8233483e+03   3.9444212e-06
   1.8250260e+03   3.9063914e-06
   1.8267037e+03   3.8687283e-06
   1.8283814e+03   3.8314284e-06
   1.8300591e+03   3.7944880e-06
   1.8317367e+03   3.7579039e-06
   1.8334144e+03   3.7216724e-06
   1.8350921e+03   3.6857903e-06
   1.8367698e+03   3.6502541e-06
   1.8384474e+03   3.6150605e-06
   1.8401251e+03   3.5802063e-06
   1.8418028e+03   3.5456881e-06
   1.8434805e+03   3.5115027e-06
   1.8451582e+03   3.4776469e-06
   1.8468358e+03   3.4441175e-06
   1.8485135e+03   3.4109113e-06
   1.8501912e+03   3.3780254e-06
   1.8518689e+03   3.3454565e-06
   1.8535465e+03   3.3132016e-06
   1.8552242e+03   3.2812577e-06
   1.8569019e+03   3.2496218e-06
   1.8585796e+03   3.2182909e-06
   1.8602573e+03   3.1872620e-06
   1.8619349e+03   3.1565323e-06
   1.8636126e+03   3.1260989e-06
   1.8652903e+03   3.0959590e-06
   1.8669680e+03   3.0661096e-06
   1.8686456e+03   3.0365480e-06
   1.8703233e+03   3.0072714e-06
   1.8720010e+03   2.9782771e-06
   1.8736787e+03   2.9495623e-06
   1.8753564e+03   2.9211244e-06
   1.8770340e+03   2.8929607e-06
   1.8787117e+03   2.8650685e-06
   1.8803894e+03   2.8374452e-06
   1.8820671e+03   2.8100883e-06
   1.8837447e+03   2.7829951e-06
   1.8854224e+03   2.7561631e-06
   1.8871001e+03   2.7295898e-06
   1.8887778e+03   2.7032728e-06
   1.8904555e+03   2.6772094e-06
   1.8921331e+03   2.6513974e-06
   1.8938108e+03   2.6258342e-06
   1.8954885e+03   2.6005175e-06
   1.8971662e+03   2.5754448e-06
   1.8988438e+03   2.5506139e-06
   1.9005215e+03   2.5260224e-06
   1.9021992e+03   2.5016680e-06
   1.9038769e+03   2.4775485e-06
   1.9055546e+03   2.4536614e-06
   1.9072322e+03   2.4300047e-06
   1.9089099e+03   2.4065760e-06
   1.9105876e+03   2.3833733e-06
   1.9122653e+03   2.3603942e-06
   1.9139429e+03   2.3376367e-06
   1.9156206e+03   2.3150986e-06
   1.9172983e+03   2.2927778e-06
   1.9189760e+03   2.2706722e-06
   1.9206537e+03   2.2487798e-06
   1.9223313e+03   2.2270984e-06
   1.9240090e+03   2.2056260e-06
   1.9256867e+03   2.1843607e-06
   1.9273644e+03   2.1633004e-06
   1.9290420e+03   2.1424431e-06
   1.9307197e+03   2.1217870e-06
   1.9323974e+03   2.1013300e-06
   1.9340751e+03   2.0810702e-06
   1.9357528e+03   2.0610058e-06
   1.9374304e+03   2.0411348e-06
   1.9391081e+03   2.0214554e-06
   1.9407858e+03   2.0019657e-06
   1.9424635e+03   1.9826640e-06
   1.9441411e+03   1.9635483e-06
   1.9458188e+03   1.9446170e-06
   1.9474965e+03   1.9258681e-06
   1.9491742e+03   1.9073001e-06
   1.9508519e+03   1.8889110e-06
   1.9525295e+03   1.8706993e-06
   1.9542072e+03   1.8526631e-06
   1.9558849e+03   1.8348008e-06
   1.9575626e+03   1.8171108e-06
   1.9592402e+03   1.7995913e-06
   1.9609179e+03   1.7822407e-06
   1.9625956e+03   1.7650574e-06
   1.9642733e+03   1.7480398e-06
   1.9659510e+03   1.7311862e-06
   1.9676286e+03   1.7144952e-06
   1.9693063e+03   1.6979650e-06
   1.9709840e+03   1.6815943e-06
   1.9726617e+03   1.6653814e-06
   1.9743393e+03   1.6493247e-06
   1.9760170e+03   1.6334229e-06
   1.9776947e+03   1.6176745e-06
   1.9793724e+03   1.6020778e-06
   1.9810501e+03   1.5866315e-06
   1.9827277e+03   1.5713342e-06
   1.9844054e+03   1.5561843e-06
   1.9860831e+03   1.5411805e-06
   1.9877608e+03   1.5263214e-06
   1.9894384e+03   1.5116055e-06
   1.9911161e+03   1.4970315e-06
   1.9927938e+03   1.4825980e-06
   1.9944715e+03   1.4683037e-06
   1.9961491e+03   1.4541472e-06
   1.9978268e+03   1.4401272e-06
   1.9995045e+03   1.4262423e-06
   2.0011822e+03   1.4124914e-06
   2.0028599e+03   1.3988730e-06
   2.0045375e+03   1.3853859e-06
   2.0062152e+03   1.3720288e-06
   2.0078929e+03   1.3588005e-06
   2.0095706e+03   1.3456998e-06
   2.0112482e+03   1.3327253e-06
   2.0129259e+03   1.3198760e-06
   2.0146036e+03   1.3071506e-06
   2.0162813e+03   1.2945478e-06
   2.0179590e+03   1.2820665e-06
   2.0196366e+03   1.2697056e-06
   2.0213143e+03   1.2574639e-06
   2.0229920e+03   1.2453402e-06
   2.0246697e+03   1.2333333e-06
   2.0263473e+03   1.2214423e-06
   2.0280250e+03   1.2096659e-06
   2.0297027e+03   1.1980030e-06
   2.0313804e+03   1.1864526e-06
   2.0330581e+03   1.1750135e-06
   2.0347357e+03   1.1636847e-06
   2.0364134e+03   1.1524652e-06
   2.0380911e+03   1.1413538e-06
   2.0397688e+03   1.1303495e-06
   2.0414464e+03   1.1194514e-06
   2.0431241e+03   1.1086583e-06
   2.0448018e+03   1.0979693e-06
   2.0464795e+03   1.0873833e-06
   2.0481572e+03   1.0768994e-06
   2.0498348e+03   1.0665166e-06
   2.0515125e+03   1.0562339e-06
   2.0531902e+03   1.0460503e-06
   2.0548679e+03   1.0359649e-06
   2.0565455e+03   1.0259768e-06
   2.0582232e+03   1.0160849e-06
   2.0599009e+03   1.0062884e-06
   2.0615786e+03   9.9658640e-07
   2.0632563e+03   9.8697791e-07
   2.0649339e+03   9.7746206e-07
   2.0666116e+03   9.6803795e-07
   2.0682893e+03   9.5870471e-07
   2.0699670e+03   9.4946145e-07
   2.0716446e+03   9.4030731e-07
   2.0733223e+03   9.3124143e-07
   2.0750000e+03   9.2226296e-07
