   3.8083000e+02   8.3314785e-06
   3.8276100e+02   8.9431164e-06
   3.8469199e+02   9.5953308e-06
   3.8662299e+02   1.0290474e-05
   3.8855398e+02   1.1031010e-05
   3.9048498e+02   1.1819516e-05
   3.9241598e+02   1.2658690e-05
   3.9434697e+02   1.3551352e-05
   3.9627797e+02   1.4500444e-05
   3.9820896e+02   1.5509042e-05
   4.0013996e+02   1.6580349e-05
   4.0207096e+02   1.7717708e-05
   4.0400195e+02   1.8924599e-05
   4.0593295e+02   2.0204645e-05
   4.0786394e+02   2.1561613e-05
   4.0979494e+02   2.2999420e-05
   4.1172594e+02   2.4522131e-05
   4.1365693e+02   2.6133969e-05
   4.1558793e+02   2.7839311e-05
   4.1751892e+02   2.9642693e-05
   4.1944992e+02   3.1548811e-05
   4.2138092e+02   3.3562526e-05
   4.2331191e+02   3.5688862e-05
   4.2524291e+02   3.7933010e-05
   4.2717390e+02   4.0300327e-05
   4.2910490e+02   4.2796339e-05
   4.3103590e+02   4.5426742e-05
   4.3296689e+02   4.8197400e-05
   4.3489789e+02   5.1114346e-05
   4.3682888e+02   5.4183782e-05
   4.3875988e+02   5.7412078e-05
   4.4069088e+02   6.0805771e-05
   4.4262187e+02   6.4371562e-05
   4.4455287e+02   6.8116317e-05
   4.4648386e+02   7.2047060e-05
   4.4841486e+02   7.6170974e-05
   4.5034586e+02   8.0495396e-05
   4.5227685e+02   8.5027813e-05
   4.5420785e+02   8.9775857e-05
   4.5613884e+02   9.4747301e-05
   4.5806984e+02   9.9950051e-05
   4.6000084e+02   1.0539214e-04
   4.6193183e+02   1.1108173e-04
   4.6386283e+02   1.1702709e-04
   4.6579382e+02   1.2323660e-04
   4.6772482e+02   1.2971873e-04
   4.6965582e+02   1.3648204e-04
   4.7158681e+02   1.4353518e-04
   4.7351781e+02   1.5088684e-04
   4.7544880e+02   1.5854581e-04
   4.7737980e+02   1.6652088e-04
   4.7931080e+02   1.7482089e-04
   4.8124179e+02   1.8345470e-04
   4.8317279e+02   1.9243119e-04
   4.8510378e+02   2.0175919e-04
   4.8703478e+02   2.1144754e-04
   4.8896578e+02   2.2150503e-04
   4.9089677e+02   2.3194038e-04
   4.9282777e+02   2.4276226e-04
   4.9475876e+02   2.5397923e-04
   4.9668976e+02   2.6559975e-04
   4.9862076e+02   2.7763214e-04
   5.0055175e+02   2.9008459e-04
   5.0248275e+02   3.0296512e-04
   5.0441374e+02   3.1628154e-04
   5.0634474e+02   3.3004149e-04
   5.0827574e+02   3.4425237e-04
   5.1020673e+02   3.5892130e-04
   5.1213773e+02   3.7405518e-04
   5.1406872e+02   3.8966058e-04
   5.1599972e+02   4.0574379e-04
   5.1793072e+02   4.2231073e-04
   5.1986171e+02   4.3936698e-04
   5.2179271e+02   4.5691776e-04
   5.2372370e+02   4.7496784e-04
   5.2565470e+02   4.9352163e-04
   5.2758570e+02   5.1258303e-04
   5.2951669e+02   5.3215552e-04
   5.3144769e+02   5.5224208e-04
   5.3337868e+02   5.7284517e-04
   5.3530968e+02   5.9396672e-04
   5.3724068e+02   6.1560813e-04
   5.3917167e+02   6.3777021e-04
   5.4110267e+02   6.6045319e-04
   5.4303366e+02   6.8365668e-04
   5.4496466e+02   7.0737968e-04
   5.4689566e+02   7.3162054e-04
   5.4882665e+02   7.5637695e-04
   5.5075765e+02   7.8164592e-04
   5.5268864e+02   8.0742378e-04
   5.5461964e+02   8.3370615e-04
   5.5655064e+02   8.6048793e-04
   5.5848163e+02   8.8776332e-04
   5.6041263e+02   9.1552575e-04
   5.6234362e+02   9.4376791e-04
   5.6427462e+02   9.7248177e-04
   5.6620562e+02   1.0016585e-03
   5.6813661e+02   1.0312885e-03
   5.7006761e+02   1.0613615e-03
   5.7199860e+02   1.0918664e-03
   5.7392960e+02   1.1227911e-03
   5.7586060e+02   1.1541233e-03
   5.7779159e+02   1.1858493e-03
   5.7972259e+02   1.2179550e-03
   5.8165358e+02   1.2504256e-03
   5.8358458e+02   1.2832453e-03
   5.8551558e+02   1.3163978e-03
   5.8744657e+02   1.3498658e-03
   5.8937757e+02   1.3836316e-03
   5.9130856e+02   1.4176767e-03
   5.9323956e+02   1.4519817e-03
   5.9517056e+02   1.4865269e-03
   5.9710155e+02   1.5212917e-03
   5.9903255e+02   1.5562549e-03
   6.0096354e+02   1.5913948e-03
   6.0289454e+02   1.6266892e-03
   6.0482554e+02   1.6621151e-03
   6.0675653e+02   1.6976491e-03
   6.0868753e+02   1.7332674e-03
   6.1061852e+02   1.7689457e-03
   6.1254952e+02   1.8046591e-03
   6.1448052e+02   1.8403826e-03
   6.1641151e+02   1.8760906e-03
   6.1834251e+02   1.9117572e-03
   6.2027350e+02   1.9473564e-03
   6.2220450e+02   1.9828617e-03
   6.2413550e+02   2.0182465e-03
   6.2606649e+02   2.0534841e-03
   6.2799749e+02   2.0885476e-03
   6.2992848e+02   2.1234099e-03
   6.3185948e+02   2.1580440e-03
   6.3379048e+02   2.1924229e-03
   6.3572147e+02   2.2265195e-03
   6.3765247e+02   2.2603069e-03
   6.3958346e+02   2.2937582e-03
   6.4151446e+02   2.3268467e-03
   6.4344546e+02   2.3595460e-03
   6.4537645e+02   2.3918298e-03
   6.4730745e+02   2.4236722e-03
   6.4923844e+02   2.4550475e-03
   6.5116944e+02   2.4859305e-03
   6.5310044e+02   2.5162964e-03
   6.5503143e+02   2.5461207e-03
   6.5696243e+02   2.5753796e-03
   6.5889342e+02   2.6040495e-03
   6.6082442e+02   2.6321078e-03
   6.6275542e+02   2.6595322e-03
   6.6468641e+02   2.6863011e-03
   6.6661741e+02   2.7123936e-03
   6.6854840e+02   2.7377894e-03
   6.7047940e+02   2.7624691e-03
   6.7241040e+02   2.7864139e-03
   6.7434139e+02   2.8096060e-03
   6.7627239e+02   2.8320281e-03
   6.7820338e+02   2.8536639e-03
   6.8013438e+02   2.8744982e-03
   6.8206538e+02   2.8945162e-03
   6.8399637e+02   2.9137045e-03
   6.8592737e+02   2.9320502e-03
   6.8785836e+02   2.9495417e-03
   6.8978936e+02   2.9661680e-03
   6.9172036e+02   2.9819194e-03
   6.9365135e+02   2.9967869e-03
   6.9558235e+02   3.0107626e-03
   6.9751334e+02   3.0238397e-03
   6.9944434e+02   3.0360122e-03
   7.0137534e+02   3.0472752e-03
   7.0330633e+02   3.0576247e-03
   7.0523733e+02   3.0670578e-03
   7.0716832e+02   3.0755726e-03
   7.0909932e+02   3.0831680e-03
   7.1103032e+02   3.0898442e-03
   7.1296131e+02   3.0956019e-03
   7.1489231e+02   3.1004433e-03
   7.1682330e+02   3.1043711e-03
   7.1875430e+02   3.1073891e-03
   7.2068530e+02   3.1095022e-03
   7.2261629e+02   3.1107157e-03
   7.2454729e+02   3.1110363e-03
   7.2647828e+02   3.1104713e-03
   7.2840928e+02   3.1090289e-03
   7.3034028e+02   3.1067180e-03
   7.3227127e+02   3.1035484e-03
   7.3420227e+02   3.0995306e-03
   7.3613326e+02   3.0946759e-03
   7.3806426e+02   3.0889962e-03
   7.3999526e+02   3.0825043e-03
   7.4192625e+02   3.0752134e-03
   7.4385725e+02   3.0671374e-03
   7.4578824e+02   3.0582908e-03
   7.4771924e+02   3.0486887e-03
   7.4965024e+02   3.0383467e-03
   7.5158123e+02   3.0272809e-03
   7.5351223e+02   3.0155077e-03
   7.5544322e+02   3.0030443e-03
   7.5737422e+02   2.9899079e-03
   7.5930522e+02   2.9761163e-03
   7.6123621e+02   2.9616876e-03
   7.6316721e+02   2.9466401e-03
   7.6509820e+02   2.9309924e-03
   7.6702920e+02   2.9147635e-03
   7.6896020e+02   2.8979724e-03
   7.7089119e+02   2.8806384e-03
   7.7282219e+02   2.8627808e-03
   7.7475318e+02   2.8444191e-03
   7.7668418e+02   2.8255729e-03
   7.7861518e+02   2.8062618e-03
   7.8054617e+02   2.7865055e-03
   7.8247717e+02   2.7663235e-03
   7.8440816e+02   2.7457356e-03
   7.8633916e+02   2.7247612e-03
   7.8827016e+02   2.7034198e-03
   7.9020115e+02   2.6817307e-03
   7.9213215e+02   2.6597131e-03
   7.9406314e+02   2.6373862e-03
   7.9599414e+02   2.6147687e-03
   7.9792514e+02   2.5918794e-03
   7.9985613e+02   2.5687366e-03
   8.0178713e+02   2.5453587e-03
   8.0371812e+02   2.5217635e-03
   8.0564912e+02   2.4979687e-03
   8.0758012e+02   2.4739918e-03
   8.0951111e+02   2.4498498e-03
   8.1144211e+02   2.4255594e-03
   8.1337310e+02   2.4011372e-03
   8.1530410e+02   2.3765991e-03
   8.1723510e+02   2.3519610e-03
   8.1916609e+02   2.3272382e-03
   8.2109709e+02   2.3024457e-03
   8.2302808e+02   2.2775981e-03
   8.2495908e+02   2.2527097e-03
   8.2689008e+02   2.2277943e-03
   8.2882107e+02   2.2028652e-03
   8.3075207e+02   2.1779357e-03
   8.3268306e+02   2.1530183e-03
   8.3461406e+02   2.1281252e-03
   8.3654506e+02   2.1032682e-03
   8.3847605e+02   2.0784588e-03
   8.4040705e+02   2.0537079e-03
   8.4233804e+02   2.0290262e-03
   8.4426904e+02   2.0044237e-03
   8.4620004e+02   1.9799104e-03
   8.4813103e+02   1.9554955e-03
   8.5006203e+02   1.9311880e-03
   8.5199302e+02   1.9069965e-03
   8.5392402e+02   1.8829291e-03
   8.5585502e+02   1.8589937e-03
   8.5778601e+02   1.8351977e-03
   8.5971701e+02   1.8115482e-03
   8.6164800e+02   1.7880517e-03
   8.6357900e+02   1.7647145e-03
   8.6550999e+02   1.7415428e-03
   8.6744099e+02   1.7185419e-03
   8.6937199e+02   1.6957173e-03
   8.7130298e+02   1.6730737e-03
   8.7323398e+02   1.6506159e-03
   8.7516497e+02   1.6283481e-03
   8.7709597e+02   1.6062743e-03
   8.7902697e+02   1.5843981e-03
   8.8095796e+02   1.5627229e-03
   8.8288896e+02   1.5412519e-03
   8.8481995e+02   1.5199878e-03
   8.8675095e+02   1.4989332e-03
   8.8868195e+02   1.4780904e-03
   8.9061294e+02   1.4574615e-03
   8.9254394e+02   1.4370481e-03
   8.9447493e+02   1.4168521e-03
   8.9640593e+02   1.3968746e-03
   8.9833693e+02   1.3771168e-03
   9.0026792e+02   1.3575797e-03
   9.0219892e+02   1.3382640e-03
   9.0412991e+02   1.3191703e-03
   9.0606091e+02   1.3002988e-03
   9.0799191e+02   1.2816499e-03
   9.0992290e+02   1.2632236e-03
   9.1185390e+02   1.2450197e-03
   9.1378489e+02   1.2270379e-03
   9.1571589e+02   1.2092779e-03
   9.1764689e+02   1.1917390e-03
   9.1957788e+02   1.1744207e-03
   9.2150888e+02   1.1573221e-03
   9.2343987e+02   1.1404423e-03
   9.2537087e+02   1.1237804e-03
   9.2730187e+02   1.1073351e-03
   9.2923286e+02   1.0911052e-03
   9.3116386e+02   1.0750895e-03
   9.3309485e+02   1.0592867e-03
   9.3502585e+02   1.0436951e-03
   9.3695685e+02   1.0283133e-03
   9.3888784e+02   1.0131397e-03
   9.4081884e+02   9.9817270e-04
   9.4274983e+02   9.8341048e-04
   9.4468083e+02   9.6885129e-04
   9.4661183e+02   9.5449334e-04
   9.4854282e+02   9.4033476e-04
   9.5047382e+02   9.2637365e-04
   9.5240481e+02   9.1260808e-04
   9.5433581e+02   8.9903607e-04
   9.5626681e+02   8.8565563e-04
   9.5819780e+02   8.7246475e-04
   9.6012880e+02   8.5946137e-04
   9.6205979e+02   8.4664344e-04
   9.6399079e+02   8.3400888e-04
   9.6592179e+02   8.2155560e-04
   9.6785278e+02   8.0928149e-04
   9.6978378e+02   7.9718446e-04
   9.7171477e+02   7.8526238e-04
   9.7364577e+02   7.7351314e-04
   9.7557677e+02   7.6193461e-04
   9.7750776e+02   7.5052468e-04
   9.7943876e+02   7.3928123e-04
   9.8136975e+02   7.2820215e-04
   9.8330075e+02   7.1728532e-04
   9.8523175e+02   7.0652866e-04
   9.8716274e+02   6.9593005e-04
   9.8909374e+02   6.8548743e-04
   9.9102473e+02   6.7519872e-04
   9.9295573e+02   6.6506186e-04
   9.9488673e+02   6.5507480e-04
   9.9681772e+02   6.4523551e-04
   9.9874872e+02   6.3554196e-04
   1.0006797e+03   6.2599217e-04
   1.0026107e+03   6.1658414e-04
   1.0045417e+03   6.0731590e-04
   1.0064727e+03   5.9818550e-04
   1.0084037e+03   5.8919100e-04
   1.0103347e+03   5.8033049e-04
   1.0122657e+03   5.7160208e-04
   1.0141967e+03   5.6300388e-04
   1.0161277e+03   5.5453405e-04
   1.0180587e+03   5.4619073e-04
   1.0199897e+03   5.3797212e-04
   1.0219207e+03   5.2987641e-04
   1.0238517e+03   5.2190184e-04
   1.0257827e+03   5.1404665e-04
   1.0277137e+03   5.0630910e-04
   1.0296447e+03   4.9868748e-04
   1.0315757e+03   4.9118010e-04
   1.0335066e+03   4.8378529e-04
   1.0354376e+03   4.7650140e-04
   1.0373686e+03   4.6932680e-04
   1.0392996e+03   4.6225988e-04
   1.0412306e+03   4.5529905e-04
   1.0431616e+03   4.4844276e-04
   1.0450926e+03   4.4168945e-04
   1.0470236e+03   4.3503761e-04
   1.0489546e+03   4.2848572e-04
   1.0508856e+03   4.2203231e-04
   1.0528166e+03   4.1567591e-04
   1.0547476e+03   4.0941509e-04
   1.0566786e+03   4.0324841e-04
   1.0586096e+03   3.9717448e-04
   1.0605406e+03   3.9119191e-04
   1.0624716e+03   3.8529935e-04
   1.0644026e+03   3.7949545e-04
   1.0663336e+03   3.7377887e-04
   1.0682646e+03   3.6814833e-04
   1.0701956e+03   3.6260253e-04
   1.0721266e+03   3.5714020e-04
   1.0740576e+03   3.5176009e-04
   1.0759886e+03   3.4646097e-04
   1.0779196e+03   3.4124164e-04
   1.0798506e+03   3.3610088e-04
   1.0817815e+03   3.3103753e-04
   1.0837125e+03   3.2605041e-04
   1.0856435e+03   3.2113840e-04
   1.0875745e+03   3.1630035e-04
   1.0895055e+03   3.1153517e-04
   1.0914365e+03   3.0684174e-04
   1.0933675e+03   3.0221901e-04
   1.0952985e+03   2.9766589e-04
   1.0972295e+03   2.9318136e-04
   1.0991605e+03   2.8876437e-04
   1.1010915e+03   2.8441391e-04
   1.1030225e+03   2.8012897e-04
   1.1049535e+03   2.7590859e-04
   1.1068845e+03   2.7175177e-04
   1.1088155e+03   2.6765758e-04
   1.1107465e+03   2.6362505e-04
   1.1126775e+03   2.5965328e-04
   1.1146085e+03   2.5574133e-04
   1.1165395e+03   2.5188832e-04
   1.1184705e+03   2.4809335e-04
   1.1204015e+03   2.4435555e-04
   1.1223325e+03   2.4067406e-04
   1.1242635e+03   2.3704803e-04
   1.1261945e+03   2.3347663e-04
   1.1281255e+03   2.2995903e-04
   1.1300564e+03   2.2649443e-04
   1.1319874e+03   2.2308202e-04
   1.1339184e+03   2.1972102e-04
   1.1358494e+03   2.1641066e-04
   1.1377804e+03   2.1315017e-04
   1.1397114e+03   2.0993880e-04
   1.1416424e+03   2.0677582e-04
   1.1435734e+03   2.0366048e-04
   1.1455044e+03   2.0059209e-04
   1.1474354e+03   1.9756992e-04
   1.1493664e+03   1.9459328e-04
   1.1512974e+03   1.9166149e-04
   1.1532284e+03   1.8877386e-04
   1.1551594e+03   1.8592975e-04
   1.1570904e+03   1.8312848e-04
   1.1590214e+03   1.8036942e-04
   1.1609524e+03   1.7765192e-04
   1.1628834e+03   1.7497537e-04
   1.1648144e+03   1.7233914e-04
   1.1667454e+03   1.6974263e-04
   1.1686764e+03   1.6718524e-04
   1.1706074e+03   1.6466638e-04
   1.1725384e+03   1.6218547e-04
   1.1744694e+03   1.5974194e-04
   1.1764004e+03   1.5733523e-04
   1.1783313e+03   1.5496477e-04
   1.1802623e+03   1.5263002e-04
   1.1821933e+03   1.5033046e-04
   1.1841243e+03   1.4806554e-04
   1.1860553e+03   1.4583474e-04
   1.1879863e+03   1.4363755e-04
   1.1899173e+03   1.4147346e-04
   1.1918483e+03   1.3934198e-04
   1.1937793e+03   1.3724262e-04
   1.1957103e+03   1.3517488e-04
   1.1976413e+03   1.3313830e-04
   1.1995723e+03   1.3113240e-04
   1.2015033e+03   1.2915672e-04
   1.2034343e+03   1.2721081e-04
   1.2053653e+03   1.2529421e-04
   1.2072963e+03   1.2340649e-04
   1.2092273e+03   1.2154721e-04
   1.2111583e+03   1.1971595e-04
   1.2130893e+03   1.1791227e-04
   1.2150203e+03   1.1613577e-04
   1.2169513e+03   1.1438604e-04
   1.2188823e+03   1.1266266e-04
   1.2208133e+03   1.1096526e-04
   1.2227443e+03   1.0929342e-04
   1.2246753e+03   1.0764677e-04
   1.2266062e+03   1.0602494e-04
   1.2285372e+03   1.0442753e-04
   1.2304682e+03   1.0285420e-04
   1.2323992e+03   1.0130457e-04
   1.2343302e+03   9.9778283e-05
   1.2362612e+03   9.8274994e-05
   1.2381922e+03   9.6794354e-05
   1.2401232e+03   9.5336022e-05
   1.2420542e+03   9.3899662e-05
   1.2439852e+03   9.2484942e-05
   1.2459162e+03   9.1091537e-05
   1.2478472e+03   8.9719125e-05
   1.2497782e+03   8.8367391e-05
   1.2517092e+03   8.7036022e-05
   1.2536402e+03   8.5724712e-05
   1.2555712e+03   8.4433158e-05
   1.2575022e+03   8.3161064e-05
   1.2594332e+03   8.1908135e-05
   1.2613642e+03   8.0674083e-05
   1.2632952e+03   7.9458624e-05
   1.2652262e+03   7.8261477e-05
   1.2671572e+03   7.7082367e-05
   1.2690882e+03   7.5921021e-05
   1.2710192e+03   7.4777173e-05
   1.2729502e+03   7.3650558e-05
   1.2748811e+03   7.2540918e-05
   1.2768121e+03   7.1447995e-05
   1.2787431e+03   7.0371539e-05
   1.2806741e+03   6.9311301e-05
   1.2826051e+03   6.8267036e-05
   1.2845361e+03   6.7238505e-05
   1.2864671e+03   6.6225470e-05
   1.2883981e+03   6.5227698e-05
   1.2903291e+03   6.4244959e-05
   1.2922601e+03   6.3277025e-05
   1.2941911e+03   6.2323675e-05
   1.2961221e+03   6.1384688e-05
   1.2980531e+03   6.0459849e-05
   1.2999841e+03   5.9548943e-05
   1.3019151e+03   5.8651761e-05
   1.3038461e+03   5.7768097e-05
   1.3057771e+03   5.6897746e-05
   1.3077081e+03   5.6040508e-05
   1.3096391e+03   5.5196185e-05
   1.3115701e+03   5.4364583e-05
   1.3135011e+03   5.3545511e-05
   1.3154321e+03   5.2738778e-05
   1.3173631e+03   5.1944201e-05
   1.3192941e+03   5.1161594e-05
   1.3212251e+03   5.0390779e-05
   1.3231560e+03   4.9631576e-05
   1.3250870e+03   4.8883813e-05
   1.3270180e+03   4.8147315e-05
   1.3289490e+03   4.7421913e-05
   1.3308800e+03   4.6707441e-05
   1.3328110e+03   4.6003733e-05
   1.3347420e+03   4.5310627e-05
   1.3366730e+03   4.4627964e-05
   1.3386040e+03   4.3955586e-05
   1.3405350e+03   4.3293339e-05
   1.3424660e+03   4.2641069e-05
   1.3443970e+03   4.1998626e-05
   1.3463280e+03   4.1365862e-05
   1.3482590e+03   4.0742632e-05
   1.3501900e+03   4.0128792e-05
   1.3521210e+03   3.9524200e-05
   1.3540520e+03   3.8928717e-05
   1.3559830e+03   3.8342205e-05
   1.3579140e+03   3.7764530e-05
   1.3598450e+03   3.7195559e-05
   1.3617760e+03   3.6635160e-05
   1.3637070e+03   3.6083204e-05
   1.3656380e+03   3.5539564e-05
   1.3675690e+03   3.5004114e-05
   1.3694999e+03   3.4476732e-05
   1.3714309e+03   3.3957296e-05
   1.3733619e+03   3.3445685e-05
   1.3752929e+03   3.2941783e-05
   1.3772239e+03   3.2445472e-05
   1.3791549e+03   3.1956639e-05
   1.3810859e+03   3.1475171e-05
   1.3830169e+03   3.1000957e-05
   1.3849479e+03   3.0533887e-05
   1.3868789e+03   3.0073855e-05
   1.3888099e+03   2.9620754e-05
   1.3907409e+03   2.9174479e-05
   1.3926719e+03   2.8734927e-05
   1.3946029e+03   2.8301999e-05
   1.3965339e+03   2.7875592e-05
   1.3984649e+03   2.7455611e-05
   1.4003959e+03   2.7041956e-05
   1.4023269e+03   2.6634534e-05
   1.4042579e+03   2.6233251e-05
   1.4061889e+03   2.5838013e-05
   1.4081199e+03   2.5448730e-05
   1.4100509e+03   2.5065312e-05
   1.4119819e+03   2.4687671e-05
   1.4139129e+03   2.4315719e-05
   1.4158439e+03   2.3949371e-05
   1.4177748e+03   2.3588543e-05
   1.4197058e+03   2.3233151e-05
   1.4216368e+03   2.2883114e-05
   1.4235678e+03   2.2538350e-05
   1.4254988e+03   2.2198781e-05
   1.4274298e+03   2.1864327e-05
   1.4293608e+03   2.1534913e-05
   1.4312918e+03   2.1210462e-05
   1.4332228e+03   2.0890899e-05
   1.4351538e+03   2.0576150e-05
   1.4370848e+03   2.0266144e-05
   1.4390158e+03   1.9960808e-05
   1.4409468e+03   1.9660073e-05
   1.4428778e+03   1.9363869e-05
   1.4448088e+03   1.9072127e-05
   1.4467398e+03   1.8784781e-05
   1.4486708e+03   1.8501764e-05
   1.4506018e+03   1.8223011e-05
   1.4525328e+03   1.7948458e-05
   1.4544638e+03   1.7678041e-05
   1.4563948e+03   1.7411698e-05
   1.4583258e+03   1.7149369e-05
   1.4602568e+03   1.6890991e-05
   1.4621878e+03   1.6636507e-05
   1.4641188e+03   1.6385856e-05
   1.4660497e+03   1.6138982e-05
   1.4679807e+03   1.5895828e-05
   1.4699117e+03   1.5656336e-05
   1.4718427e+03   1.5420453e-05
   1.4737737e+03   1.5188124e-05
   1.4757047e+03   1.4959296e-05
   1.4776357e+03   1.4733915e-05
   1.4795667e+03   1.4511929e-05
   1.4814977e+03   1.4293288e-05
   1.4834287e+03   1.4077941e-05
   1.4853597e+03   1.3865839e-05
   1.4872907e+03   1.3656932e-05
   1.4892217e+03   1.3451173e-05
   1.4911527e+03   1.3248514e-05
   1.4930837e+03   1.3048908e-05
   1.4950147e+03   1.2852309e-05
   1.4969457e+03   1.2658672e-05
   1.4988767e+03   1.2467953e-05
   1.5008077e+03   1.2280107e-05
   1.5027387e+03   1.2095092e-05
   1.5046697e+03   1.1912863e-05
   1.5066007e+03   1.1733381e-05
   1.5085317e+03   1.1556602e-05
   1.5104627e+03   1.1382487e-05
   1.5123937e+03   1.1210995e-05
   1.5143246e+03   1.1042087e-05
   1.5162556e+03   1.0875724e-05
   1.5181866e+03   1.0711867e-05
   1.5201176e+03   1.0550479e-05
   1.5220486e+03   1.0391522e-05
   1.5239796e+03   1.0234960e-05
   1.5259106e+03   1.0080758e-05
   1.5278416e+03   9.9288780e-06
   1.5297726e+03   9.7792866e-06
   1.5317036e+03   9.6319490e-06
   1.5336346e+03   9.4868313e-06
   1.5355656e+03   9.3438999e-06
   1.5374966e+03   9.2031220e-06
   1.5394276e+03   9.0644650e-06
   1.5413586e+03   8.9278972e-06
   1.5432896e+03   8.7933869e-06
   1.5452206e+03   8.6609031e-06
   1.5471516e+03   8.5304154e-06
   1.5490826e+03   8.4018937e-06
   1.5510136e+03   8.2753083e-06
   1.5529446e+03   8.1506301e-06
   1.5548756e+03   8.0278304e-06
   1.5568066e+03   7.9068807e-06
   1.5587376e+03   7.7877534e-06
   1.5606686e+03   7.6704208e-06
   1.5625995e+03   7.5548560e-06
   1.5645305e+03   7.4410323e-06
   1.5664615e+03   7.3289236e-06
   1.5683925e+03   7.2185039e-06
   1.5703235e+03   7.1097478e-06
   1.5722545e+03   7.0026302e-06
   1.5741855e+03   6.8971266e-06
   1.5761165e+03   6.7932125e-06
   1.5780475e+03   6.6908639e-06
   1.5799785e+03   6.5900574e-06
   1.5819095e+03   6.4907697e-06
   1.5838405e+03   6.3929779e-06
   1.5857715e+03   6.2966594e-06
   1.5877025e+03   6.2017921e-06
   1.5896335e+03   6.1083541e-06
   1.5915645e+03   6.0163238e-06
   1.5934955e+03   5.9256802e-06
   1.5954265e+03   5.8364021e-06
   1.5973575e+03   5.7484692e-06
   1.5992885e+03   5.6618611e-06
   1.6012195e+03   5.5765578e-06
   1.6031505e+03   5.4925398e-06
   1.6050815e+03   5.4097876e-06
   1.6070125e+03   5.3282821e-06
   1.6089435e+03   5.2480047e-06
   1.6108744e+03   5.1689367e-06
   1.6128054e+03   5.0910600e-06
   1.6147364e+03   5.0143566e-06
   1.6166674e+03   4.9388088e-06
   1.6185984e+03   4.8643993e-06
   1.6205294e+03   4.7911109e-06
   1.6224604e+03   4.7189266e-06
   1.6243914e+03   4.6478299e-06
   1.6263224e+03   4.5778043e-06
   1.6282534e+03   4.5088338e-06
   1.6301844e+03   4.4409024e-06
   1.6321154e+03   4.3739944e-06
   1.6340464e+03   4.3080946e-06
   1.6359774e+03   4.2431875e-06
   1.6379084e+03   4.1792584e-06
   1.6398394e+03   4.1162925e-06
   1.6417704e+03   4.0542753e-06
   1.6437014e+03   3.9931924e-06
   1.6456324e+03   3.9330298e-06
   1.6475634e+03   3.8737736e-06
   1.6494944e+03   3.8154102e-06
   1.6514254e+03   3.7579261e-06
   1.6533564e+03   3.7013081e-06
   1.6552874e+03   3.6455431e-06
   1.6572184e+03   3.5906183e-06
   1.6591493e+03   3.5365210e-06
   1.6610803e+03   3.4832387e-06
   1.6630113e+03   3.4307592e-06
   1.6649423e+03   3.3790704e-06
   1.6668733e+03   3.3281604e-06
   1.6688043e+03   3.2780173e-06
   1.6707353e+03   3.2286298e-06
   1.6726663e+03   3.1799863e-06
   1.6745973e+03   3.1320757e-06
   1.6765283e+03   3.0848869e-06
   1.6784593e+03   3.0384091e-06
   1.6803903e+03   2.9926315e-06
   1.6823213e+03   2.9475437e-06
   1.6842523e+03   2.9031351e-06
   1.6861833e+03   2.8593957e-06
   1.6881143e+03   2.8163152e-06
   1.6900453e+03   2.7738837e-06
   1.6919763e+03   2.7320916e-06
   1.6939073e+03   2.6909291e-06
   1.6958383e+03   2.6503868e-06
   1.6977693e+03   2.6104553e-06
   1.6997003e+03   2.5711254e-06
   1.7016313e+03   2.5323881e-06
   1.7035623e+03   2.4942344e-06
   1.7054933e+03   2.4566555e-06
   1.7074242e+03   2.4196428e-06
   1.7093552e+03   2.3831878e-06
   1.7112862e+03   2.3472820e-06
   1.7132172e+03   2.3119171e-06
   1.7151482e+03   2.2770851e-06
   1.7170792e+03   2.2427779e-06
   1.7190102e+03   2.2089876e-06
   1.7209412e+03   2.1757063e-06
   1.7228722e+03   2.1429265e-06
   1.7248032e+03   2.1106405e-06
   1.7267342e+03   2.0788410e-06
   1.7286652e+03   2.0475206e-06
   1.7305962e+03   2.0166720e-06
   1.7325272e+03   1.9862883e-06
   1.7344582e+03   1.9563623e-06
   1.7363892e+03   1.9268871e-06
   1.7383202e+03   1.8978561e-06
   1.7402512e+03   1.8692624e-06
   1.7421822e+03   1.8410996e-06
   1.7441132e+03   1.8133610e-06
   1.7460442e+03   1.7860404e-06
   1.7479752e+03   1.7591314e-06
   1.7499062e+03   1.7326278e-06
   1.7518372e+03   1.7065235e-06
   1.7537682e+03   1.6808126e-06
   1.7556991e+03   1.6554890e-06
   1.7576301e+03   1.6305469e-06
   1.7595611e+03   1.6059806e-06
   1.7614921e+03   1.5817844e-06
   1.7634231e+03   1.5579528e-06
   1.7653541e+03   1.5344802e-06
   1.7672851e+03   1.5113613e-06
   1.7692161e+03   1.4885907e-06
   1.7711471e+03   1.4661631e-06
   1.7730781e+03   1.4440735e-06
   1.7750091e+03   1.4223167e-06
   1.7769401e+03   1.4008876e-06
   1.7788711e+03   1.3797814e-06
   1.7808021e+03   1.3589933e-06
   1.7827331e+03   1.3385183e-06
   1.7846641e+03   1.3183518e-06
   1.7865951e+03   1.2984891e-06
   1.7885261e+03   1.2789257e-06
   1.7904571e+03   1.2596570e-06
   1.7923881e+03   1.2406786e-06
   1.7943191e+03   1.2219862e-06
   1.7962501e+03   1.2035754e-06
   1.7981811e+03   1.1854420e-06
   1.8001121e+03   1.1675818e-06
   1.8020431e+03   1.1499907e-06
   1.8039740e+03   1.1326646e-06
   1.8059050e+03   1.1155995e-06
   1.8078360e+03   1.0987916e-06
   1.8097670e+03   1.0822368e-06
   1.8116980e+03   1.0659315e-06
   1.8136290e+03   1.0498719e-06
   1.8155600e+03   1.0340542e-06
   1.8174910e+03   1.0184749e-06
   1.8194220e+03   1.0031302e-06
   1.8213530e+03   9.8801678e-07
   1.8232840e+03   9.7313103e-07
   1.8252150e+03   9.5846956e-07
   1.8271460e+03   9.4402897e-07
   1.8290770e+03   9.2980596e-07
   1.8310080e+03   9.1579723e-07
   1.8329390e+03   9.0199956e-07
   1.8348700e+03   8.8840977e-07
   1.8368010e+03   8.7502473e-07
   1.8387320e+03   8.6184135e-07
   1.8406630e+03   8.4885660e-07
   1.8425940e+03   8.3606748e-07
   1.8445250e+03   8.2347104e-07
   1.8464560e+03   8.1106439e-07
   1.8483870e+03   7.9884466e-07
   1.8503180e+03   7.8680903e-07
   1.8522489e+03   7.7495474e-07
   1.8541799e+03   7.6327904e-07
   1.8561109e+03   7.5177926e-07
   1.8580419e+03   7.4045273e-07
   1.8599729e+03   7.2929685e-07
   1.8619039e+03   7.1830906e-07
   1.8638349e+03   7.0748680e-07
   1.8657659e+03   6.9682760e-07
   1.8676969e+03   6.8632899e-07
   1.8696279e+03   6.7598856e-07
   1.8715589e+03   6.6580392e-07
   1.8734899e+03   6.5577272e-07
   1.8754209e+03   6.4589266e-07
   1.8773519e+03   6.3616145e-07
   1.8792829e+03   6.2657686e-07
   1.8812139e+03   6.1713667e-07
   1.8831449e+03   6.0783871e-07
   1.8850759e+03   5.9868083e-07
   1.8870069e+03   5.8966093e-07
   1.8889379e+03   5.8077693e-07
   1.8908689e+03   5.7202677e-07
   1.8927999e+03   5.6340845e-07
   1.8947309e+03   5.5491997e-07
   1.8966619e+03   5.4655939e-07
   1.8985929e+03   5.3832477e-07
   1.9005238e+03   5.3021421e-07
   1.9024548e+03   5.2222585e-07
   1.9043858e+03   5.1435784e-07
   1.9063168e+03   5.0660837e-07
   1.9082478e+03   4.9897566e-07
   1.9101788e+03   4.9145795e-07
   1.9121098e+03   4.8405350e-07
   1.9140408e+03   4.7676061e-07
   1.9159718e+03   4.6957760e-07
   1.9179028e+03   4.6250280e-07
   1.9198338e+03   4.5553460e-07
   1.9217648e+03   4.4867138e-07
   1.9236958e+03   4.4191157e-07
   1.9256268e+03   4.3525360e-07
   1.9275578e+03   4.2869594e-07
   1.9294888e+03   4.2223709e-07
   1.9314198e+03   4.1587554e-07
   1.9333508e+03   4.0960984e-07
   1.9352818e+03   4.0343854e-07
   1.9372128e+03   3.9736021e-07
   1.9391438e+03   3.9137347e-07
   1.9410748e+03   3.8547692e-07
   1.9430058e+03   3.7966921e-07
   1.9449368e+03   3.7394901e-07
   1.9468678e+03   3.6831498e-07
   1.9487987e+03   3.6276584e-07
   1.9507297e+03   3.5730030e-07
   1.9526607e+03   3.5191711e-07
   1.9545917e+03   3.4661503e-07
   1.9565227e+03   3.4139282e-07
   1.9584537e+03   3.3624930e-07
   1.9603847e+03   3.3118327e-07
   1.9623157e+03   3.2619357e-07
   1.9642467e+03   3.2127904e-07
   1.9661777e+03   3.1643856e-07
   1.9681087e+03   3.1167100e-07
   1.9700397e+03   3.0697527e-07
   1.9719707e+03   3.0235029e-07
   1.9739017e+03   2.9779500e-07
   1.9758327e+03   2.9330833e-07
   1.9777637e+03   2.8888926e-07
   1.9796947e+03   2.8453677e-07
   1.9816257e+03   2.8024986e-07
   1.9835567e+03   2.7602753e-07
   1.9854877e+03   2.7186882e-07
   1.9874187e+03   2.6777277e-07
   1.9893497e+03   2.6373842e-07
   1.9912807e+03   2.5976486e-07
   1.9932117e+03   2.5585117e-07
   1.9951427e+03   2.5199644e-07
   1.9970736e+03   2.4819979e-07
   1.9990046e+03   2.4446034e-07
   2.0009356e+03   2.4077723e-07
   2.0028666e+03   2.3714961e-07
   2.0047976e+03   2.3357664e-07
   2.0067286e+03   2.3005751e-07
   2.0086596e+03   2.2659140e-07
   2.0105906e+03   2.2317750e-07
   2.0125216e+03   2.1981505e-07
   2.0144526e+03   2.1650325e-07
   2.0163836e+03   2.1324135e-07
   2.0183146e+03   2.1002859e-07
   2.0202456e+03   2.0686424e-07
   2.0221766e+03   2.0374756e-07
   2.0241076e+03   2.0067784e-07
   2.0260386e+03   1.9765437e-07
   2.0279696e+03   1.9467645e-07
   2.0299006e+03   1.9174340e-07
   2.0318316e+03   1.8885454e-07
   2.0337626e+03   1.8600920e-07
   2.0356936e+03   1.8320673e-07
   2.0376246e+03   1.8044649e-07
   2.0395556e+03   1.7772783e-07
   2.0414866e+03   1.7505013e-07
   2.0434176e+03   1.7241277e-07
   2.0453485e+03   1.6981515e-07
   2.0472795e+03   1.6725667e-07
   2.0492105e+03   1.6473673e-07
   2.0511415e+03   1.6225476e-07
   2.0530725e+03   1.5981018e-07
   2.0550035e+03   1.5740243e-07
   2.0569345e+03   1.5503096e-07
   2.0588655e+03   1.5269522e-07
   2.0607965e+03   1.5039467e-07
   2.0627275e+03   1.4812878e-07
   2.0646585e+03   1.4589703e-07
   2.0665895e+03   1.4369890e-07
   2.0685205e+03   1.4153389e-07
   2.0704515e+03   1.3940150e-07
   2.0723825e+03   1.3730124e-07
   2.0743135e+03   1.3523262e-07
   2.0762445e+03   1.3319516e-07
   2.0781755e+03   1.3118840e-07
   2.0801065e+03   1.2921188e-07
   2.0820375e+03   1.2726514e-07
   2.0839685e+03   1.2534772e-07
   2.0858995e+03   1.2345920e-07
   2.0878305e+03   1.2159913e-07
   2.0897615e+03   1.1976708e-07
   2.0916925e+03   1.1796263e-07
   2.0936234e+03   1.1618537e-07
   2.0955544e+03   1.1443489e-07
   2.0974854e+03   1.1271078e-07
   2.0994164e+03   1.1101265e-07
   2.1013474e+03   1.0934010e-07
   2.1032784e+03   1.0769275e-07
   2.1052094e+03   1.0607022e-07
   2.1071404e+03   1.0447213e-07
   2.1090714e+03   1.0289813e-07
   2.1110024e+03   1.0134783e-07
   2.1129334e+03   9.9820897e-08
   2.1148644e+03   9.8316966e-08
   2.1167954e+03   9.6835694e-08
   2.1187264e+03   9.5376739e-08
   2.1206574e+03   9.3939765e-08
   2.1225884e+03   9.2524442e-08
   2.1245194e+03   9.1130441e-08
   2.1264504e+03   8.9757444e-08
   2.1283814e+03   8.8405132e-08
   2.1303124e+03   8.7073194e-08
   2.1322434e+03   8.5761324e-08
   2.1341744e+03   8.4469219e-08
   2.1361054e+03   8.3196581e-08
   2.1380364e+03   8.1943117e-08
   2.1399674e+03   8.0708538e-08
   2.1418983e+03   7.9492560e-08
   2.1438293e+03   7.8294902e-08
   2.1457603e+03   7.7115288e-08
   2.1476913e+03   7.5953446e-08
   2.1496223e+03   7.4809110e-08
   2.1515533e+03   7.3682014e-08
   2.1534843e+03   7.2571899e-08
   2.1554153e+03   7.1478510e-08
   2.1573463e+03   7.0401594e-08
   2.1592773e+03   6.9340903e-08
   2.1612083e+03   6.8296192e-08
   2.1631393e+03   6.7267222e-08
   2.1650703e+03   6.6253754e-08
   2.1670013e+03   6.5255556e-08
   2.1689323e+03   6.4272397e-08
   2.1708633e+03   6.3304050e-08
   2.1727943e+03   6.2350293e-08
   2.1747253e+03   6.1410905e-08
   2.1766563e+03   6.0485671e-08
   2.1785873e+03   5.9574376e-08
   2.1805183e+03   5.8676811e-08
   2.1824493e+03   5.7792769e-08
   2.1843803e+03   5.6922046e-08
   2.1863113e+03   5.6064442e-08
   2.1882423e+03   5.5219759e-08
   2.1901732e+03   5.4387802e-08
   2.1921042e+03   5.3568379e-08
   2.1940352e+03   5.2761303e-08
   2.1959662e+03   5.1966385e-08
   2.1978972e+03   5.1183445e-08
   2.1998282e+03   5.0412300e-08
   2.2017592e+03   4.9652774e-08
   2.2036902e+03   4.8904690e-08
   2.2056212e+03   4.8167878e-08
   2.2075522e+03   4.7442167e-08
   2.2094832e+03   4.6727389e-08
   2.2114142e+03   4.6023381e-08
   2.2133452e+03   4.5329979e-08
   2.2152762e+03   4.4647024e-08
   2.2172072e+03   4.3974359e-08
   2.2191382e+03   4.3311829e-08
   2.2210692e+03   4.2659280e-08
   2.2230002e+03   4.2016563e-08
   2.2249312e+03   4.1383529e-08
   2.2268622e+03   4.0760033e-08
   2.2287932e+03   4.0145930e-08
   2.2307242e+03   3.9541080e-08
   2.2326552e+03   3.8945343e-08
   2.2345862e+03   3.8358581e-08
   2.2365172e+03   3.7780659e-08
   2.2384481e+03   3.7211445e-08
   2.2403791e+03   3.6650806e-08
   2.2423101e+03   3.6098614e-08
   2.2442411e+03   3.5554742e-08
   2.2461721e+03   3.5019064e-08
   2.2481031e+03   3.4491457e-08
   2.2500341e+03   3.3971798e-08
   2.2519651e+03   3.3459969e-08
   2.2538961e+03   3.2955852e-08
   2.2558271e+03   3.2459329e-08
   2.2577581e+03   3.1970287e-08
   2.2596891e+03   3.1488614e-08
   2.2616201e+03   3.1014197e-08
   2.2635511e+03   3.0546928e-08
   2.2654821e+03   3.0086699e-08
   2.2674131e+03   2.9633404e-08
   2.2693441e+03   2.9186939e-08
   2.2712751e+03   2.8747200e-08
   2.2732061e+03   2.8314086e-08
   2.2751371e+03   2.7887498e-08
   2.2770681e+03   2.7467337e-08
   2.2789991e+03   2.7053506e-08
   2.2809301e+03   2.6645910e-08
   2.2828611e+03   2.6244455e-08
   2.2847921e+03   2.5849048e-08
   2.2867230e+03   2.5459599e-08
   2.2886540e+03   2.5076017e-08
   2.2905850e+03   2.4698214e-08
   2.2925160e+03   2.4326104e-08
   2.2944470e+03   2.3959600e-08
   2.2963780e+03   2.3598617e-08
   2.2983090e+03   2.3243074e-08
   2.3002400e+03   2.2892887e-08
   2.3021710e+03   2.2547976e-08
   2.3041020e+03   2.2208262e-08
   2.3060330e+03   2.1873665e-08
   2.3079640e+03   2.1544110e-08
   2.3098950e+03   2.1219521e-08
