   4.2100000e+02   6.8301775e-06
   4.2233634e+02   7.4891232e-06
   4.2367267e+02   8.2057553e-06
   4.2500901e+02   8.9845221e-06
   4.2634535e+02   9.8301568e-06
   4.2768168e+02   1.0747692e-05
   4.2901802e+02   1.1742470e-05
   4.3035435e+02   1.2820161e-05
   4.3169069e+02   1.3986772e-05
   4.3302703e+02   1.5248662e-05
   4.3436336e+02   1.6612557e-05
   4.3569970e+02   1.8085561e-05
   4.3703604e+02   1.9675169e-05
   4.3837237e+02   2.1389283e-05
   4.3970871e+02   2.3236221e-05
   4.4104505e+02   2.5224733e-05
   4.4238138e+02   2.7364009e-05
   4.4371772e+02   2.9663694e-05
   4.4505405e+02   3.2133895e-05
   4.4639039e+02   3.4785195e-05
   4.4772673e+02   3.7628658e-05
   4.4906306e+02   4.0675840e-05
   4.5039940e+02   4.3938797e-05
   4.5173574e+02   4.7430087e-05
   4.5307207e+02   5.1162779e-05
   4.5440841e+02   5.5150455e-05
   4.5574474e+02   5.9407210e-05
   4.5708108e+02   6.3947657e-05
   4.5841742e+02   6.8786922e-05
   4.5975375e+02   7.3940641e-05
   4.6109009e+02   7.9424958e-05
   4.6242643e+02   8.5256515e-05
   4.6376276e+02   9.1452445e-05
   4.6509910e+02   9.8030359e-05
   4.6643544e+02   1.0500833e-04
   4.6777177e+02   1.1240489e-04
   4.6910811e+02   1.2023899e-04
   4.7044444e+02   1.2853000e-04
   4.7178078e+02   1.3729766e-04
   4.7311712e+02   1.4656209e-04
   4.7445345e+02   1.5634371e-04
   4.7578979e+02   1.6666327e-04
   4.7712613e+02   1.7754175e-04
   4.7846246e+02   1.8900038e-04
   4.7979880e+02   2.0106055e-04
   4.8113514e+02   2.1374380e-04
   4.8247147e+02   2.2707175e-04
   4.8380781e+02   2.4106607e-04
   4.8514414e+02   2.5574841e-04
   4.8648048e+02   2.7114035e-04
   4.8781682e+02   2.8726334e-04
   4.8915315e+02   3.0413867e-04
   4.9048949e+02   3.2178733e-04
   4.9182583e+02   3.4023002e-04
   4.9316216e+02   3.5948706e-04
   4.9449850e+02   3.7957829e-04
   4.9583483e+02   4.0052303e-04
   4.9717117e+02   4.2233999e-04
   4.9850751e+02   4.4504721e-04
   4.9984384e+02   4.6866196e-04
   5.0118018e+02   4.9320069e-04
   5.0251652e+02   5.1867891e-04
   5.0385285e+02   5.4511116e-04
   5.0518919e+02   5.7251089e-04
   5.0652553e+02   6.0089040e-04
   5.0786186e+02   6.3026076e-04
   5.0919820e+02   6.6063173e-04
   5.1053453e+02   6.9201168e-04
   5.1187087e+02   7.2440750e-04
   5.1320721e+02   7.5782457e-04
   5.1454354e+02   7.9226665e-04
   5.1587988e+02   8.2773580e-04
   5.1721622e+02   8.6423236e-04
   5.1855255e+02   9.0175486e-04
   5.1988889e+02   9.4029994e-04
   5.2122523e+02   9.7986234e-04
   5.2256156e+02   1.0204348e-03
   5.2389790e+02   1.0620081e-03
   5.2523423e+02   1.1045709e-03
   5.2657057e+02   1.1481097e-03
   5.2790691e+02   1.1926090e-03
   5.2924324e+02   1.2380512e-03
   5.3057958e+02   1.2844163e-03
   5.3191592e+02   1.3316822e-03
   5.3325225e+02   1.3798248e-03
   5.3458859e+02   1.4288176e-03
   5.3592492e+02   1.4786319e-03
   5.3726126e+02   1.5292371e-03
   5.3859760e+02   1.5806002e-03
   5.3993393e+02   1.6326862e-03
   5.4127027e+02   1.6854580e-03
   5.4260661e+02   1.7388765e-03
   5.4394294e+02   1.7929006e-03
   5.4527928e+02   1.8474874e-03
   5.4661562e+02   1.9025919e-03
   5.4795195e+02   1.9581676e-03
   5.4928829e+02   2.0141662e-03
   5.5062462e+02   2.0705377e-03
   5.5196096e+02   2.1272309e-03
   5.5329730e+02   2.1841927e-03
   5.5463363e+02   2.2413693e-03
   5.5596997e+02   2.2987051e-03
   5.5730631e+02   2.3561439e-03
   5.5864264e+02   2.4136283e-03
   5.5997898e+02   2.4711001e-03
   5.6131532e+02   2.5285006e-03
   5.6265165e+02   2.5857702e-03
   5.6398799e+02   2.6428492e-03
   5.6532432e+02   2.6996774e-03
   5.6666066e+02   2.7561947e-03
   5.6799700e+02   2.8123406e-03
   5.6933333e+02   2.8680551e-03
   5.7066967e+02   2.9232783e-03
   5.7200601e+02   2.9779509e-03
   5.7334234e+02   3.0320139e-03
   5.7467868e+02   3.0854093e-03
   5.7601502e+02   3.1380798e-03
   5.7735135e+02   3.1899690e-03
   5.7868769e+02   3.2410219e-03
   5.8002402e+02   3.2911845e-03
   5.8136036e+02   3.3404044e-03
   5.8269670e+02   3.3886303e-03
   5.8403303e+02   3.4358131e-03
   5.8536937e+02   3.4819049e-03
   5.8670571e+02   3.5268601e-03
   5.8804204e+02   3.5706345e-03
   5.8937838e+02   3.6131865e-03
   5.9071471e+02   3.6544763e-03
   5.9205105e+02   3.6944663e-03
   5.9338739e+02   3.7331214e-03
   5.9472372e+02   3.7704084e-03
   5.9606006e+02   3.8062970e-03
   5.9739640e+02   3.8407591e-03
   5.9873273e+02   3.8737690e-03
   6.0006907e+02   3.9053038e-03
   6.0140541e+02   3.9353428e-03
   6.0274174e+02   3.9638681e-03
   6.0407808e+02   3.9908643e-03
   6.0541441e+02   4.0163187e-03
   6.0675075e+02   4.0402210e-03
   6.0808709e+02   4.0625634e-03
   6.0942342e+02   4.0833410e-03
   6.1075976e+02   4.1025510e-03
   6.1209610e+02   4.1201932e-03
   6.1343243e+02   4.1362699e-03
   6.1476877e+02   4.1507858e-03
   6.1610511e+02   4.1637478e-03
   6.1744144e+02   4.1751652e-03
   6.1877778e+02   4.1850494e-03
   6.2011411e+02   4.1934139e-03
   6.2145045e+02   4.2002743e-03
   6.2278679e+02   4.2056482e-03
   6.2412312e+02   4.2095550e-03
   6.2545946e+02   4.2120161e-03
   6.2679580e+02   4.2130543e-03
   6.2813213e+02   4.2126943e-03
   6.2946847e+02   4.2109621e-03
   6.3080480e+02   4.2078851e-03
   6.3214114e+02   4.2034923e-03
   6.3347748e+02   4.1978137e-03
   6.3481381e+02   4.1908804e-03
   6.3615015e+02   4.1827247e-03
   6.3748649e+02   4.1733795e-03
   6.3882282e+02   4.1628788e-03
   6.4015916e+02   4.1512572e-03
   6.4149550e+02   4.1385499e-03
   6.4283183e+02   4.1247928e-03
   6.4416817e+02   4.1100220e-03
   6.4550450e+02   4.0942740e-03
   6.4684084e+02   4.0775855e-03
   6.4817718e+02   4.0599936e-03
   6.4951351e+02   4.0415351e-03
   6.5084985e+02   4.0222471e-03
   6.5218619e+02   4.0021664e-03
   6.5352252e+02   3.9813298e-03
   6.5485886e+02   3.9597738e-03
   6.5619520e+02   3.9375345e-03
   6.5753153e+02   3.9146477e-03
   6.5886787e+02   3.8911488e-03
   6.6020420e+02   3.8670728e-03
   6.6154054e+02   3.8424540e-03
   6.6287688e+02   3.8173261e-03
   6.6421321e+02   3.7917223e-03
   6.6554955e+02   3.7656750e-03
   6.6688589e+02   3.7392161e-03
   6.6822222e+02   3.7123764e-03
   6.6955856e+02   3.6851863e-03
   6.7089489e+02   3.6576752e-03
   6.7223123e+02   3.6298717e-03
   6.7356757e+02   3.6018035e-03
   6.7490390e+02   3.5734976e-03
   6.7624024e+02   3.5449800e-03
   6.7757658e+02   3.5162758e-03
   6.7891291e+02   3.4874094e-03
   6.8024925e+02   3.4584041e-03
   6.8158559e+02   3.4292824e-03
   6.8292192e+02   3.4000659e-03
   6.8425826e+02   3.3707753e-03
   6.8559459e+02   3.3414305e-03
   6.8693093e+02   3.3120504e-03
   6.8826727e+02   3.2826531e-03
   6.8960360e+02   3.2532560e-03
   6.9093994e+02   3.2238753e-03
   6.9227628e+02   3.1945267e-03
   6.9361261e+02   3.1652250e-03
   6.9494895e+02   3.1359842e-03
   6.9628529e+02   3.1068176e-03
   6.9762162e+02   3.0777376e-03
   6.9895796e+02   3.0487560e-03
   7.0029429e+02   3.0198838e-03
   7.0163063e+02   2.9911315e-03
   7.0296697e+02   2.9625087e-03
   7.0430330e+02   2.9340245e-03
   7.0563964e+02   2.9056874e-03
   7.0697598e+02   2.8775053e-03
   7.0831231e+02   2.8494853e-03
   7.0964865e+02   2.8216342e-03
   7.1098498e+02   2.7939583e-03
   7.1232132e+02   2.7664633e-03
   7.1365766e+02   2.7391543e-03
   7.1499399e+02   2.7120362e-03
   7.1633033e+02   2.6851132e-03
   7.1766667e+02   2.6583893e-03
   7.1900300e+02   2.6318679e-03
   7.2033934e+02   2.6055523e-03
   7.2167568e+02   2.5794452e-03
   7.2301201e+02   2.5535490e-03
   7.2434835e+02   2.5278659e-03
   7.2568468e+02   2.5023976e-03
   7.2702102e+02   2.4771458e-03
   7.2835736e+02   2.4521116e-03
   7.2969369e+02   2.4272962e-03
   7.3103003e+02   2.4027004e-03
   7.3236637e+02   2.3783246e-03
   7.3370270e+02   2.3541692e-03
   7.3503904e+02   2.3302345e-03
   7.3637538e+02   2.3065205e-03
   7.3771171e+02   2.2830269e-03
   7.3904805e+02   2.2597534e-03
   7.4038438e+02   2.2366997e-03
   7.4172072e+02   2.2138650e-03
   7.4305706e+02   2.1912487e-03
   7.4439339e+02   2.1688500e-03
   7.4572973e+02   2.1466680e-03
   7.4706607e+02   2.1247015e-03
   7.4840240e+02   2.1029495e-03
   7.4973874e+02   2.0814109e-03
   7.5107508e+02   2.0600844e-03
   7.5241141e+02   2.0389685e-03
   7.5374775e+02   2.0180621e-03
   7.5508408e+02   1.9973636e-03
   7.5642042e+02   1.9768716e-03
   7.5775676e+02   1.9565845e-03
   7.5909309e+02   1.9365008e-03
   7.6042943e+02   1.9166189e-03
   7.6176577e+02   1.8969372e-03
   7.6310210e+02   1.8774541e-03
   7.6443844e+02   1.8581678e-03
   7.6577477e+02   1.8390768e-03
   7.6711111e+02   1.8201793e-03
   7.6844745e+02   1.8014736e-03
   7.6978378e+02   1.7829581e-03
   7.7112012e+02   1.7646309e-03
   7.7245646e+02   1.7464904e-03
   7.7379279e+02   1.7285348e-03
   7.7512913e+02   1.7107625e-03
   7.7646547e+02   1.6931716e-03
   7.7780180e+02   1.6757605e-03
   7.7913814e+02   1.6585274e-03
   7.8047447e+02   1.6414707e-03
   7.8181081e+02   1.6245886e-03
   7.8314715e+02   1.6078794e-03
   7.8448348e+02   1.5913414e-03
   7.8581982e+02   1.5749729e-03
   7.8715616e+02   1.5587723e-03
   7.8849249e+02   1.5427379e-03
   7.8982883e+02   1.5268681e-03
   7.9116517e+02   1.5111611e-03
   7.9250150e+02   1.4956154e-03
   7.9383784e+02   1.4802293e-03
   7.9517417e+02   1.4650013e-03
   7.9651051e+02   1.4499297e-03
   7.9784685e+02   1.4350129e-03
   7.9918318e+02   1.4202495e-03
   8.0051952e+02   1.4056378e-03
   8.0185586e+02   1.3911763e-03
   8.0319219e+02   1.3768634e-03
   8.0452853e+02   1.3626977e-03
   8.0586486e+02   1.3486776e-03
   8.0720120e+02   1.3348017e-03
   8.0853754e+02   1.3210685e-03
   8.0987387e+02   1.3074765e-03
   8.1121021e+02   1.2940244e-03
   8.1254655e+02   1.2807105e-03
   8.1388288e+02   1.2675336e-03
   8.1521922e+02   1.2544923e-03
   8.1655556e+02   1.2415851e-03
   8.1789189e+02   1.2288106e-03
   8.1922823e+02   1.2161676e-03
   8.2056456e+02   1.2036546e-03
   8.2190090e+02   1.1912704e-03
   8.2323724e+02   1.1790135e-03
   8.2457357e+02   1.1668828e-03
   8.2590991e+02   1.1548769e-03
   8.2724625e+02   1.1429944e-03
   8.2858258e+02   1.1312342e-03
   8.2991892e+02   1.1195951e-03
   8.3125526e+02   1.1080756e-03
   8.3259159e+02   1.0966747e-03
   8.3392793e+02   1.0853911e-03
   8.3526426e+02   1.0742235e-03
   8.3660060e+02   1.0631709e-03
   8.3793694e+02   1.0522320e-03
   8.3927327e+02   1.0414056e-03
   8.4060961e+02   1.0306906e-03
   8.4194595e+02   1.0200858e-03
   8.4328228e+02   1.0095902e-03
   8.4461862e+02   9.9920257e-04
   8.4595495e+02   9.8892181e-04
   8.4729129e+02   9.7874682e-04
   8.4862763e+02   9.6867651e-04
   8.4996396e+02   9.5870983e-04
   8.5130030e+02   9.4884568e-04
   8.5263664e+02   9.3908303e-04
   8.5397297e+02   9.2942083e-04
   8.5530931e+02   9.1985804e-04
   8.5664565e+02   9.1039364e-04
   8.5798198e+02   9.0102661e-04
   8.5931832e+02   8.9175597e-04
   8.6065465e+02   8.8258071e-04
   8.6199099e+02   8.7349986e-04
   8.6332733e+02   8.6451243e-04
   8.6466366e+02   8.5561748e-04
   8.6600000e+02   8.4681405e-04
   8.6733634e+02   8.3810120e-04
   8.6867267e+02   8.2947799e-04
   8.7000901e+02   8.2094351e-04
   8.7134535e+02   8.1249683e-04
   8.7268168e+02   8.0413707e-04
   8.7401802e+02   7.9586332e-04
   8.7535435e+02   7.8767469e-04
   8.7669069e+02   7.7957032e-04
   8.7802703e+02   7.7154934e-04
   8.7936336e+02   7.6361088e-04
   8.8069970e+02   7.5575410e-04
   8.8203604e+02   7.4797816e-04
   8.8337237e+02   7.4028223e-04
   8.8470871e+02   7.3266548e-04
   8.8604505e+02   7.2512710e-04
   8.8738138e+02   7.1766628e-04
   8.8871772e+02   7.1028223e-04
   8.9005405e+02   7.0297414e-04
   8.9139039e+02   6.9574126e-04
   8.9272673e+02   6.8858279e-04
   8.9406306e+02   6.8149797e-04
   8.9539940e+02   6.7448605e-04
   8.9673574e+02   6.6754628e-04
   8.9807207e+02   6.6067791e-04
   8.9940841e+02   6.5388020e-04
   9.0074474e+02   6.4715244e-04
   9.0208108e+02   6.4049390e-04
   9.0341742e+02   6.3390387e-04
   9.0475375e+02   6.2738165e-04
   9.0609009e+02   6.2092653e-04
   9.0742643e+02   6.1453783e-04
   9.0876276e+02   6.0821486e-04
   9.1009910e+02   6.0195695e-04
   9.1143544e+02   5.9576342e-04
   9.1277177e+02   5.8963362e-04
   9.1410811e+02   5.8356689e-04
   9.1544444e+02   5.7756259e-04
   9.1678078e+02   5.7162005e-04
   9.1811712e+02   5.6573867e-04
   9.1945345e+02   5.5991779e-04
   9.2078979e+02   5.5415681e-04
   9.2212613e+02   5.4845510e-04
   9.2346246e+02   5.4281205e-04
   9.2479880e+02   5.3722707e-04
   9.2613514e+02   5.3169955e-04
   9.2747147e+02   5.2622890e-04
   9.2880781e+02   5.2081455e-04
   9.3014414e+02   5.1545589e-04
   9.3148048e+02   5.1015238e-04
   9.3281682e+02   5.0490343e-04
   9.3415315e+02   4.9970849e-04
   9.3548949e+02   4.9456700e-04
   9.3682583e+02   4.8947840e-04
   9.3816216e+02   4.8444217e-04
   9.3949850e+02   4.7945775e-04
   9.4083483e+02   4.7452462e-04
   9.4217117e+02   4.6964225e-04
   9.4350751e+02   4.6481011e-04
   9.4484384e+02   4.6002768e-04
   9.4618018e+02   4.5529447e-04
   9.4751652e+02   4.5060995e-04
   9.4885285e+02   4.4597363e-04
   9.5018919e+02   4.4138502e-04
   9.5152553e+02   4.3684362e-04
   9.5286186e+02   4.3234894e-04
   9.5419820e+02   4.2790051e-04
   9.5553453e+02   4.2349785e-04
   9.5687087e+02   4.1914049e-04
   9.5820721e+02   4.1482796e-04
   9.5954354e+02   4.1055980e-04
   9.6087988e+02   4.0633556e-04
   9.6221622e+02   4.0215478e-04
   9.6355255e+02   3.9801702e-04
   9.6488889e+02   3.9392183e-04
   9.6622523e+02   3.8986877e-04
   9.6756156e+02   3.8585742e-04
   9.6889790e+02   3.8188734e-04
   9.7023423e+02   3.7795811e-04
   9.7157057e+02   3.7406931e-04
   9.7290691e+02   3.7022051e-04
   9.7424324e+02   3.6641132e-04
   9.7557958e+02   3.6264132e-04
   9.7691592e+02   3.5891011e-04
   9.7825225e+02   3.5521729e-04
   9.7958859e+02   3.5156247e-04
   9.8092492e+02   3.4794525e-04
   9.8226126e+02   3.4436525e-04
   9.8359760e+02   3.4082208e-04
   9.8493393e+02   3.3731537e-04
   9.8627027e+02   3.3384473e-04
   9.8760661e+02   3.3040981e-04
   9.8894294e+02   3.2701023e-04
   9.9027928e+02   3.2364563e-04
   9.9161562e+02   3.2031565e-04
   9.9295195e+02   3.1701992e-04
   9.9428829e+02   3.1375811e-04
   9.9562462e+02   3.1052986e-04
   9.9696096e+02   3.0733482e-04
   9.9829730e+02   3.0417266e-04
   9.9963363e+02   3.0104303e-04
   1.0009700e+03   2.9794561e-04
   1.0023063e+03   2.9488005e-04
   1.0036426e+03   2.9184604e-04
   1.0049790e+03   2.8884324e-04
   1.0063153e+03   2.8587134e-04
   1.0076517e+03   2.8293001e-04
   1.0089880e+03   2.8001895e-04
   1.0103243e+03   2.7713784e-04
   1.0116607e+03   2.7428637e-04
   1.0129970e+03   2.7146425e-04
   1.0143333e+03   2.6867115e-04
   1.0156697e+03   2.6590680e-04
   1.0170060e+03   2.6317089e-04
   1.0183423e+03   2.6046313e-04
   1.0196787e+03   2.5778323e-04
   1.0210150e+03   2.5513090e-04
   1.0223514e+03   2.5250587e-04
   1.0236877e+03   2.4990784e-04
   1.0250240e+03   2.4733654e-04
   1.0263604e+03   2.4479170e-04
   1.0276967e+03   2.4227304e-04
   1.0290330e+03   2.3978030e-04
   1.0303694e+03   2.3731320e-04
   1.0317057e+03   2.3487149e-04
   1.0330420e+03   2.3245491e-04
   1.0343784e+03   2.3006318e-04
   1.0357147e+03   2.2769607e-04
   1.0370511e+03   2.2535330e-04
   1.0383874e+03   2.2303465e-04
   1.0397237e+03   2.2073985e-04
   1.0410601e+03   2.1846866e-04
   1.0423964e+03   2.1622084e-04
   1.0437327e+03   2.1399615e-04
   1.0450691e+03   2.1179435e-04
   1.0464054e+03   2.0961520e-04
   1.0477417e+03   2.0745847e-04
   1.0490781e+03   2.0532393e-04
   1.0504144e+03   2.0321136e-04
   1.0517508e+03   2.0112052e-04
   1.0530871e+03   1.9905120e-04
   1.0544234e+03   1.9700316e-04
   1.0557598e+03   1.9497620e-04
   1.0570961e+03   1.9297009e-04
   1.0584324e+03   1.9098463e-04
   1.0597688e+03   1.8901959e-04
   1.0611051e+03   1.8707477e-04
   1.0624414e+03   1.8514996e-04
   1.0637778e+03   1.8324496e-04
   1.0651141e+03   1.8135955e-04
   1.0664505e+03   1.7949355e-04
   1.0677868e+03   1.7764674e-04
   1.0691231e+03   1.7581894e-04
   1.0704595e+03   1.7400994e-04
   1.0717958e+03   1.7221956e-04
   1.0731321e+03   1.7044759e-04
   1.0744685e+03   1.6869386e-04
   1.0758048e+03   1.6695817e-04
   1.0771411e+03   1.6524034e-04
   1.0784775e+03   1.6354019e-04
   1.0798138e+03   1.6185753e-04
   1.0811502e+03   1.6019218e-04
   1.0824865e+03   1.5854396e-04
   1.0838228e+03   1.5691271e-04
   1.0851592e+03   1.5529824e-04
   1.0864955e+03   1.5370037e-04
   1.0878318e+03   1.5211895e-04
   1.0891682e+03   1.5055381e-04
   1.0905045e+03   1.4900476e-04
   1.0918408e+03   1.4747165e-04
   1.0931772e+03   1.4595432e-04
   1.0945135e+03   1.4445260e-04
   1.0958498e+03   1.4296633e-04
   1.0971862e+03   1.4149535e-04
   1.0985225e+03   1.4003951e-04
   1.0998589e+03   1.3859864e-04
   1.1011952e+03   1.3717260e-04
   1.1025315e+03   1.3576124e-04
   1.1038679e+03   1.3436439e-04
   1.1052042e+03   1.3298192e-04
   1.1065405e+03   1.3161367e-04
   1.1078769e+03   1.3025950e-04
   1.1092132e+03   1.2891926e-04
   1.1105495e+03   1.2759282e-04
   1.1118859e+03   1.2628002e-04
   1.1132222e+03   1.2498072e-04
   1.1145586e+03   1.2369480e-04
   1.1158949e+03   1.2242210e-04
   1.1172312e+03   1.2116251e-04
   1.1185676e+03   1.1991587e-04
   1.1199039e+03   1.1868205e-04
   1.1212402e+03   1.1746094e-04
   1.1225766e+03   1.1625238e-04
   1.1239129e+03   1.1505627e-04
   1.1252492e+03   1.1387245e-04
   1.1265856e+03   1.1270082e-04
   1.1279219e+03   1.1154125e-04
   1.1292583e+03   1.1039360e-04
   1.1305946e+03   1.0925776e-04
   1.1319309e+03   1.0813361e-04
   1.1332673e+03   1.0702103e-04
   1.1346036e+03   1.0591989e-04
   1.1359399e+03   1.0483008e-04
   1.1372763e+03   1.0375149e-04
   1.1386126e+03   1.0268399e-04
   1.1399489e+03   1.0162748e-04
   1.1412853e+03   1.0058183e-04
   1.1426216e+03   9.9546947e-05
   1.1439580e+03   9.8522711e-05
   1.1452943e+03   9.7509012e-05
   1.1466306e+03   9.6505744e-05
   1.1479670e+03   9.5512798e-05
   1.1493033e+03   9.4530069e-05
   1.1506396e+03   9.3557450e-05
   1.1519760e+03   9.2594840e-05
   1.1533123e+03   9.1642133e-05
   1.1546486e+03   9.0699229e-05
   1.1559850e+03   8.9766026e-05
   1.1573213e+03   8.8842425e-05
   1.1586577e+03   8.7928327e-05
   1.1599940e+03   8.7023634e-05
   1.1613303e+03   8.6128249e-05
   1.1626667e+03   8.5242077e-05
   1.1640030e+03   8.4365023e-05
   1.1653393e+03   8.3496993e-05
   1.1666757e+03   8.2637894e-05
   1.1680120e+03   8.1787634e-05
   1.1693483e+03   8.0946123e-05
   1.1706847e+03   8.0113270e-05
   1.1720210e+03   7.9288986e-05
   1.1733574e+03   7.8473183e-05
   1.1746937e+03   7.7665774e-05
   1.1760300e+03   7.6866672e-05
   1.1773664e+03   7.6075792e-05
   1.1787027e+03   7.5293050e-05
   1.1800390e+03   7.4518361e-05
   1.1813754e+03   7.3751643e-05
   1.1827117e+03   7.2992814e-05
   1.1840480e+03   7.2241792e-05
   1.1853844e+03   7.1498497e-05
   1.1867207e+03   7.0762851e-05
   1.1880571e+03   7.0034773e-05
   1.1893934e+03   6.9314187e-05
   1.1907297e+03   6.8601014e-05
   1.1920661e+03   6.7895180e-05
   1.1934024e+03   6.7196607e-05
   1.1947387e+03   6.6505223e-05
   1.1960751e+03   6.5820952e-05
   1.1974114e+03   6.5143721e-05
   1.1987477e+03   6.4473459e-05
   1.2000841e+03   6.3810092e-05
   1.2014204e+03   6.3153551e-05
   1.2027568e+03   6.2503766e-05
   1.2040931e+03   6.1860666e-05
   1.2054294e+03   6.1224182e-05
   1.2067658e+03   6.0594248e-05
   1.2081021e+03   5.9970795e-05
   1.2094384e+03   5.9353756e-05
   1.2107748e+03   5.8743067e-05
   1.2121111e+03   5.8138660e-05
   1.2134474e+03   5.7540473e-05
   1.2147838e+03   5.6948440e-05
   1.2161201e+03   5.6362498e-05
   1.2174565e+03   5.5782586e-05
   1.2187928e+03   5.5208640e-05
   1.2201291e+03   5.4640599e-05
   1.2214655e+03   5.4078403e-05
   1.2228018e+03   5.3521991e-05
   1.2241381e+03   5.2971304e-05
   1.2254745e+03   5.2426284e-05
   1.2268108e+03   5.1886871e-05
   1.2281471e+03   5.1353008e-05
   1.2294835e+03   5.0824637e-05
   1.2308198e+03   5.0301704e-05
   1.2321562e+03   4.9784150e-05
   1.2334925e+03   4.9271922e-05
   1.2348288e+03   4.8764964e-05
   1.2361652e+03   4.8263222e-05
   1.2375015e+03   4.7766643e-05
   1.2388378e+03   4.7275173e-05
   1.2401742e+03   4.6788759e-05
   1.2415105e+03   4.6307351e-05
   1.2428468e+03   4.5830895e-05
   1.2441832e+03   4.5359342e-05
   1.2455195e+03   4.4892641e-05
   1.2468559e+03   4.4430741e-05
   1.2481922e+03   4.3973594e-05
   1.2495285e+03   4.3521151e-05
   1.2508649e+03   4.3073362e-05
   1.2522012e+03   4.2630181e-05
   1.2535375e+03   4.2191560e-05
   1.2548739e+03   4.1757452e-05
   1.2562102e+03   4.1327810e-05
   1.2575465e+03   4.0902589e-05
   1.2588829e+03   4.0481743e-05
   1.2602192e+03   4.0065227e-05
   1.2615556e+03   3.9652997e-05
   1.2628919e+03   3.9245008e-05
   1.2642282e+03   3.8841217e-05
   1.2655646e+03   3.8441580e-05
   1.2669009e+03   3.8046055e-05
   1.2682372e+03   3.7654600e-05
   1.2695736e+03   3.7267173e-05
   1.2709099e+03   3.6883732e-05
   1.2722462e+03   3.6504235e-05
   1.2735826e+03   3.6128644e-05
   1.2749189e+03   3.5756917e-05
   1.2762553e+03   3.5389015e-05
   1.2775916e+03   3.5024898e-05
   1.2789279e+03   3.4664527e-05
   1.2802643e+03   3.4307865e-05
   1.2816006e+03   3.3954872e-05
   1.2829369e+03   3.3605511e-05
   1.2842733e+03   3.3259744e-05
   1.2856096e+03   3.2917535e-05
   1.2869459e+03   3.2578847e-05
   1.2882823e+03   3.2243644e-05
   1.2896186e+03   3.1911890e-05
   1.2909550e+03   3.1583549e-05
   1.2922913e+03   3.1258587e-05
   1.2936276e+03   3.0936968e-05
   1.2949640e+03   3.0618658e-05
   1.2963003e+03   3.0303623e-05
   1.2976366e+03   2.9991829e-05
   1.2989730e+03   2.9683244e-05
   1.3003093e+03   2.9377834e-05
   1.3016456e+03   2.9075566e-05
   1.3029820e+03   2.8776408e-05
   1.3043183e+03   2.8480328e-05
   1.3056547e+03   2.8187294e-05
   1.3069910e+03   2.7897276e-05
   1.3083273e+03   2.7610241e-05
   1.3096637e+03   2.7326160e-05
   1.3110000e+03   2.7045002e-05
   1.3123363e+03   2.6766736e-05
   1.3136727e+03   2.6491334e-05
   1.3150090e+03   2.6218765e-05
   1.3163453e+03   2.5949000e-05
   1.3176817e+03   2.5682012e-05
   1.3190180e+03   2.5417770e-05
   1.3203544e+03   2.5156247e-05
   1.3216907e+03   2.4897415e-05
   1.3230270e+03   2.4641246e-05
   1.3243634e+03   2.4387712e-05
   1.3256997e+03   2.4136788e-05
   1.3270360e+03   2.3888445e-05
   1.3283724e+03   2.3642657e-05
   1.3297087e+03   2.3399398e-05
   1.3310450e+03   2.3158642e-05
   1.3323814e+03   2.2920363e-05
   1.3337177e+03   2.2684536e-05
   1.3350541e+03   2.2451135e-05
   1.3363904e+03   2.2220136e-05
   1.3377267e+03   2.1991513e-05
   1.3390631e+03   2.1765243e-05
   1.3403994e+03   2.1541301e-05
   1.3417357e+03   2.1319663e-05
   1.3430721e+03   2.1100305e-05
   1.3444084e+03   2.0883205e-05
   1.3457447e+03   2.0668338e-05
   1.3470811e+03   2.0455681e-05
   1.3484174e+03   2.0245213e-05
   1.3497538e+03   2.0036911e-05
   1.3510901e+03   1.9830751e-05
   1.3524264e+03   1.9626713e-05
   1.3537628e+03   1.9424774e-05
   1.3550991e+03   1.9224913e-05
   1.3564354e+03   1.9027108e-05
   1.3577718e+03   1.8831339e-05
   1.3591081e+03   1.8637583e-05
   1.3604444e+03   1.8445822e-05
   1.3617808e+03   1.8256033e-05
   1.3631171e+03   1.8068197e-05
   1.3644535e+03   1.7882294e-05
   1.3657898e+03   1.7698303e-05
   1.3671261e+03   1.7516205e-05
   1.3684625e+03   1.7335982e-05
   1.3697988e+03   1.7157612e-05
   1.3711351e+03   1.6981078e-05
   1.3724715e+03   1.6806360e-05
   1.3738078e+03   1.6633439e-05
   1.3751441e+03   1.6462298e-05
   1.3764805e+03   1.6292918e-05
   1.3778168e+03   1.6125280e-05
   1.3791532e+03   1.5959368e-05
   1.3804895e+03   1.5795162e-05
   1.3818258e+03   1.5632646e-05
   1.3831622e+03   1.5471802e-05
   1.3844985e+03   1.5312613e-05
   1.3858348e+03   1.5155062e-05
   1.3871712e+03   1.4999131e-05
   1.3885075e+03   1.4844806e-05
   1.3898438e+03   1.4692068e-05
   1.3911802e+03   1.4540901e-05
   1.3925165e+03   1.4391290e-05
   1.3938529e+03   1.4243218e-05
   1.3951892e+03   1.4096670e-05
   1.3965255e+03   1.3951630e-05
   1.3978619e+03   1.3808082e-05
   1.3991982e+03   1.3666011e-05
   1.4005345e+03   1.3525401e-05
   1.4018709e+03   1.3386239e-05
   1.4032072e+03   1.3248508e-05
   1.4045435e+03   1.3112194e-05
   1.4058799e+03   1.2977283e-05
   1.4072162e+03   1.2843760e-05
   1.4085526e+03   1.2711611e-05
   1.4098889e+03   1.2580821e-05
   1.4112252e+03   1.2451378e-05
   1.4125616e+03   1.2323266e-05
   1.4138979e+03   1.2196472e-05
   1.4152342e+03   1.2070983e-05
   1.4165706e+03   1.1946784e-05
   1.4179069e+03   1.1823864e-05
   1.4192432e+03   1.1702209e-05
   1.4205796e+03   1.1581805e-05
   1.4219159e+03   1.1462640e-05
   1.4232523e+03   1.1344701e-05
   1.4245886e+03   1.1227976e-05
   1.4259249e+03   1.1112451e-05
   1.4272613e+03   1.0998115e-05
   1.4285976e+03   1.0884956e-05
   1.4299339e+03   1.0772961e-05
   1.4312703e+03   1.0662118e-05
   1.4326066e+03   1.0552416e-05
   1.4339429e+03   1.0443842e-05
   1.4352793e+03   1.0336386e-05
   1.4366156e+03   1.0230035e-05
   1.4379520e+03   1.0124778e-05
   1.4392883e+03   1.0020604e-05
   1.4406246e+03   9.9175025e-06
   1.4419610e+03   9.8154615e-06
   1.4432973e+03   9.7144704e-06
   1.4446336e+03   9.6145184e-06
   1.4459700e+03   9.5155948e-06
   1.4473063e+03   9.4176890e-06
   1.4486426e+03   9.3207906e-06
   1.4499790e+03   9.2248892e-06
   1.4513153e+03   9.1299745e-06
   1.4526517e+03   9.0360363e-06
   1.4539880e+03   8.9430647e-06
   1.4553243e+03   8.8510497e-06
   1.4566607e+03   8.7599814e-06
   1.4579970e+03   8.6698501e-06
   1.4593333e+03   8.5806462e-06
   1.4606697e+03   8.4923601e-06
   1.4620060e+03   8.4049823e-06
   1.4633423e+03   8.3185036e-06
   1.4646787e+03   8.2329147e-06
   1.4660150e+03   8.1482064e-06
   1.4673514e+03   8.0643696e-06
   1.4686877e+03   7.9813955e-06
   1.4700240e+03   7.8992751e-06
   1.4713604e+03   7.8179996e-06
   1.4726967e+03   7.7375603e-06
   1.4740330e+03   7.6579487e-06
   1.4753694e+03   7.5791562e-06
   1.4767057e+03   7.5011744e-06
   1.4780420e+03   7.4239950e-06
   1.4793784e+03   7.3476096e-06
   1.4807147e+03   7.2720102e-06
   1.4820511e+03   7.1971886e-06
   1.4833874e+03   7.1231369e-06
   1.4847237e+03   7.0498470e-06
   1.4860601e+03   6.9773113e-06
   1.4873964e+03   6.9055219e-06
   1.4887327e+03   6.8344711e-06
   1.4900691e+03   6.7641513e-06
   1.4914054e+03   6.6945551e-06
   1.4927417e+03   6.6256749e-06
   1.4940781e+03   6.5575035e-06
   1.4954144e+03   6.4900335e-06
   1.4967508e+03   6.4232576e-06
   1.4980871e+03   6.3571689e-06
   1.4994234e+03   6.2917601e-06
   1.5007598e+03   6.2270243e-06
   1.5020961e+03   6.1629545e-06
   1.5034324e+03   6.0995440e-06
   1.5047688e+03   6.0367859e-06
   1.5061051e+03   5.9746735e-06
   1.5074414e+03   5.9132002e-06
   1.5087778e+03   5.8523594e-06
   1.5101141e+03   5.7921446e-06
   1.5114505e+03   5.7325493e-06
   1.5127868e+03   5.6735672e-06
   1.5141231e+03   5.6151920e-06
   1.5154595e+03   5.5574174e-06
   1.5167958e+03   5.5002372e-06
   1.5181321e+03   5.4436454e-06
   1.5194685e+03   5.3876358e-06
   1.5208048e+03   5.3322025e-06
   1.5221411e+03   5.2773396e-06
   1.5234775e+03   5.2230411e-06
   1.5248138e+03   5.1693014e-06
   1.5261502e+03   5.1161145e-06
   1.5274865e+03   5.0634749e-06
   1.5288228e+03   5.0113769e-06
   1.5301592e+03   4.9598149e-06
   1.5314955e+03   4.9087835e-06
   1.5328318e+03   4.8582771e-06
   1.5341682e+03   4.8082904e-06
   1.5355045e+03   4.7588180e-06
   1.5368408e+03   4.7098546e-06
   1.5381772e+03   4.6613950e-06
   1.5395135e+03   4.6134340e-06
   1.5408498e+03   4.5659664e-06
   1.5421862e+03   4.5189873e-06
   1.5435225e+03   4.4724915e-06
   1.5448589e+03   4.4264741e-06
   1.5461952e+03   4.3809302e-06
   1.5475315e+03   4.3358549e-06
   1.5488679e+03   4.2912434e-06
   1.5502042e+03   4.2470909e-06
   1.5515405e+03   4.2033926e-06
   1.5528769e+03   4.1601440e-06
   1.5542132e+03   4.1173403e-06
   1.5555495e+03   4.0749771e-06
   1.5568859e+03   4.0330497e-06
   1.5582222e+03   3.9915538e-06
   1.5595586e+03   3.9504847e-06
   1.5608949e+03   3.9098383e-06
   1.5622312e+03   3.8696100e-06
   1.5635676e+03   3.8297957e-06
   1.5649039e+03   3.7903910e-06
   1.5662402e+03   3.7513917e-06
   1.5675766e+03   3.7127937e-06
   1.5689129e+03   3.6745929e-06
   1.5702492e+03   3.6367850e-06
   1.5715856e+03   3.5993662e-06
   1.5729219e+03   3.5623324e-06
   1.5742583e+03   3.5256796e-06
   1.5755946e+03   3.4894040e-06
   1.5769309e+03   3.4535016e-06
   1.5782673e+03   3.4179686e-06
   1.5796036e+03   3.3828011e-06
   1.5809399e+03   3.3479956e-06
   1.5822763e+03   3.3135481e-06
   1.5836126e+03   3.2794551e-06
   1.5849489e+03   3.2457128e-06
   1.5862853e+03   3.2123177e-06
   1.5876216e+03   3.1792662e-06
   1.5889580e+03   3.1465548e-06
   1.5902943e+03   3.1141800e-06
   1.5916306e+03   3.0821383e-06
   1.5929670e+03   3.0504262e-06
   1.5943033e+03   3.0190404e-06
   1.5956396e+03   2.9879776e-06
   1.5969760e+03   2.9572343e-06
   1.5983123e+03   2.9268074e-06
   1.5996486e+03   2.8966935e-06
   1.6009850e+03   2.8668895e-06
   1.6023213e+03   2.8373921e-06
   1.6036577e+03   2.8081982e-06
   1.6049940e+03   2.7793047e-06
   1.6063303e+03   2.7507085e-06
   1.6076667e+03   2.7224065e-06
   1.6090030e+03   2.6943957e-06
   1.6103393e+03   2.6666732e-06
   1.6116757e+03   2.6392358e-06
   1.6130120e+03   2.6120808e-06
   1.6143483e+03   2.5852051e-06
   1.6156847e+03   2.5586060e-06
   1.6170210e+03   2.5322805e-06
   1.6183574e+03   2.5062259e-06
   1.6196937e+03   2.4804394e-06
   1.6210300e+03   2.4549182e-06
   1.6223664e+03   2.4296596e-06
   1.6237027e+03   2.4046609e-06
   1.6250390e+03   2.3799194e-06
   1.6263754e+03   2.3554324e-06
   1.6277117e+03   2.3311974e-06
   1.6290480e+03   2.3072118e-06
   1.6303844e+03   2.2834729e-06
   1.6317207e+03   2.2599783e-06
   1.6330571e+03   2.2367254e-06
   1.6343934e+03   2.2137118e-06
   1.6357297e+03   2.1909350e-06
   1.6370661e+03   2.1683925e-06
   1.6384024e+03   2.1460819e-06
   1.6397387e+03   2.1240009e-06
   1.6410751e+03   2.1021471e-06
   1.6424114e+03   2.0805182e-06
   1.6437477e+03   2.0591118e-06
   1.6450841e+03   2.0379256e-06
   1.6464204e+03   2.0169574e-06
   1.6477568e+03   1.9962050e-06
   1.6490931e+03   1.9756661e-06
   1.6504294e+03   1.9553385e-06
   1.6517658e+03   1.9352200e-06
   1.6531021e+03   1.9153086e-06
   1.6544384e+03   1.8956020e-06
   1.6557748e+03   1.8760982e-06
   1.6571111e+03   1.8567951e-06
   1.6584474e+03   1.8376905e-06
   1.6597838e+03   1.8187826e-06
   1.6611201e+03   1.8000692e-06
   1.6624565e+03   1.7815483e-06
   1.6637928e+03   1.7632180e-06
   1.6651291e+03   1.7450762e-06
   1.6664655e+03   1.7271212e-06
   1.6678018e+03   1.7093509e-06
   1.6691381e+03   1.6917634e-06
   1.6704745e+03   1.6743569e-06
   1.6718108e+03   1.6571294e-06
   1.6731471e+03   1.6400793e-06
   1.6744835e+03   1.6232045e-06
   1.6758198e+03   1.6065034e-06
   1.6771562e+03   1.5899741e-06
   1.6784925e+03   1.5736149e-06
   1.6798288e+03   1.5574240e-06
   1.6811652e+03   1.5413997e-06
   1.6825015e+03   1.5255403e-06
   1.6838378e+03   1.5098440e-06
   1.6851742e+03   1.4943092e-06
   1.6865105e+03   1.4789343e-06
   1.6878468e+03   1.4637176e-06
   1.6891832e+03   1.4486574e-06
   1.6905195e+03   1.4337522e-06
   1.6918559e+03   1.4190004e-06
   1.6931922e+03   1.4044003e-06
   1.6945285e+03   1.3899505e-06
   1.6958649e+03   1.3756493e-06
   1.6972012e+03   1.3614953e-06
   1.6985375e+03   1.3474869e-06
   1.6998739e+03   1.3336226e-06
   1.7012102e+03   1.3199010e-06
   1.7025465e+03   1.3063205e-06
   1.7038829e+03   1.2928798e-06
   1.7052192e+03   1.2795774e-06
   1.7065556e+03   1.2664119e-06
   1.7078919e+03   1.2533818e-06
   1.7092282e+03   1.2404857e-06
   1.7105646e+03   1.2277224e-06
   1.7119009e+03   1.2150904e-06
   1.7132372e+03   1.2025884e-06
   1.7145736e+03   1.1902149e-06
   1.7159099e+03   1.1779688e-06
   1.7172462e+03   1.1658487e-06
   1.7185826e+03   1.1538534e-06
   1.7199189e+03   1.1419814e-06
   1.7212553e+03   1.1302315e-06
   1.7225916e+03   1.1186026e-06
   1.7239279e+03   1.1070933e-06
   1.7252643e+03   1.0957025e-06
   1.7266006e+03   1.0844288e-06
   1.7279369e+03   1.0732711e-06
   1.7292733e+03   1.0622283e-06
   1.7306096e+03   1.0512990e-06
   1.7319459e+03   1.0404822e-06
   1.7332823e+03   1.0297767e-06
   1.7346186e+03   1.0191814e-06
   1.7359550e+03   1.0086950e-06
   1.7372913e+03   9.9831659e-07
   1.7386276e+03   9.8804493e-07
   1.7399640e+03   9.7787895e-07
   1.7413003e+03   9.6781758e-07
   1.7426366e+03   9.5785972e-07
   1.7439730e+03   9.4800432e-07
   1.7453093e+03   9.3825032e-07
   1.7466456e+03   9.2859668e-07
   1.7479820e+03   9.1904236e-07
   1.7493183e+03   9.0958635e-07
   1.7506547e+03   9.0022764e-07
   1.7519910e+03   8.9096521e-07
   1.7533273e+03   8.8179809e-07
   1.7546637e+03   8.7272528e-07
   1.7560000e+03   8.6374583e-07
