   4.3710000e+02   8.4943819e-05
   4.4025746e+02   1.0124893e-04
   4.4341491e+02   1.2004234e-04
   4.4657237e+02   1.4157164e-04
   4.4972983e+02   1.6608446e-04
   4.5288729e+02   1.9382350e-04
   4.5604474e+02   2.2502104e-04
   4.5920220e+02   2.5989291e-04
   4.6235966e+02   2.9863209e-04
   4.6551712e+02   3.4140222e-04
   4.6867457e+02   3.8833091e-04
   4.7183203e+02   4.3950347e-04
   4.7498949e+02   4.9495686e-04
   4.7814695e+02   5.5467443e-04
   4.8130440e+02   6.1858147e-04
   4.8446186e+02   6.8654189e-04
   4.8761932e+02   7.5835617e-04
   4.9077678e+02   8.3376075e-04
   4.9393423e+02   9.1242899e-04
   4.9709169e+02   9.9397379e-04
   5.0024915e+02   1.0779517e-03
   5.0340661e+02   1.1638690e-03
   5.0656406e+02   1.2511887e-03
   5.0972152e+02   1.3393390e-03
   5.1287898e+02   1.4277234e-03
   5.1603644e+02   1.5157310e-03
   5.1919389e+02   1.6027472e-03
   5.2235135e+02   1.6881650e-03
   5.2550881e+02   1.7713963e-03
   5.2866627e+02   1.8518820e-03
   5.3182372e+02   1.9291018e-03
   5.3498118e+02   2.0025833e-03
   5.3813864e+02   2.0719087e-03
   5.4129610e+02   2.1367210e-03
   5.4445355e+02   2.1967282e-03
   5.4761101e+02   2.2517060e-03
   5.5076847e+02   2.3014983e-03
   5.5392593e+02   2.3460166e-03
   5.5708338e+02   2.3852379e-03
   5.6024084e+02   2.4192009e-03
   5.6339830e+02   2.4480009e-03
   5.6655576e+02   2.4717845e-03
   5.6971321e+02   2.4907427e-03
   5.7287067e+02   2.5051042e-03
   5.7602813e+02   2.5151279e-03
   5.7918559e+02   2.5210961e-03
   5.8234304e+02   2.5233071e-03
   5.8550050e+02   2.5220687e-03
   5.8865796e+02   2.5176924e-03
   5.9181542e+02   2.5104872e-03
   5.9497287e+02   2.5007557e-03
   5.9813033e+02   2.4887892e-03
   6.0128779e+02   2.4748650e-03
   6.0444525e+02   2.4592441e-03
   6.0760270e+02   2.4421685e-03
   6.1076016e+02   2.4238610e-03
   6.1391762e+02   2.4045243e-03
   6.1707508e+02   2.3843408e-03
   6.2023253e+02   2.3634734e-03
   6.2338999e+02   2.3420659e-03
   6.2654745e+02   2.3202443e-03
   6.2970490e+02   2.2981179e-03
   6.3286236e+02   2.2757804e-03
   6.3601982e+02   2.2533121e-03
   6.3917728e+02   2.2307805e-03
   6.4233473e+02   2.2082421e-03
   6.4549219e+02   2.1857437e-03
   6.4864965e+02   2.1633237e-03
   6.5180711e+02   2.1410133e-03
   6.5496456e+02   2.1188377e-03
   6.5812202e+02   2.0968165e-03
   6.6127948e+02   2.0749654e-03
   6.6443694e+02   2.0532963e-03
   6.6759439e+02   2.0318182e-03
   6.7075185e+02   2.0105376e-03
   6.7390931e+02   1.9894593e-03
   6.7706677e+02   1.9685862e-03
   6.8022422e+02   1.9479204e-03
   6.8338168e+02   1.9274626e-03
   6.8653914e+02   1.9072132e-03
   6.8969660e+02   1.8871717e-03
   6.9285405e+02   1.8673372e-03
   6.9601151e+02   1.8477087e-03
   6.9916897e+02   1.8282845e-03
   7.0232643e+02   1.8090632e-03
   7.0548388e+02   1.7900430e-03
   7.0864134e+02   1.7712221e-03
   7.1179880e+02   1.7525986e-03
   7.1495626e+02   1.7341706e-03
   7.1811371e+02   1.7159361e-03
   7.2127117e+02   1.6978932e-03
   7.2442863e+02   1.6800399e-03
   7.2758609e+02   1.6623742e-03
   7.3074354e+02   1.6448943e-03
   7.3390100e+02   1.6275981e-03
   7.3705846e+02   1.6104837e-03
   7.4021592e+02   1.5935493e-03
   7.4337337e+02   1.5767929e-03
   7.4653083e+02   1.5602128e-03
   7.4968829e+02   1.5438070e-03
   7.5284575e+02   1.5275736e-03
   7.5600320e+02   1.5115110e-03
   7.5916066e+02   1.4956173e-03
   7.6231812e+02   1.4798907e-03
   7.6547558e+02   1.4643294e-03
   7.6863303e+02   1.4489318e-03
   7.7179049e+02   1.4336961e-03
   7.7494795e+02   1.4186206e-03
   7.7810541e+02   1.4037037e-03
   7.8126286e+02   1.3889435e-03
   7.8442032e+02   1.3743386e-03
   7.8757778e+02   1.3598873e-03
   7.9073524e+02   1.3455879e-03
   7.9389269e+02   1.3314389e-03
   7.9705015e+02   1.3174386e-03
   8.0020761e+02   1.3035856e-03
   8.0336507e+02   1.2898782e-03
   8.0652252e+02   1.2763150e-03
   8.0967998e+02   1.2628944e-03
   8.1283744e+02   1.2496149e-03
   8.1599489e+02   1.2364750e-03
   8.1915235e+02   1.2234733e-03
   8.2230981e+02   1.2106084e-03
   8.2546727e+02   1.1978787e-03
   8.2862472e+02   1.1852828e-03
   8.3178218e+02   1.1728194e-03
   8.3493964e+02   1.1604871e-03
   8.3809710e+02   1.1482844e-03
   8.4125455e+02   1.1362101e-03
   8.4441201e+02   1.1242627e-03
   8.4756947e+02   1.1124409e-03
   8.5072693e+02   1.1007434e-03
   8.5388438e+02   1.0891690e-03
   8.5704184e+02   1.0777162e-03
   8.6019930e+02   1.0663839e-03
   8.6335676e+02   1.0551708e-03
   8.6651421e+02   1.0440755e-03
   8.6967167e+02   1.0330969e-03
   8.7282913e+02   1.0222338e-03
   8.7598659e+02   1.0114849e-03
   8.7914404e+02   1.0008490e-03
   8.8230150e+02   9.9032491e-04
   8.8545896e+02   9.7991152e-04
   8.8861642e+02   9.6960763e-04
   8.9177387e+02   9.5941208e-04
   8.9493133e+02   9.4932374e-04
   8.9808879e+02   9.3934148e-04
   9.0124625e+02   9.2946419e-04
   9.0440370e+02   9.1969075e-04
   9.0756116e+02   9.1002009e-04
   9.1071862e+02   9.0045111e-04
   9.1387608e+02   8.9098276e-04
   9.1703353e+02   8.8161396e-04
   9.2019099e+02   8.7234368e-04
   9.2334845e+02   8.6317087e-04
   9.2650591e+02   8.5409452e-04
   9.2966336e+02   8.4511361e-04
   9.3282082e+02   8.3622714e-04
   9.3597828e+02   8.2743410e-04
   9.3913574e+02   8.1873353e-04
   9.4229319e+02   8.1012444e-04
   9.4545065e+02   8.0160588e-04
   9.4860811e+02   7.9317690e-04
   9.5176557e+02   7.8483654e-04
   9.5492302e+02   7.7658388e-04
   9.5808048e+02   7.6841801e-04
   9.6123794e+02   7.6033800e-04
   9.6439540e+02   7.5234295e-04
   9.6755285e+02   7.4443196e-04
   9.7071031e+02   7.3660417e-04
   9.7386777e+02   7.2885868e-04
   9.7702523e+02   7.2119464e-04
   9.8018268e+02   7.1361119e-04
   9.8334014e+02   7.0610748e-04
   9.8649760e+02   6.9868267e-04
   9.8965506e+02   6.9133593e-04
   9.9281251e+02   6.8406645e-04
   9.9596997e+02   6.7687340e-04
   9.9912743e+02   6.6975599e-04
   1.0022849e+03   6.6271342e-04
   1.0054423e+03   6.5574491e-04
   1.0085998e+03   6.4884967e-04
   1.0117573e+03   6.4202693e-04
   1.0149147e+03   6.3527594e-04
   1.0180722e+03   6.2859593e-04
   1.0212296e+03   6.2198617e-04
   1.0243871e+03   6.1544590e-04
   1.0275445e+03   6.0897441e-04
   1.0307020e+03   6.0257097e-04
   1.0338595e+03   5.9623486e-04
   1.0370169e+03   5.8996538e-04
   1.0401744e+03   5.8376182e-04
   1.0433318e+03   5.7762349e-04
   1.0464893e+03   5.7154970e-04
   1.0496467e+03   5.6553979e-04
   1.0528042e+03   5.5959306e-04
   1.0559617e+03   5.5370887e-04
   1.0591191e+03   5.4788655e-04
   1.0622766e+03   5.4212546e-04
   1.0654340e+03   5.3642494e-04
   1.0685915e+03   5.3078436e-04
   1.0717489e+03   5.2520310e-04
   1.0749064e+03   5.1968052e-04
   1.0780639e+03   5.1421602e-04
   1.0812213e+03   5.0880897e-04
   1.0843788e+03   5.0345878e-04
   1.0875362e+03   4.9816485e-04
   1.0906937e+03   4.9292658e-04
   1.0938512e+03   4.8774340e-04
   1.0970086e+03   4.8261471e-04
   1.1001661e+03   4.7753996e-04
   1.1033235e+03   4.7251856e-04
   1.1064810e+03   4.6754997e-04
   1.1096384e+03   4.6263363e-04
   1.1127959e+03   4.5776897e-04
   1.1159534e+03   4.5295548e-04
   1.1191108e+03   4.4819259e-04
   1.1222683e+03   4.4347979e-04
   1.1254257e+03   4.3881654e-04
   1.1285832e+03   4.3420233e-04
   1.1317406e+03   4.2963664e-04
   1.1348981e+03   4.2511896e-04
   1.1380556e+03   4.2064878e-04
   1.1412130e+03   4.1622560e-04
   1.1443705e+03   4.1184894e-04
   1.1475279e+03   4.0751830e-04
   1.1506854e+03   4.0323319e-04
   1.1538428e+03   3.9899314e-04
   1.1570003e+03   3.9479768e-04
   1.1601578e+03   3.9064633e-04
   1.1633152e+03   3.8653864e-04
   1.1664727e+03   3.8247413e-04
   1.1696301e+03   3.7845237e-04
   1.1727876e+03   3.7447289e-04
   1.1759450e+03   3.7053526e-04
   1.1791025e+03   3.6663904e-04
   1.1822600e+03   3.6278378e-04
   1.1854174e+03   3.5896907e-04
   1.1885749e+03   3.5519446e-04
   1.1917323e+03   3.5145955e-04
   1.1948898e+03   3.4776391e-04
   1.1980472e+03   3.4410712e-04
   1.2012047e+03   3.4048879e-04
   1.2043622e+03   3.3690851e-04
   1.2075196e+03   3.3336588e-04
   1.2106771e+03   3.2986049e-04
   1.2138345e+03   3.2639197e-04
   1.2169920e+03   3.2295992e-04
   1.2201494e+03   3.1956395e-04
   1.2233069e+03   3.1620370e-04
   1.2264644e+03   3.1287877e-04
   1.2296218e+03   3.0958881e-04
   1.2327793e+03   3.0633345e-04
   1.2359367e+03   3.0311231e-04
   1.2390942e+03   2.9992505e-04
   1.2422517e+03   2.9677130e-04
   1.2454091e+03   2.9365071e-04
   1.2485666e+03   2.9056294e-04
   1.2517240e+03   2.8750763e-04
   1.2548815e+03   2.8448445e-04
   1.2580389e+03   2.8149306e-04
   1.2611964e+03   2.7853313e-04
   1.2643539e+03   2.7560432e-04
   1.2675113e+03   2.7270630e-04
   1.2706688e+03   2.6983876e-04
   1.2738262e+03   2.6700137e-04
   1.2769837e+03   2.6419382e-04
   1.2801411e+03   2.6141579e-04
   1.2832986e+03   2.5866697e-04
   1.2864561e+03   2.5594705e-04
   1.2896135e+03   2.5325574e-04
   1.2927710e+03   2.5059272e-04
   1.2959284e+03   2.4795771e-04
   1.2990859e+03   2.4535040e-04
   1.3022433e+03   2.4277051e-04
   1.3054008e+03   2.4021775e-04
   1.3085583e+03   2.3769183e-04
   1.3117157e+03   2.3519247e-04
   1.3148732e+03   2.3271939e-04
   1.3180306e+03   2.3027232e-04
   1.3211881e+03   2.2785097e-04
   1.3243455e+03   2.2545509e-04
   1.3275030e+03   2.2308440e-04
   1.3306605e+03   2.2073864e-04
   1.3338179e+03   2.1841755e-04
   1.3369754e+03   2.1612086e-04
   1.3401328e+03   2.1384832e-04
   1.3432903e+03   2.1159968e-04
   1.3464477e+03   2.0937468e-04
   1.3496052e+03   2.0717308e-04
   1.3527627e+03   2.0499463e-04
   1.3559201e+03   2.0283909e-04
   1.3590776e+03   2.0070621e-04
   1.3622350e+03   1.9859576e-04
   1.3653925e+03   1.9650750e-04
   1.3685499e+03   1.9444120e-04
   1.3717074e+03   1.9239662e-04
   1.3748649e+03   1.9037355e-04
   1.3780223e+03   1.8837175e-04
   1.3811798e+03   1.8639099e-04
   1.3843372e+03   1.8443107e-04
   1.3874947e+03   1.8249175e-04
   1.3906522e+03   1.8057283e-04
   1.3938096e+03   1.7867408e-04
   1.3969671e+03   1.7679530e-04
   1.4001245e+03   1.7493628e-04
   1.4032820e+03   1.7309680e-04
   1.4064394e+03   1.7127667e-04
   1.4095969e+03   1.6947567e-04
   1.4127544e+03   1.6769361e-04
   1.4159118e+03   1.6593029e-04
   1.4190693e+03   1.6418551e-04
   1.4222267e+03   1.6245908e-04
   1.4253842e+03   1.6075081e-04
   1.4285416e+03   1.5906049e-04
   1.4316991e+03   1.5738795e-04
   1.4348566e+03   1.5573299e-04
   1.4380140e+03   1.5409544e-04
   1.4411715e+03   1.5247511e-04
   1.4443289e+03   1.5087181e-04
   1.4474864e+03   1.4928538e-04
   1.4506438e+03   1.4771562e-04
   1.4538013e+03   1.4616238e-04
   1.4569588e+03   1.4462546e-04
   1.4601162e+03   1.4310470e-04
   1.4632737e+03   1.4159994e-04
   1.4664311e+03   1.4011100e-04
   1.4695886e+03   1.3863771e-04
   1.4727460e+03   1.3717992e-04
   1.4759035e+03   1.3573746e-04
   1.4790610e+03   1.3431016e-04
   1.4822184e+03   1.3289787e-04
   1.4853759e+03   1.3150044e-04
   1.4885333e+03   1.3011769e-04
   1.4916908e+03   1.2874949e-04
   1.4948482e+03   1.2739567e-04
   1.4980057e+03   1.2605609e-04
   1.5011632e+03   1.2473059e-04
   1.5043206e+03   1.2341904e-04
   1.5074781e+03   1.2212127e-04
   1.5106355e+03   1.2083715e-04
   1.5137930e+03   1.1956653e-04
   1.5169505e+03   1.1830927e-04
   1.5201079e+03   1.1706524e-04
   1.5232654e+03   1.1583428e-04
   1.5264228e+03   1.1461627e-04
   1.5295803e+03   1.1341106e-04
   1.5327377e+03   1.1221853e-04
   1.5358952e+03   1.1103854e-04
   1.5390527e+03   1.0987096e-04
   1.5422101e+03   1.0871565e-04
   1.5453676e+03   1.0757249e-04
   1.5485250e+03   1.0644135e-04
   1.5516825e+03   1.0532211e-04
   1.5548399e+03   1.0421463e-04
   1.5579974e+03   1.0311880e-04
   1.5611549e+03   1.0203450e-04
   1.5643123e+03   1.0096159e-04
   1.5674698e+03   9.9899966e-05
   1.5706272e+03   9.8849505e-05
   1.5737847e+03   9.7810090e-05
   1.5769421e+03   9.6781605e-05
   1.5800996e+03   9.5763934e-05
   1.5832571e+03   9.4756964e-05
   1.5864145e+03   9.3760583e-05
   1.5895720e+03   9.2774678e-05
   1.5927294e+03   9.1799141e-05
   1.5958869e+03   9.0833861e-05
   1.5990443e+03   8.9878732e-05
   1.6022018e+03   8.8933646e-05
   1.6053593e+03   8.7998497e-05
   1.6085167e+03   8.7073182e-05
   1.6116742e+03   8.6157596e-05
   1.6148316e+03   8.5251638e-05
   1.6179891e+03   8.4355207e-05
   1.6211465e+03   8.3468201e-05
   1.6243040e+03   8.2590522e-05
   1.6274615e+03   8.1722073e-05
   1.6306189e+03   8.0862755e-05
   1.6337764e+03   8.0012473e-05
   1.6369338e+03   7.9171131e-05
   1.6400913e+03   7.8338637e-05
   1.6432487e+03   7.7514896e-05
   1.6464062e+03   7.6699817e-05
   1.6495637e+03   7.5893309e-05
   1.6527211e+03   7.5095281e-05
   1.6558786e+03   7.4305645e-05
   1.6590360e+03   7.3524312e-05
   1.6621935e+03   7.2751194e-05
   1.6653510e+03   7.1986206e-05
   1.6685084e+03   7.1229262e-05
   1.6716659e+03   7.0480278e-05
   1.6748233e+03   6.9739169e-05
   1.6779808e+03   6.9005853e-05
   1.6811382e+03   6.8280247e-05
   1.6842957e+03   6.7562272e-05
   1.6874532e+03   6.6851846e-05
   1.6906106e+03   6.6148891e-05
   1.6937681e+03   6.5453327e-05
   1.6969255e+03   6.4765077e-05
   1.7000830e+03   6.4084064e-05
   1.7032404e+03   6.3410212e-05
   1.7063979e+03   6.2743445e-05
   1.7095554e+03   6.2083690e-05
   1.7127128e+03   6.1430872e-05
   1.7158703e+03   6.0784919e-05
   1.7190277e+03   6.0145758e-05
   1.7221852e+03   5.9513318e-05
   1.7253426e+03   5.8887528e-05
   1.7285001e+03   5.8268318e-05
   1.7316576e+03   5.7655619e-05
   1.7348150e+03   5.7049363e-05
   1.7379725e+03   5.6449482e-05
   1.7411299e+03   5.5855908e-05
   1.7442874e+03   5.5268576e-05
   1.7474448e+03   5.4687420e-05
   1.7506023e+03   5.4112375e-05
   1.7537598e+03   5.3543377e-05
   1.7569172e+03   5.2980361e-05
   1.7600747e+03   5.2423266e-05
   1.7632321e+03   5.1872029e-05
   1.7663896e+03   5.1326588e-05
   1.7695470e+03   5.0786882e-05
   1.7727045e+03   5.0252852e-05
   1.7758620e+03   4.9724437e-05
   1.7790194e+03   4.9201578e-05
   1.7821769e+03   4.8684217e-05
   1.7853343e+03   4.8172297e-05
   1.7884918e+03   4.7665759e-05
   1.7916492e+03   4.7164548e-05
   1.7948067e+03   4.6668606e-05
   1.7979642e+03   4.6177880e-05
   1.8011216e+03   4.5692314e-05
   1.8042791e+03   4.5211853e-05
   1.8074365e+03   4.4736445e-05
   1.8105940e+03   4.4266036e-05
   1.8137515e+03   4.3800573e-05
   1.8169089e+03   4.3340004e-05
   1.8200664e+03   4.2884279e-05
   1.8232238e+03   4.2433345e-05
   1.8263813e+03   4.1987153e-05
   1.8295387e+03   4.1545653e-05
   1.8326962e+03   4.1108795e-05
   1.8358537e+03   4.0676531e-05
   1.8390111e+03   4.0248812e-05
   1.8421686e+03   3.9825591e-05
   1.8453260e+03   3.9406820e-05
   1.8484835e+03   3.8992452e-05
   1.8516409e+03   3.8582441e-05
   1.8547984e+03   3.8176742e-05
   1.8579559e+03   3.7775309e-05
   1.8611133e+03   3.7378097e-05
   1.8642708e+03   3.6985061e-05
   1.8674282e+03   3.6596159e-05
   1.8705857e+03   3.6211346e-05
   1.8737431e+03   3.5830579e-05
   1.8769006e+03   3.5453816e-05
   1.8800581e+03   3.5081014e-05
   1.8832155e+03   3.4712133e-05
   1.8863730e+03   3.4347131e-05
   1.8895304e+03   3.3985966e-05
   1.8926879e+03   3.3628599e-05
   1.8958453e+03   3.3274990e-05
   1.8990028e+03   3.2925100e-05
   1.9021603e+03   3.2578888e-05
   1.9053177e+03   3.2236317e-05
   1.9084752e+03   3.1897348e-05
   1.9116326e+03   3.1561943e-05
   1.9147901e+03   3.1230066e-05
   1.9179475e+03   3.0901678e-05
   1.9211050e+03   3.0576743e-05
   1.9242625e+03   3.0255224e-05
   1.9274199e+03   2.9937087e-05
   1.9305774e+03   2.9622295e-05
   1.9337348e+03   2.9310812e-05
   1.9368923e+03   2.9002605e-05
   1.9400497e+03   2.8697639e-05
   1.9432072e+03   2.8395880e-05
   1.9463647e+03   2.8097294e-05
   1.9495221e+03   2.7801847e-05
   1.9526796e+03   2.7509507e-05
   1.9558370e+03   2.7220241e-05
   1.9589945e+03   2.6934017e-05
   1.9621520e+03   2.6650803e-05
   1.9653094e+03   2.6370566e-05
   1.9684669e+03   2.6093276e-05
   1.9716243e+03   2.5818902e-05
   1.9747818e+03   2.5547413e-05
   1.9779392e+03   2.5278779e-05
   1.9810967e+03   2.5012969e-05
   1.9842542e+03   2.4749955e-05
   1.9874116e+03   2.4489706e-05
   1.9905691e+03   2.4232193e-05
   1.9937265e+03   2.3977389e-05
   1.9968840e+03   2.3725264e-05
   2.0000414e+03   2.3475790e-05
   2.0031989e+03   2.3228939e-05
   2.0063564e+03   2.2984683e-05
   2.0095138e+03   2.2742997e-05
   2.0126713e+03   2.2503851e-05
   2.0158287e+03   2.2267220e-05
   2.0189862e+03   2.2033078e-05
   2.0221436e+03   2.1801397e-05
   2.0253011e+03   2.1572153e-05
   2.0284586e+03   2.1345319e-05
   2.0316160e+03   2.1120870e-05
   2.0347735e+03   2.0898781e-05
   2.0379309e+03   2.0679028e-05
   2.0410884e+03   2.0461585e-05
   2.0442458e+03   2.0246429e-05
   2.0474033e+03   2.0033536e-05
   2.0505608e+03   1.9822880e-05
   2.0537182e+03   1.9614440e-05
   2.0568757e+03   1.9408192e-05
   2.0600331e+03   1.9204112e-05
   2.0631906e+03   1.9002179e-05
   2.0663480e+03   1.8802368e-05
   2.0695055e+03   1.8604659e-05
   2.0726630e+03   1.8409029e-05
   2.0758204e+03   1.8215456e-05
   2.0789779e+03   1.8023918e-05
   2.0821353e+03   1.7834394e-05
   2.0852928e+03   1.7646863e-05
   2.0884503e+03   1.7461304e-05
   2.0916077e+03   1.7277696e-05
   2.0947652e+03   1.7096019e-05
   2.0979226e+03   1.6916252e-05
   2.1010801e+03   1.6738376e-05
   2.1042375e+03   1.6562370e-05
   2.1073950e+03   1.6388214e-05
   2.1105525e+03   1.6215890e-05
   2.1137099e+03   1.6045378e-05
   2.1168674e+03   1.5876659e-05
   2.1200248e+03   1.5709714e-05
   2.1231823e+03   1.5544524e-05
   2.1263397e+03   1.5381072e-05
   2.1294972e+03   1.5219338e-05
   2.1326547e+03   1.5059304e-05
   2.1358121e+03   1.4900954e-05
   2.1389696e+03   1.4744268e-05
   2.1421270e+03   1.4589231e-05
   2.1452845e+03   1.4435823e-05
   2.1484419e+03   1.4284029e-05
   2.1515994e+03   1.4133830e-05
   2.1547569e+03   1.3985211e-05
   2.1579143e+03   1.3838155e-05
   2.1610718e+03   1.3692645e-05
   2.1642292e+03   1.3548665e-05
   2.1673867e+03   1.3406199e-05
   2.1705441e+03   1.3265231e-05
   2.1737016e+03   1.3125746e-05
   2.1768591e+03   1.2987727e-05
   2.1800165e+03   1.2851159e-05
   2.1831740e+03   1.2716028e-05
   2.1863314e+03   1.2582317e-05
   2.1894889e+03   1.2450012e-05
   2.1926463e+03   1.2319099e-05
   2.1958038e+03   1.2189562e-05
   2.1989613e+03   1.2061387e-05
   2.2021187e+03   1.1934560e-05
   2.2052762e+03   1.1809067e-05
   2.2084336e+03   1.1684893e-05
   2.2115911e+03   1.1562025e-05
   2.2147485e+03   1.1440449e-05
   2.2179060e+03   1.1320151e-05
   2.2210635e+03   1.1201118e-05
   2.2242209e+03   1.1083337e-05
   2.2273784e+03   1.0966794e-05
   2.2305358e+03   1.0851477e-05
   2.2336933e+03   1.0737372e-05
   2.2368508e+03   1.0624468e-05
   2.2400082e+03   1.0512750e-05
   2.2431657e+03   1.0402207e-05
   2.2463231e+03   1.0292827e-05
   2.2494806e+03   1.0184596e-05
   2.2526380e+03   1.0077504e-05
   2.2557955e+03   9.9715377e-06
   2.2589530e+03   9.8666857e-06
   2.2621104e+03   9.7629363e-06
   2.2652679e+03   9.6602778e-06
   2.2684253e+03   9.5586987e-06
   2.2715828e+03   9.4581878e-06
   2.2747402e+03   9.3587338e-06
   2.2778977e+03   9.2603255e-06
   2.2810552e+03   9.1629520e-06
   2.2842126e+03   9.0666024e-06
   2.2873701e+03   8.9712660e-06
   2.2905275e+03   8.8769320e-06
   2.2936850e+03   8.7835899e-06
   2.2968424e+03   8.6912294e-06
   2.2999999e+03   8.5998400e-06
   2.3031574e+03   8.5094116e-06
   2.3063148e+03   8.4199340e-06
   2.3094723e+03   8.3313974e-06
   2.3126297e+03   8.2437917e-06
   2.3157872e+03   8.1571072e-06
   2.3189446e+03   8.0713342e-06
   2.3221021e+03   7.9864631e-06
   2.3252596e+03   7.9024844e-06
   2.3284170e+03   7.8193888e-06
   2.3315745e+03   7.7371669e-06
   2.3347319e+03   7.6558096e-06
   2.3378894e+03   7.5753078e-06
   2.3410468e+03   7.4956525e-06
   2.3442043e+03   7.4168348e-06
   2.3473618e+03   7.3388458e-06
   2.3505192e+03   7.2616769e-06
   2.3536767e+03   7.1853195e-06
   2.3568341e+03   7.1097650e-06
   2.3599916e+03   7.0350049e-06
   2.3631490e+03   6.9610309e-06
   2.3663065e+03   6.8878348e-06
   2.3694640e+03   6.8154083e-06
   2.3726214e+03   6.7437435e-06
   2.3757789e+03   6.6728322e-06
   2.3789363e+03   6.6026665e-06
   2.3820938e+03   6.5332386e-06
   2.3852513e+03   6.4645408e-06
   2.3884087e+03   6.3965653e-06
   2.3915662e+03   6.3293046e-06
   2.3947236e+03   6.2627512e-06
   2.3978811e+03   6.1968976e-06
   2.4010385e+03   6.1317364e-06
   2.4041960e+03   6.0672604e-06
   2.4073535e+03   6.0034624e-06
   2.4105109e+03   5.9403353e-06
   2.4136684e+03   5.8778719e-06
   2.4168258e+03   5.8160653e-06
   2.4199833e+03   5.7549087e-06
   2.4231407e+03   5.6943951e-06
   2.4262982e+03   5.6345178e-06
   2.4294557e+03   5.5752701e-06
   2.4326131e+03   5.5166455e-06
   2.4357706e+03   5.4586372e-06
   2.4389280e+03   5.4012390e-06
   2.4420855e+03   5.3444443e-06
   2.4452429e+03   5.2882468e-06
   2.4484004e+03   5.2326402e-06
   2.4515579e+03   5.1776183e-06
   2.4547153e+03   5.1231750e-06
   2.4578728e+03   5.0693042e-06
   2.4610302e+03   5.0159998e-06
   2.4641877e+03   4.9632559e-06
   2.4673451e+03   4.9110667e-06
   2.4705026e+03   4.8594262e-06
   2.4736601e+03   4.8083287e-06
   2.4768175e+03   4.7577685e-06
   2.4799750e+03   4.7077400e-06
   2.4831324e+03   4.6582375e-06
   2.4862899e+03   4.6092556e-06
   2.4894473e+03   4.5607887e-06
   2.4926048e+03   4.5128314e-06
   2.4957623e+03   4.4653784e-06
   2.4989197e+03   4.4184244e-06
   2.5020772e+03   4.3719641e-06
   2.5052346e+03   4.3259923e-06
   2.5083921e+03   4.2805040e-06
   2.5115495e+03   4.2354939e-06
   2.5147070e+03   4.1909572e-06
   2.5178645e+03   4.1468887e-06
   2.5210219e+03   4.1032837e-06
   2.5241794e+03   4.0601371e-06
   2.5273368e+03   4.0174443e-06
   2.5304943e+03   3.9752004e-06
   2.5336518e+03   3.9334006e-06
   2.5368092e+03   3.8920404e-06
   2.5399667e+03   3.8511151e-06
   2.5431241e+03   3.8106202e-06
   2.5462816e+03   3.7705510e-06
   2.5494390e+03   3.7309032e-06
   2.5525965e+03   3.6916723e-06
   2.5557540e+03   3.6528539e-06
   2.5589114e+03   3.6144437e-06
   2.5620689e+03   3.5764373e-06
   2.5652263e+03   3.5388306e-06
   2.5683838e+03   3.5016194e-06
   2.5715412e+03   3.4647994e-06
   2.5746987e+03   3.4283666e-06
   2.5778562e+03   3.3923169e-06
   2.5810136e+03   3.3566463e-06
   2.5841711e+03   3.3213507e-06
   2.5873285e+03   3.2864263e-06
   2.5904860e+03   3.2518691e-06
   2.5936434e+03   3.2176753e-06
   2.5968009e+03   3.1838410e-06
   2.5999584e+03   3.1503625e-06
   2.6031158e+03   3.1172361e-06
   2.6062733e+03   3.0844579e-06
   2.6094307e+03   3.0520245e-06
   2.6125882e+03   3.0199321e-06
   2.6157456e+03   2.9881771e-06
   2.6189031e+03   2.9567560e-06
   2.6220606e+03   2.9256654e-06
   2.6252180e+03   2.8949016e-06
   2.6283755e+03   2.8644614e-06
   2.6315329e+03   2.8343412e-06
   2.6346904e+03   2.8045377e-06
   2.6378478e+03   2.7750477e-06
   2.6410053e+03   2.7458677e-06
   2.6441628e+03   2.7169946e-06
   2.6473202e+03   2.6884250e-06
   2.6504777e+03   2.6601559e-06
   2.6536351e+03   2.6321840e-06
   2.6567926e+03   2.6045063e-06
   2.6599501e+03   2.5771196e-06
   2.6631075e+03   2.5500208e-06
   2.6662650e+03   2.5232070e-06
   2.6694224e+03   2.4966752e-06
   2.6725799e+03   2.4704223e-06
   2.6757373e+03   2.4444455e-06
   2.6788948e+03   2.4187419e-06
   2.6820523e+03   2.3933085e-06
   2.6852097e+03   2.3681426e-06
   2.6883672e+03   2.3432412e-06
   2.6915246e+03   2.3186018e-06
   2.6946821e+03   2.2942214e-06
   2.6978395e+03   2.2700974e-06
   2.7009970e+03   2.2462270e-06
   2.7041545e+03   2.2226076e-06
   2.7073119e+03   2.1992366e-06
   2.7104694e+03   2.1761114e-06
   2.7136268e+03   2.1532293e-06
   2.7167843e+03   2.1305878e-06
   2.7199417e+03   2.1081844e-06
   2.7230992e+03   2.0860166e-06
   2.7262567e+03   2.0640819e-06
   2.7294141e+03   2.0423778e-06
   2.7325716e+03   2.0209019e-06
   2.7357290e+03   1.9996519e-06
   2.7388865e+03   1.9786253e-06
   2.7420439e+03   1.9578198e-06
   2.7452014e+03   1.9372331e-06
   2.7483589e+03   1.9168628e-06
   2.7515163e+03   1.8967068e-06
   2.7546738e+03   1.8767627e-06
   2.7578312e+03   1.8570283e-06
   2.7609887e+03   1.8375014e-06
   2.7641461e+03   1.8181798e-06
   2.7673036e+03   1.7990614e-06
   2.7704611e+03   1.7801441e-06
   2.7736185e+03   1.7614256e-06
   2.7767760e+03   1.7429040e-06
   2.7799334e+03   1.7245772e-06
   2.7830909e+03   1.7064430e-06
   2.7862483e+03   1.6884996e-06
   2.7894058e+03   1.6707448e-06
   2.7925633e+03   1.6531767e-06
   2.7957207e+03   1.6357933e-06
   2.7988782e+03   1.6185927e-06
   2.8020356e+03   1.6015730e-06
   2.8051931e+03   1.5847323e-06
   2.8083506e+03   1.5680686e-06
   2.8115080e+03   1.5515802e-06
   2.8146655e+03   1.5352651e-06
   2.8178229e+03   1.5191216e-06
   2.8209804e+03   1.5031479e-06
   2.8241378e+03   1.4873421e-06
   2.8272953e+03   1.4717025e-06
   2.8304528e+03   1.4562274e-06
   2.8336102e+03   1.4409149e-06
   2.8367677e+03   1.4257635e-06
   2.8399251e+03   1.4107715e-06
   2.8430826e+03   1.3959370e-06
   2.8462400e+03   1.3812586e-06
   2.8493975e+03   1.3667345e-06
   2.8525550e+03   1.3523631e-06
   2.8557124e+03   1.3381428e-06
   2.8588699e+03   1.3240721e-06
   2.8620273e+03   1.3101493e-06
   2.8651848e+03   1.2963729e-06
   2.8683422e+03   1.2827414e-06
   2.8714997e+03   1.2692532e-06
   2.8746572e+03   1.2559068e-06
   2.8778146e+03   1.2427008e-06
   2.8809721e+03   1.2296337e-06
   2.8841295e+03   1.2167039e-06
   2.8872870e+03   1.2039101e-06
   2.8904444e+03   1.1912508e-06
   2.8936019e+03   1.1787247e-06
   2.8967594e+03   1.1663302e-06
   2.8999168e+03   1.1540661e-06
   2.9030743e+03   1.1419310e-06
   2.9062317e+03   1.1299234e-06
   2.9093892e+03   1.1180421e-06
   2.9125466e+03   1.1062858e-06
   2.9157041e+03   1.0946531e-06
   2.9188616e+03   1.0831426e-06
   2.9220190e+03   1.0717533e-06
   2.9251765e+03   1.0604836e-06
   2.9283339e+03   1.0493325e-06
   2.9314914e+03   1.0382987e-06
   2.9346488e+03   1.0273808e-06
   2.9378063e+03   1.0165778e-06
   2.9409638e+03   1.0058883e-06
   2.9441212e+03   9.9531129e-07
   2.9472787e+03   9.8484547e-07
   2.9504361e+03   9.7448970e-07
   2.9535936e+03   9.6424281e-07
   2.9567511e+03   9.5410368e-07
   2.9599085e+03   9.4407116e-07
   2.9630660e+03   9.3414413e-07
   2.9662234e+03   9.2432149e-07
   2.9693809e+03   9.1460213e-07
   2.9725383e+03   9.0498497e-07
   2.9756958e+03   8.9546894e-07
   2.9788533e+03   8.8605297e-07
   2.9820107e+03   8.7673602e-07
   2.9851682e+03   8.6751703e-07
   2.9883256e+03   8.5839497e-07
   2.9914831e+03   8.4936884e-07
   2.9946405e+03   8.4043762e-07
   2.9977980e+03   8.3160032e-07
   3.0009555e+03   8.2285593e-07
   3.0041129e+03   8.1420350e-07
   3.0072704e+03   8.0564205e-07
   3.0104278e+03   7.9717062e-07
   3.0135853e+03   7.8878827e-07
   3.0167427e+03   7.8049406e-07
   3.0199002e+03   7.7228707e-07
   3.0230577e+03   7.6416637e-07
   3.0262151e+03   7.5613107e-07
   3.0293726e+03   7.4818025e-07
   3.0325300e+03   7.4031304e-07
   3.0356875e+03   7.3252856e-07
   3.0388449e+03   7.2482593e-07
   3.0420024e+03   7.1720429e-07
   3.0451599e+03   7.0966280e-07
   3.0483173e+03   7.0220060e-07
   3.0514748e+03   6.9481688e-07
   3.0546322e+03   6.8751079e-07
   3.0577897e+03   6.8028153e-07
   3.0609471e+03   6.7312828e-07
   3.0641046e+03   6.6605025e-07
   3.0672621e+03   6.5904665e-07
   3.0704195e+03   6.5211669e-07
   3.0735770e+03   6.4525960e-07
   3.0767344e+03   6.3847462e-07
   3.0798919e+03   6.3176098e-07
   3.0830493e+03   6.2511793e-07
   3.0862068e+03   6.1854474e-07
   3.0893643e+03   6.1204066e-07
   3.0925217e+03   6.0560497e-07
   3.0956792e+03   5.9923696e-07
   3.0988366e+03   5.9293591e-07
   3.1019941e+03   5.8670111e-07
   3.1051516e+03   5.8053188e-07
   3.1083090e+03   5.7442751e-07
   3.1114665e+03   5.6838733e-07
   3.1146239e+03   5.6241067e-07
   3.1177814e+03   5.5649685e-07
   3.1209388e+03   5.5064522e-07
   3.1240963e+03   5.4485511e-07
   3.1272538e+03   5.3912589e-07
   3.1304112e+03   5.3345692e-07
   3.1335687e+03   5.2784755e-07
   3.1367261e+03   5.2229716e-07
   3.1398836e+03   5.1680514e-07
   3.1430410e+03   5.1137087e-07
   3.1461985e+03   5.0599374e-07
   3.1493560e+03   5.0067316e-07
   3.1525134e+03   4.9540851e-07
   3.1556709e+03   4.9019923e-07
   3.1588283e+03   4.8504472e-07
   3.1619858e+03   4.7994442e-07
   3.1651432e+03   4.7489774e-07
   3.1683007e+03   4.6990413e-07
   3.1714582e+03   4.6496303e-07
   3.1746156e+03   4.6007389e-07
   3.1777731e+03   4.5523615e-07
   3.1809305e+03   4.5044929e-07
   3.1840880e+03   4.4571276e-07
   3.1872454e+03   4.4102603e-07
   3.1904029e+03   4.3638859e-07
   3.1935604e+03   4.3179990e-07
   3.1967178e+03   4.2725947e-07
   3.1998753e+03   4.2276679e-07
   3.2030327e+03   4.1832134e-07
   3.2061902e+03   4.1392264e-07
   3.2093476e+03   4.0957019e-07
   3.2125051e+03   4.0526351e-07
   3.2156626e+03   4.0100211e-07
   3.2188200e+03   3.9678552e-07
   3.2219775e+03   3.9261327e-07
   3.2251349e+03   3.8848490e-07
   3.2282924e+03   3.8439993e-07
   3.2314498e+03   3.8035791e-07
   3.2346073e+03   3.7635840e-07
   3.2377648e+03   3.7240095e-07
   3.2409222e+03   3.6848510e-07
   3.2440797e+03   3.6461044e-07
   3.2472371e+03   3.6077651e-07
   3.2503946e+03   3.5698290e-07
   3.2535521e+03   3.5322918e-07
   3.2567095e+03   3.4951493e-07
   3.2598670e+03   3.4583974e-07
   3.2630244e+03   3.4220319e-07
   3.2661819e+03   3.3860488e-07
   3.2693393e+03   3.3504441e-07
   3.2724968e+03   3.3152137e-07
   3.2756543e+03   3.2803538e-07
   3.2788117e+03   3.2458605e-07
   3.2819692e+03   3.2117299e-07
   3.2851266e+03   3.1779581e-07
   3.2882841e+03   3.1445415e-07
   3.2914415e+03   3.1114762e-07
   3.2945990e+03   3.0787587e-07
   3.2977565e+03   3.0463851e-07
   3.3009139e+03   3.0143520e-07
   3.3040714e+03   2.9826557e-07
   3.3072288e+03   2.9512927e-07
   3.3103863e+03   2.9202595e-07
   3.3135437e+03   2.8895526e-07
   3.3167012e+03   2.8591686e-07
   3.3198587e+03   2.8291041e-07
   3.3230161e+03   2.7993557e-07
   3.3261736e+03   2.7699201e-07
   3.3293310e+03   2.7407941e-07
   3.3324885e+03   2.7119743e-07
   3.3356459e+03   2.6834575e-07
   3.3388034e+03   2.6552406e-07
   3.3419609e+03   2.6273204e-07
   3.3451183e+03   2.5996938e-07
   3.3482758e+03   2.5723577e-07
   3.3514332e+03   2.5453091e-07
   3.3545907e+03   2.5185448e-07
   3.3577481e+03   2.4920620e-07
   3.3609056e+03   2.4658576e-07
   3.3640631e+03   2.4399288e-07
   3.3672205e+03   2.4142727e-07
   3.3703780e+03   2.3888863e-07
   3.3735354e+03   2.3637669e-07
   3.3766929e+03   2.3389116e-07
   3.3798504e+03   2.3143176e-07
   3.3830078e+03   2.2899823e-07
   3.3861653e+03   2.2659028e-07
   3.3893227e+03   2.2420766e-07
   3.3924802e+03   2.2185008e-07
   3.3956376e+03   2.1951730e-07
   3.3987951e+03   2.1720905e-07
   3.4019526e+03   2.1492507e-07
   3.4051100e+03   2.1266511e-07
   3.4082675e+03   2.1042891e-07
   3.4114249e+03   2.0821622e-07
   3.4145824e+03   2.0602680e-07
   3.4177398e+03   2.0386040e-07
   3.4208973e+03   2.0171678e-07
   3.4240548e+03   1.9959571e-07
   3.4272122e+03   1.9749693e-07
   3.4303697e+03   1.9542023e-07
   3.4335271e+03   1.9336536e-07
   3.4366846e+03   1.9133210e-07
   3.4398420e+03   1.8932022e-07
   3.4429995e+03   1.8732949e-07
   3.4461570e+03   1.8535970e-07
   3.4493144e+03   1.8341062e-07
   3.4524719e+03   1.8148203e-07
   3.4556293e+03   1.7957372e-07
   3.4587868e+03   1.7768548e-07
   3.4619442e+03   1.7581710e-07
   3.4651017e+03   1.7396836e-07
   3.4682592e+03   1.7213906e-07
   3.4714166e+03   1.7032900e-07
   3.4745741e+03   1.6853797e-07
   3.4777315e+03   1.6676577e-07
   3.4808890e+03   1.6501220e-07
   3.4840464e+03   1.6327708e-07
   3.4872039e+03   1.6156020e-07
   3.4903614e+03   1.5986138e-07
   3.4935188e+03   1.5818041e-07
   3.4966763e+03   1.5651713e-07
   3.4998337e+03   1.5487133e-07
   3.5029912e+03   1.5324284e-07
   3.5061486e+03   1.5163147e-07
   3.5093061e+03   1.5003705e-07
   3.5124636e+03   1.4845939e-07
   3.5156210e+03   1.4689832e-07
   3.5187785e+03   1.4535366e-07
   3.5219359e+03   1.4382525e-07
   3.5250934e+03   1.4231291e-07
   3.5282509e+03   1.4081647e-07
   3.5314083e+03   1.3933577e-07
   3.5345658e+03   1.3787064e-07
   3.5377232e+03   1.3642091e-07
   3.5408807e+03   1.3498643e-07
   3.5440381e+03   1.3356703e-07
   3.5471956e+03   1.3216255e-07
   3.5503531e+03   1.3077285e-07
   3.5535105e+03   1.2939775e-07
   3.5566680e+03   1.2803712e-07
   3.5598254e+03   1.2669079e-07
   3.5629829e+03   1.2535862e-07
   3.5661403e+03   1.2404046e-07
   3.5692978e+03   1.2273616e-07
   3.5724553e+03   1.2144557e-07
   3.5756127e+03   1.2016856e-07
   3.5787702e+03   1.1890497e-07
   3.5819276e+03   1.1765467e-07
   3.5850851e+03   1.1641752e-07
   3.5882425e+03   1.1519337e-07
   3.5914000e+03   1.1398210e-07
