   4.2650000e+02   7.8274249e-05
   4.3282883e+02   9.7241273e-05
   4.3915766e+02   1.1983981e-04
   4.4548649e+02   1.4651805e-04
   4.5181532e+02   1.7772264e-04
   4.5814414e+02   2.1388461e-04
   4.6447297e+02   2.5540334e-04
   4.7080180e+02   3.0262903e-04
   4.7713063e+02   3.5584438e-04
   4.8345946e+02   4.1524608e-04
   4.8978829e+02   4.8092721e-04
   4.9611712e+02   5.5286122e-04
   5.0244595e+02   6.3088879e-04
   5.0877477e+02   7.1470825e-04
   5.1510360e+02   8.0387049e-04
   5.2143243e+02   8.9777909e-04
   5.2776126e+02   9.9569593e-04
   5.3409009e+02   1.0967526e-03
   5.4041892e+02   1.1999673e-03
   5.4674775e+02   1.3042669e-03
   5.5307658e+02   1.4085134e-03
   5.5940541e+02   1.5115335e-03
   5.6573423e+02   1.6121500e-03
   5.7206306e+02   1.7092145e-03
   5.7839189e+02   1.8016387e-03
   5.8472072e+02   1.8884234e-03
   5.9104955e+02   1.9686845e-03
   5.9737838e+02   2.0416741e-03
   6.0370721e+02   2.1067962e-03
   6.1003604e+02   2.1636166e-03
   6.1636486e+02   2.2118666e-03
   6.2269369e+02   2.2514411e-03
   6.2902252e+02   2.2823907e-03
   6.3535135e+02   2.3049097e-03
   6.4168018e+02   2.3193194e-03
   6.4800901e+02   2.3260492e-03
   6.5433784e+02   2.3256159e-03
   6.6066667e+02   2.3186015e-03
   6.6699550e+02   2.3056320e-03
   6.7332432e+02   2.2873573e-03
   6.7965315e+02   2.2644322e-03
   6.8598198e+02   2.2375004e-03
   6.9231081e+02   2.2071809e-03
   6.9863964e+02   2.1740571e-03
   7.0496847e+02   2.1386692e-03
   7.1129730e+02   2.1015083e-03
   7.1762613e+02   2.0630139e-03
   7.2395495e+02   2.0235732e-03
   7.3028378e+02   1.9835218e-03
   7.3661261e+02   1.9431465e-03
   7.4294144e+02   1.9026881e-03
   7.4927027e+02   1.8623459e-03
   7.5559910e+02   1.8222822e-03
   7.6192793e+02   1.7826264e-03
   7.6825676e+02   1.7434800e-03
   7.7458559e+02   1.7049203e-03
   7.8091441e+02   1.6670051e-03
   7.8724324e+02   1.6297753e-03
   7.9357207e+02   1.5932589e-03
   7.9990090e+02   1.5574730e-03
   8.0622973e+02   1.5224265e-03
   8.1255856e+02   1.4881218e-03
   8.1888739e+02   1.4545563e-03
   8.2521622e+02   1.4217238e-03
   8.3154505e+02   1.3896154e-03
   8.3787387e+02   1.3582202e-03
   8.4420270e+02   1.3275260e-03
   8.5053153e+02   1.2975198e-03
   8.5686036e+02   1.2681879e-03
   8.6318919e+02   1.2395166e-03
   8.6951802e+02   1.2114917e-03
   8.7584685e+02   1.1840993e-03
   8.8217568e+02   1.1573255e-03
   8.8850450e+02   1.1311566e-03
   8.9483333e+02   1.1055791e-03
   9.0116216e+02   1.0805797e-03
   9.0749099e+02   1.0561455e-03
   9.1381982e+02   1.0322637e-03
   9.2014865e+02   1.0089219e-03
   9.2647748e+02   9.8610793e-04
   9.3280631e+02   9.6380978e-04
   9.3913514e+02   9.4201582e-04
   9.4546396e+02   9.2071467e-04
   9.5179279e+02   8.9989519e-04
   9.5812162e+02   8.7954647e-04
   9.6445045e+02   8.5965789e-04
   9.7077928e+02   8.4021904e-04
   9.7710811e+02   8.2121974e-04
   9.8343694e+02   8.0265006e-04
   9.8976577e+02   7.8450028e-04
   9.9609459e+02   7.6676091e-04
   1.0024234e+03   7.4942267e-04
   1.0087523e+03   7.3247649e-04
   1.0150811e+03   7.1591350e-04
   1.0214099e+03   6.9972504e-04
   1.0277387e+03   6.8390263e-04
   1.0340676e+03   6.6843801e-04
   1.0403964e+03   6.5332308e-04
   1.0467252e+03   6.3854993e-04
   1.0530541e+03   6.2411084e-04
   1.0593829e+03   6.0999825e-04
   1.0657117e+03   5.9620477e-04
   1.0720405e+03   5.8272320e-04
   1.0783694e+03   5.6954648e-04
   1.0846982e+03   5.5666772e-04
   1.0910270e+03   5.4408017e-04
   1.0973559e+03   5.3177726e-04
   1.1036847e+03   5.1975254e-04
   1.1100135e+03   5.0799973e-04
   1.1163423e+03   4.9651268e-04
   1.1226712e+03   4.8528538e-04
   1.1290000e+03   4.7431195e-04
   1.1353288e+03   4.6358666e-04
   1.1416577e+03   4.5310389e-04
   1.1479865e+03   4.4285816e-04
   1.1543153e+03   4.3284412e-04
   1.1606441e+03   4.2305651e-04
   1.1669730e+03   4.1349022e-04
   1.1733018e+03   4.0414025e-04
   1.1796306e+03   3.9500170e-04
   1.1859595e+03   3.8606980e-04
   1.1922883e+03   3.7733987e-04
   1.1986171e+03   3.6880734e-04
   1.2049459e+03   3.6046775e-04
   1.2112748e+03   3.5231674e-04
   1.2176036e+03   3.4435004e-04
   1.2239324e+03   3.3656349e-04
   1.2302613e+03   3.2895301e-04
   1.2365901e+03   3.2151462e-04
   1.2429189e+03   3.1424443e-04
   1.2492477e+03   3.0713863e-04
   1.2555766e+03   3.0019352e-04
   1.2619054e+03   2.9340545e-04
   1.2682342e+03   2.8677087e-04
   1.2745631e+03   2.8028632e-04
   1.2808919e+03   2.7394839e-04
   1.2872207e+03   2.6775379e-04
   1.2935495e+03   2.6169925e-04
   1.2998784e+03   2.5578163e-04
   1.3062072e+03   2.4999781e-04
   1.3125360e+03   2.4434478e-04
   1.3188649e+03   2.3881958e-04
   1.3251937e+03   2.3341932e-04
   1.3315225e+03   2.2814117e-04
   1.3378514e+03   2.2298236e-04
   1.3441802e+03   2.1794022e-04
   1.3505090e+03   2.1301208e-04
   1.3568378e+03   2.0819539e-04
   1.3631667e+03   2.0348761e-04
   1.3694955e+03   1.9888628e-04
   1.3758243e+03   1.9438900e-04
   1.3821532e+03   1.8999342e-04
   1.3884820e+03   1.8569722e-04
   1.3948108e+03   1.8149818e-04
   1.4011396e+03   1.7739409e-04
   1.4074685e+03   1.7338280e-04
   1.4137973e+03   1.6946221e-04
   1.4201261e+03   1.6563028e-04
   1.4264550e+03   1.6188499e-04
   1.4327838e+03   1.5822440e-04
   1.4391126e+03   1.5464658e-04
   1.4454414e+03   1.5114966e-04
   1.4517703e+03   1.4773182e-04
   1.4580991e+03   1.4439126e-04
   1.4644279e+03   1.4112624e-04
   1.4707568e+03   1.3793504e-04
   1.4770856e+03   1.3481601e-04
   1.4834144e+03   1.3176751e-04
   1.4897432e+03   1.2878794e-04
   1.4960721e+03   1.2587575e-04
   1.5024009e+03   1.2302941e-04
   1.5087297e+03   1.2024743e-04
   1.5150586e+03   1.1752835e-04
   1.5213874e+03   1.1487077e-04
   1.5277162e+03   1.1227327e-04
   1.5340450e+03   1.0973451e-04
   1.5403739e+03   1.0725316e-04
   1.5467027e+03   1.0482792e-04
   1.5530315e+03   1.0245752e-04
   1.5593604e+03   1.0014072e-04
   1.5656892e+03   9.7876302e-05
   1.5720180e+03   9.5663092e-05
   1.5783468e+03   9.3499928e-05
   1.5846757e+03   9.1385678e-05
   1.5910045e+03   8.9319236e-05
   1.5973333e+03   8.7299521e-05
   1.6036622e+03   8.5325477e-05
   1.6099910e+03   8.3396070e-05
   1.6163198e+03   8.1510292e-05
   1.6226486e+03   7.9667155e-05
   1.6289775e+03   7.7865696e-05
   1.6353063e+03   7.6104973e-05
   1.6416351e+03   7.4384063e-05
   1.6479640e+03   7.2702067e-05
   1.6542928e+03   7.1058105e-05
   1.6606216e+03   6.9451316e-05
   1.6669505e+03   6.7880861e-05
   1.6732793e+03   6.6345918e-05
   1.6796081e+03   6.4845683e-05
   1.6859369e+03   6.3379372e-05
   1.6922658e+03   6.1946217e-05
   1.6985946e+03   6.0545470e-05
   1.7049234e+03   5.9176397e-05
   1.7112523e+03   5.7838281e-05
   1.7175811e+03   5.6530424e-05
   1.7239099e+03   5.5252140e-05
   1.7302387e+03   5.4002761e-05
   1.7365676e+03   5.2781633e-05
   1.7428964e+03   5.1588119e-05
   1.7492252e+03   5.0421592e-05
   1.7555541e+03   4.9281443e-05
   1.7618829e+03   4.8167075e-05
   1.7682117e+03   4.7077906e-05
   1.7745405e+03   4.6013365e-05
   1.7808694e+03   4.4972897e-05
   1.7871982e+03   4.3955955e-05
   1.7935270e+03   4.2962009e-05
   1.7998559e+03   4.1990539e-05
   1.8061847e+03   4.1041035e-05
   1.8125135e+03   4.0113003e-05
   1.8188423e+03   3.9205955e-05
   1.8251712e+03   3.8319417e-05
   1.8315000e+03   3.7452926e-05
   1.8378288e+03   3.6606029e-05
   1.8441577e+03   3.5778282e-05
   1.8504865e+03   3.4969252e-05
   1.8568153e+03   3.4178516e-05
   1.8631441e+03   3.3405661e-05
   1.8694730e+03   3.2650281e-05
   1.8758018e+03   3.1911983e-05
   1.8821306e+03   3.1190379e-05
   1.8884595e+03   3.0485092e-05
   1.8947883e+03   2.9795754e-05
   1.9011171e+03   2.9122003e-05
   1.9074459e+03   2.8463487e-05
   1.9137748e+03   2.7819862e-05
   1.9201036e+03   2.7190790e-05
   1.9264324e+03   2.6575943e-05
   1.9327613e+03   2.5975000e-05
   1.9390901e+03   2.5387645e-05
   1.9454189e+03   2.4813571e-05
   1.9517477e+03   2.4252479e-05
   1.9580766e+03   2.3704074e-05
   1.9644054e+03   2.3168070e-05
   1.9707342e+03   2.2644186e-05
   1.9770631e+03   2.2132149e-05
   1.9833919e+03   2.1631690e-05
   1.9897207e+03   2.1142547e-05
   1.9960495e+03   2.0664465e-05
   2.0023784e+03   2.0197194e-05
   2.0087072e+03   1.9740488e-05
   2.0150360e+03   1.9294110e-05
   2.0213649e+03   1.8857826e-05
   2.0276937e+03   1.8431407e-05
   2.0340225e+03   1.8014630e-05
   2.0403514e+03   1.7607277e-05
   2.0466802e+03   1.7209136e-05
   2.0530090e+03   1.6819998e-05
   2.0593378e+03   1.6439658e-05
   2.0656667e+03   1.6067920e-05
   2.0719955e+03   1.5704587e-05
   2.0783243e+03   1.5349470e-05
   2.0846532e+03   1.5002383e-05
   2.0909820e+03   1.4663144e-05
   2.0973108e+03   1.4331576e-05
   2.1036396e+03   1.4007506e-05
   2.1099685e+03   1.3690764e-05
   2.1162973e+03   1.3381184e-05
   2.1226261e+03   1.3078605e-05
   2.1289550e+03   1.2782867e-05
   2.1352838e+03   1.2493817e-05
   2.1416126e+03   1.2211303e-05
   2.1479414e+03   1.1935177e-05
   2.1542703e+03   1.1665295e-05
   2.1605991e+03   1.1401516e-05
   2.1669279e+03   1.1143701e-05
   2.1732568e+03   1.0891716e-05
   2.1795856e+03   1.0645429e-05
   2.1859144e+03   1.0404711e-05
   2.1922432e+03   1.0169437e-05
   2.1985721e+03   9.9394821e-06
   2.2049009e+03   9.7147274e-06
   2.2112297e+03   9.4950549e-06
   2.2175586e+03   9.2803497e-06
   2.2238874e+03   9.0704995e-06
   2.2302162e+03   8.8653945e-06
   2.2365450e+03   8.6649274e-06
   2.2428739e+03   8.4689933e-06
   2.2492027e+03   8.2774898e-06
   2.2555315e+03   8.0903166e-06
   2.2618604e+03   7.9073758e-06
   2.2681892e+03   7.7285717e-06
   2.2745180e+03   7.5538108e-06
   2.2808468e+03   7.3830016e-06
   2.2871757e+03   7.2160548e-06
   2.2935045e+03   7.0528831e-06
   2.2998333e+03   6.8934011e-06
   2.3061622e+03   6.7375253e-06
   2.3124910e+03   6.5851743e-06
   2.3188198e+03   6.4362682e-06
   2.3251486e+03   6.2907293e-06
   2.3314775e+03   6.1484813e-06
   2.3378063e+03   6.0094499e-06
   2.3441351e+03   5.8735624e-06
   2.3504640e+03   5.7407475e-06
   2.3567928e+03   5.6109359e-06
   2.3631216e+03   5.4840597e-06
   2.3694505e+03   5.3600524e-06
   2.3757793e+03   5.2388492e-06
   2.3821081e+03   5.1203866e-06
   2.3884369e+03   5.0046028e-06
   2.3947658e+03   4.8914372e-06
   2.4010946e+03   4.7808305e-06
   2.4074234e+03   4.6727248e-06
   2.4137523e+03   4.5670637e-06
   2.4200811e+03   4.4637918e-06
   2.4264099e+03   4.3628551e-06
   2.4327387e+03   4.2642009e-06
   2.4390676e+03   4.1677774e-06
   2.4453964e+03   4.0735343e-06
   2.4517252e+03   3.9814222e-06
   2.4580541e+03   3.8913931e-06
   2.4643829e+03   3.8033997e-06
   2.4707117e+03   3.7173960e-06
   2.4770405e+03   3.6333370e-06
   2.4833694e+03   3.5511789e-06
   2.4896982e+03   3.4708785e-06
   2.4960270e+03   3.3923939e-06
   2.5023559e+03   3.3156840e-06
   2.5086847e+03   3.2407087e-06
   2.5150135e+03   3.1674288e-06
   2.5213423e+03   3.0958059e-06
   2.5276712e+03   3.0258025e-06
   2.5340000e+03   2.9573821e-06
   2.5403288e+03   2.8905089e-06
   2.5466577e+03   2.8251478e-06
   2.5529865e+03   2.7612646e-06
   2.5593153e+03   2.6988261e-06
   2.5656441e+03   2.6377993e-06
   2.5719730e+03   2.5781526e-06
   2.5783018e+03   2.5198546e-06
   2.5846306e+03   2.4628748e-06
   2.5909595e+03   2.4071835e-06
   2.5972883e+03   2.3527515e-06
   2.6036171e+03   2.2995504e-06
   2.6099459e+03   2.2475522e-06
   2.6162748e+03   2.1967299e-06
   2.6226036e+03   2.1470567e-06
   2.6289324e+03   2.0985068e-06
   2.6352613e+03   2.0510547e-06
   2.6415901e+03   2.0046756e-06
   2.6479189e+03   1.9593452e-06
   2.6542477e+03   1.9150399e-06
   2.6605766e+03   1.8717364e-06
   2.6669054e+03   1.8294121e-06
   2.6732342e+03   1.7880449e-06
   2.6795631e+03   1.7476130e-06
   2.6858919e+03   1.7080954e-06
   2.6922207e+03   1.6694715e-06
   2.6985495e+03   1.6317208e-06
   2.7048784e+03   1.5948238e-06
   2.7112072e+03   1.5587612e-06
   2.7175360e+03   1.5235140e-06
   2.7238649e+03   1.4890638e-06
   2.7301937e+03   1.4553926e-06
   2.7365225e+03   1.4224828e-06
   2.7428514e+03   1.3903172e-06
   2.7491802e+03   1.3588789e-06
   2.7555090e+03   1.3281515e-06
   2.7618378e+03   1.2981189e-06
   2.7681667e+03   1.2687654e-06
   2.7744955e+03   1.2400757e-06
   2.7808243e+03   1.2120347e-06
   2.7871532e+03   1.1846278e-06
   2.7934820e+03   1.1578406e-06
   2.7998108e+03   1.1316592e-06
   2.8061396e+03   1.1060697e-06
   2.8124685e+03   1.0810589e-06
   2.8187973e+03   1.0566137e-06
   2.8251261e+03   1.0327212e-06
   2.8314550e+03   1.0093690e-06
   2.8377838e+03   9.8654483e-07
   2.8441126e+03   9.6423676e-07
   2.8504414e+03   9.4243314e-07
   2.8567703e+03   9.2112254e-07
   2.8630991e+03   9.0029383e-07
   2.8694279e+03   8.7993610e-07
   2.8757568e+03   8.6003871e-07
   2.8820856e+03   8.4059124e-07
   2.8884144e+03   8.2158352e-07
   2.8947432e+03   8.0300562e-07
   2.9010721e+03   7.8484780e-07
   2.9074009e+03   7.6710057e-07
   2.9137297e+03   7.4975465e-07
   2.9200586e+03   7.3280096e-07
   2.9263874e+03   7.1623064e-07
   2.9327162e+03   7.0003500e-07
   2.9390450e+03   6.8420559e-07
   2.9453739e+03   6.6873412e-07
   2.9517027e+03   6.5361249e-07
   2.9580315e+03   6.3883280e-07
   2.9643604e+03   6.2438731e-07
   2.9706892e+03   6.1026846e-07
   2.9770180e+03   5.9646888e-07
   2.9833468e+03   5.8298134e-07
   2.9896757e+03   5.6979878e-07
   2.9960045e+03   5.5691431e-07
   3.0023333e+03   5.4432119e-07
   3.0086622e+03   5.3201282e-07
   3.0149910e+03   5.1998278e-07
   3.0213198e+03   5.0822477e-07
   3.0276486e+03   4.9673263e-07
   3.0339775e+03   4.8550035e-07
   3.0403063e+03   4.7452206e-07
   3.0466351e+03   4.6379202e-07
   3.0529640e+03   4.5330461e-07
   3.0592928e+03   4.4305434e-07
   3.0656216e+03   4.3303586e-07
   3.0719505e+03   4.2324391e-07
   3.0782793e+03   4.1367339e-07
   3.0846081e+03   4.0431927e-07
   3.0909369e+03   3.9517668e-07
   3.0972658e+03   3.8624082e-07
   3.1035946e+03   3.7750702e-07
   3.1099234e+03   3.6897071e-07
   3.1162523e+03   3.6062743e-07
   3.1225811e+03   3.5247281e-07
   3.1289099e+03   3.4450258e-07
   3.1352387e+03   3.3671258e-07
   3.1415676e+03   3.2909873e-07
   3.1478964e+03   3.2165704e-07
   3.1542252e+03   3.1438363e-07
   3.1605541e+03   3.0727469e-07
   3.1668829e+03   3.0032650e-07
   3.1732117e+03   2.9353542e-07
   3.1795405e+03   2.8689790e-07
   3.1858694e+03   2.8041048e-07
   3.1921982e+03   2.7406975e-07
   3.1985270e+03   2.6787240e-07
   3.2048559e+03   2.6181518e-07
   3.2111847e+03   2.5589493e-07
   3.2175135e+03   2.5010856e-07
   3.2238423e+03   2.4445302e-07
   3.2301712e+03   2.3892537e-07
   3.2365000e+03   2.3352272e-07
   3.2428288e+03   2.2824223e-07
   3.2491577e+03   2.2308114e-07
   3.2554865e+03   2.1803676e-07
   3.2618153e+03   2.1310644e-07
   3.2681441e+03   2.0828761e-07
   3.2744730e+03   2.0357775e-07
   3.2808018e+03   1.9897438e-07
   3.2871306e+03   1.9447511e-07
   3.2934595e+03   1.9007758e-07
   3.2997883e+03   1.8577948e-07
   3.3061171e+03   1.8157858e-07
   3.3124459e+03   1.7747267e-07
   3.3187748e+03   1.7345960e-07
   3.3251036e+03   1.6953728e-07
   3.3314324e+03   1.6570365e-07
   3.3377613e+03   1.6195670e-07
   3.3440901e+03   1.5829449e-07
   3.3504189e+03   1.5471508e-07
   3.3567477e+03   1.5121662e-07
   3.3630766e+03   1.4779726e-07
   3.3694054e+03   1.4445522e-07
   3.3757342e+03   1.4118875e-07
   3.3820631e+03   1.3799615e-07
   3.3883919e+03   1.3487573e-07
   3.3947207e+03   1.3182588e-07
   3.4010495e+03   1.2884499e-07
   3.4073784e+03   1.2593151e-07
   3.4137072e+03   1.2308391e-07
   3.4200360e+03   1.2030069e-07
   3.4263649e+03   1.1758042e-07
   3.4326937e+03   1.1492165e-07
   3.4390225e+03   1.1232301e-07
   3.4453514e+03   1.0978312e-07
   3.4516802e+03   1.0730067e-07
   3.4580090e+03   1.0487436e-07
   3.4643378e+03   1.0250290e-07
   3.4706667e+03   1.0018508e-07
   3.4769955e+03   9.7919659e-08
   3.4833243e+03   9.5705469e-08
   3.4896532e+03   9.3541346e-08
   3.4959820e+03   9.1426160e-08
   3.5023108e+03   8.9358802e-08
   3.5086396e+03   8.7338193e-08
   3.5149685e+03   8.5363274e-08
   3.5212973e+03   8.3433013e-08
   3.5276261e+03   8.1546399e-08
   3.5339550e+03   7.9702446e-08
   3.5402838e+03   7.7900189e-08
   3.5466126e+03   7.6138685e-08
   3.5529414e+03   7.4417013e-08
   3.5592703e+03   7.2734272e-08
   3.5655991e+03   7.1089582e-08
   3.5719279e+03   6.9482082e-08
   3.5782568e+03   6.7910931e-08
   3.5845856e+03   6.6375308e-08
   3.5909144e+03   6.4874408e-08
   3.5972432e+03   6.3407448e-08
   3.6035721e+03   6.1973658e-08
   3.6099009e+03   6.0572290e-08
   3.6162297e+03   5.9202610e-08
   3.6225586e+03   5.7863902e-08
   3.6288874e+03   5.6555465e-08
   3.6352162e+03   5.5276615e-08
   3.6415450e+03   5.4026683e-08
   3.6478739e+03   5.2805015e-08
   3.6542027e+03   5.1610971e-08
   3.6605315e+03   5.0443927e-08
   3.6668604e+03   4.9303273e-08
   3.6731892e+03   4.8188412e-08
   3.6795180e+03   4.7098760e-08
   3.6858468e+03   4.6033748e-08
   3.6921757e+03   4.4992819e-08
   3.6985045e+03   4.3975427e-08
   3.7048333e+03   4.2981041e-08
   3.7111622e+03   4.2009140e-08
   3.7174910e+03   4.1059216e-08
   3.7238198e+03   4.0130772e-08
   3.7301486e+03   3.9223322e-08
   3.7364775e+03   3.8336392e-08
   3.7428063e+03   3.7469517e-08
   3.7491351e+03   3.6622245e-08
   3.7554640e+03   3.5794131e-08
   3.7617928e+03   3.4984743e-08
   3.7681216e+03   3.4193657e-08
   3.7744505e+03   3.3420459e-08
   3.7807793e+03   3.2664745e-08
   3.7871081e+03   3.1926119e-08
   3.7934369e+03   3.1204196e-08
   3.7997658e+03   3.0498597e-08
   3.8060946e+03   2.9808953e-08
   3.8124234e+03   2.9134903e-08
   3.8187523e+03   2.8476096e-08
   3.8250811e+03   2.7832185e-08
   3.8314099e+03   2.7202835e-08
   3.8377387e+03   2.6587716e-08
   3.8440676e+03   2.5986506e-08
   3.8503964e+03   2.5398891e-08
   3.8567252e+03   2.4824563e-08
   3.8630541e+03   2.4263222e-08
   3.8693829e+03   2.3714575e-08
   3.8757117e+03   2.3178333e-08
   3.8820405e+03   2.2654217e-08
   3.8883694e+03   2.2141953e-08
   3.8946982e+03   2.1641272e-08
   3.9010270e+03   2.1151913e-08
   3.9073559e+03   2.0673619e-08
   3.9136847e+03   2.0206141e-08
   3.9200135e+03   1.9749233e-08
   3.9263423e+03   1.9302657e-08
   3.9326712e+03   1.8866179e-08
   3.9390000e+03   1.8439571e-08
   3.9453288e+03   1.8022610e-08
   3.9516577e+03   1.7615077e-08
   3.9579865e+03   1.7216759e-08
   3.9643153e+03   1.6827448e-08
   3.9706441e+03   1.6446941e-08
   3.9769730e+03   1.6075037e-08
   3.9833018e+03   1.5711544e-08
   3.9896306e+03   1.5356269e-08
   3.9959595e+03   1.5009028e-08
   4.0022883e+03   1.4669640e-08
   4.0086171e+03   1.4337925e-08
   4.0149459e+03   1.4013711e-08
   4.0212748e+03   1.3696829e-08
   4.0276036e+03   1.3387112e-08
   4.0339324e+03   1.3084398e-08
   4.0402613e+03   1.2788530e-08
   4.0465901e+03   1.2499351e-08
   4.0529189e+03   1.2216712e-08
   4.0592477e+03   1.1940464e-08
   4.0655766e+03   1.1670462e-08
   4.0719054e+03   1.1406566e-08
   4.0782342e+03   1.1148637e-08
   4.0845631e+03   1.0896541e-08
   4.0908919e+03   1.0650145e-08
   4.0972207e+03   1.0409320e-08
   4.1035495e+03   1.0173941e-08
   4.1098784e+03   9.9438851e-09
   4.1162072e+03   9.7190308e-09
   4.1225360e+03   9.4992610e-09
   4.1288649e+03   9.2844607e-09
   4.1351937e+03   9.0745176e-09
   4.1415225e+03   8.8693217e-09
   4.1478514e+03   8.6687658e-09
   4.1541802e+03   8.4727449e-09
   4.1605090e+03   8.2811565e-09
   4.1668378e+03   8.0939004e-09
   4.1731667e+03   7.9108786e-09
   4.1794955e+03   7.7319953e-09
   4.1858243e+03   7.5571570e-09
   4.1921532e+03   7.3862721e-09
   4.1984820e+03   7.2192514e-09
   4.2048108e+03   7.0560074e-09
   4.2111396e+03   6.8964547e-09
   4.2174685e+03   6.7405099e-09
   4.2237973e+03   6.5880914e-09
   4.2301261e+03   6.4391194e-09
   4.2364550e+03   6.2935160e-09
   4.2427838e+03   6.1512050e-09
   4.2491126e+03   6.0121120e-09
   4.2554414e+03   5.8761642e-09
   4.2617703e+03   5.7432905e-09
   4.2680991e+03   5.6134214e-09
   4.2744279e+03   5.4864890e-09
   4.2807568e+03   5.3624267e-09
   4.2870856e+03   5.2411699e-09
   4.2934144e+03   5.1226549e-09
   4.2997432e+03   5.0068198e-09
   4.3060721e+03   4.8936040e-09
   4.3124009e+03   4.7829483e-09
   4.3187297e+03   4.6747947e-09
   4.3250586e+03   4.5690868e-09
   4.3313874e+03   4.4657691e-09
   4.3377162e+03   4.3647878e-09
   4.3440450e+03   4.2660898e-09
   4.3503739e+03   4.1696236e-09
   4.3567027e+03   4.0753388e-09
   4.3630315e+03   3.9831859e-09
   4.3693604e+03   3.8931169e-09
   4.3756892e+03   3.8050845e-09
   4.3820180e+03   3.7190427e-09
   4.3883468e+03   3.6349465e-09
   4.3946757e+03   3.5527520e-09
   4.4010045e+03   3.4724160e-09
   4.4073333e+03   3.3938967e-09
   4.4136622e+03   3.3171528e-09
   4.4199910e+03   3.2421443e-09
   4.4263198e+03   3.1688319e-09
   4.4326486e+03   3.0971773e-09
   4.4389775e+03   3.0271429e-09
   4.4453063e+03   2.9586922e-09
   4.4516351e+03   2.8917893e-09
   4.4579640e+03   2.8263993e-09
   4.4642928e+03   2.7624878e-09
   4.4706216e+03   2.7000216e-09
   4.4769505e+03   2.6389678e-09
   4.4832793e+03   2.5792947e-09
   4.4896081e+03   2.5209708e-09
   4.4959369e+03   2.4639658e-09
   4.5022658e+03   2.4082499e-09
   4.5085946e+03   2.3537938e-09
   4.5149234e+03   2.3005690e-09
   4.5212523e+03   2.2485478e-09
   4.5275811e+03   2.1977030e-09
   4.5339099e+03   2.1480078e-09
   4.5402387e+03   2.0994364e-09
   4.5465676e+03   2.0519633e-09
   4.5528964e+03   2.0055636e-09
   4.5592252e+03   1.9602132e-09
   4.5655541e+03   1.9158882e-09
   4.5718829e+03   1.8725655e-09
   4.5782117e+03   1.8302225e-09
   4.5845405e+03   1.7888369e-09
   4.5908694e+03   1.7483872e-09
   4.5971982e+03   1.7088521e-09
   4.6035270e+03   1.6702110e-09
   4.6098559e+03   1.6324437e-09
   4.6161847e+03   1.5955303e-09
   4.6225135e+03   1.5594517e-09
   4.6288423e+03   1.5241889e-09
   4.6351712e+03   1.4897234e-09
   4.6415000e+03   1.4560373e-09
   4.6478288e+03   1.4231130e-09
   4.6541577e+03   1.3909331e-09
   4.6604865e+03   1.3594809e-09
   4.6668153e+03   1.3287398e-09
   4.6731441e+03   1.2986940e-09
   4.6794730e+03   1.2693275e-09
   4.6858018e+03   1.2406250e-09
   4.6921306e+03   1.2125716e-09
   4.6984595e+03   1.1851526e-09
   4.7047883e+03   1.1583535e-09
   4.7111171e+03   1.1321605e-09
   4.7174459e+03   1.1065597e-09
   4.7237748e+03   1.0815378e-09
   4.7301036e+03   1.0570818e-09
   4.7364324e+03   1.0331787e-09
   4.7427613e+03   1.0098161e-09
   4.7490901e+03   9.8698185e-10
   4.7554189e+03   9.6466390e-10
   4.7617477e+03   9.4285062e-10
   4.7680766e+03   9.2153058e-10
   4.7744054e+03   9.0069264e-10
   4.7807342e+03   8.8032589e-10
   4.7870631e+03   8.6041968e-10
   4.7933919e+03   8.4096360e-10
   4.7997207e+03   8.2194747e-10
   4.8060495e+03   8.0336133e-10
   4.8123784e+03   7.8519547e-10
   4.8187072e+03   7.6744038e-10
   4.8250360e+03   7.5008678e-10
   4.8313649e+03   7.3312558e-10
   4.8376937e+03   7.1654791e-10
   4.8440225e+03   7.0034510e-10
   4.8503514e+03   6.8450868e-10
   4.8566802e+03   6.6903035e-10
   4.8630090e+03   6.5390202e-10
   4.8693378e+03   6.3911578e-10
   4.8756667e+03   6.2466390e-10
   4.8819955e+03   6.1053880e-10
   4.8883243e+03   5.9673310e-10
   4.8946532e+03   5.8323958e-10
   4.9009820e+03   5.7005119e-10
   4.9073108e+03   5.5716101e-10
   4.9136396e+03   5.4456231e-10
   4.9199685e+03   5.3224849e-10
   4.9262973e+03   5.2021312e-10
   4.9326261e+03   5.0844990e-10
   4.9389550e+03   4.9695267e-10
   4.9452838e+03   4.8571542e-10
   4.9516126e+03   4.7473227e-10
   4.9579414e+03   4.6399747e-10
   4.9642703e+03   4.5350541e-10
   4.9705991e+03   4.4325060e-10
   4.9769279e+03   4.3322768e-10
   4.9832568e+03   4.2343140e-10
   4.9895856e+03   4.1385664e-10
   4.9959144e+03   4.0449838e-10
   5.0022432e+03   3.9535173e-10
   5.0085721e+03   3.8641191e-10
   5.0149009e+03   3.7767425e-10
   5.0212297e+03   3.6913416e-10
   5.0275586e+03   3.6078718e-10
   5.0338874e+03   3.5262894e-10
   5.0402162e+03   3.4465519e-10
   5.0465450e+03   3.3686174e-10
   5.0528739e+03   3.2924451e-10
   5.0592027e+03   3.2179953e-10
   5.0655315e+03   3.1452290e-10
   5.0718604e+03   3.0741081e-10
   5.0781892e+03   3.0045954e-10
   5.0845180e+03   2.9366545e-10
   5.0908468e+03   2.8702499e-10
   5.0971757e+03   2.8053469e-10
   5.1035045e+03   2.7419115e-10
   5.1098333e+03   2.6799106e-10
   5.1161622e+03   2.6193116e-10
   5.1224910e+03   2.5600829e-10
   5.1288198e+03   2.5021935e-10
   5.1351486e+03   2.4456131e-10
   5.1414775e+03   2.3903121e-10
   5.1478063e+03   2.3362616e-10
   5.1541351e+03   2.2834333e-10
   5.1604640e+03   2.2317996e-10
   5.1667928e+03   2.1813335e-10
   5.1731216e+03   2.1320085e-10
   5.1794505e+03   2.0837988e-10
   5.1857793e+03   2.0366793e-10
   5.1921081e+03   1.9906253e-10
   5.1984369e+03   1.9456126e-10
   5.2047658e+03   1.9016178e-10
   5.2110946e+03   1.8586178e-10
   5.2174234e+03   1.8165902e-10
   5.2237523e+03   1.7755128e-10
   5.2300811e+03   1.7353644e-10
   5.2364099e+03   1.6961238e-10
   5.2427387e+03   1.6577705e-10
   5.2490676e+03   1.6202845e-10
   5.2553964e+03   1.5836461e-10
   5.2617252e+03   1.5478362e-10
   5.2680541e+03   1.5128360e-10
   5.2743829e+03   1.4786273e-10
   5.2807117e+03   1.4451921e-10
   5.2870405e+03   1.4125130e-10
   5.2933694e+03   1.3805728e-10
   5.2996982e+03   1.3493548e-10
   5.3060270e+03   1.3188428e-10
   5.3123559e+03   1.2890207e-10
   5.3186847e+03   1.2598729e-10
   5.3250135e+03   1.2313843e-10
   5.3313423e+03   1.2035398e-10
   5.3376712e+03   1.1763250e-10
   5.3440000e+03   1.1497256e-10
   5.3503288e+03   1.1237276e-10
   5.3566577e+03   1.0983175e-10
   5.3629865e+03   1.0734820e-10
   5.3693153e+03   1.0492081e-10
   5.3756441e+03   1.0254831e-10
   5.3819730e+03   1.0022946e-10
   5.3883018e+03   9.7963035e-11
   5.3946306e+03   9.5747864e-11
   5.4009595e+03   9.3582783e-11
   5.4072883e+03   9.1466660e-11
   5.4136171e+03   8.9398387e-11
   5.4199459e+03   8.7376882e-11
   5.4262748e+03   8.5401088e-11
   5.4326036e+03   8.3469972e-11
   5.4389324e+03   8.1582522e-11
   5.4452613e+03   7.9737753e-11
   5.4515901e+03   7.7934697e-11
   5.4579189e+03   7.6172413e-11
   5.4642477e+03   7.4449979e-11
   5.4705766e+03   7.2766492e-11
   5.4769054e+03   7.1121073e-11
   5.4832342e+03   6.9512861e-11
   5.4895631e+03   6.7941014e-11
   5.4958919e+03   6.6404710e-11
   5.5022207e+03   6.4903146e-11
   5.5085495e+03   6.3435536e-11
   5.5148784e+03   6.2001111e-11
   5.5212072e+03   6.0599123e-11
   5.5275360e+03   5.9228836e-11
   5.5338649e+03   5.7889535e-11
   5.5401937e+03   5.6580518e-11
   5.5465225e+03   5.5301102e-11
   5.5528514e+03   5.4050616e-11
   5.5591802e+03   5.2828406e-11
   5.5655090e+03   5.1633833e-11
   5.5718378e+03   5.0466273e-11
   5.5781667e+03   4.9325114e-11
   5.5844955e+03   4.8209759e-11
   5.5908243e+03   4.7119624e-11
   5.5971532e+03   4.6054140e-11
   5.6034820e+03   4.5012750e-11
   5.6098108e+03   4.3994907e-11
   5.6161396e+03   4.3000080e-11
   5.6224685e+03   4.2027749e-11
   5.6287973e+03   4.1077404e-11
   5.6351261e+03   4.0148549e-11
   5.6414550e+03   3.9240697e-11
   5.6477838e+03   3.8353374e-11
   5.6541126e+03   3.7486115e-11
   5.6604414e+03   3.6638468e-11
   5.6667703e+03   3.5809987e-11
   5.6730991e+03   3.5000240e-11
   5.6794279e+03   3.4208804e-11
   5.6857568e+03   3.3435263e-11
   5.6920856e+03   3.2679215e-11
   5.6984144e+03   3.1940262e-11
   5.7047432e+03   3.1218019e-11
   5.7110721e+03   3.0512107e-11
   5.7174009e+03   2.9822157e-11
   5.7237297e+03   2.9147809e-11
   5.7300586e+03   2.8488710e-11
   5.7363874e+03   2.7844514e-11
   5.7427162e+03   2.7214885e-11
   5.7490450e+03   2.6599494e-11
   5.7553739e+03   2.5998017e-11
   5.7617027e+03   2.5410142e-11
   5.7680315e+03   2.4835560e-11
   5.7743604e+03   2.4273970e-11
   5.7806892e+03   2.3725080e-11
   5.7870180e+03   2.3188601e-11
   5.7933468e+03   2.2664253e-11
   5.7996757e+03   2.2151761e-11
   5.8060045e+03   2.1650859e-11
   5.8123333e+03   2.1161283e-11
   5.8186622e+03   2.0682777e-11
   5.8249910e+03   2.0215092e-11
   5.8313198e+03   1.9757982e-11
   5.8376486e+03   1.9311208e-11
   5.8439775e+03   1.8874537e-11
   5.8503063e+03   1.8447740e-11
   5.8566351e+03   1.8030594e-11
   5.8629640e+03   1.7622880e-11
   5.8692928e+03   1.7224386e-11
   5.8756216e+03   1.6834903e-11
   5.8819505e+03   1.6454227e-11
   5.8882793e+03   1.6082158e-11
   5.8946081e+03   1.5718504e-11
   5.9009369e+03   1.5363072e-11
   5.9072658e+03   1.5015677e-11
   5.9135946e+03   1.4676138e-11
   5.9199234e+03   1.4344276e-11
   5.9262523e+03   1.4019919e-11
   5.9325811e+03   1.3702896e-11
   5.9389099e+03   1.3393042e-11
   5.9452387e+03   1.3090194e-11
   5.9515676e+03   1.2794195e-11
   5.9578964e+03   1.2504888e-11
   5.9642252e+03   1.2222124e-11
   5.9705541e+03   1.1945753e-11
   5.9768829e+03   1.1675632e-11
   5.9832117e+03   1.1411619e-11
   5.9895405e+03   1.1153576e-11
   5.9958694e+03   1.0901368e-11
   6.0021982e+03   1.0654863e-11
   6.0085270e+03   1.0413931e-11
   6.0148559e+03   1.0178448e-11
   6.0211847e+03   9.9482900e-12
   6.0275135e+03   9.7233361e-12
   6.0338423e+03   9.5034690e-12
   6.0401712e+03   9.2885735e-12
   6.0465000e+03   9.0785374e-12
   6.0528288e+03   8.8732506e-12
   6.0591577e+03   8.6726059e-12
   6.0654865e+03   8.4764982e-12
   6.0718153e+03   8.2848249e-12
   6.0781441e+03   8.0974858e-12
   6.0844730e+03   7.9143829e-12
   6.0908018e+03   7.7354204e-12
   6.0971306e+03   7.5605046e-12
   6.1034595e+03   7.3895441e-12
   6.1097883e+03   7.2224494e-12
   6.1161171e+03   7.0591331e-12
   6.1224459e+03   6.8995097e-12
   6.1287748e+03   6.7434958e-12
   6.1351036e+03   6.5910098e-12
   6.1414324e+03   6.4419718e-12
   6.1477613e+03   6.2963039e-12
   6.1540901e+03   6.1539298e-12
   6.1604189e+03   6.0147752e-12
   6.1667477e+03   5.8787672e-12
   6.1730766e+03   5.7458347e-12
   6.1794054e+03   5.6159081e-12
   6.1857342e+03   5.4889194e-12
   6.1920631e+03   5.3648022e-12
   6.1983919e+03   5.2434916e-12
   6.2047207e+03   5.1249241e-12
   6.2110495e+03   5.0090377e-12
   6.2173784e+03   4.8957717e-12
   6.2237072e+03   4.7850670e-12
   6.2300360e+03   4.6768656e-12
   6.2363649e+03   4.5711108e-12
   6.2426937e+03   4.4677474e-12
   6.2490225e+03   4.3667213e-12
   6.2553514e+03   4.2679796e-12
   6.2616802e+03   4.1714707e-12
   6.2680090e+03   4.0771441e-12
   6.2743378e+03   3.9849504e-12
   6.2806667e+03   3.8948414e-12
   6.2869955e+03   3.8067701e-12
   6.2933243e+03   3.7206902e-12
   6.2996532e+03   3.6365567e-12
   6.3059820e+03   3.5543258e-12
   6.3123108e+03   3.4739542e-12
   6.3186396e+03   3.3954001e-12
   6.3249685e+03   3.3186222e-12
   6.3312973e+03   3.2435805e-12
   6.3376261e+03   3.1702356e-12
   6.3439550e+03   3.0985492e-12
   6.3502838e+03   3.0284839e-12
   6.3566126e+03   2.9600028e-12
   6.3629414e+03   2.8930703e-12
   6.3692703e+03   2.8276513e-12
   6.3755991e+03   2.7637115e-12
   6.3819279e+03   2.7012176e-12
   6.3882568e+03   2.6401368e-12
   6.3945856e+03   2.5804372e-12
   6.4009144e+03   2.5220876e-12
   6.4072432e+03   2.4650573e-12
   6.4135721e+03   2.4093167e-12
   6.4199009e+03   2.3548364e-12
   6.4262297e+03   2.3015881e-12
   6.4325586e+03   2.2495439e-12
   6.4388874e+03   2.1986765e-12
   6.4452162e+03   2.1489593e-12
   6.4515450e+03   2.1003664e-12
   6.4578739e+03   2.0528722e-12
   6.4642027e+03   2.0064520e-12
   6.4705315e+03   1.9610815e-12
   6.4768604e+03   1.9167369e-12
   6.4831892e+03   1.8733950e-12
   6.4895180e+03   1.8310332e-12
   6.4958468e+03   1.7896293e-12
   6.5021757e+03   1.7491617e-12
   6.5085045e+03   1.7096091e-12
   6.5148333e+03   1.6709509e-12
   6.5211622e+03   1.6331668e-12
   6.5274910e+03   1.5962371e-12
   6.5338198e+03   1.5601425e-12
   6.5401486e+03   1.5248641e-12
   6.5464775e+03   1.4903833e-12
   6.5528063e+03   1.4566823e-12
   6.5591351e+03   1.4237434e-12
   6.5654640e+03   1.3915492e-12
   6.5717928e+03   1.3600831e-12
   6.5781216e+03   1.3293284e-12
   6.5844505e+03   1.2992693e-12
   6.5907793e+03   1.2698898e-12
   6.5971081e+03   1.2411746e-12
   6.6034369e+03   1.2131088e-12
   6.6097658e+03   1.1856776e-12
   6.6160946e+03   1.1588667e-12
   6.6224234e+03   1.1326620e-12
   6.6287523e+03   1.1070499e-12
   6.6350811e+03   1.0820169e-12
   6.6414099e+03   1.0575500e-12
   6.6477387e+03   1.0336364e-12
   6.6540676e+03   1.0102635e-12
   6.6603964e+03   9.8741906e-13
   6.6667252e+03   9.6509123e-13
   6.6730541e+03   9.4326828e-13
   6.6793829e+03   9.2193880e-13
   6.6857117e+03   9.0109163e-13
   6.6920405e+03   8.8071586e-13
   6.6983694e+03   8.6080083e-13
   6.7046982e+03   8.4133613e-13
   6.7110270e+03   8.2231157e-13
   6.7173559e+03   8.0371720e-13
   6.7236847e+03   7.8554329e-13
   6.7300135e+03   7.6778034e-13
   6.7363423e+03   7.5041905e-13
   6.7426712e+03   7.3345034e-13
   6.7490000e+03   7.1686533e-13
