   3.8960000e+02   7.5227463e-05
   3.9180260e+02   8.1150346e-05
   3.9400521e+02   8.7458804e-05
   3.9620781e+02   9.4170873e-05
   3.9841041e+02   1.0130486e-04
   4.0061301e+02   1.0887930e-04
   4.0281562e+02   1.1691291e-04
   4.0501822e+02   1.2542454e-04
   4.0722082e+02   1.3443310e-04
   4.0942342e+02   1.4395752e-04
   4.1162603e+02   1.5401669e-04
   4.1382863e+02   1.6462937e-04
   4.1603123e+02   1.7581414e-04
   4.1823383e+02   1.8758933e-04
   4.2043644e+02   1.9997291e-04
   4.2263904e+02   2.1298246e-04
   4.2484164e+02   2.2663504e-04
   4.2704424e+02   2.4094715e-04
   4.2924685e+02   2.5593460e-04
   4.3144945e+02   2.7161245e-04
   4.3365205e+02   2.8799491e-04
   4.3585465e+02   3.0509526e-04
   4.3805726e+02   3.2292575e-04
   4.4025986e+02   3.4149750e-04
   4.4246246e+02   3.6082044e-04
   4.4466507e+02   3.8090319e-04
   4.4686767e+02   4.0175299e-04
   4.4907027e+02   4.2337560e-04
   4.5127287e+02   4.4577524e-04
   4.5347548e+02   4.6895448e-04
   4.5567808e+02   4.9291421e-04
   4.5788068e+02   5.1765351e-04
   4.6008328e+02   5.4316963e-04
   4.6228589e+02   5.6945792e-04
   4.6448849e+02   5.9651174e-04
   4.6669109e+02   6.2432247e-04
   4.6889369e+02   6.5287942e-04
   4.7109630e+02   6.8216982e-04
   4.7329890e+02   7.1217878e-04
   4.7550150e+02   7.4288929e-04
   4.7770410e+02   7.7428217e-04
   4.7990671e+02   8.0633614e-04
   4.8210931e+02   8.3902774e-04
   4.8431191e+02   8.7233142e-04
   4.8651451e+02   9.0621954e-04
   4.8871712e+02   9.4066239e-04
   4.9091972e+02   9.7562825e-04
   4.9312232e+02   1.0110835e-03
   4.9532492e+02   1.0469925e-03
   4.9752753e+02   1.0833179e-03
   4.9973013e+02   1.1200206e-03
   5.0193273e+02   1.1570600e-03
   5.0413534e+02   1.1943936e-03
   5.0633794e+02   1.2319778e-03
   5.0854054e+02   1.2697676e-03
   5.1074314e+02   1.3077167e-03
   5.1294575e+02   1.3457779e-03
   5.1514835e+02   1.3839030e-03
   5.1735095e+02   1.4220430e-03
   5.1955355e+02   1.4601483e-03
   5.2175616e+02   1.4981689e-03
   5.2395876e+02   1.5360542e-03
   5.2616136e+02   1.5737538e-03
   5.2836396e+02   1.6112169e-03
   5.3056657e+02   1.6483933e-03
   5.3276917e+02   1.6852326e-03
   5.3497177e+02   1.7216853e-03
   5.3717437e+02   1.7577022e-03
   5.3937698e+02   1.7932352e-03
   5.4157958e+02   1.8282368e-03
   5.4378218e+02   1.8626608e-03
   5.4598478e+02   1.8964622e-03
   5.4818739e+02   1.9295972e-03
   5.5038999e+02   1.9620237e-03
   5.5259259e+02   1.9937010e-03
   5.5479520e+02   2.0245904e-03
   5.5699780e+02   2.0546549e-03
   5.5920040e+02   2.0838593e-03
   5.6140300e+02   2.1121708e-03
   5.6360561e+02   2.1395583e-03
   5.6580821e+02   2.1659933e-03
   5.6801081e+02   2.1914493e-03
   5.7021341e+02   2.2159021e-03
   5.7241602e+02   2.2393301e-03
   5.7461862e+02   2.2617139e-03
   5.7682122e+02   2.2830365e-03
   5.7902382e+02   2.3032834e-03
   5.8122643e+02   2.3224426e-03
   5.8342903e+02   2.3405045e-03
   5.8563163e+02   2.3574617e-03
   5.8783423e+02   2.3733095e-03
   5.9003684e+02   2.3880454e-03
   5.9223944e+02   2.4016692e-03
   5.9444204e+02   2.4141829e-03
   5.9664464e+02   2.4255909e-03
   5.9884725e+02   2.4358995e-03
   6.0104985e+02   2.4451173e-03
   6.0325245e+02   2.4532545e-03
   6.0545506e+02   2.4603237e-03
   6.0765766e+02   2.4663389e-03
   6.0986026e+02   2.4713160e-03
   6.1206286e+02   2.4752725e-03
   6.1426547e+02   2.4782272e-03
   6.1646807e+02   2.4802006e-03
   6.1867067e+02   2.4812144e-03
   6.2087327e+02   2.4812913e-03
   6.2307588e+02   2.4804554e-03
   6.2527848e+02   2.4787315e-03
   6.2748108e+02   2.4761454e-03
   6.2968368e+02   2.4727236e-03
   6.3188629e+02   2.4684934e-03
   6.3408889e+02   2.4634824e-03
   6.3629149e+02   2.4577187e-03
   6.3849409e+02   2.4512310e-03
   6.4069670e+02   2.4440480e-03
   6.4289930e+02   2.4361985e-03
   6.4510190e+02   2.4277115e-03
   6.4730450e+02   2.4186160e-03
   6.4950711e+02   2.4089408e-03
   6.5170971e+02   2.3987146e-03
   6.5391231e+02   2.3879658e-03
   6.5611491e+02   2.3767225e-03
   6.5831752e+02   2.3650124e-03
   6.6052012e+02   2.3528627e-03
   6.6272272e+02   2.3403002e-03
   6.6492533e+02   2.3273511e-03
   6.6712793e+02   2.3140410e-03
   6.6933053e+02   2.3003950e-03
   6.7153313e+02   2.2864374e-03
   6.7373574e+02   2.2721918e-03
   6.7593834e+02   2.2576811e-03
   6.7814094e+02   2.2429275e-03
   6.8034354e+02   2.2279524e-03
   6.8254615e+02   2.2127766e-03
   6.8474875e+02   2.1974197e-03
   6.8695135e+02   2.1819010e-03
   6.8915395e+02   2.1662387e-03
   6.9135656e+02   2.1504503e-03
   6.9355916e+02   2.1345526e-03
   6.9576176e+02   2.1185614e-03
   6.9796436e+02   2.1024919e-03
   7.0016697e+02   2.0863585e-03
   7.0236957e+02   2.0701748e-03
   7.0457217e+02   2.0539539e-03
   7.0677477e+02   2.0377078e-03
   7.0897738e+02   2.0214481e-03
   7.1117998e+02   2.0051855e-03
   7.1338258e+02   1.9889304e-03
   7.1558519e+02   1.9726921e-03
   7.1778779e+02   1.9564796e-03
   7.1999039e+02   1.9403013e-03
   7.2219299e+02   1.9241647e-03
   7.2439560e+02   1.9080772e-03
   7.2659820e+02   1.8920454e-03
   7.2880080e+02   1.8760755e-03
   7.3100340e+02   1.8601731e-03
   7.3320601e+02   1.8443436e-03
   7.3540861e+02   1.8285916e-03
   7.3761121e+02   1.8129217e-03
   7.3981381e+02   1.7973377e-03
   7.4201642e+02   1.7818434e-03
   7.4421902e+02   1.7664420e-03
   7.4642162e+02   1.7511365e-03
   7.4862422e+02   1.7359296e-03
   7.5082683e+02   1.7208236e-03
   7.5302943e+02   1.7058206e-03
   7.5523203e+02   1.6909226e-03
   7.5743463e+02   1.6761310e-03
   7.5963724e+02   1.6614474e-03
   7.6183984e+02   1.6468729e-03
   7.6404244e+02   1.6324086e-03
   7.6624505e+02   1.6180553e-03
   7.6844765e+02   1.6038136e-03
   7.7065025e+02   1.5896841e-03
   7.7285285e+02   1.5756672e-03
   7.7505546e+02   1.5617632e-03
   7.7725806e+02   1.5479721e-03
   7.7946066e+02   1.5342942e-03
   7.8166326e+02   1.5207293e-03
   7.8386587e+02   1.5072772e-03
   7.8606847e+02   1.4939378e-03
   7.8827107e+02   1.4807108e-03
   7.9047367e+02   1.4675959e-03
   7.9267628e+02   1.4545925e-03
   7.9487888e+02   1.4417003e-03
   7.9708148e+02   1.4289188e-03
   7.9928408e+02   1.4162473e-03
   8.0148669e+02   1.4036853e-03
   8.0368929e+02   1.3912322e-03
   8.0589189e+02   1.3788873e-03
   8.0809449e+02   1.3666499e-03
   8.1029710e+02   1.3545193e-03
   8.1249970e+02   1.3424948e-03
   8.1470230e+02   1.3305756e-03
   8.1690490e+02   1.3187610e-03
   8.1910751e+02   1.3070502e-03
   8.2131011e+02   1.2954425e-03
   8.2351271e+02   1.2839369e-03
   8.2571532e+02   1.2725328e-03
   8.2791792e+02   1.2612294e-03
   8.3012052e+02   1.2500258e-03
   8.3232312e+02   1.2389211e-03
   8.3452573e+02   1.2279147e-03
   8.3672833e+02   1.2170057e-03
   8.3893093e+02   1.2061933e-03
   8.4113353e+02   1.1954766e-03
   8.4333614e+02   1.1848548e-03
   8.4553874e+02   1.1743273e-03
   8.4774134e+02   1.1638930e-03
   8.4994394e+02   1.1535513e-03
   8.5214655e+02   1.1433014e-03
   8.5434915e+02   1.1331424e-03
   8.5655175e+02   1.1230735e-03
   8.5875435e+02   1.1130940e-03
   8.6095696e+02   1.1032031e-03
   8.6315956e+02   1.0934001e-03
   8.6536216e+02   1.0836840e-03
   8.6756476e+02   1.0740543e-03
   8.6976737e+02   1.0645101e-03
   8.7196997e+02   1.0550506e-03
   8.7417257e+02   1.0456752e-03
   8.7637518e+02   1.0363831e-03
   8.7857778e+02   1.0271735e-03
   8.8078038e+02   1.0180457e-03
   8.8298298e+02   1.0089990e-03
   8.8518559e+02   1.0000327e-03
   8.8738819e+02   9.9114610e-04
   8.8959079e+02   9.8233842e-04
   8.9179339e+02   9.7360900e-04
   8.9399600e+02   9.6495714e-04
   8.9619860e+02   9.5638216e-04
   8.9840120e+02   9.4788337e-04
   9.0060380e+02   9.3946010e-04
   9.0280641e+02   9.3111168e-04
   9.0500901e+02   9.2283744e-04
   9.0721161e+02   9.1463673e-04
   9.0941421e+02   9.0650889e-04
   9.1161682e+02   8.9845328e-04
   9.1381942e+02   8.9046925e-04
   9.1602202e+02   8.8255616e-04
   9.1822462e+02   8.7471340e-04
   9.2042723e+02   8.6694032e-04
   9.2262983e+02   8.5923633e-04
   9.2483243e+02   8.5160079e-04
   9.2703504e+02   8.4403310e-04
   9.2923764e+02   8.3653266e-04
   9.3144024e+02   8.2909888e-04
   9.3364284e+02   8.2173115e-04
   9.3584545e+02   8.1442890e-04
   9.3804805e+02   8.0719153e-04
   9.4025065e+02   8.0001848e-04
   9.4245325e+02   7.9290918e-04
   9.4465586e+02   7.8586305e-04
   9.4685846e+02   7.7887953e-04
   9.4906106e+02   7.7195807e-04
   9.5126366e+02   7.6509812e-04
   9.5346627e+02   7.5829913e-04
   9.5566887e+02   7.5156056e-04
   9.5787147e+02   7.4488187e-04
   9.6007407e+02   7.3826253e-04
   9.6227668e+02   7.3170202e-04
   9.6447928e+02   7.2519980e-04
   9.6668188e+02   7.1875536e-04
   9.6888448e+02   7.1236819e-04
   9.7108709e+02   7.0603778e-04
   9.7328969e+02   6.9976363e-04
   9.7549229e+02   6.9354523e-04
   9.7769489e+02   6.8738209e-04
   9.7989750e+02   6.8127372e-04
   9.8210010e+02   6.7521963e-04
   9.8430270e+02   6.6921934e-04
   9.8650531e+02   6.6327237e-04
   9.8870791e+02   6.5737824e-04
   9.9091051e+02   6.5153650e-04
   9.9311311e+02   6.4574666e-04
   9.9531572e+02   6.4000828e-04
   9.9751832e+02   6.3432089e-04
   9.9972092e+02   6.2868405e-04
   1.0019235e+03   6.2309729e-04
   1.0041261e+03   6.1756018e-04
   1.0063287e+03   6.1207228e-04
   1.0085313e+03   6.0663314e-04
   1.0107339e+03   6.0124234e-04
   1.0129365e+03   5.9589944e-04
   1.0151391e+03   5.9060402e-04
   1.0173417e+03   5.8535566e-04
   1.0195443e+03   5.8015394e-04
   1.0217469e+03   5.7499844e-04
   1.0239495e+03   5.6988876e-04
   1.0261522e+03   5.6482448e-04
   1.0283548e+03   5.5980521e-04
   1.0305574e+03   5.5483054e-04
   1.0327600e+03   5.4990008e-04
   1.0349626e+03   5.4501343e-04
   1.0371652e+03   5.4017021e-04
   1.0393678e+03   5.3537002e-04
   1.0415704e+03   5.3061250e-04
   1.0437730e+03   5.2589724e-04
   1.0459756e+03   5.2122390e-04
   1.0481782e+03   5.1659208e-04
   1.0503808e+03   5.1200142e-04
   1.0525834e+03   5.0745155e-04
   1.0547860e+03   5.0294212e-04
   1.0569886e+03   4.9847276e-04
   1.0591912e+03   4.9404312e-04
   1.0613938e+03   4.8965284e-04
   1.0635964e+03   4.8530158e-04
   1.0657990e+03   4.8098898e-04
   1.0680016e+03   4.7671470e-04
   1.0702042e+03   4.7247841e-04
   1.0724068e+03   4.6827977e-04
   1.0746094e+03   4.6411843e-04
   1.0768120e+03   4.5999407e-04
   1.0790146e+03   4.5590637e-04
   1.0812172e+03   4.5185499e-04
   1.0834198e+03   4.4783961e-04
   1.0856224e+03   4.4385992e-04
   1.0878250e+03   4.3991559e-04
   1.0900276e+03   4.3600631e-04
   1.0922302e+03   4.3213177e-04
   1.0944328e+03   4.2829166e-04
   1.0966354e+03   4.2448568e-04
   1.0988380e+03   4.2071352e-04
   1.1010406e+03   4.1697488e-04
   1.1032432e+03   4.1326946e-04
   1.1054458e+03   4.0959697e-04
   1.1076484e+03   4.0595711e-04
   1.1098511e+03   4.0234961e-04
   1.1120537e+03   3.9877415e-04
   1.1142563e+03   3.9523048e-04
   1.1164589e+03   3.9171829e-04
   1.1186615e+03   3.8823731e-04
   1.1208641e+03   3.8478727e-04
   1.1230667e+03   3.8136788e-04
   1.1252693e+03   3.7797888e-04
   1.1274719e+03   3.7462000e-04
   1.1296745e+03   3.7129097e-04
   1.1318771e+03   3.6799152e-04
   1.1340797e+03   3.6472139e-04
   1.1362823e+03   3.6148032e-04
   1.1384849e+03   3.5826805e-04
   1.1406875e+03   3.5508432e-04
   1.1428901e+03   3.5192889e-04
   1.1450927e+03   3.4880150e-04
   1.1472953e+03   3.4570190e-04
   1.1494979e+03   3.4262984e-04
   1.1517005e+03   3.3958509e-04
   1.1539031e+03   3.3656739e-04
   1.1561057e+03   3.3357651e-04
   1.1583083e+03   3.3061220e-04
   1.1605109e+03   3.2767424e-04
   1.1627135e+03   3.2476239e-04
   1.1649161e+03   3.2187641e-04
   1.1671187e+03   3.1901608e-04
   1.1693213e+03   3.1618116e-04
   1.1715239e+03   3.1337144e-04
   1.1737265e+03   3.1058669e-04
   1.1759291e+03   3.0782668e-04
   1.1781317e+03   3.0509120e-04
   1.1803343e+03   3.0238003e-04
   1.1825369e+03   2.9969295e-04
   1.1847395e+03   2.9702975e-04
   1.1869421e+03   2.9439022e-04
   1.1891447e+03   2.9177414e-04
   1.1913473e+03   2.8918131e-04
   1.1935499e+03   2.8661152e-04
   1.1957526e+03   2.8406457e-04
   1.1979552e+03   2.8154025e-04
   1.2001578e+03   2.7903836e-04
   1.2023604e+03   2.7655871e-04
   1.2045630e+03   2.7410109e-04
   1.2067656e+03   2.7166531e-04
   1.2089682e+03   2.6925117e-04
   1.2111708e+03   2.6685849e-04
   1.2133734e+03   2.6448707e-04
   1.2155760e+03   2.6213673e-04
   1.2177786e+03   2.5980727e-04
   1.2199812e+03   2.5749851e-04
   1.2221838e+03   2.5521027e-04
   1.2243864e+03   2.5294236e-04
   1.2265890e+03   2.5069460e-04
   1.2287916e+03   2.4846682e-04
   1.2309942e+03   2.4625884e-04
   1.2331968e+03   2.4407048e-04
   1.2353994e+03   2.4190157e-04
   1.2376020e+03   2.3975192e-04
   1.2398046e+03   2.3762139e-04
   1.2420072e+03   2.3550978e-04
   1.2442098e+03   2.3341694e-04
   1.2464124e+03   2.3134270e-04
   1.2486150e+03   2.2928689e-04
   1.2508176e+03   2.2724934e-04
   1.2530202e+03   2.2522991e-04
   1.2552228e+03   2.2322842e-04
   1.2574254e+03   2.2124472e-04
   1.2596280e+03   2.1927864e-04
   1.2618306e+03   2.1733004e-04
   1.2640332e+03   2.1539875e-04
   1.2662358e+03   2.1348462e-04
   1.2684384e+03   2.1158751e-04
   1.2706410e+03   2.0970725e-04
   1.2728436e+03   2.0784370e-04
   1.2750462e+03   2.0599671e-04
   1.2772488e+03   2.0416614e-04
   1.2794515e+03   2.0235183e-04
   1.2816541e+03   2.0055364e-04
   1.2838567e+03   1.9877144e-04
   1.2860593e+03   1.9700507e-04
   1.2882619e+03   1.9525440e-04
   1.2904645e+03   1.9351928e-04
   1.2926671e+03   1.9179959e-04
   1.2948697e+03   1.9009517e-04
   1.2970723e+03   1.8840591e-04
   1.2992749e+03   1.8673165e-04
   1.3014775e+03   1.8507227e-04
   1.3036801e+03   1.8342764e-04
   1.3058827e+03   1.8179763e-04
   1.3080853e+03   1.8018209e-04
   1.3102879e+03   1.7858092e-04
   1.3124905e+03   1.7699397e-04
   1.3146931e+03   1.7542113e-04
   1.3168957e+03   1.7386226e-04
   1.3190983e+03   1.7231725e-04
   1.3213009e+03   1.7078596e-04
   1.3235035e+03   1.6926828e-04
   1.3257061e+03   1.6776409e-04
   1.3279087e+03   1.6627327e-04
   1.3301113e+03   1.6479569e-04
   1.3323139e+03   1.6333125e-04
   1.3345165e+03   1.6187982e-04
   1.3367191e+03   1.6044128e-04
   1.3389217e+03   1.5901553e-04
   1.3411243e+03   1.5760245e-04
   1.3433269e+03   1.5620193e-04
   1.3455295e+03   1.5481385e-04
   1.3477321e+03   1.5343811e-04
   1.3499347e+03   1.5207459e-04
   1.3521373e+03   1.5072319e-04
   1.3543399e+03   1.4938380e-04
   1.3565425e+03   1.4805631e-04
   1.3587451e+03   1.4674062e-04
   1.3609477e+03   1.4543662e-04
   1.3631504e+03   1.4414421e-04
   1.3653530e+03   1.4286328e-04
   1.3675556e+03   1.4159374e-04
   1.3697582e+03   1.4033547e-04
   1.3719608e+03   1.3908839e-04
   1.3741634e+03   1.3785239e-04
   1.3763660e+03   1.3662738e-04
   1.3785686e+03   1.3541325e-04
   1.3807712e+03   1.3420991e-04
   1.3829738e+03   1.3301726e-04
   1.3851764e+03   1.3183521e-04
   1.3873790e+03   1.3066367e-04
   1.3895816e+03   1.2950254e-04
   1.3917842e+03   1.2835172e-04
   1.3939868e+03   1.2721113e-04
   1.3961894e+03   1.2608068e-04
   1.3983920e+03   1.2496027e-04
   1.4005946e+03   1.2384982e-04
   1.4027972e+03   1.2274924e-04
   1.4049998e+03   1.2165844e-04
   1.4072024e+03   1.2057733e-04
   1.4094050e+03   1.1950583e-04
   1.4116076e+03   1.1844385e-04
   1.4138102e+03   1.1739130e-04
   1.4160128e+03   1.1634811e-04
   1.4182154e+03   1.1531419e-04
   1.4204180e+03   1.1428946e-04
   1.4226206e+03   1.1327384e-04
   1.4248232e+03   1.1226724e-04
   1.4270258e+03   1.1126958e-04
   1.4292284e+03   1.1028079e-04
   1.4314310e+03   1.0930079e-04
   1.4336336e+03   1.0832950e-04
   1.4358362e+03   1.0736684e-04
   1.4380388e+03   1.0641273e-04
   1.4402414e+03   1.0546710e-04
   1.4424440e+03   1.0452987e-04
   1.4446466e+03   1.0360098e-04
   1.4468492e+03   1.0268033e-04
   1.4490519e+03   1.0176787e-04
   1.4512545e+03   1.0086352e-04
   1.4534571e+03   9.9967202e-05
   1.4556597e+03   9.9078850e-05
   1.4578623e+03   9.8198393e-05
   1.4600649e+03   9.7325760e-05
   1.4622675e+03   9.6460881e-05
   1.4644701e+03   9.5603689e-05
   1.4666727e+03   9.4754113e-05
   1.4688753e+03   9.3912087e-05
   1.4710779e+03   9.3077544e-05
   1.4732805e+03   9.2250417e-05
   1.4754831e+03   9.1430641e-05
   1.4776857e+03   9.0618149e-05
   1.4798883e+03   8.9812877e-05
   1.4820909e+03   8.9014761e-05
   1.4842935e+03   8.8223738e-05
   1.4864961e+03   8.7439744e-05
   1.4886987e+03   8.6662717e-05
   1.4909013e+03   8.5892595e-05
   1.4931039e+03   8.5129316e-05
   1.4953065e+03   8.4372821e-05
   1.4975091e+03   8.3623047e-05
   1.4997117e+03   8.2879937e-05
   1.5019143e+03   8.2143430e-05
   1.5041169e+03   8.1413469e-05
   1.5063195e+03   8.0689994e-05
   1.5085221e+03   7.9972948e-05
   1.5107247e+03   7.9262274e-05
   1.5129273e+03   7.8557915e-05
   1.5151299e+03   7.7859816e-05
   1.5173325e+03   7.7167920e-05
   1.5195351e+03   7.6482173e-05
   1.5217377e+03   7.5802520e-05
   1.5239403e+03   7.5128906e-05
   1.5261429e+03   7.4461278e-05
   1.5283455e+03   7.3799583e-05
   1.5305481e+03   7.3143768e-05
   1.5327508e+03   7.2493782e-05
   1.5349534e+03   7.1849571e-05
   1.5371560e+03   7.1211085e-05
   1.5393586e+03   7.0578272e-05
   1.5415612e+03   6.9951084e-05
   1.5437638e+03   6.9329468e-05
   1.5459664e+03   6.8713377e-05
   1.5481690e+03   6.8102760e-05
   1.5503716e+03   6.7497570e-05
   1.5525742e+03   6.6897758e-05
   1.5547768e+03   6.6303275e-05
   1.5569794e+03   6.5714076e-05
   1.5591820e+03   6.5130113e-05
   1.5613846e+03   6.4551338e-05
   1.5635872e+03   6.3977708e-05
   1.5657898e+03   6.3409174e-05
   1.5679924e+03   6.2845693e-05
   1.5701950e+03   6.2287219e-05
   1.5723976e+03   6.1733708e-05
   1.5746002e+03   6.1185116e-05
   1.5768028e+03   6.0641399e-05
   1.5790054e+03   6.0102513e-05
   1.5812080e+03   5.9568417e-05
   1.5834106e+03   5.9039066e-05
   1.5856132e+03   5.8514420e-05
   1.5878158e+03   5.7994435e-05
   1.5900184e+03   5.7479072e-05
   1.5922210e+03   5.6968288e-05
   1.5944236e+03   5.6462044e-05
   1.5966262e+03   5.5960298e-05
   1.5988288e+03   5.5463010e-05
   1.6010314e+03   5.4970142e-05
   1.6032340e+03   5.4481654e-05
   1.6054366e+03   5.3997507e-05
   1.6076392e+03   5.3517662e-05
   1.6098418e+03   5.3042081e-05
   1.6120444e+03   5.2570726e-05
   1.6142470e+03   5.2103560e-05
   1.6164496e+03   5.1640545e-05
   1.6186523e+03   5.1181645e-05
   1.6208549e+03   5.0726823e-05
   1.6230575e+03   5.0276043e-05
   1.6252601e+03   4.9829269e-05
   1.6274627e+03   4.9386464e-05
   1.6296653e+03   4.8947595e-05
   1.6318679e+03   4.8512626e-05
   1.6340705e+03   4.8081522e-05
   1.6362731e+03   4.7654249e-05
   1.6384757e+03   4.7230772e-05
   1.6406783e+03   4.6811060e-05
   1.6428809e+03   4.6395076e-05
   1.6450835e+03   4.5982790e-05
   1.6472861e+03   4.5574167e-05
   1.6494887e+03   4.5169175e-05
   1.6516913e+03   4.4767783e-05
   1.6538939e+03   4.4369957e-05
   1.6560965e+03   4.3975667e-05
   1.6582991e+03   4.3584880e-05
   1.6605017e+03   4.3197566e-05
   1.6627043e+03   4.2813694e-05
   1.6649069e+03   4.2433233e-05
   1.6671095e+03   4.2056153e-05
   1.6693121e+03   4.1682424e-05
   1.6715147e+03   4.1312016e-05
   1.6737173e+03   4.0944900e-05
   1.6759199e+03   4.0581046e-05
   1.6781225e+03   4.0220425e-05
   1.6803251e+03   3.9863009e-05
   1.6825277e+03   3.9508770e-05
   1.6847303e+03   3.9157678e-05
   1.6869329e+03   3.8809706e-05
   1.6891355e+03   3.8464826e-05
   1.6913381e+03   3.8123011e-05
   1.6935407e+03   3.7784234e-05
   1.6957433e+03   3.7448467e-05
   1.6979459e+03   3.7115684e-05
   1.7001485e+03   3.6785858e-05
   1.7023512e+03   3.6458963e-05
   1.7045538e+03   3.6134973e-05
   1.7067564e+03   3.5813862e-05
   1.7089590e+03   3.5495605e-05
   1.7111616e+03   3.5180175e-05
   1.7133642e+03   3.4867549e-05
   1.7155668e+03   3.4557701e-05
   1.7177694e+03   3.4250607e-05
   1.7199720e+03   3.3946241e-05
   1.7221746e+03   3.3644580e-05
   1.7243772e+03   3.3345600e-05
   1.7265798e+03   3.3049277e-05
   1.7287824e+03   3.2755587e-05
   1.7309850e+03   3.2464507e-05
   1.7331876e+03   3.2176013e-05
   1.7353902e+03   3.1890083e-05
   1.7375928e+03   3.1606694e-05
   1.7397954e+03   3.1325824e-05
   1.7419980e+03   3.1047449e-05
   1.7442006e+03   3.0771548e-05
   1.7464032e+03   3.0498099e-05
   1.7486058e+03   3.0227080e-05
   1.7508084e+03   2.9958469e-05
   1.7530110e+03   2.9692245e-05
   1.7552136e+03   2.9428387e-05
   1.7574162e+03   2.9166874e-05
   1.7596188e+03   2.8907684e-05
   1.7618214e+03   2.8650798e-05
   1.7640240e+03   2.8396195e-05
   1.7662266e+03   2.8143854e-05
   1.7684292e+03   2.7893756e-05
   1.7706318e+03   2.7645880e-05
   1.7728344e+03   2.7400207e-05
   1.7750370e+03   2.7156717e-05
   1.7772396e+03   2.6915390e-05
   1.7794422e+03   2.6676209e-05
   1.7816448e+03   2.6439153e-05
   1.7838474e+03   2.6204203e-05
   1.7860501e+03   2.5971341e-05
   1.7882527e+03   2.5740549e-05
   1.7904553e+03   2.5511807e-05
   1.7926579e+03   2.5285098e-05
   1.7948605e+03   2.5060404e-05
   1.7970631e+03   2.4837706e-05
   1.7992657e+03   2.4616988e-05
   1.8014683e+03   2.4398231e-05
   1.8036709e+03   2.4181418e-05
   1.8058735e+03   2.3966531e-05
   1.8080761e+03   2.3753554e-05
   1.8102787e+03   2.3542470e-05
   1.8124813e+03   2.3333262e-05
   1.8146839e+03   2.3125912e-05
   1.8168865e+03   2.2920405e-05
   1.8190891e+03   2.2716725e-05
   1.8212917e+03   2.2514854e-05
   1.8234943e+03   2.2314778e-05
   1.8256969e+03   2.2116479e-05
   1.8278995e+03   2.1919942e-05
   1.8301021e+03   2.1725152e-05
   1.8323047e+03   2.1532093e-05
   1.8345073e+03   2.1340750e-05
   1.8367099e+03   2.1151107e-05
   1.8389125e+03   2.0963149e-05
   1.8411151e+03   2.0776862e-05
   1.8433177e+03   2.0592229e-05
   1.8455203e+03   2.0409238e-05
   1.8477229e+03   2.0227873e-05
   1.8499255e+03   2.0048119e-05
   1.8521281e+03   1.9869963e-05
   1.8543307e+03   1.9693390e-05
   1.8565333e+03   1.9518386e-05
   1.8587359e+03   1.9344937e-05
   1.8609385e+03   1.9173030e-05
   1.8631411e+03   1.9002650e-05
   1.8653437e+03   1.8833784e-05
   1.8675463e+03   1.8666419e-05
   1.8697489e+03   1.8500542e-05
   1.8719516e+03   1.8336138e-05
   1.8741542e+03   1.8173195e-05
   1.8763568e+03   1.8011700e-05
   1.8785594e+03   1.7851641e-05
   1.8807620e+03   1.7693003e-05
   1.8829646e+03   1.7535776e-05
   1.8851672e+03   1.7379945e-05
   1.8873698e+03   1.7225499e-05
   1.8895724e+03   1.7072426e-05
   1.8917750e+03   1.6920713e-05
   1.8939776e+03   1.6770349e-05
   1.8961802e+03   1.6621320e-05
   1.8983828e+03   1.6473616e-05
   1.9005854e+03   1.6327224e-05
   1.9027880e+03   1.6182134e-05
   1.9049906e+03   1.6038332e-05
   1.9071932e+03   1.5895809e-05
   1.9093958e+03   1.5754552e-05
   1.9115984e+03   1.5614550e-05
   1.9138010e+03   1.5475792e-05
   1.9160036e+03   1.5338268e-05
   1.9182062e+03   1.5201966e-05
   1.9204088e+03   1.5066874e-05
   1.9226114e+03   1.4932984e-05
   1.9248140e+03   1.4800283e-05
   1.9270166e+03   1.4668761e-05
   1.9292192e+03   1.4538408e-05
   1.9314218e+03   1.4409214e-05
   1.9336244e+03   1.4281167e-05
   1.9358270e+03   1.4154259e-05
   1.9380296e+03   1.4028478e-05
   1.9402322e+03   1.3903815e-05
   1.9424348e+03   1.3780259e-05
   1.9446374e+03   1.3657802e-05
   1.9468400e+03   1.3536433e-05
   1.9490426e+03   1.3416142e-05
   1.9512452e+03   1.3296921e-05
   1.9534478e+03   1.3178759e-05
   1.9556505e+03   1.3061647e-05
   1.9578531e+03   1.2945575e-05
   1.9600557e+03   1.2830535e-05
   1.9622583e+03   1.2716518e-05
   1.9644609e+03   1.2603513e-05
   1.9666635e+03   1.2491513e-05
   1.9688661e+03   1.2380508e-05
   1.9710687e+03   1.2270490e-05
   1.9732713e+03   1.2161449e-05
   1.9754739e+03   1.2053377e-05
   1.9776765e+03   1.1946265e-05
   1.9798791e+03   1.1840106e-05
   1.9820817e+03   1.1734889e-05
   1.9842843e+03   1.1630608e-05
   1.9864869e+03   1.1527254e-05
   1.9886895e+03   1.1424818e-05
   1.9908921e+03   1.1323292e-05
   1.9930947e+03   1.1222668e-05
   1.9952973e+03   1.1122939e-05
   1.9974999e+03   1.1024095e-05
   1.9997025e+03   1.0926131e-05
   2.0019051e+03   1.0829036e-05
   2.0041077e+03   1.0732805e-05
   2.0063103e+03   1.0637429e-05
   2.0085129e+03   1.0542900e-05
   2.0107155e+03   1.0449211e-05
   2.0129181e+03   1.0356355e-05
   2.0151207e+03   1.0264324e-05
   2.0173233e+03   1.0173111e-05
   2.0195259e+03   1.0082708e-05
   2.0217285e+03   9.9931088e-06
   2.0239311e+03   9.9043057e-06
   2.0261337e+03   9.8162918e-06
   2.0283363e+03   9.7290600e-06
   2.0305389e+03   9.6426034e-06
   2.0327415e+03   9.5569151e-06
   2.0349441e+03   9.4719883e-06
   2.0371467e+03   9.3878161e-06
   2.0393493e+03   9.3043919e-06
   2.0415520e+03   9.2217091e-06
   2.0437546e+03   9.1397611e-06
   2.0459572e+03   9.0585412e-06
   2.0481598e+03   8.9780431e-06
   2.0503624e+03   8.8982604e-06
   2.0525650e+03   8.8191866e-06
   2.0547676e+03   8.7408156e-06
   2.0569702e+03   8.6631409e-06
   2.0591728e+03   8.5861565e-06
   2.0613754e+03   8.5098563e-06
   2.0635780e+03   8.4342340e-06
   2.0657806e+03   8.3592838e-06
   2.0679832e+03   8.2849996e-06
   2.0701858e+03   8.2113756e-06
   2.0723884e+03   8.1384058e-06
   2.0745910e+03   8.0660844e-06
   2.0767936e+03   7.9944057e-06
   2.0789962e+03   7.9233640e-06
   2.0811988e+03   7.8529536e-06
   2.0834014e+03   7.7831689e-06
   2.0856040e+03   7.7140043e-06
   2.0878066e+03   7.6454543e-06
   2.0900092e+03   7.5775135e-06
   2.0922118e+03   7.5101765e-06
   2.0944144e+03   7.4434378e-06
   2.0966170e+03   7.3772923e-06
   2.0988196e+03   7.3117345e-06
   2.1010222e+03   7.2467593e-06
   2.1032248e+03   7.1823615e-06
   2.1054274e+03   7.1185359e-06
   2.1076300e+03   7.0552775e-06
   2.1098326e+03   6.9925813e-06
   2.1120352e+03   6.9304422e-06
   2.1142378e+03   6.8688554e-06
   2.1164404e+03   6.8078158e-06
   2.1186430e+03   6.7473186e-06
   2.1208456e+03   6.6873590e-06
   2.1230482e+03   6.6279323e-06
   2.1252509e+03   6.5690336e-06
   2.1274535e+03   6.5106584e-06
   2.1296561e+03   6.4528019e-06
   2.1318587e+03   6.3954595e-06
   2.1340613e+03   6.3386267e-06
   2.1362639e+03   6.2822990e-06
   2.1384665e+03   6.2264718e-06
   2.1406691e+03   6.1711407e-06
   2.1428717e+03   6.1163012e-06
   2.1450743e+03   6.0619492e-06
   2.1472769e+03   6.0080801e-06
   2.1494795e+03   5.9546897e-06
   2.1516821e+03   5.9017738e-06
   2.1538847e+03   5.8493281e-06
   2.1560873e+03   5.7973485e-06
   2.1582899e+03   5.7458307e-06
   2.1604925e+03   5.6947708e-06
   2.1626951e+03   5.6441646e-06
   2.1648977e+03   5.5940082e-06
   2.1671003e+03   5.5442974e-06
   2.1693029e+03   5.4950284e-06
   2.1715055e+03   5.4461972e-06
   2.1737081e+03   5.3978000e-06
   2.1759107e+03   5.3498328e-06
   2.1781133e+03   5.3022919e-06
   2.1803159e+03   5.2551735e-06
   2.1825185e+03   5.2084737e-06
   2.1847211e+03   5.1621890e-06
   2.1869237e+03   5.1163156e-06
   2.1891263e+03   5.0708498e-06
   2.1913289e+03   5.0257880e-06
   2.1935315e+03   4.9811267e-06
   2.1957341e+03   4.9368623e-06
   2.1979367e+03   4.8929912e-06
   2.2001393e+03   4.8495100e-06
   2.2023419e+03   4.8064152e-06
   2.2045445e+03   4.7637033e-06
   2.2067471e+03   4.7213710e-06
   2.2089497e+03   4.6794149e-06
   2.2111524e+03   4.6378316e-06
   2.2133550e+03   4.5966178e-06
   2.2155576e+03   4.5557703e-06
   2.2177602e+03   4.5152858e-06
   2.2199628e+03   4.4751610e-06
   2.2221654e+03   4.4353928e-06
   2.2243680e+03   4.3959780e-06
   2.2265706e+03   4.3569135e-06
   2.2287732e+03   4.3181961e-06
   2.2309758e+03   4.2798227e-06
   2.2331784e+03   4.2417904e-06
   2.2353810e+03   4.2040960e-06
   2.2375836e+03   4.1667366e-06
   2.2397862e+03   4.1297092e-06
   2.2419888e+03   4.0930108e-06
   2.2441914e+03   4.0566386e-06
   2.2463940e+03   4.0205895e-06
   2.2485966e+03   3.9848609e-06
   2.2507992e+03   3.9494497e-06
   2.2530018e+03   3.9143532e-06
   2.2552044e+03   3.8795685e-06
   2.2574070e+03   3.8450930e-06
   2.2596096e+03   3.8109239e-06
   2.2618122e+03   3.7770584e-06
   2.2640148e+03   3.7434938e-06
   2.2662174e+03   3.7102275e-06
   2.2684200e+03   3.6772569e-06
   2.2706226e+03   3.6445792e-06
   2.2728252e+03   3.6121919e-06
   2.2750278e+03   3.5800924e-06
   2.2772304e+03   3.5482782e-06
   2.2794330e+03   3.5167466e-06
   2.2816356e+03   3.4854953e-06
   2.2838382e+03   3.4545217e-06
   2.2860408e+03   3.4238233e-06
   2.2882434e+03   3.3933978e-06
   2.2904460e+03   3.3632426e-06
   2.2926486e+03   3.3333554e-06
   2.2948513e+03   3.3037338e-06
   2.2970539e+03   3.2743754e-06
   2.2992565e+03   3.2452779e-06
   2.3014591e+03   3.2164389e-06
   2.3036617e+03   3.1878563e-06
   2.3058643e+03   3.1595276e-06
   2.3080669e+03   3.1314507e-06
   2.3102695e+03   3.1036233e-06
   2.3124721e+03   3.0760431e-06
   2.3146747e+03   3.0487081e-06
   2.3168773e+03   3.0216160e-06
   2.3190799e+03   2.9947646e-06
   2.3212825e+03   2.9681518e-06
   2.3234851e+03   2.9417756e-06
   2.3256877e+03   2.9156337e-06
   2.3278903e+03   2.8897241e-06
   2.3300929e+03   2.8640448e-06
   2.3322955e+03   2.8385937e-06
   2.3344981e+03   2.8133687e-06
   2.3367007e+03   2.7883679e-06
   2.3389033e+03   2.7635893e-06
   2.3411059e+03   2.7390308e-06
   2.3433085e+03   2.7146906e-06
   2.3455111e+03   2.6905667e-06
   2.3477137e+03   2.6666572e-06
   2.3499163e+03   2.6429601e-06
   2.3521189e+03   2.6194736e-06
   2.3543215e+03   2.5961959e-06
   2.3565241e+03   2.5731250e-06
   2.3587267e+03   2.5502591e-06
   2.3609293e+03   2.5275964e-06
   2.3631319e+03   2.5051351e-06
   2.3653345e+03   2.4828734e-06
   2.3675371e+03   2.4608095e-06
   2.3697397e+03   2.4389417e-06
   2.3719423e+03   2.4172682e-06
   2.3741449e+03   2.3957873e-06
   2.3763475e+03   2.3744973e-06
   2.3785502e+03   2.3533965e-06
   2.3807528e+03   2.3324832e-06
   2.3829554e+03   2.3117558e-06
   2.3851580e+03   2.2912125e-06
   2.3873606e+03   2.2708518e-06
   2.3895632e+03   2.2506721e-06
   2.3917658e+03   2.2306716e-06
   2.3939684e+03   2.2108489e-06
   2.3961710e+03   2.1912024e-06
   2.3983736e+03   2.1717304e-06
   2.4005762e+03   2.1524315e-06
   2.4027788e+03   2.1333040e-06
   2.4049814e+03   2.1143466e-06
   2.4071840e+03   2.0955576e-06
   2.4093866e+03   2.0769356e-06
   2.4115892e+03   2.0584790e-06
   2.4137918e+03   2.0401865e-06
   2.4159944e+03   2.0220565e-06
   2.4181970e+03   2.0040877e-06
   2.4203996e+03   1.9862785e-06
   2.4226022e+03   1.9686276e-06
   2.4248048e+03   1.9511335e-06
   2.4270074e+03   1.9337949e-06
   2.4292100e+03   1.9166104e-06
   2.4314126e+03   1.8995785e-06
   2.4336152e+03   1.8826981e-06
   2.4358178e+03   1.8659676e-06
   2.4380204e+03   1.8493858e-06
   2.4402230e+03   1.8329514e-06
   2.4424256e+03   1.8166630e-06
   2.4446282e+03   1.8005193e-06
   2.4468308e+03   1.7845191e-06
   2.4490334e+03   1.7686611e-06
   2.4512360e+03   1.7529441e-06
   2.4534386e+03   1.7373667e-06
   2.4556412e+03   1.7219277e-06
   2.4578438e+03   1.7066259e-06
   2.4600464e+03   1.6914601e-06
   2.4622490e+03   1.6764290e-06
   2.4644517e+03   1.6615316e-06
   2.4666543e+03   1.6467665e-06
   2.4688569e+03   1.6321326e-06
   2.4710595e+03   1.6176288e-06
   2.4732621e+03   1.6032538e-06
   2.4754647e+03   1.5890066e-06
   2.4776673e+03   1.5748860e-06
   2.4798699e+03   1.5608909e-06
   2.4820725e+03   1.5470202e-06
   2.4842751e+03   1.5332727e-06
   2.4864777e+03   1.5196474e-06
   2.4886803e+03   1.5061431e-06
   2.4908829e+03   1.4927589e-06
   2.4930855e+03   1.4794936e-06
   2.4952881e+03   1.4663462e-06
   2.4974907e+03   1.4533156e-06
   2.4996933e+03   1.4404008e-06
   2.5018959e+03   1.4276008e-06
   2.5040985e+03   1.4149145e-06
   2.5063011e+03   1.4023410e-06
   2.5085037e+03   1.3898792e-06
   2.5107063e+03   1.3775281e-06
   2.5129089e+03   1.3652868e-06
   2.5151115e+03   1.3531543e-06
   2.5173141e+03   1.3411296e-06
   2.5195167e+03   1.3292117e-06
   2.5217193e+03   1.3173998e-06
   2.5239219e+03   1.3056928e-06
   2.5261245e+03   1.2940899e-06
   2.5283271e+03   1.2825900e-06
   2.5305297e+03   1.2711924e-06
   2.5327323e+03   1.2598960e-06
   2.5349349e+03   1.2487000e-06
   2.5371375e+03   1.2376036e-06
   2.5393401e+03   1.2266057e-06
   2.5415427e+03   1.2157055e-06
   2.5437453e+03   1.2049023e-06
   2.5459479e+03   1.1941950e-06
   2.5481506e+03   1.1835828e-06
   2.5503532e+03   1.1730650e-06
   2.5525558e+03   1.1626407e-06
   2.5547584e+03   1.1523089e-06
   2.5569610e+03   1.1420690e-06
   2.5591636e+03   1.1319201e-06
   2.5613662e+03   1.1218614e-06
   2.5635688e+03   1.1118920e-06
   2.5657714e+03   1.1020113e-06
   2.5679740e+03   1.0922183e-06
   2.5701766e+03   1.0825124e-06
   2.5723792e+03   1.0728928e-06
   2.5745818e+03   1.0633586e-06
   2.5767844e+03   1.0539091e-06
   2.5789870e+03   1.0445436e-06
   2.5811896e+03   1.0352614e-06
   2.5833922e+03   1.0260616e-06
   2.5855948e+03   1.0169436e-06
   2.5877974e+03   1.0079066e-06
   2.5900000e+03   9.9894987e-07
