   3.6870000e+02   3.2467949e-05
   3.7464124e+02   3.9882415e-05
   3.8058248e+02   4.8712676e-05
   3.8652372e+02   5.9162397e-05
   3.9246496e+02   7.1450048e-05
   3.9840621e+02   8.5806972e-05
   4.0434745e+02   1.0247472e-04
   4.1028869e+02   1.2170162e-04
   4.1622993e+02   1.4373862e-04
   4.2217117e+02   1.6883432e-04
   4.2811241e+02   1.9722930e-04
   4.3405365e+02   2.2914987e-04
   4.3999489e+02   2.6480131e-04
   4.4593614e+02   3.0436070e-04
   4.5187738e+02   3.4796971e-04
   4.5781862e+02   3.9572740e-04
   4.6375986e+02   4.4768337e-04
   4.6970110e+02   5.0383152e-04
   4.7564234e+02   5.6410465e-04
   4.8158358e+02   6.2837018e-04
   4.8752482e+02   6.9642729e-04
   4.9346607e+02   7.6800550e-04
   4.9940731e+02   8.4276513e-04
   5.0534855e+02   9.2029953e-04
   5.1128979e+02   1.0001391e-03
   5.1723103e+02   1.0817575e-03
   5.2317227e+02   1.1645790e-03
   5.2911351e+02   1.2479882e-03
   5.3505475e+02   1.3313403e-03
   5.4099600e+02   1.4139731e-03
   5.4693724e+02   1.4952191e-03
   5.5287848e+02   1.5744186e-03
   5.5881972e+02   1.6509321e-03
   5.6476096e+02   1.7241525e-03
   5.7070220e+02   1.7935165e-03
   5.7664344e+02   1.8585148e-03
   5.8258468e+02   1.9187008e-03
   5.8852593e+02   1.9736972e-03
   5.9446717e+02   2.0232018e-03
   6.0040841e+02   2.0669898e-03
   6.0634965e+02   2.1049154e-03
   6.1229089e+02   2.1369105e-03
   6.1823213e+02   2.1629824e-03
   6.2417337e+02   2.1832093e-03
   6.3011461e+02   2.1977344e-03
   6.3605586e+02   2.2067592e-03
   6.4199710e+02   2.2105354e-03
   6.4793834e+02   2.2093569e-03
   6.5387958e+02   2.2035511e-03
   6.5982082e+02   2.1934702e-03
   6.6576206e+02   2.1794826e-03
   6.7170330e+02   2.1619656e-03
   6.7764454e+02   2.1412976e-03
   6.8358579e+02   2.1178518e-03
   6.8952703e+02   2.0919909e-03
   6.9546827e+02   2.0640620e-03
   7.0140951e+02   2.0343931e-03
   7.0735075e+02   2.0032901e-03
   7.1329199e+02   1.9710354e-03
   7.1923323e+02   1.9378862e-03
   7.2517447e+02   1.9040743e-03
   7.3111572e+02   1.8698064e-03
   7.3705696e+02   1.8352646e-03
   7.4299820e+02   1.8006078e-03
   7.4893944e+02   1.7659728e-03
   7.5488068e+02   1.7314764e-03
   7.6082192e+02   1.6972165e-03
   7.6676316e+02   1.6632748e-03
   7.7270440e+02   1.6297178e-03
   7.7864565e+02   1.5965991e-03
   7.8458689e+02   1.5639610e-03
   7.9052813e+02   1.5318360e-03
   7.9646937e+02   1.5002484e-03
   8.0241061e+02   1.4692153e-03
   8.0835185e+02   1.4387482e-03
   8.1429309e+02   1.4088537e-03
   8.2023433e+02   1.3795346e-03
   8.2617558e+02   1.3507904e-03
   8.3211682e+02   1.3226182e-03
   8.3805806e+02   1.2950132e-03
   8.4399930e+02   1.2679690e-03
   8.4994054e+02   1.2414780e-03
   8.5588178e+02   1.2155320e-03
   8.6182302e+02   1.1901219e-03
   8.6776426e+02   1.1652383e-03
   8.7370551e+02   1.1408717e-03
   8.7964675e+02   1.1170121e-03
   8.8558799e+02   1.0936498e-03
   8.9152923e+02   1.0707748e-03
   8.9747047e+02   1.0483774e-03
   9.0341171e+02   1.0264478e-03
   9.0935295e+02   1.0049766e-03
   9.1529419e+02   9.8395412e-04
   9.2123544e+02   9.6337122e-04
   9.2717668e+02   9.4321873e-04
   9.3311792e+02   9.2348770e-04
   9.3905916e+02   9.0416936e-04
   9.4500040e+02   8.8525510e-04
   9.5094164e+02   8.6673646e-04
   9.5688288e+02   8.4860520e-04
   9.6282412e+02   8.3085322e-04
   9.6876537e+02   8.1347257e-04
   9.7470661e+02   7.9645551e-04
   9.8064785e+02   7.7979443e-04
   9.8658909e+02   7.6348187e-04
   9.9253033e+02   7.4751056e-04
   9.9847157e+02   7.3187335e-04
   1.0044128e+03   7.1656326e-04
   1.0103541e+03   7.0157344e-04
   1.0162953e+03   6.8689719e-04
   1.0222365e+03   6.7252796e-04
   1.0281778e+03   6.5845931e-04
   1.0341190e+03   6.4468497e-04
   1.0400603e+03   6.3119877e-04
   1.0460015e+03   6.1799470e-04
   1.0519427e+03   6.0506683e-04
   1.0578840e+03   5.9240941e-04
   1.0638252e+03   5.8001677e-04
   1.0697665e+03   5.6788337e-04
   1.0757077e+03   5.5600379e-04
   1.0816489e+03   5.4437272e-04
   1.0875902e+03   5.3298496e-04
   1.0935314e+03   5.2183542e-04
   1.0994727e+03   5.1091912e-04
   1.1054139e+03   5.0023118e-04
   1.1113552e+03   4.8976682e-04
   1.1172964e+03   4.7952137e-04
   1.1232376e+03   4.6949023e-04
   1.1291789e+03   4.5966895e-04
   1.1351201e+03   4.5005311e-04
   1.1410614e+03   4.4063843e-04
   1.1470026e+03   4.3142069e-04
   1.1529438e+03   4.2239578e-04
   1.1588851e+03   4.1355966e-04
   1.1648263e+03   4.0490839e-04
   1.1707676e+03   3.9643809e-04
   1.1767088e+03   3.8814498e-04
   1.1826501e+03   3.8002536e-04
   1.1885913e+03   3.7207559e-04
   1.1945325e+03   3.6429212e-04
   1.2004738e+03   3.5667148e-04
   1.2064150e+03   3.4921025e-04
   1.2123563e+03   3.4190510e-04
   1.2182975e+03   3.3475277e-04
   1.2242387e+03   3.2775006e-04
   1.2301800e+03   3.2089384e-04
   1.2361212e+03   3.1418105e-04
   1.2420625e+03   3.0760868e-04
   1.2480037e+03   3.0117380e-04
   1.2539449e+03   2.9487353e-04
   1.2598862e+03   2.8870506e-04
   1.2658274e+03   2.8266562e-04
   1.2717687e+03   2.7675253e-04
   1.2777099e+03   2.7096313e-04
   1.2836512e+03   2.6529484e-04
   1.2895924e+03   2.5974512e-04
   1.2955336e+03   2.5431150e-04
   1.3014749e+03   2.4899154e-04
   1.3074161e+03   2.4378288e-04
   1.3133574e+03   2.3868317e-04
   1.3192986e+03   2.3369015e-04
   1.3252398e+03   2.2880157e-04
   1.3311811e+03   2.2401526e-04
   1.3371223e+03   2.1932908e-04
   1.3430636e+03   2.1474092e-04
   1.3490048e+03   2.1024874e-04
   1.3549460e+03   2.0585054e-04
   1.3608873e+03   2.0154434e-04
   1.3668285e+03   1.9732823e-04
   1.3727698e+03   1.9320031e-04
   1.3787110e+03   1.8915874e-04
   1.3846523e+03   1.8520172e-04
   1.3905935e+03   1.8132748e-04
   1.3965347e+03   1.7753428e-04
   1.4024760e+03   1.7382043e-04
   1.4084172e+03   1.7018427e-04
   1.4143585e+03   1.6662418e-04
   1.4202997e+03   1.6313856e-04
   1.4262409e+03   1.5972586e-04
   1.4321822e+03   1.5638454e-04
   1.4381234e+03   1.5311313e-04
   1.4440647e+03   1.4991015e-04
   1.4500059e+03   1.4677417e-04
   1.4559471e+03   1.4370379e-04
   1.4618884e+03   1.4069765e-04
   1.4678296e+03   1.3775439e-04
   1.4737709e+03   1.3487269e-04
   1.4797121e+03   1.3205129e-04
   1.4856534e+03   1.2928890e-04
   1.4915946e+03   1.2658430e-04
   1.4975358e+03   1.2393628e-04
   1.5034771e+03   1.2134365e-04
   1.5094183e+03   1.1880525e-04
   1.5153596e+03   1.1631996e-04
   1.5213008e+03   1.1388666e-04
   1.5272420e+03   1.1150426e-04
   1.5331833e+03   1.0917169e-04
   1.5391245e+03   1.0688793e-04
   1.5450658e+03   1.0465193e-04
   1.5510070e+03   1.0246271e-04
   1.5569482e+03   1.0031929e-04
   1.5628895e+03   9.8220706e-05
   1.5688307e+03   9.6166023e-05
   1.5747720e+03   9.4154321e-05
   1.5807132e+03   9.2184702e-05
   1.5866545e+03   9.0256286e-05
   1.5925957e+03   8.8368210e-05
   1.5985369e+03   8.6519631e-05
   1.6044782e+03   8.4709723e-05
   1.6104194e+03   8.2937676e-05
   1.6163607e+03   8.1202699e-05
   1.6223019e+03   7.9504016e-05
   1.6282431e+03   7.7840867e-05
   1.6341844e+03   7.6212511e-05
   1.6401256e+03   7.4618217e-05
   1.6460669e+03   7.3057275e-05
   1.6520081e+03   7.1528987e-05
   1.6579493e+03   7.0032668e-05
   1.6638906e+03   6.8567651e-05
   1.6698318e+03   6.7133281e-05
   1.6757731e+03   6.5728917e-05
   1.6817143e+03   6.4353931e-05
   1.6876556e+03   6.3007708e-05
   1.6935968e+03   6.1689646e-05
   1.6995380e+03   6.0399158e-05
   1.7054793e+03   5.9135665e-05
   1.7114205e+03   5.7898603e-05
   1.7173618e+03   5.6687419e-05
   1.7233030e+03   5.5501572e-05
   1.7292442e+03   5.4340532e-05
   1.7351855e+03   5.3203780e-05
   1.7411267e+03   5.2090808e-05
   1.7470680e+03   5.1001117e-05
   1.7530092e+03   4.9934223e-05
   1.7589505e+03   4.8889646e-05
   1.7648917e+03   4.7866921e-05
   1.7708329e+03   4.6865591e-05
   1.7767742e+03   4.5885207e-05
   1.7827154e+03   4.4925332e-05
   1.7886567e+03   4.3985537e-05
   1.7945979e+03   4.3065402e-05
   1.8005391e+03   4.2164514e-05
   1.8064804e+03   4.1282473e-05
   1.8124216e+03   4.0418883e-05
   1.8183629e+03   3.9573358e-05
   1.8243041e+03   3.8745521e-05
   1.8302453e+03   3.7935002e-05
   1.8361866e+03   3.7141438e-05
   1.8421278e+03   3.6364474e-05
   1.8480691e+03   3.5603764e-05
   1.8540103e+03   3.4858967e-05
   1.8599516e+03   3.4129751e-05
   1.8658928e+03   3.3415789e-05
   1.8718340e+03   3.2716762e-05
   1.8777753e+03   3.2032359e-05
   1.8837165e+03   3.1362272e-05
   1.8896578e+03   3.0706203e-05
   1.8955990e+03   3.0063859e-05
   1.9015402e+03   2.9434951e-05
   1.9074815e+03   2.8819200e-05
   1.9134227e+03   2.8216330e-05
   1.9193640e+03   2.7626071e-05
   1.9253052e+03   2.7048160e-05
   1.9312464e+03   2.6482338e-05
   1.9371877e+03   2.5928353e-05
   1.9431289e+03   2.5385956e-05
   1.9490702e+03   2.4854906e-05
   1.9550114e+03   2.4334965e-05
   1.9609527e+03   2.3825901e-05
   1.9668939e+03   2.3327486e-05
   1.9728351e+03   2.2839497e-05
   1.9787764e+03   2.2361717e-05
   1.9847176e+03   2.1893931e-05
   1.9906589e+03   2.1435931e-05
   1.9966001e+03   2.0987511e-05
   2.0025413e+03   2.0548472e-05
   2.0084826e+03   2.0118618e-05
   2.0144238e+03   1.9697756e-05
   2.0203651e+03   1.9285697e-05
   2.0263063e+03   1.8882259e-05
   2.0322475e+03   1.8487260e-05
   2.0381888e+03   1.8100524e-05
   2.0441300e+03   1.7721878e-05
   2.0500713e+03   1.7351154e-05
   2.0560125e+03   1.6988184e-05
   2.0619538e+03   1.6632807e-05
   2.0678950e+03   1.6284865e-05
   2.0738362e+03   1.5944201e-05
   2.0797775e+03   1.5610663e-05
   2.0857187e+03   1.5284103e-05
   2.0916600e+03   1.4964374e-05
   2.0976012e+03   1.4651334e-05
   2.1035424e+03   1.4344842e-05
   2.1094837e+03   1.4044761e-05
   2.1154249e+03   1.3750958e-05
   2.1213662e+03   1.3463301e-05
   2.1273074e+03   1.3181662e-05
   2.1332486e+03   1.2905914e-05
   2.1391899e+03   1.2635935e-05
   2.1451311e+03   1.2371603e-05
   2.1510724e+03   1.2112801e-05
   2.1570136e+03   1.1859412e-05
   2.1629549e+03   1.1611325e-05
   2.1688961e+03   1.1368427e-05
   2.1748373e+03   1.1130610e-05
   2.1807786e+03   1.0897769e-05
   2.1867198e+03   1.0669798e-05
   2.1926611e+03   1.0446596e-05
   2.1986023e+03   1.0228063e-05
   2.2045435e+03   1.0014101e-05
   2.2104848e+03   9.8046159e-06
   2.2164260e+03   9.5995127e-06
   2.2223673e+03   9.3987000e-06
   2.2283085e+03   9.2020882e-06
   2.2342497e+03   9.0095892e-06
   2.2401910e+03   8.8211172e-06
   2.2461322e+03   8.6365878e-06
   2.2520735e+03   8.4559186e-06
   2.2580147e+03   8.2790288e-06
   2.2639560e+03   8.1058394e-06
   2.2698972e+03   7.9362730e-06
   2.2758384e+03   7.7702537e-06
   2.2817797e+03   7.6077074e-06
   2.2877209e+03   7.4485614e-06
   2.2936622e+03   7.2927446e-06
   2.2996034e+03   7.1401873e-06
   2.3055446e+03   6.9908214e-06
   2.3114859e+03   6.8445800e-06
   2.3174271e+03   6.7013979e-06
   2.3233684e+03   6.5612111e-06
   2.3293096e+03   6.4239568e-06
   2.3352509e+03   6.2895737e-06
   2.3411921e+03   6.1580018e-06
   2.3471333e+03   6.0291823e-06
   2.3530746e+03   5.9030575e-06
   2.3590158e+03   5.7795712e-06
   2.3649571e+03   5.6586680e-06
   2.3708983e+03   5.5402941e-06
   2.3768395e+03   5.4243964e-06
   2.3827808e+03   5.3109232e-06
   2.3887220e+03   5.1998237e-06
   2.3946633e+03   5.0910484e-06
   2.4006045e+03   4.9845485e-06
   2.4065457e+03   4.8802765e-06
   2.4124870e+03   4.7781857e-06
   2.4184282e+03   4.6782306e-06
   2.4243695e+03   4.5803665e-06
   2.4303107e+03   4.4845496e-06
   2.4362520e+03   4.3907371e-06
   2.4421932e+03   4.2988870e-06
   2.4481344e+03   4.2089584e-06
   2.4540757e+03   4.1209110e-06
   2.4600169e+03   4.0347055e-06
   2.4659582e+03   3.9503033e-06
   2.4718994e+03   3.8676667e-06
   2.4778406e+03   3.7867588e-06
   2.4837819e+03   3.7075434e-06
   2.4897231e+03   3.6299851e-06
   2.4956644e+03   3.5540493e-06
   2.5016056e+03   3.4797019e-06
   2.5075468e+03   3.4069099e-06
   2.5134881e+03   3.3356406e-06
   2.5194293e+03   3.2658621e-06
   2.5253706e+03   3.1975434e-06
   2.5313118e+03   3.1306539e-06
   2.5372531e+03   3.0651636e-06
   2.5431943e+03   3.0010432e-06
   2.5491355e+03   2.9382643e-06
   2.5550768e+03   2.8767986e-06
   2.5610180e+03   2.8166187e-06
   2.5669593e+03   2.7576977e-06
   2.5729005e+03   2.7000093e-06
   2.5788417e+03   2.6435277e-06
   2.5847830e+03   2.5882276e-06
   2.5907242e+03   2.5340843e-06
   2.5966655e+03   2.4810737e-06
   2.6026067e+03   2.4291720e-06
   2.6085479e+03   2.3783560e-06
   2.6144892e+03   2.3286031e-06
   2.6204304e+03   2.2798909e-06
   2.6263717e+03   2.2321978e-06
   2.6323129e+03   2.1855023e-06
   2.6382542e+03   2.1397837e-06
   2.6441954e+03   2.0950215e-06
   2.6501366e+03   2.0511956e-06
   2.6560779e+03   2.0082865e-06
   2.6620191e+03   1.9662751e-06
   2.6679604e+03   1.9251425e-06
   2.6739016e+03   1.8848703e-06
   2.6798428e+03   1.8454406e-06
   2.6857841e+03   1.8068358e-06
   2.6917253e+03   1.7690385e-06
   2.6976666e+03   1.7320319e-06
   2.7036078e+03   1.6957994e-06
   2.7095490e+03   1.6603249e-06
   2.7154903e+03   1.6255925e-06
   2.7214315e+03   1.5915867e-06
   2.7273728e+03   1.5582922e-06
   2.7333140e+03   1.5256942e-06
   2.7392553e+03   1.4937781e-06
   2.7451965e+03   1.4625297e-06
   2.7511377e+03   1.4319350e-06
   2.7570790e+03   1.4019803e-06
   2.7630202e+03   1.3726522e-06
   2.7689615e+03   1.3439376e-06
   2.7749027e+03   1.3158237e-06
   2.7808439e+03   1.2882979e-06
   2.7867852e+03   1.2613479e-06
   2.7927264e+03   1.2349617e-06
   2.7986677e+03   1.2091275e-06
   2.8046089e+03   1.1838337e-06
   2.8105502e+03   1.1590690e-06
   2.8164914e+03   1.1348224e-06
   2.8224326e+03   1.1110830e-06
   2.8283739e+03   1.0878402e-06
   2.8343151e+03   1.0650836e-06
   2.8402564e+03   1.0428031e-06
   2.8461976e+03   1.0209887e-06
   2.8521388e+03   9.9963054e-07
   2.8580801e+03   9.7871922e-07
   2.8640213e+03   9.5824535e-07
   2.8699626e+03   9.3819977e-07
   2.8759038e+03   9.1857352e-07
   2.8818450e+03   8.9935784e-07
   2.8877863e+03   8.8054413e-07
   2.8937275e+03   8.6212398e-07
   2.8996688e+03   8.4408917e-07
   2.9056100e+03   8.2643163e-07
   2.9115513e+03   8.0914346e-07
   2.9174925e+03   7.9221695e-07
   2.9234337e+03   7.7564453e-07
   2.9293750e+03   7.5941878e-07
   2.9353162e+03   7.4353246e-07
   2.9412575e+03   7.2797847e-07
   2.9471987e+03   7.1274985e-07
   2.9531399e+03   6.9783980e-07
   2.9590812e+03   6.8324166e-07
   2.9650224e+03   6.6894889e-07
   2.9709637e+03   6.5495512e-07
   2.9769049e+03   6.4125408e-07
   2.9828461e+03   6.2783966e-07
   2.9887874e+03   6.1470585e-07
   2.9947286e+03   6.0184679e-07
   3.0006699e+03   5.8925673e-07
   3.0066111e+03   5.7693004e-07
   3.0125524e+03   5.6486121e-07
   3.0184936e+03   5.5304485e-07
   3.0244348e+03   5.4147568e-07
   3.0303761e+03   5.3014852e-07
   3.0363173e+03   5.1905832e-07
   3.0422586e+03   5.0820011e-07
   3.0481998e+03   4.9756905e-07
   3.0541410e+03   4.8716038e-07
   3.0600823e+03   4.7696945e-07
   3.0660235e+03   4.6699170e-07
   3.0719648e+03   4.5722268e-07
   3.0779060e+03   4.4765801e-07
   3.0838472e+03   4.3829343e-07
   3.0897885e+03   4.2912475e-07
   3.0957297e+03   4.2014787e-07
   3.1016710e+03   4.1135878e-07
   3.1076122e+03   4.0275354e-07
   3.1135535e+03   3.9432832e-07
   3.1194947e+03   3.8607935e-07
   3.1254359e+03   3.7800294e-07
   3.1313772e+03   3.7009547e-07
   3.1373184e+03   3.6235343e-07
   3.1432597e+03   3.5477334e-07
   3.1492009e+03   3.4735182e-07
   3.1551421e+03   3.4008555e-07
   3.1610834e+03   3.3297128e-07
   3.1670246e+03   3.2600584e-07
   3.1729659e+03   3.1918611e-07
   3.1789071e+03   3.1250904e-07
   3.1848483e+03   3.0597165e-07
   3.1907896e+03   2.9957101e-07
   3.1967308e+03   2.9330427e-07
   3.2026721e+03   2.8716863e-07
   3.2086133e+03   2.8116133e-07
   3.2145546e+03   2.7527970e-07
   3.2204958e+03   2.6952111e-07
   3.2264370e+03   2.6388299e-07
   3.2323783e+03   2.5836281e-07
   3.2383195e+03   2.5295810e-07
   3.2442608e+03   2.4766646e-07
   3.2502020e+03   2.4248551e-07
   3.2561432e+03   2.3741295e-07
   3.2620845e+03   2.3244649e-07
   3.2680257e+03   2.2758394e-07
   3.2739670e+03   2.2282310e-07
   3.2799082e+03   2.1816185e-07
   3.2858494e+03   2.1359811e-07
   3.2917907e+03   2.0912984e-07
   3.2977319e+03   2.0475504e-07
   3.3036732e+03   2.0047176e-07
   3.3096144e+03   1.9627808e-07
   3.3155557e+03   1.9217213e-07
   3.3214969e+03   1.8815208e-07
   3.3274381e+03   1.8421611e-07
   3.3333794e+03   1.8036249e-07
   3.3393206e+03   1.7658948e-07
   3.3452619e+03   1.7289539e-07
   3.3512031e+03   1.6927858e-07
   3.3571443e+03   1.6573744e-07
   3.3630856e+03   1.6227037e-07
   3.3690268e+03   1.5887583e-07
   3.3749681e+03   1.5555230e-07
   3.3809093e+03   1.5229829e-07
   3.3868506e+03   1.4911235e-07
   3.3927918e+03   1.4599307e-07
   3.3987330e+03   1.4293903e-07
   3.4046743e+03   1.3994888e-07
   3.4106155e+03   1.3702128e-07
   3.4165568e+03   1.3415493e-07
   3.4224980e+03   1.3134854e-07
   3.4284392e+03   1.2860085e-07
   3.4343805e+03   1.2591064e-07
   3.4403217e+03   1.2327671e-07
   3.4462630e+03   1.2069788e-07
   3.4522042e+03   1.1817299e-07
   3.4581454e+03   1.1570093e-07
   3.4640867e+03   1.1328057e-07
   3.4700279e+03   1.1091085e-07
   3.4759692e+03   1.0859070e-07
   3.4819104e+03   1.0631909e-07
   3.4878517e+03   1.0409499e-07
   3.4937929e+03   1.0191743e-07
   3.4997341e+03   9.9785411e-08
   3.5056754e+03   9.7697995e-08
   3.5116166e+03   9.5654246e-08
   3.5175579e+03   9.3653250e-08
   3.5234991e+03   9.1694113e-08
   3.5294403e+03   8.9775960e-08
   3.5353816e+03   8.7897932e-08
   3.5413228e+03   8.6059191e-08
   3.5472641e+03   8.4258914e-08
   3.5532053e+03   8.2496298e-08
   3.5591465e+03   8.0770554e-08
   3.5650878e+03   7.9080911e-08
   3.5710290e+03   7.7426614e-08
   3.5769703e+03   7.5806922e-08
   3.5829115e+03   7.4221114e-08
   3.5888528e+03   7.2668479e-08
   3.5947940e+03   7.1148323e-08
   3.6007352e+03   6.9659968e-08
   3.6066765e+03   6.8202748e-08
   3.6126177e+03   6.6776011e-08
   3.6185590e+03   6.5379121e-08
   3.6245002e+03   6.4011452e-08
   3.6304414e+03   6.2672393e-08
   3.6363827e+03   6.1361346e-08
   3.6423239e+03   6.0077725e-08
   3.6482652e+03   5.8820956e-08
   3.6542064e+03   5.7590478e-08
   3.6601476e+03   5.6385740e-08
   3.6660889e+03   5.5206204e-08
   3.6720301e+03   5.4051343e-08
   3.6779714e+03   5.2920640e-08
   3.6839126e+03   5.1813590e-08
   3.6898539e+03   5.0729699e-08
   3.6957951e+03   4.9668482e-08
   3.7017363e+03   4.8629465e-08
   3.7076776e+03   4.7612183e-08
   3.7136188e+03   4.6616181e-08
   3.7195601e+03   4.5641015e-08
   3.7255013e+03   4.4686248e-08
   3.7314425e+03   4.3751455e-08
   3.7373838e+03   4.2836216e-08
   3.7433250e+03   4.1940123e-08
   3.7492663e+03   4.1062776e-08
   3.7552075e+03   4.0203781e-08
   3.7611487e+03   3.9362756e-08
   3.7670900e+03   3.8539325e-08
   3.7730312e+03   3.7733119e-08
   3.7789725e+03   3.6943778e-08
   3.7849137e+03   3.6170949e-08
   3.7908550e+03   3.5414288e-08
   3.7967962e+03   3.4673454e-08
   3.8027374e+03   3.3948119e-08
   3.8086787e+03   3.3237956e-08
   3.8146199e+03   3.2542650e-08
   3.8205612e+03   3.1861889e-08
   3.8265024e+03   3.1195368e-08
   3.8324436e+03   3.0542791e-08
   3.8383849e+03   2.9903865e-08
   3.8443261e+03   2.9278304e-08
   3.8502674e+03   2.8665830e-08
   3.8562086e+03   2.8066168e-08
   3.8621498e+03   2.7479051e-08
   3.8680911e+03   2.6904215e-08
   3.8740323e+03   2.6341404e-08
   3.8799736e+03   2.5790367e-08
   3.8859148e+03   2.5250857e-08
   3.8918561e+03   2.4722633e-08
   3.8977973e+03   2.4205460e-08
   3.9037385e+03   2.3699104e-08
   3.9096798e+03   2.3203342e-08
   3.9156210e+03   2.2717950e-08
   3.9215623e+03   2.2242712e-08
   3.9275035e+03   2.1777416e-08
   3.9334447e+03   2.1321853e-08
   3.9393860e+03   2.0875820e-08
   3.9453272e+03   2.0439118e-08
   3.9512685e+03   2.0011551e-08
   3.9572097e+03   1.9592928e-08
   3.9631510e+03   1.9183063e-08
   3.9690922e+03   1.8781771e-08
   3.9750334e+03   1.8388874e-08
   3.9809747e+03   1.8004197e-08
   3.9869159e+03   1.7627566e-08
   3.9928572e+03   1.7258814e-08
   3.9987984e+03   1.6897776e-08
   4.0047396e+03   1.6544291e-08
   4.0106809e+03   1.6198200e-08
   4.0166221e+03   1.5859349e-08
   4.0225634e+03   1.5527586e-08
   4.0285046e+03   1.5202764e-08
   4.0344458e+03   1.4884737e-08
   4.0403871e+03   1.4573362e-08
   4.0463283e+03   1.4268501e-08
   4.0522696e+03   1.3970018e-08
   4.0582108e+03   1.3677778e-08
   4.0641521e+03   1.3391652e-08
   4.0700933e+03   1.3111512e-08
   4.0760345e+03   1.2837231e-08
   4.0819758e+03   1.2568689e-08
   4.0879170e+03   1.2305764e-08
   4.0938583e+03   1.2048339e-08
   4.0997995e+03   1.1796299e-08
   4.1057407e+03   1.1549532e-08
   4.1116820e+03   1.1307926e-08
   4.1176232e+03   1.1071375e-08
   4.1235645e+03   1.0839773e-08
   4.1295057e+03   1.0613015e-08
   4.1354469e+03   1.0391001e-08
   4.1413882e+03   1.0173631e-08
   4.1473294e+03   9.9608083e-09
   4.1532707e+03   9.7524377e-09
   4.1592119e+03   9.5484260e-09
   4.1651532e+03   9.3486820e-09
   4.1710944e+03   9.1531164e-09
   4.1770356e+03   8.9616420e-09
   4.1829769e+03   8.7741729e-09
   4.1889181e+03   8.5906256e-09
   4.1948594e+03   8.4109179e-09
   4.2008006e+03   8.2349695e-09
   4.2067418e+03   8.0627017e-09
   4.2126831e+03   7.8940377e-09
   4.2186243e+03   7.7289019e-09
   4.2245656e+03   7.5672207e-09
   4.2305068e+03   7.4089216e-09
   4.2364480e+03   7.2539340e-09
   4.2423893e+03   7.1021886e-09
   4.2483305e+03   6.9536176e-09
   4.2542718e+03   6.8081545e-09
   4.2602130e+03   6.6657344e-09
   4.2661543e+03   6.5262936e-09
   4.2720955e+03   6.3897697e-09
   4.2780367e+03   6.2561018e-09
   4.2839780e+03   6.1252301e-09
   4.2899192e+03   5.9970962e-09
   4.2958605e+03   5.8716426e-09
   4.3018017e+03   5.7488134e-09
   4.3077429e+03   5.6285537e-09
   4.3136842e+03   5.5108097e-09
   4.3196254e+03   5.3955288e-09
   4.3255667e+03   5.2826595e-09
   4.3315079e+03   5.1721513e-09
   4.3374491e+03   5.0639548e-09
   4.3433904e+03   4.9580217e-09
   4.3493316e+03   4.8543046e-09
   4.3552729e+03   4.7527572e-09
   4.3612141e+03   4.6533340e-09
   4.3671554e+03   4.5559907e-09
   4.3730966e+03   4.4606837e-09
   4.3790378e+03   4.3673704e-09
   4.3849791e+03   4.2760092e-09
   4.3909203e+03   4.1865592e-09
   4.3968616e+03   4.0989803e-09
   4.4028028e+03   4.0132336e-09
   4.4087440e+03   3.9292805e-09
   4.4146853e+03   3.8470837e-09
   4.4206265e+03   3.7666064e-09
   4.4265678e+03   3.6878126e-09
   4.4325090e+03   3.6106670e-09
   4.4384503e+03   3.5351353e-09
   4.4443915e+03   3.4611836e-09
   4.4503327e+03   3.3887790e-09
   4.4562740e+03   3.3178889e-09
   4.4622152e+03   3.2484819e-09
   4.4681565e+03   3.1805267e-09
   4.4740977e+03   3.1139931e-09
   4.4800389e+03   3.0488514e-09
   4.4859802e+03   2.9850723e-09
   4.4919214e+03   2.9226274e-09
   4.4978627e+03   2.8614888e-09
   4.5038039e+03   2.8016292e-09
   4.5097451e+03   2.7430218e-09
   4.5156864e+03   2.6856404e-09
   4.5216276e+03   2.6294593e-09
   4.5275689e+03   2.5744536e-09
   4.5335101e+03   2.5205984e-09
   4.5394514e+03   2.4678699e-09
   4.5453926e+03   2.4162444e-09
   4.5513338e+03   2.3656989e-09
   4.5572751e+03   2.3162107e-09
   4.5632163e+03   2.2677578e-09
   4.5691576e+03   2.2203185e-09
   4.5750988e+03   2.1738715e-09
   4.5810400e+03   2.1283962e-09
   4.5869813e+03   2.0838722e-09
   4.5929225e+03   2.0402795e-09
   4.5988638e+03   1.9975988e-09
   4.6048050e+03   1.9558110e-09
   4.6107462e+03   1.9148973e-09
   4.6166875e+03   1.8748394e-09
   4.6226287e+03   1.8356196e-09
   4.6285700e+03   1.7972202e-09
   4.6345112e+03   1.7596240e-09
   4.6404525e+03   1.7228144e-09
   4.6463937e+03   1.6867747e-09
   4.6523349e+03   1.6514890e-09
   4.6582762e+03   1.6169414e-09
   4.6642174e+03   1.5831165e-09
   4.6701587e+03   1.5499993e-09
   4.6760999e+03   1.5175747e-09
   4.6820411e+03   1.4858285e-09
   4.6879824e+03   1.4547464e-09
   4.6939236e+03   1.4243145e-09
   4.6998649e+03   1.3945192e-09
   4.7058061e+03   1.3653472e-09
   4.7117473e+03   1.3367854e-09
   4.7176886e+03   1.3088211e-09
   4.7236298e+03   1.2814418e-09
   4.7295711e+03   1.2546353e-09
   4.7355123e+03   1.2283895e-09
   4.7414536e+03   1.2026928e-09
   4.7473948e+03   1.1775336e-09
   4.7533360e+03   1.1529007e-09
   4.7592773e+03   1.1287831e-09
   4.7652185e+03   1.1051701e-09
   4.7711598e+03   1.0820509e-09
   4.7771010e+03   1.0594155e-09
   4.7830422e+03   1.0372535e-09
   4.7889835e+03   1.0155552e-09
   4.7949247e+03   9.9431071e-10
   4.8008660e+03   9.7351067e-10
   4.8068072e+03   9.5314575e-10
   4.8127484e+03   9.3320685e-10
   4.8186897e+03   9.1368505e-10
   4.8246309e+03   8.9457163e-10
   4.8305722e+03   8.7585804e-10
   4.8365134e+03   8.5753593e-10
   4.8424547e+03   8.3959709e-10
   4.8483959e+03   8.2203352e-10
   4.8543371e+03   8.0483736e-10
   4.8602784e+03   7.8800093e-10
   4.8662196e+03   7.7151670e-10
   4.8721609e+03   7.5537730e-10
   4.8781021e+03   7.3957553e-10
   4.8840433e+03   7.2410431e-10
   4.8899846e+03   7.0895674e-10
   4.8959258e+03   6.9412604e-10
   4.9018671e+03   6.7960558e-10
   4.9078083e+03   6.6538888e-10
   4.9137495e+03   6.5146958e-10
   4.9196908e+03   6.3784145e-10
   4.9256320e+03   6.2449842e-10
   4.9315733e+03   6.1143450e-10
   4.9375145e+03   5.9864388e-10
   4.9434558e+03   5.8612082e-10
   4.9493970e+03   5.7385973e-10
   4.9553382e+03   5.6185513e-10
   4.9612795e+03   5.5010165e-10
   4.9672207e+03   5.3859405e-10
   4.9731620e+03   5.2732717e-10
   4.9791032e+03   5.1629599e-10
   4.9850444e+03   5.0549557e-10
   4.9909857e+03   4.9492108e-10
   4.9969269e+03   4.8456781e-10
   5.0028682e+03   4.7443111e-10
   5.0088094e+03   4.6450646e-10
   5.0147507e+03   4.5478943e-10
   5.0206919e+03   4.4527567e-10
   5.0266331e+03   4.3596092e-10
   5.0325744e+03   4.2684103e-10
   5.0385156e+03   4.1791193e-10
   5.0444569e+03   4.0916961e-10
   5.0503981e+03   4.0061017e-10
   5.0563393e+03   3.9222978e-10
   5.0622806e+03   3.8402471e-10
   5.0682218e+03   3.7599128e-10
   5.0741631e+03   3.6812590e-10
   5.0801043e+03   3.6042506e-10
   5.0860455e+03   3.5288531e-10
   5.0919868e+03   3.4550328e-10
   5.0979280e+03   3.3827568e-10
   5.1038693e+03   3.3119928e-10
   5.1098105e+03   3.2427090e-10
   5.1157518e+03   3.1748746e-10
   5.1216930e+03   3.1084593e-10
   5.1276342e+03   3.0434333e-10
   5.1335755e+03   2.9797675e-10
   5.1395167e+03   2.9174336e-10
   5.1454580e+03   2.8564037e-10
   5.1513992e+03   2.7966505e-10
   5.1573404e+03   2.7381472e-10
   5.1632817e+03   2.6808678e-10
   5.1692229e+03   2.6247866e-10
   5.1751642e+03   2.5698785e-10
   5.1811054e+03   2.5161191e-10
   5.1870466e+03   2.4634843e-10
   5.1929879e+03   2.4119505e-10
   5.1989291e+03   2.3614948e-10
   5.2048704e+03   2.3120946e-10
   5.2108116e+03   2.2637278e-10
   5.2167529e+03   2.2163727e-10
   5.2226941e+03   2.1700083e-10
   5.2286353e+03   2.1246138e-10
   5.2345766e+03   2.0801689e-10
   5.2405178e+03   2.0366538e-10
   5.2464591e+03   1.9940489e-10
   5.2524003e+03   1.9523353e-10
   5.2583415e+03   1.9114943e-10
   5.2642828e+03   1.8715077e-10
   5.2702240e+03   1.8323575e-10
   5.2761653e+03   1.7940263e-10
   5.2821065e+03   1.7564970e-10
   5.2880477e+03   1.7197528e-10
   5.2939890e+03   1.6837772e-10
   5.2999302e+03   1.6485542e-10
   5.3058715e+03   1.6140680e-10
   5.3118127e+03   1.5803032e-10
   5.3177540e+03   1.5472448e-10
   5.3236952e+03   1.5148779e-10
   5.3296364e+03   1.4831881e-10
   5.3355777e+03   1.4521612e-10
   5.3415189e+03   1.4217834e-10
   5.3474602e+03   1.3920410e-10
   5.3534014e+03   1.3629208e-10
   5.3593426e+03   1.3344098e-10
   5.3652839e+03   1.3064952e-10
   5.3712251e+03   1.2791646e-10
   5.3771664e+03   1.2524057e-10
   5.3831076e+03   1.2262066e-10
   5.3890488e+03   1.2005555e-10
   5.3949901e+03   1.1754410e-10
   5.4009313e+03   1.1508519e-10
   5.4068726e+03   1.1267772e-10
   5.4128138e+03   1.1032061e-10
   5.4187551e+03   1.0801280e-10
   5.4246963e+03   1.0575328e-10
   5.4306375e+03   1.0354102e-10
   5.4365788e+03   1.0137504e-10
   5.4425200e+03   9.9254372e-11
   5.4484613e+03   9.7178065e-11
   5.4544025e+03   9.5145193e-11
   5.4603437e+03   9.3154846e-11
   5.4662850e+03   9.1206135e-11
   5.4722262e+03   8.9298190e-11
   5.4781675e+03   8.7430156e-11
   5.4841087e+03   8.5601201e-11
   5.4900499e+03   8.3810505e-11
   5.4959912e+03   8.2057269e-11
   5.5019324e+03   8.0340709e-11
   5.5078737e+03   7.8660058e-11
   5.5138149e+03   7.7014564e-11
   5.5197562e+03   7.5403493e-11
   5.5256974e+03   7.3826124e-11
   5.5316386e+03   7.2281751e-11
   5.5375799e+03   7.0769686e-11
   5.5435211e+03   6.9289251e-11
   5.5494624e+03   6.7839786e-11
   5.5554036e+03   6.6420642e-11
   5.5613448e+03   6.5031186e-11
   5.5672861e+03   6.3670795e-11
   5.5732273e+03   6.2338863e-11
   5.5791686e+03   6.1034793e-11
   5.5851098e+03   5.9758003e-11
   5.5910511e+03   5.8507923e-11
   5.5969923e+03   5.7283993e-11
   5.6029335e+03   5.6085666e-11
   5.6088748e+03   5.4912407e-11
   5.6148160e+03   5.3763692e-11
   5.6207573e+03   5.2639007e-11
   5.6266985e+03   5.1537849e-11
   5.6326397e+03   5.0459726e-11
   5.6385810e+03   4.9404156e-11
   5.6445222e+03   4.8370668e-11
   5.6504635e+03   4.7358800e-11
   5.6564047e+03   4.6368099e-11
   5.6623459e+03   4.5398123e-11
   5.6682872e+03   4.4448437e-11
   5.6742284e+03   4.3518618e-11
   5.6801697e+03   4.2608250e-11
   5.6861109e+03   4.1716926e-11
   5.6920522e+03   4.0844247e-11
   5.6979934e+03   3.9989825e-11
   5.7039346e+03   3.9153276e-11
   5.7098759e+03   3.8334226e-11
   5.7158171e+03   3.7532311e-11
   5.7217584e+03   3.6747171e-11
   5.7276996e+03   3.5978455e-11
   5.7336408e+03   3.5225820e-11
   5.7395821e+03   3.4488929e-11
   5.7455233e+03   3.3767453e-11
   5.7514646e+03   3.3061070e-11
   5.7574058e+03   3.2369464e-11
   5.7633470e+03   3.1692326e-11
   5.7692883e+03   3.1029353e-11
   5.7752295e+03   3.0380248e-11
   5.7811708e+03   2.9744722e-11
   5.7871120e+03   2.9122491e-11
   5.7930533e+03   2.8513276e-11
   5.7989945e+03   2.7916806e-11
   5.8049357e+03   2.7332813e-11
   5.8108770e+03   2.6761036e-11
   5.8168182e+03   2.6201221e-11
   5.8227595e+03   2.5653116e-11
   5.8287007e+03   2.5116477e-11
   5.8346419e+03   2.4591064e-11
   5.8405832e+03   2.4076643e-11
   5.8465244e+03   2.3572982e-11
   5.8524657e+03   2.3079858e-11
   5.8584069e+03   2.2597049e-11
   5.8643481e+03   2.2124341e-11
   5.8702894e+03   2.1661520e-11
   5.8762306e+03   2.1208382e-11
   5.8821719e+03   2.0764723e-11
   5.8881131e+03   2.0330345e-11
   5.8940544e+03   1.9905053e-11
   5.8999956e+03   1.9488658e-11
   5.9059368e+03   1.9080974e-11
   5.9118781e+03   1.8681818e-11
   5.9178193e+03   1.8291012e-11
   5.9237606e+03   1.7908382e-11
   5.9297018e+03   1.7533756e-11
   5.9356430e+03   1.7166966e-11
   5.9415843e+03   1.6807849e-11
   5.9475255e+03   1.6456245e-11
   5.9534668e+03   1.6111996e-11
   5.9594080e+03   1.5774949e-11
   5.9653492e+03   1.5444952e-11
   5.9712905e+03   1.5121858e-11
   5.9772317e+03   1.4805523e-11
   5.9831730e+03   1.4495806e-11
   5.9891142e+03   1.4192567e-11
   5.9950555e+03   1.3895672e-11
   6.0009967e+03   1.3604988e-11
   6.0069379e+03   1.3320385e-11
   6.0128792e+03   1.3041735e-11
   6.0188204e+03   1.2768914e-11
   6.0247617e+03   1.2501801e-11
   6.0307029e+03   1.2240275e-11
   6.0366441e+03   1.1984220e-11
   6.0425854e+03   1.1733521e-11
   6.0485266e+03   1.1488067e-11
   6.0544679e+03   1.1247748e-11
   6.0604091e+03   1.1012456e-11
   6.0663504e+03   1.0782086e-11
   6.0722916e+03   1.0556535e-11
   6.0782328e+03   1.0335702e-11
   6.0841741e+03   1.0119489e-11
   6.0901153e+03   9.9077988e-12
   6.0960566e+03   9.7005371e-12
   6.1019978e+03   9.4976111e-12
   6.1079390e+03   9.2989301e-12
   6.1138803e+03   9.1044054e-12
   6.1198215e+03   8.9139499e-12
   6.1257628e+03   8.7274785e-12
   6.1317040e+03   8.5449080e-12
   6.1376452e+03   8.3661566e-12
   6.1435865e+03   8.1911446e-12
   6.1495277e+03   8.0197936e-12
   6.1554690e+03   7.8520272e-12
   6.1614102e+03   7.6877702e-12
   6.1673515e+03   7.5269494e-12
   6.1732927e+03   7.3694928e-12
   6.1792339e+03   7.2153300e-12
   6.1851752e+03   7.0643922e-12
   6.1911164e+03   6.9166118e-12
   6.1970577e+03   6.7719229e-12
   6.2029989e+03   6.6302607e-12
   6.2089401e+03   6.4915619e-12
   6.2148814e+03   6.3557646e-12
   6.2208226e+03   6.2228081e-12
   6.2267639e+03   6.0926329e-12
   6.2327051e+03   5.9651808e-12
   6.2386463e+03   5.8403949e-12
   6.2445876e+03   5.7182194e-12
   6.2505288e+03   5.5985997e-12
   6.2564701e+03   5.4814823e-12
   6.2624113e+03   5.3668149e-12
   6.2683526e+03   5.2545462e-12
   6.2742938e+03   5.1446261e-12
   6.2802350e+03   5.0370054e-12
   6.2861763e+03   4.9316361e-12
   6.2921175e+03   4.8284709e-12
   6.2980588e+03   4.7274639e-12
   6.3040000e+03   4.6285699e-12
