   4.3192500e+02   4.7696853e-05
   4.3406594e+02   5.5123273e-05
   4.3620687e+02   6.3531797e-05
   4.3834781e+02   7.3023273e-05
   4.4048874e+02   8.3704474e-05
   4.4262968e+02   9.5687812e-05
   4.4477062e+02   1.0909092e-04
   4.4691155e+02   1.2403613e-04
   4.4905249e+02   1.4064981e-04
   4.5119342e+02   1.5906157e-04
   4.5333436e+02   1.7940337e-04
   4.5547530e+02   2.0180840e-04
   4.5761623e+02   2.2640996e-04
   4.5975717e+02   2.5334007e-04
   4.6189810e+02   2.8272809e-04
   4.6403904e+02   3.1469912e-04
   4.6617997e+02   3.4937238e-04
   4.6832091e+02   3.8685950e-04
   4.7046185e+02   4.2726268e-04
   4.7260278e+02   4.7067293e-04
   4.7474372e+02   5.1716821e-04
   4.7688465e+02   5.6681164e-04
   4.7902559e+02   6.1964970e-04
   4.8116653e+02   6.7571063e-04
   4.8330746e+02   7.3500276e-04
   4.8544840e+02   7.9751320e-04
   4.8758933e+02   8.6320649e-04
   4.8973027e+02   9.3202363e-04
   4.9187121e+02   1.0038813e-03
   4.9401214e+02   1.0786712e-03
   4.9615308e+02   1.1562599e-03
   4.9829401e+02   1.2364889e-03
   5.0043495e+02   1.3191750e-03
   5.0257589e+02   1.4041108e-03
   5.0471682e+02   1.4910660e-03
   5.0685776e+02   1.5797884e-03
   5.0899869e+02   1.6700060e-03
   5.1113963e+02   1.7614284e-03
   5.1328057e+02   1.8537494e-03
   5.1542150e+02   1.9466495e-03
   5.1756244e+02   2.0397982e-03
   5.1970337e+02   2.1328573e-03
   5.2184431e+02   2.2254838e-03
   5.2398525e+02   2.3173326e-03
   5.2612618e+02   2.4080603e-03
   5.2826712e+02   2.4973279e-03
   5.3040805e+02   2.5848041e-03
   5.3254899e+02   2.6701682e-03
   5.3468992e+02   2.7531130e-03
   5.3683086e+02   2.8333477e-03
   5.3897180e+02   2.9106001e-03
   5.4111273e+02   2.9846189e-03
   5.4325367e+02   3.0551760e-03
   5.4539460e+02   3.1220674e-03
   5.4753554e+02   3.1851154e-03
   5.4967648e+02   3.2441688e-03
   5.5181741e+02   3.2991041e-03
   5.5395835e+02   3.3498254e-03
   5.5609928e+02   3.3962648e-03
   5.5824022e+02   3.4383814e-03
   5.6038116e+02   3.4761613e-03
   5.6252209e+02   3.5096164e-03
   5.6466303e+02   3.5387827e-03
   5.6680396e+02   3.5637198e-03
   5.6894490e+02   3.5845084e-03
   5.7108584e+02   3.6012492e-03
   5.7322677e+02   3.6140602e-03
   5.7536771e+02   3.6230756e-03
   5.7750864e+02   3.6284428e-03
   5.7964958e+02   3.6303210e-03
   5.8179052e+02   3.6288789e-03
   5.8393145e+02   3.6242923e-03
   5.8607239e+02   3.6167426e-03
   5.8821332e+02   3.6064146e-03
   5.9035426e+02   3.5934950e-03
   5.9249520e+02   3.5781702e-03
   5.9463613e+02   3.5606253e-03
   5.9677707e+02   3.5410423e-03
   5.9891800e+02   3.5195992e-03
   6.0105894e+02   3.4964687e-03
   6.0319987e+02   3.4718174e-03
   6.0534081e+02   3.4458050e-03
   6.0748175e+02   3.4185836e-03
   6.0962268e+02   3.3902974e-03
   6.1176362e+02   3.3610823e-03
   6.1390455e+02   3.3310655e-03
   6.1604549e+02   3.3003659e-03
   6.1818643e+02   3.2690934e-03
   6.2032736e+02   3.2373498e-03
   6.2246830e+02   3.2052283e-03
   6.2460923e+02   3.1728142e-03
   6.2675017e+02   3.1401851e-03
   6.2889111e+02   3.1074111e-03
   6.3103204e+02   3.0745552e-03
   6.3317298e+02   3.0416739e-03
   6.3531391e+02   3.0088176e-03
   6.3745485e+02   2.9760309e-03
   6.3959579e+02   2.9433531e-03
   6.4173672e+02   2.9108184e-03
   6.4387766e+02   2.8784570e-03
   6.4601859e+02   2.8462946e-03
   6.4815953e+02   2.8143535e-03
   6.5030047e+02   2.7826526e-03
   6.5244140e+02   2.7512078e-03
   6.5458234e+02   2.7200325e-03
   6.5672327e+02   2.6891376e-03
   6.5886421e+02   2.6585320e-03
   6.6100515e+02   2.6282230e-03
   6.6314608e+02   2.5982159e-03
   6.6528702e+02   2.5685150e-03
   6.6742795e+02   2.5391232e-03
   6.6956889e+02   2.5100424e-03
   6.7170982e+02   2.4812738e-03
   6.7385076e+02   2.4528175e-03
   6.7599170e+02   2.4246734e-03
   6.7813263e+02   2.3968405e-03
   6.8027357e+02   2.3693175e-03
   6.8241450e+02   2.3421027e-03
   6.8455544e+02   2.3151942e-03
   6.8669638e+02   2.2885897e-03
   6.8883731e+02   2.2622867e-03
   6.9097825e+02   2.2362827e-03
   6.9311918e+02   2.2105749e-03
   6.9526012e+02   2.1851605e-03
   6.9740106e+02   2.1600366e-03
   6.9954199e+02   2.1352002e-03
   7.0168293e+02   2.1106482e-03
   7.0382386e+02   2.0863778e-03
   7.0596480e+02   2.0623857e-03
   7.0810574e+02   2.0386690e-03
   7.1024667e+02   2.0152246e-03
   7.1238761e+02   1.9920495e-03
   7.1452854e+02   1.9691407e-03
   7.1666948e+02   1.9464951e-03
   7.1881042e+02   1.9241098e-03
   7.2095135e+02   1.9019819e-03
   7.2309229e+02   1.8801083e-03
   7.2523322e+02   1.8584862e-03
   7.2737416e+02   1.8371127e-03
   7.2951510e+02   1.8159850e-03
   7.3165603e+02   1.7951002e-03
   7.3379697e+02   1.7744556e-03
   7.3593790e+02   1.7540484e-03
   7.3807884e+02   1.7338759e-03
   7.4021977e+02   1.7139354e-03
   7.4236071e+02   1.6942242e-03
   7.4450165e+02   1.6747397e-03
   7.4664258e+02   1.6554792e-03
   7.4878352e+02   1.6364403e-03
   7.5092445e+02   1.6176203e-03
   7.5306539e+02   1.5990167e-03
   7.5520633e+02   1.5806271e-03
   7.5734726e+02   1.5624490e-03
   7.5948820e+02   1.5444800e-03
   7.6162913e+02   1.5267176e-03
   7.6377007e+02   1.5091595e-03
   7.6591101e+02   1.4918033e-03
   7.6805194e+02   1.4746467e-03
   7.7019288e+02   1.4576874e-03
   7.7233381e+02   1.4409232e-03
   7.7447475e+02   1.4243518e-03
   7.7661569e+02   1.4079709e-03
   7.7875662e+02   1.3917784e-03
   7.8089756e+02   1.3757722e-03
   7.8303849e+02   1.3599500e-03
   7.8517943e+02   1.3443098e-03
   7.8732037e+02   1.3288495e-03
   7.8946130e+02   1.3135670e-03
   7.9160224e+02   1.2984602e-03
   7.9374317e+02   1.2835272e-03
   7.9588411e+02   1.2687659e-03
   7.9802505e+02   1.2541744e-03
   8.0016598e+02   1.2397507e-03
   8.0230692e+02   1.2254928e-03
   8.0444785e+02   1.2113990e-03
   8.0658879e+02   1.1974672e-03
   8.0872972e+02   1.1836956e-03
   8.1087066e+02   1.1700825e-03
   8.1301160e+02   1.1566258e-03
   8.1515253e+02   1.1433240e-03
   8.1729347e+02   1.1301751e-03
   8.1943440e+02   1.1171775e-03
   8.2157534e+02   1.1043293e-03
   8.2371628e+02   1.0916289e-03
   8.2585721e+02   1.0790745e-03
   8.2799815e+02   1.0666646e-03
   8.3013908e+02   1.0543973e-03
   8.3228002e+02   1.0422711e-03
   8.3442096e+02   1.0302844e-03
   8.3656189e+02   1.0184356e-03
   8.3870283e+02   1.0067230e-03
   8.4084376e+02   9.9514510e-04
   8.4298470e+02   9.8370036e-04
   8.4512564e+02   9.7238725e-04
   8.4726657e+02   9.6120424e-04
   8.4940751e+02   9.5014985e-04
   8.5154844e+02   9.3922259e-04
   8.5368938e+02   9.2842099e-04
   8.5583032e+02   9.1774363e-04
   8.5797125e+02   9.0718905e-04
   8.6011219e+02   8.9675586e-04
   8.6225312e+02   8.8644266e-04
   8.6439406e+02   8.7624807e-04
   8.6653499e+02   8.6617072e-04
   8.6867593e+02   8.5620926e-04
   8.7081687e+02   8.4636237e-04
   8.7295780e+02   8.3662872e-04
   8.7509874e+02   8.2700702e-04
   8.7723967e+02   8.1749597e-04
   8.7938061e+02   8.0809430e-04
   8.8152155e+02   7.9880076e-04
   8.8366248e+02   7.8961409e-04
   8.8580342e+02   7.8053308e-04
   8.8794435e+02   7.7155651e-04
   8.9008529e+02   7.6268317e-04
   8.9222623e+02   7.5391188e-04
   8.9436716e+02   7.4524147e-04
   8.9650810e+02   7.3667077e-04
   8.9864903e+02   7.2819864e-04
   9.0078997e+02   7.1982394e-04
   9.0293091e+02   7.1154556e-04
   9.0507184e+02   7.0336238e-04
   9.0721278e+02   6.9527331e-04
   9.0935371e+02   6.8727727e-04
   9.1149465e+02   6.7937319e-04
   9.1363559e+02   6.7156002e-04
   9.1577652e+02   6.6383670e-04
   9.1791746e+02   6.5620220e-04
   9.2005839e+02   6.4865550e-04
   9.2219933e+02   6.4119559e-04
   9.2434027e+02   6.3382148e-04
   9.2648120e+02   6.2653217e-04
   9.2862214e+02   6.1932670e-04
   9.3076307e+02   6.1220409e-04
   9.3290401e+02   6.0516339e-04
   9.3504494e+02   5.9820367e-04
   9.3718588e+02   5.9132399e-04
   9.3932682e+02   5.8452343e-04
   9.4146775e+02   5.7780108e-04
   9.4360869e+02   5.7115604e-04
   9.4574962e+02   5.6458742e-04
   9.4789056e+02   5.5809434e-04
   9.5003150e+02   5.5167594e-04
   9.5217243e+02   5.4533135e-04
   9.5431337e+02   5.3905973e-04
   9.5645430e+02   5.3286024e-04
   9.5859524e+02   5.2673205e-04
   9.6073618e+02   5.2067433e-04
   9.6287711e+02   5.1468628e-04
   9.6501805e+02   5.0876709e-04
   9.6715898e+02   5.0291598e-04
   9.6929992e+02   4.9713216e-04
   9.7144086e+02   4.9141486e-04
   9.7358179e+02   4.8576331e-04
   9.7572273e+02   4.8017676e-04
   9.7786366e+02   4.7465445e-04
   9.8000460e+02   4.6919566e-04
   9.8214554e+02   4.6379964e-04
   9.8428647e+02   4.5846568e-04
   9.8642741e+02   4.5319307e-04
   9.8856834e+02   4.4798109e-04
   9.9070928e+02   4.4282905e-04
   9.9285022e+02   4.3773627e-04
   9.9499115e+02   4.3270205e-04
   9.9713209e+02   4.2772573e-04
   9.9927302e+02   4.2280664e-04
   1.0014140e+03   4.1794413e-04
   1.0035549e+03   4.1313753e-04
   1.0056958e+03   4.0838621e-04
   1.0078368e+03   4.0368954e-04
   1.0099777e+03   3.9904688e-04
   1.0121186e+03   3.9445762e-04
   1.0142596e+03   3.8992113e-04
   1.0164005e+03   3.8543682e-04
   1.0185414e+03   3.8100407e-04
   1.0206824e+03   3.7662231e-04
   1.0228233e+03   3.7229094e-04
   1.0249643e+03   3.6800938e-04
   1.0271052e+03   3.6377707e-04
   1.0292461e+03   3.5959342e-04
   1.0313871e+03   3.5545790e-04
   1.0335280e+03   3.5136993e-04
   1.0356689e+03   3.4732897e-04
   1.0378099e+03   3.4333449e-04
   1.0399508e+03   3.3938595e-04
   1.0420917e+03   3.3548282e-04
   1.0442327e+03   3.3162458e-04
   1.0463736e+03   3.2781071e-04
   1.0485145e+03   3.2404070e-04
   1.0506555e+03   3.2031405e-04
   1.0527964e+03   3.1663025e-04
   1.0549374e+03   3.1298882e-04
   1.0570783e+03   3.0938928e-04
   1.0592192e+03   3.0583112e-04
   1.0613602e+03   3.0231389e-04
   1.0635011e+03   2.9883711e-04
   1.0656420e+03   2.9540031e-04
   1.0677830e+03   2.9200304e-04
   1.0699239e+03   2.8864484e-04
   1.0720648e+03   2.8532526e-04
   1.0742058e+03   2.8204386e-04
   1.0763467e+03   2.7880020e-04
   1.0784877e+03   2.7559383e-04
   1.0806286e+03   2.7242435e-04
   1.0827695e+03   2.6929131e-04
   1.0849105e+03   2.6619431e-04
   1.0870514e+03   2.6313293e-04
   1.0891923e+03   2.6010675e-04
   1.0913333e+03   2.5711537e-04
   1.0934742e+03   2.5415840e-04
   1.0956151e+03   2.5123543e-04
   1.0977561e+03   2.4834608e-04
   1.0998970e+03   2.4548996e-04
   1.1020379e+03   2.4266669e-04
   1.1041789e+03   2.3987588e-04
   1.1063198e+03   2.3711718e-04
   1.1084608e+03   2.3439019e-04
   1.1106017e+03   2.3169457e-04
   1.1127426e+03   2.2902995e-04
   1.1148836e+03   2.2639598e-04
   1.1170245e+03   2.2379230e-04
   1.1191654e+03   2.2121856e-04
   1.1213064e+03   2.1867442e-04
   1.1234473e+03   2.1615954e-04
   1.1255882e+03   2.1367358e-04
   1.1277292e+03   2.1121621e-04
   1.1298701e+03   2.0878711e-04
   1.1320111e+03   2.0638594e-04
   1.1341520e+03   2.0401238e-04
   1.1362929e+03   2.0166612e-04
   1.1384339e+03   1.9934685e-04
   1.1405748e+03   1.9705425e-04
   1.1427157e+03   1.9478801e-04
   1.1448567e+03   1.9254784e-04
   1.1469976e+03   1.9033343e-04
   1.1491385e+03   1.8814449e-04
   1.1512795e+03   1.8598072e-04
   1.1534204e+03   1.8384184e-04
   1.1555613e+03   1.8172755e-04
   1.1577023e+03   1.7963758e-04
   1.1598432e+03   1.7757165e-04
   1.1619842e+03   1.7552947e-04
   1.1641251e+03   1.7351078e-04
   1.1662660e+03   1.7151531e-04
   1.1684070e+03   1.6954279e-04
   1.1705479e+03   1.6759295e-04
   1.1726888e+03   1.6566553e-04
   1.1748298e+03   1.6376029e-04
   1.1769707e+03   1.6187695e-04
   1.1791116e+03   1.6001527e-04
   1.1812526e+03   1.5817501e-04
   1.1833935e+03   1.5635590e-04
   1.1855344e+03   1.5455772e-04
   1.1876754e+03   1.5278022e-04
   1.1898163e+03   1.5102316e-04
   1.1919573e+03   1.4928631e-04
   1.1940982e+03   1.4756943e-04
   1.1962391e+03   1.4587230e-04
   1.1983801e+03   1.4419469e-04
   1.2005210e+03   1.4253637e-04
   1.2026619e+03   1.4089712e-04
   1.2048029e+03   1.3927672e-04
   1.2069438e+03   1.3767496e-04
   1.2090847e+03   1.3609162e-04
   1.2112257e+03   1.3452649e-04
   1.2133666e+03   1.3297936e-04
   1.2155076e+03   1.3145002e-04
   1.2176485e+03   1.2993827e-04
   1.2197894e+03   1.2844390e-04
   1.2219304e+03   1.2696673e-04
   1.2240713e+03   1.2550654e-04
   1.2262122e+03   1.2406314e-04
   1.2283532e+03   1.2263634e-04
   1.2304941e+03   1.2122596e-04
   1.2326350e+03   1.1983179e-04
   1.2347760e+03   1.1845366e-04
   1.2369169e+03   1.1709137e-04
   1.2390578e+03   1.1574475e-04
   1.2411988e+03   1.1441362e-04
   1.2433397e+03   1.1309780e-04
   1.2454807e+03   1.1179711e-04
   1.2476216e+03   1.1051138e-04
   1.2497625e+03   1.0924044e-04
   1.2519035e+03   1.0798411e-04
   1.2540444e+03   1.0674223e-04
   1.2561853e+03   1.0551464e-04
   1.2583263e+03   1.0430116e-04
   1.2604672e+03   1.0310164e-04
   1.2626081e+03   1.0191591e-04
   1.2647491e+03   1.0074382e-04
   1.2668900e+03   9.9585207e-05
   1.2690310e+03   9.8439921e-05
   1.2711719e+03   9.7307806e-05
   1.2733128e+03   9.6188711e-05
   1.2754538e+03   9.5082486e-05
   1.2775947e+03   9.3988983e-05
   1.2797356e+03   9.2908057e-05
   1.2818766e+03   9.1839561e-05
   1.2840175e+03   9.0783354e-05
   1.2861584e+03   8.9739294e-05
   1.2882994e+03   8.8707241e-05
   1.2904403e+03   8.7687058e-05
   1.2925812e+03   8.6678607e-05
   1.2947222e+03   8.5681754e-05
   1.2968631e+03   8.4696365e-05
   1.2990041e+03   8.3722309e-05
   1.3011450e+03   8.2759454e-05
   1.3032859e+03   8.1807674e-05
   1.3054269e+03   8.0866839e-05
   1.3075678e+03   7.9936825e-05
   1.3097087e+03   7.9017506e-05
   1.3118497e+03   7.8108759e-05
   1.3139906e+03   7.7210464e-05
   1.3161315e+03   7.6322500e-05
   1.3182725e+03   7.5444748e-05
   1.3204134e+03   7.4577091e-05
   1.3225543e+03   7.3719412e-05
   1.3246953e+03   7.2871597e-05
   1.3268362e+03   7.2033532e-05
   1.3289772e+03   7.1205106e-05
   1.3311181e+03   7.0386206e-05
   1.3332590e+03   6.9576725e-05
   1.3354000e+03   6.8776553e-05
   1.3375409e+03   6.7985584e-05
   1.3396818e+03   6.7203711e-05
   1.3418228e+03   6.6430830e-05
   1.3439637e+03   6.5666838e-05
   1.3461046e+03   6.4911632e-05
   1.3482456e+03   6.4165111e-05
   1.3503865e+03   6.3427176e-05
   1.3525275e+03   6.2697728e-05
   1.3546684e+03   6.1976668e-05
   1.3568093e+03   6.1263901e-05
   1.3589503e+03   6.0559332e-05
   1.3610912e+03   5.9862865e-05
   1.3632321e+03   5.9174408e-05
   1.3653731e+03   5.8493869e-05
   1.3675140e+03   5.7821156e-05
   1.3696549e+03   5.7156180e-05
   1.3717959e+03   5.6498851e-05
   1.3739368e+03   5.5849083e-05
   1.3760777e+03   5.5206786e-05
   1.3782187e+03   5.4571877e-05
   1.3803596e+03   5.3944269e-05
   1.3825006e+03   5.3323880e-05
   1.3846415e+03   5.2710625e-05
   1.3867824e+03   5.2104423e-05
   1.3889234e+03   5.1505192e-05
   1.3910643e+03   5.0912853e-05
   1.3932052e+03   5.0327327e-05
   1.3953462e+03   4.9748534e-05
   1.3974871e+03   4.9176397e-05
   1.3996280e+03   4.8610841e-05
   1.4017690e+03   4.8051789e-05
   1.4039099e+03   4.7499166e-05
   1.4060509e+03   4.6952898e-05
   1.4081918e+03   4.6412913e-05
   1.4103327e+03   4.5879139e-05
   1.4124737e+03   4.5351502e-05
   1.4146146e+03   4.4829934e-05
   1.4167555e+03   4.4314365e-05
   1.4188965e+03   4.3804724e-05
   1.4210374e+03   4.3300945e-05
   1.4231783e+03   4.2802960e-05
   1.4253193e+03   4.2310701e-05
   1.4274602e+03   4.1824104e-05
   1.4296011e+03   4.1343103e-05
   1.4317421e+03   4.0867634e-05
   1.4338830e+03   4.0397633e-05
   1.4360240e+03   3.9933038e-05
   1.4381649e+03   3.9473785e-05
   1.4403058e+03   3.9019814e-05
   1.4424468e+03   3.8571064e-05
   1.4445877e+03   3.8127475e-05
   1.4467286e+03   3.7688987e-05
   1.4488696e+03   3.7255543e-05
   1.4510105e+03   3.6827083e-05
   1.4531514e+03   3.6403550e-05
   1.4552924e+03   3.5984889e-05
   1.4574333e+03   3.5571042e-05
   1.4595742e+03   3.5161955e-05
   1.4617152e+03   3.4757572e-05
   1.4638561e+03   3.4357841e-05
   1.4659971e+03   3.3962706e-05
   1.4681380e+03   3.3572116e-05
   1.4702789e+03   3.3186017e-05
   1.4724199e+03   3.2804359e-05
   1.4745608e+03   3.2427090e-05
   1.4767017e+03   3.2054160e-05
   1.4788427e+03   3.1685519e-05
   1.4809836e+03   3.1321118e-05
   1.4831245e+03   3.0960907e-05
   1.4852655e+03   3.0604839e-05
   1.4874064e+03   3.0252866e-05
   1.4895474e+03   2.9904941e-05
   1.4916883e+03   2.9561017e-05
   1.4938292e+03   2.9221049e-05
   1.4959702e+03   2.8884990e-05
   1.4981111e+03   2.8552796e-05
   1.5002520e+03   2.8224423e-05
   1.5023930e+03   2.7899826e-05
   1.5045339e+03   2.7578962e-05
   1.5066748e+03   2.7261789e-05
   1.5088158e+03   2.6948263e-05
   1.5109567e+03   2.6638342e-05
   1.5130976e+03   2.6331986e-05
   1.5152386e+03   2.6029153e-05
   1.5173795e+03   2.5729803e-05
   1.5195205e+03   2.5433896e-05
   1.5216614e+03   2.5141392e-05
   1.5238023e+03   2.4852252e-05
   1.5259433e+03   2.4566437e-05
   1.5280842e+03   2.4283909e-05
   1.5302251e+03   2.4004630e-05
   1.5323661e+03   2.3728563e-05
   1.5345070e+03   2.3455671e-05
   1.5366479e+03   2.3185917e-05
   1.5387889e+03   2.2919266e-05
   1.5409298e+03   2.2655682e-05
   1.5430708e+03   2.2395128e-05
   1.5452117e+03   2.2137572e-05
   1.5473526e+03   2.1882977e-05
   1.5494936e+03   2.1631310e-05
   1.5516345e+03   2.1382538e-05
   1.5537754e+03   2.1136627e-05
   1.5559164e+03   2.0893544e-05
   1.5580573e+03   2.0653256e-05
   1.5601982e+03   2.0415732e-05
   1.5623392e+03   2.0180939e-05
   1.5644801e+03   1.9948847e-05
   1.5666210e+03   1.9719424e-05
   1.5687620e+03   1.9492639e-05
   1.5709029e+03   1.9268463e-05
   1.5730439e+03   1.9046865e-05
   1.5751848e+03   1.8827815e-05
   1.5773257e+03   1.8611284e-05
   1.5794667e+03   1.8397244e-05
   1.5816076e+03   1.8185665e-05
   1.5837485e+03   1.7976520e-05
   1.5858895e+03   1.7769780e-05
   1.5880304e+03   1.7565417e-05
   1.5901713e+03   1.7363405e-05
   1.5923123e+03   1.7163716e-05
   1.5944532e+03   1.6966323e-05
   1.5965941e+03   1.6771201e-05
   1.5987351e+03   1.6578323e-05
   1.6008760e+03   1.6387663e-05
   1.6030170e+03   1.6199195e-05
   1.6051579e+03   1.6012895e-05
   1.6072988e+03   1.5828738e-05
   1.6094398e+03   1.5646698e-05
   1.6115807e+03   1.5466752e-05
   1.6137216e+03   1.5288876e-05
   1.6158626e+03   1.5113045e-05
   1.6180035e+03   1.4939237e-05
   1.6201444e+03   1.4767427e-05
   1.6222854e+03   1.4597593e-05
   1.6244263e+03   1.4429713e-05
   1.6265673e+03   1.4263763e-05
   1.6287082e+03   1.4099721e-05
   1.6308491e+03   1.3937566e-05
   1.6329901e+03   1.3777277e-05
   1.6351310e+03   1.3618830e-05
   1.6372719e+03   1.3462206e-05
   1.6394129e+03   1.3307383e-05
   1.6415538e+03   1.3154340e-05
   1.6436947e+03   1.3003058e-05
   1.6458357e+03   1.2853515e-05
   1.6479766e+03   1.2705693e-05
   1.6501175e+03   1.2559570e-05
   1.6522585e+03   1.2415128e-05
   1.6543994e+03   1.2272347e-05
   1.6565404e+03   1.2131208e-05
   1.6586813e+03   1.1991692e-05
   1.6608222e+03   1.1853781e-05
   1.6629632e+03   1.1717456e-05
   1.6651041e+03   1.1582698e-05
   1.6672450e+03   1.1449491e-05
   1.6693860e+03   1.1317815e-05
   1.6715269e+03   1.1187654e-05
   1.6736678e+03   1.1058989e-05
   1.6758088e+03   1.0931805e-05
   1.6779497e+03   1.0806083e-05
   1.6800907e+03   1.0681807e-05
   1.6822316e+03   1.0558960e-05
   1.6843725e+03   1.0437526e-05
   1.6865135e+03   1.0317488e-05
   1.6886544e+03   1.0198831e-05
   1.6907953e+03   1.0081539e-05
   1.6929363e+03   9.9655955e-06
   1.6950772e+03   9.8509855e-06
   1.6972181e+03   9.7376936e-06
   1.6993591e+03   9.6257046e-06
   1.7015000e+03   9.5150035e-06
   1.7036409e+03   9.4055756e-06
   1.7057819e+03   9.2974061e-06
   1.7079228e+03   9.1904807e-06
   1.7100638e+03   9.0847849e-06
   1.7122047e+03   8.9803047e-06
   1.7143456e+03   8.8770261e-06
   1.7164866e+03   8.7749353e-06
   1.7186275e+03   8.6740185e-06
   1.7207684e+03   8.5742624e-06
   1.7229094e+03   8.4756535e-06
   1.7250503e+03   8.3781787e-06
   1.7271912e+03   8.2818249e-06
   1.7293322e+03   8.1865792e-06
   1.7314731e+03   8.0924289e-06
   1.7336140e+03   7.9993614e-06
   1.7357550e+03   7.9073642e-06
   1.7378959e+03   7.8164250e-06
   1.7400369e+03   7.7265317e-06
   1.7421778e+03   7.6376722e-06
   1.7443187e+03   7.5498346e-06
   1.7464597e+03   7.4630072e-06
   1.7486006e+03   7.3771784e-06
   1.7507415e+03   7.2923367e-06
   1.7528825e+03   7.2084706e-06
   1.7550234e+03   7.1255691e-06
   1.7571643e+03   7.0436210e-06
   1.7593053e+03   6.9626154e-06
   1.7614462e+03   6.8825414e-06
   1.7635872e+03   6.8033882e-06
   1.7657281e+03   6.7251454e-06
   1.7678690e+03   6.6478024e-06
   1.7700100e+03   6.5713489e-06
   1.7721509e+03   6.4957747e-06
   1.7742918e+03   6.4210696e-06
   1.7764328e+03   6.3472236e-06
   1.7785737e+03   6.2742270e-06
   1.7807146e+03   6.2020698e-06
   1.7828556e+03   6.1307425e-06
   1.7849965e+03   6.0602355e-06
   1.7871374e+03   5.9905393e-06
   1.7892784e+03   5.9216447e-06
   1.7914193e+03   5.8535424e-06
   1.7935603e+03   5.7862234e-06
   1.7957012e+03   5.7196785e-06
   1.7978421e+03   5.6538990e-06
   1.7999831e+03   5.5888759e-06
   1.8021240e+03   5.5246007e-06
   1.8042649e+03   5.4610646e-06
   1.8064059e+03   5.3982593e-06
   1.8085468e+03   5.3361762e-06
   1.8106877e+03   5.2748072e-06
   1.8128287e+03   5.2141439e-06
   1.8149696e+03   5.1541783e-06
   1.8171106e+03   5.0949023e-06
   1.8192515e+03   5.0363080e-06
   1.8213924e+03   4.9783876e-06
   1.8235334e+03   4.9211334e-06
   1.8256743e+03   4.8645375e-06
   1.8278152e+03   4.8085926e-06
   1.8299562e+03   4.7532910e-06
   1.8320971e+03   4.6986255e-06
   1.8342380e+03   4.6445886e-06
   1.8363790e+03   4.5911732e-06
   1.8385199e+03   4.5383721e-06
   1.8406608e+03   4.4861783e-06
   1.8428018e+03   4.4345847e-06
   1.8449427e+03   4.3835844e-06
   1.8470837e+03   4.3331707e-06
   1.8492246e+03   4.2833368e-06
   1.8513655e+03   4.2340760e-06
   1.8535065e+03   4.1853817e-06
   1.8556474e+03   4.1372475e-06
   1.8577883e+03   4.0896668e-06
   1.8599293e+03   4.0426333e-06
   1.8620702e+03   3.9961407e-06
   1.8642111e+03   3.9501828e-06
   1.8663521e+03   3.9047535e-06
   1.8684930e+03   3.8598466e-06
   1.8706339e+03   3.8154562e-06
   1.8727749e+03   3.7715762e-06
   1.8749158e+03   3.7282010e-06
   1.8770568e+03   3.6853245e-06
   1.8791977e+03   3.6429412e-06
   1.8813386e+03   3.6010453e-06
   1.8834796e+03   3.5596313e-06
   1.8856205e+03   3.5186935e-06
   1.8877614e+03   3.4782265e-06
   1.8899024e+03   3.4382249e-06
   1.8920433e+03   3.3986834e-06
   1.8941842e+03   3.3595966e-06
   1.8963252e+03   3.3209593e-06
   1.8984661e+03   3.2827664e-06
   1.9006071e+03   3.2450127e-06
   1.9027480e+03   3.2076933e-06
   1.9048889e+03   3.1708030e-06
   1.9070299e+03   3.1343369e-06
   1.9091708e+03   3.0982903e-06
   1.9113117e+03   3.0626582e-06
   1.9134527e+03   3.0274359e-06
   1.9155936e+03   2.9926186e-06
   1.9177345e+03   2.9582018e-06
   1.9198755e+03   2.9241808e-06
   1.9220164e+03   2.8905511e-06
   1.9241573e+03   2.8573081e-06
   1.9262983e+03   2.8244474e-06
   1.9284392e+03   2.7919647e-06
   1.9305802e+03   2.7598555e-06
   1.9327211e+03   2.7281156e-06
   1.9348620e+03   2.6967407e-06
   1.9370030e+03   2.6657267e-06
   1.9391439e+03   2.6350693e-06
   1.9412848e+03   2.6047645e-06
   1.9434258e+03   2.5748082e-06
   1.9455667e+03   2.5451965e-06
   1.9477076e+03   2.5159253e-06
   1.9498486e+03   2.4869907e-06
   1.9519895e+03   2.4583889e-06
   1.9541305e+03   2.4301160e-06
   1.9562714e+03   2.4021683e-06
   1.9584123e+03   2.3745420e-06
   1.9605533e+03   2.3472334e-06
   1.9626942e+03   2.3202389e-06
   1.9648351e+03   2.2935549e-06
   1.9669761e+03   2.2671777e-06
   1.9691170e+03   2.2411039e-06
   1.9712579e+03   2.2153299e-06
   1.9733989e+03   2.1898523e-06
   1.9755398e+03   2.1646678e-06
   1.9776807e+03   2.1397729e-06
   1.9798217e+03   2.1151643e-06
   1.9819626e+03   2.0908387e-06
   1.9841036e+03   2.0667929e-06
   1.9862445e+03   2.0430236e-06
   1.9883854e+03   2.0195276e-06
   1.9905264e+03   1.9963019e-06
   1.9926673e+03   1.9733433e-06
   1.9948082e+03   1.9506487e-06
   1.9969492e+03   1.9282152e-06
   1.9990901e+03   1.9060396e-06
   2.0012310e+03   1.8841191e-06
   2.0033720e+03   1.8624506e-06
   2.0055129e+03   1.8410314e-06
   2.0076538e+03   1.8198585e-06
   2.0097948e+03   1.7989291e-06
   2.0119357e+03   1.7782404e-06
   2.0140767e+03   1.7577896e-06
   2.0162176e+03   1.7375740e-06
   2.0183585e+03   1.7175909e-06
   2.0204995e+03   1.6978377e-06
   2.0226404e+03   1.6783116e-06
   2.0247813e+03   1.6590100e-06
   2.0269223e+03   1.6399305e-06
   2.0290632e+03   1.6210703e-06
   2.0312041e+03   1.6024271e-06
   2.0333451e+03   1.5839983e-06
   2.0354860e+03   1.5657814e-06
   2.0376270e+03   1.5477740e-06
   2.0397679e+03   1.5299738e-06
   2.0419088e+03   1.5123782e-06
   2.0440498e+03   1.4949850e-06
   2.0461907e+03   1.4777918e-06
   2.0483316e+03   1.4607964e-06
   2.0504726e+03   1.4439964e-06
   2.0526135e+03   1.4273896e-06
   2.0547544e+03   1.4109738e-06
   2.0568954e+03   1.3947468e-06
   2.0590363e+03   1.3787064e-06
   2.0611772e+03   1.3628505e-06
   2.0633182e+03   1.3471770e-06
   2.0654591e+03   1.3316837e-06
   2.0676001e+03   1.3163685e-06
   2.0697410e+03   1.3012296e-06
   2.0718819e+03   1.2862647e-06
   2.0740229e+03   1.2714719e-06
   2.0761638e+03   1.2568493e-06
   2.0783047e+03   1.2423948e-06
   2.0804457e+03   1.2281065e-06
   2.0825866e+03   1.2139826e-06
   2.0847275e+03   1.2000211e-06
   2.0868685e+03   1.1862202e-06
   2.0890094e+03   1.1725780e-06
   2.0911504e+03   1.1590927e-06
   2.0932913e+03   1.1457625e-06
   2.0954322e+03   1.1325855e-06
   2.0975732e+03   1.1195602e-06
   2.0997141e+03   1.1066846e-06
   2.1018550e+03   1.0939571e-06
   2.1039960e+03   1.0813760e-06
   2.1061369e+03   1.0689395e-06
   2.1082778e+03   1.0566461e-06
   2.1104188e+03   1.0444941e-06
   2.1125597e+03   1.0324818e-06
   2.1147006e+03   1.0206077e-06
   2.1168416e+03   1.0088701e-06
   2.1189825e+03   9.9726753e-07
   2.1211235e+03   9.8579839e-07
   2.1232644e+03   9.7446115e-07
   2.1254053e+03   9.6325429e-07
   2.1275463e+03   9.5217632e-07
   2.1296872e+03   9.4122575e-07
   2.1318281e+03   9.3040112e-07
   2.1339691e+03   9.1970098e-07
   2.1361100e+03   9.0912390e-07
   2.1382509e+03   8.9866846e-07
   2.1403919e+03   8.8833326e-07
   2.1425328e+03   8.7811692e-07
   2.1446737e+03   8.6801808e-07
   2.1468147e+03   8.5803538e-07
   2.1489556e+03   8.4816748e-07
   2.1510966e+03   8.3841308e-07
   2.1532375e+03   8.2877085e-07
   2.1553784e+03   8.1923951e-07
   2.1575194e+03   8.0981779e-07
   2.1596603e+03   8.0050443e-07
   2.1618012e+03   7.9129818e-07
   2.1639422e+03   7.8219780e-07
   2.1660831e+03   7.7320208e-07
   2.1682240e+03   7.6430982e-07
   2.1703650e+03   7.5551982e-07
   2.1725059e+03   7.4683091e-07
   2.1746469e+03   7.3824193e-07
   2.1767878e+03   7.2975173e-07
   2.1789287e+03   7.2135917e-07
   2.1810697e+03   7.1306313e-07
   2.1832106e+03   7.0486250e-07
   2.1853515e+03   6.9675618e-07
   2.1874925e+03   6.8874309e-07
   2.1896334e+03   6.8082215e-07
   2.1917743e+03   6.7299231e-07
   2.1939153e+03   6.6525252e-07
   2.1960562e+03   6.5760174e-07
   2.1981971e+03   6.5003894e-07
   2.2003381e+03   6.4256313e-07
   2.2024790e+03   6.3517329e-07
   2.2046200e+03   6.2786843e-07
   2.2067609e+03   6.2064759e-07
   2.2089018e+03   6.1350979e-07
   2.2110428e+03   6.0645408e-07
   2.2131837e+03   5.9947951e-07
   2.2153246e+03   5.9258516e-07
   2.2174656e+03   5.8577009e-07
   2.2196065e+03   5.7903340e-07
   2.2217474e+03   5.7237419e-07
   2.2238884e+03   5.6579156e-07
   2.2260293e+03   5.5928464e-07
   2.2281703e+03   5.5285255e-07
   2.2303112e+03   5.4649443e-07
   2.2324521e+03   5.4020943e-07
   2.2345931e+03   5.3399672e-07
   2.2367340e+03   5.2785545e-07
   2.2388749e+03   5.2178482e-07
   2.2410159e+03   5.1578399e-07
   2.2431568e+03   5.0985219e-07
   2.2452977e+03   5.0398860e-07
   2.2474387e+03   4.9819244e-07
   2.2495796e+03   4.9246295e-07
   2.2517205e+03   4.8679934e-07
   2.2538615e+03   4.8120087e-07
   2.2560024e+03   4.7566679e-07
   2.2581434e+03   4.7019635e-07
   2.2602843e+03   4.6478883e-07
   2.2624252e+03   4.5944349e-07
   2.2645662e+03   4.5415963e-07
   2.2667071e+03   4.4893654e-07
   2.2688480e+03   4.4377351e-07
   2.2709890e+03   4.3866986e-07
   2.2731299e+03   4.3362491e-07
   2.2752708e+03   4.2863798e-07
   2.2774118e+03   4.2370840e-07
   2.2795527e+03   4.1883551e-07
   2.2816936e+03   4.1401867e-07
   2.2838346e+03   4.0925722e-07
   2.2859755e+03   4.0455053e-07
   2.2881165e+03   3.9989797e-07
   2.2902574e+03   3.9529891e-07
   2.2923983e+03   3.9075275e-07
   2.2945393e+03   3.8625887e-07
   2.2966802e+03   3.8181668e-07
   2.2988211e+03   3.7742557e-07
   2.3009621e+03   3.7308496e-07
   2.3031030e+03   3.6879427e-07
   2.3052439e+03   3.6455293e-07
   2.3073849e+03   3.6036036e-07
   2.3095258e+03   3.5621601e-07
   2.3116668e+03   3.5211933e-07
   2.3138077e+03   3.4806975e-07
   2.3159486e+03   3.4406675e-07
   2.3180896e+03   3.4010979e-07
   2.3202305e+03   3.3619833e-07
   2.3223714e+03   3.3233186e-07
   2.3245124e+03   3.2850986e-07
   2.3266533e+03   3.2473181e-07
   2.3287942e+03   3.2099721e-07
   2.3309352e+03   3.1730556e-07
   2.3330761e+03   3.1365636e-07
   2.3352170e+03   3.1004914e-07
   2.3373580e+03   3.0648340e-07
   2.3394989e+03   3.0295866e-07
   2.3416399e+03   2.9947447e-07
   2.3437808e+03   2.9603034e-07
   2.3459217e+03   2.9262582e-07
   2.3480627e+03   2.8926046e-07
   2.3502036e+03   2.8593380e-07
   2.3523445e+03   2.8264540e-07
   2.3544855e+03   2.7939482e-07
   2.3566264e+03   2.7618162e-07
   2.3587673e+03   2.7300537e-07
   2.3609083e+03   2.6986566e-07
   2.3630492e+03   2.6676205e-07
   2.3651902e+03   2.6369413e-07
   2.3673311e+03   2.6066150e-07
   2.3694720e+03   2.5766375e-07
   2.3716130e+03   2.5470047e-07
   2.3737539e+03   2.5177127e-07
   2.3758948e+03   2.4887575e-07
   2.3780358e+03   2.4601354e-07
   2.3801767e+03   2.4318425e-07
   2.3823176e+03   2.4038749e-07
   2.3844586e+03   2.3762290e-07
   2.3865995e+03   2.3489010e-07
   2.3887404e+03   2.3218873e-07
   2.3908814e+03   2.2951843e-07
   2.3930223e+03   2.2687883e-07
   2.3951633e+03   2.2426960e-07
   2.3973042e+03   2.2169037e-07
   2.3994451e+03   2.1914081e-07
   2.4015861e+03   2.1662056e-07
   2.4037270e+03   2.1412930e-07
   2.4058679e+03   2.1166669e-07
   2.4080089e+03   2.0923241e-07
   2.4101498e+03   2.0682612e-07
   2.4122907e+03   2.0444750e-07
   2.4144317e+03   2.0209624e-07
   2.4165726e+03   1.9977201e-07
   2.4187135e+03   1.9747452e-07
   2.4208545e+03   1.9520345e-07
   2.4229954e+03   1.9295850e-07
   2.4251364e+03   1.9073937e-07
   2.4272773e+03   1.8854576e-07
   2.4294182e+03   1.8637738e-07
   2.4315592e+03   1.8423393e-07
   2.4337001e+03   1.8211514e-07
   2.4358410e+03   1.8002071e-07
   2.4379820e+03   1.7795037e-07
   2.4401229e+03   1.7590384e-07
   2.4422638e+03   1.7388084e-07
   2.4444048e+03   1.7188112e-07
   2.4465457e+03   1.6990439e-07
   2.4486867e+03   1.6795039e-07
   2.4508276e+03   1.6601886e-07
   2.4529685e+03   1.6410955e-07
   2.4551095e+03   1.6222220e-07
   2.4572504e+03   1.6035655e-07
   2.4593913e+03   1.5851236e-07
   2.4615323e+03   1.5668938e-07
   2.4636732e+03   1.5488736e-07
   2.4658141e+03   1.5310607e-07
   2.4679551e+03   1.5134526e-07
   2.4700960e+03   1.4960471e-07
   2.4722369e+03   1.4788417e-07
   2.4743779e+03   1.4618342e-07
   2.4765188e+03   1.4450222e-07
   2.4786598e+03   1.4284037e-07
   2.4808007e+03   1.4119762e-07
   2.4829416e+03   1.3957377e-07
   2.4850826e+03   1.3796859e-07
   2.4872235e+03   1.3638187e-07
   2.4893644e+03   1.3481340e-07
   2.4915054e+03   1.3326297e-07
   2.4936463e+03   1.3173037e-07
   2.4957872e+03   1.3021540e-07
   2.4979282e+03   1.2871785e-07
   2.5000691e+03   1.2723752e-07
   2.5022101e+03   1.2577422e-07
   2.5043510e+03   1.2432774e-07
   2.5064919e+03   1.2289790e-07
   2.5086329e+03   1.2148451e-07
   2.5107738e+03   1.2008737e-07
   2.5129147e+03   1.1870629e-07
   2.5150557e+03   1.1734110e-07
   2.5171966e+03   1.1599161e-07
   2.5193375e+03   1.1465764e-07
   2.5214785e+03   1.1333902e-07
   2.5236194e+03   1.1203555e-07
   2.5257603e+03   1.1074708e-07
   2.5279013e+03   1.0947343e-07
   2.5300422e+03   1.0821442e-07
   2.5321832e+03   1.0696989e-07
   2.5343241e+03   1.0573968e-07
   2.5364650e+03   1.0452361e-07
   2.5386060e+03   1.0332153e-07
   2.5407469e+03   1.0213327e-07
   2.5428878e+03   1.0095868e-07
   2.5450288e+03   9.9797601e-08
   2.5471697e+03   9.8649872e-08
   2.5493106e+03   9.7515343e-08
   2.5514516e+03   9.6393861e-08
   2.5535925e+03   9.5285277e-08
   2.5557334e+03   9.4189442e-08
   2.5578744e+03   9.3106210e-08
   2.5600153e+03   9.2035436e-08
   2.5621563e+03   9.0976976e-08
   2.5642972e+03   8.9930689e-08
   2.5664381e+03   8.8896435e-08
   2.5685791e+03   8.7874076e-08
   2.5707200e+03   8.6863474e-08
