   3.5721000e+02   1.7911301e-06
   3.5881106e+02   2.0429695e-06
   3.6041211e+02   2.3273850e-06
   3.6201317e+02   2.6481741e-06
   3.6361422e+02   3.0095203e-06
   3.6521528e+02   3.4160235e-06
   3.6681634e+02   3.8727345e-06
   3.6841739e+02   4.3851892e-06
   3.7001845e+02   4.9594458e-06
   3.7161950e+02   5.6021231e-06
   3.7322056e+02   6.3204397e-06
   3.7482162e+02   7.1222562e-06
   3.7642267e+02   8.0161168e-06
   3.7802373e+02   9.0112935e-06
   3.7962478e+02   1.0117831e-05
   3.8122584e+02   1.1346591e-05
   3.8282690e+02   1.2709301e-05
   3.8442795e+02   1.4218597e-05
   3.8602901e+02   1.5888071e-05
   3.8763007e+02   1.7732321e-05
   3.8923112e+02   1.9766990e-05
   3.9083218e+02   2.2008815e-05
   3.9243323e+02   2.4475668e-05
   3.9403429e+02   2.7186597e-05
   3.9563535e+02   3.0161865e-05
   3.9723640e+02   3.3422986e-05
   3.9883746e+02   3.6992756e-05
   4.0043851e+02   4.0895282e-05
   4.0203957e+02   4.5156003e-05
   4.0364063e+02   4.9801713e-05
   4.0524168e+02   5.4860568e-05
   4.0684274e+02   6.0362094e-05
   4.0844379e+02   6.6337188e-05
   4.1004485e+02   7.2818102e-05
   4.1164591e+02   7.9838432e-05
   4.1324696e+02   8.7433086e-05
   4.1484802e+02   9.5638252e-05
   4.1644907e+02   1.0449135e-04
   4.1805013e+02   1.1403096e-04
   4.1965119e+02   1.2429678e-04
   4.2125224e+02   1.3532952e-04
   4.2285330e+02   1.4717083e-04
   4.2445435e+02   1.5986317e-04
   4.2605541e+02   1.7344971e-04
   4.2765647e+02   1.8797420e-04
   4.2925752e+02   2.0348079e-04
   4.3085858e+02   2.2001392e-04
   4.3245963e+02   2.3761814e-04
   4.3406069e+02   2.5633789e-04
   4.3566175e+02   2.7621734e-04
   4.3726280e+02   2.9730016e-04
   4.3886386e+02   3.1962934e-04
   4.4046491e+02   3.4324691e-04
   4.4206597e+02   3.6819373e-04
   4.4366703e+02   3.9450924e-04
   4.4526808e+02   4.2223120e-04
   4.4686914e+02   4.5139543e-04
   4.4847020e+02   4.8203556e-04
   4.5007125e+02   5.1418272e-04
   4.5167231e+02   5.4786532e-04
   4.5327336e+02   5.8310875e-04
   4.5487442e+02   6.1993513e-04
   4.5647548e+02   6.5836301e-04
   4.5807653e+02   6.9840716e-04
   4.5967759e+02   7.4007830e-04
   4.6127864e+02   7.8338283e-04
   4.6287970e+02   8.2832265e-04
   4.6448076e+02   8.7489493e-04
   4.6608181e+02   9.2309187e-04
   4.6768287e+02   9.7290061e-04
   4.6928392e+02   1.0243030e-03
   4.7088498e+02   1.0772754e-03
   4.7248604e+02   1.1317888e-03
   4.7408709e+02   1.1878084e-03
   4.7568815e+02   1.2452939e-03
   4.7728920e+02   1.3041992e-03
   4.7889026e+02   1.3644725e-03
   4.8049132e+02   1.4260563e-03
   4.8209237e+02   1.4888876e-03
   4.8369343e+02   1.5528976e-03
   4.8529448e+02   1.6180124e-03
   4.8689554e+02   1.6841526e-03
   4.8849660e+02   1.7512339e-03
   4.9009765e+02   1.8191671e-03
   4.9169871e+02   1.8878582e-03
   4.9329976e+02   1.9572092e-03
   4.9490082e+02   2.0271179e-03
   4.9650188e+02   2.0974784e-03
   4.9810293e+02   2.1681815e-03
   4.9970399e+02   2.2391151e-03
   5.0130505e+02   2.3101645e-03
   5.0290610e+02   2.3812130e-03
   5.0450716e+02   2.4521419e-03
   5.0610821e+02   2.5228318e-03
   5.0770927e+02   2.5931621e-03
   5.0931033e+02   2.6630120e-03
   5.1091138e+02   2.7322612e-03
   5.1251244e+02   2.8007896e-03
   5.1411349e+02   2.8684785e-03
   5.1571455e+02   2.9352110e-03
   5.1731561e+02   3.0008719e-03
   5.1891666e+02   3.0653488e-03
   5.2051772e+02   3.1285324e-03
   5.2211877e+02   3.1903165e-03
   5.2371983e+02   3.2505989e-03
   5.2532089e+02   3.3092818e-03
   5.2692194e+02   3.3662716e-03
   5.2852300e+02   3.4214799e-03
   5.3012405e+02   3.4748234e-03
   5.3172511e+02   3.5262245e-03
   5.3332617e+02   3.5756112e-03
   5.3492722e+02   3.6229174e-03
   5.3652828e+02   3.6680833e-03
   5.3812933e+02   3.7110554e-03
   5.3973039e+02   3.7517867e-03
   5.4133145e+02   3.7902365e-03
   5.4293250e+02   3.8263708e-03
   5.4453356e+02   3.8601621e-03
   5.4613461e+02   3.8915896e-03
   5.4773567e+02   3.9206388e-03
   5.4933673e+02   3.9473018e-03
   5.5093778e+02   3.9715767e-03
   5.5253884e+02   3.9934680e-03
   5.5413989e+02   4.0129862e-03
   5.5574095e+02   4.0301474e-03
   5.5734201e+02   4.0449733e-03
   5.5894306e+02   4.0574911e-03
   5.6054412e+02   4.0677328e-03
   5.6214518e+02   4.0757353e-03
   5.6374623e+02   4.0815400e-03
   5.6534729e+02   4.0851925e-03
   5.6694834e+02   4.0867422e-03
   5.6854940e+02   4.0862422e-03
   5.7015046e+02   4.0837485e-03
   5.7175151e+02   4.0793203e-03
   5.7335257e+02   4.0730193e-03
   5.7495362e+02   4.0649093e-03
   5.7655468e+02   4.0550563e-03
   5.7815574e+02   4.0435274e-03
   5.7975679e+02   4.0303915e-03
   5.8135785e+02   4.0157180e-03
   5.8295890e+02   3.9995774e-03
   5.8455996e+02   3.9820403e-03
   5.8616102e+02   3.9631775e-03
   5.8776207e+02   3.9430596e-03
   5.8936313e+02   3.9217569e-03
   5.9096418e+02   3.8993391e-03
   5.9256524e+02   3.8758749e-03
   5.9416630e+02   3.8514322e-03
   5.9576735e+02   3.8260774e-03
   5.9736841e+02   3.7998759e-03
   5.9896946e+02   3.7728912e-03
   6.0057052e+02   3.7451855e-03
   6.0217158e+02   3.7168188e-03
   6.0377263e+02   3.6878497e-03
   6.0537369e+02   3.6583345e-03
   6.0697474e+02   3.6283276e-03
   6.0857580e+02   3.5978813e-03
   6.1017686e+02   3.5670457e-03
   6.1177791e+02   3.5358690e-03
   6.1337897e+02   3.5043970e-03
   6.1498003e+02   3.4726733e-03
   6.1658108e+02   3.4407394e-03
   6.1818214e+02   3.4086346e-03
   6.1978319e+02   3.3763963e-03
   6.2138425e+02   3.3440593e-03
   6.2298531e+02   3.3116569e-03
   6.2458636e+02   3.2792201e-03
   6.2618742e+02   3.2467777e-03
   6.2778847e+02   3.2143571e-03
   6.2938953e+02   3.1819835e-03
   6.3099059e+02   3.1496803e-03
   6.3259164e+02   3.1174694e-03
   6.3419270e+02   3.0853709e-03
   6.3579375e+02   3.0534034e-03
   6.3739481e+02   3.0215838e-03
   6.3899587e+02   2.9899277e-03
   6.4059692e+02   2.9584494e-03
   6.4219798e+02   2.9271618e-03
   6.4379903e+02   2.8960767e-03
   6.4540009e+02   2.8652045e-03
   6.4700115e+02   2.8345548e-03
   6.4860220e+02   2.8041360e-03
   6.5020326e+02   2.7739555e-03
   6.5180431e+02   2.7440201e-03
   6.5340537e+02   2.7143355e-03
   6.5500643e+02   2.6849066e-03
   6.5660748e+02   2.6557378e-03
   6.5820854e+02   2.6268328e-03
   6.5980959e+02   2.5981944e-03
   6.6141065e+02   2.5698253e-03
   6.6301171e+02   2.5417272e-03
   6.6461276e+02   2.5139018e-03
   6.6621382e+02   2.4863499e-03
   6.6781487e+02   2.4590723e-03
   6.6941593e+02   2.4320692e-03
   6.7101699e+02   2.4053405e-03
   6.7261804e+02   2.3788860e-03
   6.7421910e+02   2.3527049e-03
   6.7582016e+02   2.3267965e-03
   6.7742121e+02   2.3011596e-03
   6.7902227e+02   2.2757930e-03
   6.8062332e+02   2.2506953e-03
   6.8222438e+02   2.2258649e-03
   6.8382544e+02   2.2013001e-03
   6.8542649e+02   2.1769989e-03
   6.8702755e+02   2.1529596e-03
   6.8862860e+02   2.1291800e-03
   6.9022966e+02   2.1056581e-03
   6.9183072e+02   2.0823917e-03
   6.9343177e+02   2.0593785e-03
   6.9503283e+02   2.0366163e-03
   6.9663388e+02   2.0141028e-03
   6.9823494e+02   1.9918357e-03
   6.9983600e+02   1.9698125e-03
   7.0143705e+02   1.9480309e-03
   7.0303811e+02   1.9264885e-03
   7.0463916e+02   1.9051829e-03
   7.0624022e+02   1.8841116e-03
   7.0784128e+02   1.8632724e-03
   7.0944233e+02   1.8426627e-03
   7.1104339e+02   1.8222802e-03
   7.1264444e+02   1.8021225e-03
   7.1424550e+02   1.7821871e-03
   7.1584656e+02   1.7624718e-03
   7.1744761e+02   1.7429741e-03
   7.1904867e+02   1.7236918e-03
   7.2064972e+02   1.7046224e-03
   7.2225078e+02   1.6857638e-03
   7.2385184e+02   1.6671136e-03
   7.2545289e+02   1.6486695e-03
   7.2705395e+02   1.6304293e-03
   7.2865501e+02   1.6123907e-03
   7.3025606e+02   1.5945517e-03
   7.3185712e+02   1.5769098e-03
   7.3345817e+02   1.5594631e-03
   7.3505923e+02   1.5422094e-03
   7.3666029e+02   1.5251464e-03
   7.3826134e+02   1.5082722e-03
   7.3986240e+02   1.4915847e-03
   7.4146345e+02   1.4750817e-03
   7.4306451e+02   1.4587613e-03
   7.4466557e+02   1.4426215e-03
   7.4626662e+02   1.4266602e-03
   7.4786768e+02   1.4108755e-03
   7.4946873e+02   1.3952654e-03
   7.5106979e+02   1.3798280e-03
   7.5267085e+02   1.3645614e-03
   7.5427190e+02   1.3494637e-03
   7.5587296e+02   1.3345330e-03
   7.5747401e+02   1.3197676e-03
   7.5907507e+02   1.3051655e-03
   7.6067613e+02   1.2907249e-03
   7.6227718e+02   1.2764441e-03
   7.6387824e+02   1.2623214e-03
   7.6547929e+02   1.2483548e-03
   7.6708035e+02   1.2345428e-03
   7.6868141e+02   1.2208836e-03
   7.7028246e+02   1.2073756e-03
   7.7188352e+02   1.1940170e-03
   7.7348457e+02   1.1808062e-03
   7.7508563e+02   1.1677416e-03
   7.7668669e+02   1.1548215e-03
   7.7828774e+02   1.1420443e-03
   7.7988880e+02   1.1294086e-03
   7.8148985e+02   1.1169126e-03
   7.8309091e+02   1.1045549e-03
   7.8469197e+02   1.0923339e-03
   7.8629302e+02   1.0802481e-03
   7.8789408e+02   1.0682961e-03
   7.8949514e+02   1.0564763e-03
   7.9109619e+02   1.0447873e-03
   7.9269725e+02   1.0332276e-03
   7.9429830e+02   1.0217957e-03
   7.9589936e+02   1.0104904e-03
   7.9750042e+02   9.9931019e-04
   7.9910147e+02   9.8825366e-04
   8.0070253e+02   9.7731945e-04
   8.0230358e+02   9.6650623e-04
   8.0390464e+02   9.5581264e-04
   8.0550570e+02   9.4523737e-04
   8.0710675e+02   9.3477910e-04
   8.0870781e+02   9.2443655e-04
   8.1030886e+02   9.1420843e-04
   8.1190992e+02   9.0409347e-04
   8.1351098e+02   8.9409043e-04
   8.1511203e+02   8.8419806e-04
   8.1671309e+02   8.7441514e-04
   8.1831414e+02   8.6474047e-04
   8.1991520e+02   8.5517283e-04
   8.2151626e+02   8.4571106e-04
   8.2311731e+02   8.3635397e-04
   8.2471837e+02   8.2710041e-04
   8.2631942e+02   8.1794923e-04
   8.2792048e+02   8.0889930e-04
   8.2952154e+02   7.9994950e-04
   8.3112259e+02   7.9109873e-04
   8.3272365e+02   7.8234588e-04
   8.3432470e+02   7.7368987e-04
   8.3592576e+02   7.6512963e-04
   8.3752682e+02   7.5666411e-04
   8.3912787e+02   7.4829225e-04
   8.4072893e+02   7.4001302e-04
   8.4232998e+02   7.3182539e-04
   8.4393104e+02   7.2372835e-04
   8.4553210e+02   7.1572090e-04
   8.4713315e+02   7.0780204e-04
   8.4873421e+02   6.9997080e-04
   8.5033527e+02   6.9222621e-04
   8.5193632e+02   6.8456730e-04
   8.5353738e+02   6.7699313e-04
   8.5513843e+02   6.6950277e-04
   8.5673949e+02   6.6209528e-04
   8.5834055e+02   6.5476974e-04
   8.5994160e+02   6.4752526e-04
   8.6154266e+02   6.4036093e-04
   8.6314371e+02   6.3327587e-04
   8.6474477e+02   6.2626920e-04
   8.6634583e+02   6.1934005e-04
   8.6794688e+02   6.1248757e-04
   8.6954794e+02   6.0571090e-04
   8.7114899e+02   5.9900921e-04
   8.7275005e+02   5.9238168e-04
   8.7435111e+02   5.8582747e-04
   8.7595216e+02   5.7934577e-04
   8.7755322e+02   5.7293579e-04
   8.7915427e+02   5.6659673e-04
   8.8075533e+02   5.6032781e-04
   8.8235639e+02   5.5412825e-04
   8.8395744e+02   5.4799728e-04
   8.8555850e+02   5.4193415e-04
   8.8715955e+02   5.3593810e-04
   8.8876061e+02   5.3000839e-04
   8.9036167e+02   5.2414429e-04
   8.9196272e+02   5.1834507e-04
   8.9356378e+02   5.1261001e-04
   8.9516483e+02   5.0693841e-04
   8.9676589e+02   5.0132955e-04
   8.9836695e+02   4.9578276e-04
   8.9996800e+02   4.9029734e-04
   9.0156906e+02   4.8487260e-04
   9.0317012e+02   4.7950789e-04
   9.0477117e+02   4.7420253e-04
   9.0637223e+02   4.6895588e-04
   9.0797328e+02   4.6376727e-04
   9.0957434e+02   4.5863607e-04
   9.1117540e+02   4.5356165e-04
   9.1277645e+02   4.4854336e-04
   9.1437751e+02   4.4358060e-04
   9.1597856e+02   4.3867275e-04
   9.1757962e+02   4.3381920e-04
   9.1918068e+02   4.2901935e-04
   9.2078173e+02   4.2427261e-04
   9.2238279e+02   4.1957839e-04
   9.2398384e+02   4.1493610e-04
   9.2558490e+02   4.1034518e-04
   9.2718596e+02   4.0580505e-04
   9.2878701e+02   4.0131516e-04
   9.3038807e+02   3.9687494e-04
   9.3198912e+02   3.9248385e-04
   9.3359018e+02   3.8814134e-04
   9.3519124e+02   3.8384688e-04
   9.3679229e+02   3.7959993e-04
   9.3839335e+02   3.7539997e-04
   9.3999440e+02   3.7124649e-04
   9.4159546e+02   3.6713895e-04
   9.4319652e+02   3.6307686e-04
   9.4479757e+02   3.5905972e-04
   9.4639863e+02   3.5508702e-04
   9.4799968e+02   3.5115828e-04
   9.4960074e+02   3.4727301e-04
   9.5120180e+02   3.4343072e-04
   9.5280285e+02   3.3963094e-04
   9.5440391e+02   3.3587321e-04
   9.5600496e+02   3.3215705e-04
   9.5760602e+02   3.2848201e-04
   9.5920708e+02   3.2484763e-04
   9.6080813e+02   3.2125346e-04
   9.6240919e+02   3.1769906e-04
   9.6401025e+02   3.1418398e-04
   9.6561130e+02   3.1070780e-04
   9.6721236e+02   3.0727008e-04
   9.6881341e+02   3.0387039e-04
   9.7041447e+02   3.0050831e-04
   9.7201553e+02   2.9718344e-04
   9.7361658e+02   2.9389535e-04
   9.7521764e+02   2.9064364e-04
   9.7681869e+02   2.8742791e-04
   9.7841975e+02   2.8424776e-04
   9.8002081e+02   2.8110280e-04
   9.8162186e+02   2.7799263e-04
   9.8322292e+02   2.7491687e-04
   9.8482397e+02   2.7187515e-04
   9.8642503e+02   2.6886707e-04
   9.8802609e+02   2.6589228e-04
   9.8962714e+02   2.6295041e-04
   9.9122820e+02   2.6004108e-04
   9.9282925e+02   2.5716394e-04
   9.9443031e+02   2.5431864e-04
   9.9603137e+02   2.5150481e-04
   9.9763242e+02   2.4872212e-04
   9.9923348e+02   2.4597022e-04
   1.0008345e+03   2.4324876e-04
   1.0024356e+03   2.4055741e-04
   1.0040366e+03   2.3789585e-04
   1.0056377e+03   2.3526373e-04
   1.0072388e+03   2.3266073e-04
   1.0088398e+03   2.3008653e-04
   1.0104409e+03   2.2754082e-04
   1.0120419e+03   2.2502327e-04
   1.0136430e+03   2.2253357e-04
   1.0152440e+03   2.2007142e-04
   1.0168451e+03   2.1763651e-04
   1.0184462e+03   2.1522855e-04
   1.0200472e+03   2.1284722e-04
   1.0216483e+03   2.1049225e-04
   1.0232493e+03   2.0816332e-04
   1.0248504e+03   2.0586017e-04
   1.0264514e+03   2.0358250e-04
   1.0280525e+03   2.0133003e-04
   1.0296535e+03   1.9910248e-04
   1.0312546e+03   1.9689957e-04
   1.0328557e+03   1.9472104e-04
   1.0344567e+03   1.9256662e-04
   1.0360578e+03   1.9043603e-04
   1.0376588e+03   1.8832901e-04
   1.0392599e+03   1.8624531e-04
   1.0408609e+03   1.8418466e-04
   1.0424620e+03   1.8214681e-04
   1.0440630e+03   1.8013151e-04
   1.0456641e+03   1.7813850e-04
   1.0472652e+03   1.7616755e-04
   1.0488662e+03   1.7421840e-04
   1.0504673e+03   1.7229082e-04
   1.0520683e+03   1.7038456e-04
   1.0536694e+03   1.6849940e-04
   1.0552704e+03   1.6663509e-04
   1.0568715e+03   1.6479141e-04
   1.0584726e+03   1.6296813e-04
   1.0600736e+03   1.6116503e-04
   1.0616747e+03   1.5938187e-04
   1.0632757e+03   1.5761844e-04
   1.0648768e+03   1.5587453e-04
   1.0664778e+03   1.5414990e-04
   1.0680789e+03   1.5244436e-04
   1.0696799e+03   1.5075769e-04
   1.0712810e+03   1.4908968e-04
   1.0728821e+03   1.4744013e-04
   1.0744831e+03   1.4580883e-04
   1.0760842e+03   1.4419558e-04
   1.0776852e+03   1.4260017e-04
   1.0792863e+03   1.4102242e-04
   1.0808873e+03   1.3946212e-04
   1.0824884e+03   1.3791909e-04
   1.0840894e+03   1.3639313e-04
   1.0856905e+03   1.3488405e-04
   1.0872916e+03   1.3339167e-04
   1.0888926e+03   1.3191581e-04
   1.0904937e+03   1.3045627e-04
   1.0920947e+03   1.2901288e-04
   1.0936958e+03   1.2758546e-04
   1.0952968e+03   1.2617383e-04
   1.0968979e+03   1.2477782e-04
   1.0984990e+03   1.2339726e-04
   1.1001000e+03   1.2203197e-04
   1.1017011e+03   1.2068179e-04
   1.1033021e+03   1.1934654e-04
   1.1049032e+03   1.1802607e-04
   1.1065042e+03   1.1672021e-04
   1.1081053e+03   1.1542880e-04
   1.1097063e+03   1.1415168e-04
   1.1113074e+03   1.1288868e-04
   1.1129085e+03   1.1163967e-04
   1.1145095e+03   1.1040447e-04
   1.1161106e+03   1.0918293e-04
   1.1177116e+03   1.0797491e-04
   1.1193127e+03   1.0678026e-04
   1.1209137e+03   1.0559883e-04
   1.1225148e+03   1.0443046e-04
   1.1241159e+03   1.0327503e-04
   1.1257169e+03   1.0213237e-04
   1.1273180e+03   1.0100236e-04
   1.1289190e+03   9.9884857e-05
   1.1305201e+03   9.8779715e-05
   1.1321211e+03   9.7686799e-05
   1.1337222e+03   9.6605976e-05
   1.1353232e+03   9.5537111e-05
   1.1369243e+03   9.4480072e-05
   1.1385254e+03   9.3434729e-05
   1.1401264e+03   9.2400951e-05
   1.1417275e+03   9.1378612e-05
   1.1433285e+03   9.0367583e-05
   1.1449296e+03   8.9367741e-05
   1.1465306e+03   8.8378961e-05
   1.1481317e+03   8.7401122e-05
   1.1497327e+03   8.6434101e-05
   1.1513338e+03   8.5477780e-05
   1.1529349e+03   8.4532039e-05
   1.1545359e+03   8.3596762e-05
   1.1561370e+03   8.2671834e-05
   1.1577380e+03   8.1757139e-05
   1.1593391e+03   8.0852564e-05
   1.1609401e+03   7.9957997e-05
   1.1625412e+03   7.9073329e-05
   1.1641423e+03   7.8198448e-05
   1.1657433e+03   7.7333247e-05
   1.1673444e+03   7.6477619e-05
   1.1689454e+03   7.5631458e-05
   1.1705465e+03   7.4794659e-05
   1.1721475e+03   7.3967118e-05
   1.1737486e+03   7.3148733e-05
   1.1753496e+03   7.2339403e-05
   1.1769507e+03   7.1539028e-05
   1.1785518e+03   7.0747508e-05
   1.1801528e+03   6.9964746e-05
   1.1817539e+03   6.9190644e-05
   1.1833549e+03   6.8425107e-05
   1.1849560e+03   6.7668040e-05
   1.1865570e+03   6.6919350e-05
   1.1881581e+03   6.6178943e-05
   1.1897591e+03   6.5446728e-05
   1.1913602e+03   6.4722614e-05
   1.1929613e+03   6.4006512e-05
   1.1945623e+03   6.3298333e-05
   1.1961634e+03   6.2597990e-05
   1.1977644e+03   6.1905395e-05
   1.1993655e+03   6.1220464e-05
   1.2009665e+03   6.0543110e-05
   1.2025676e+03   5.9873251e-05
   1.2041687e+03   5.9210803e-05
   1.2057697e+03   5.8555685e-05
   1.2073708e+03   5.7907815e-05
   1.2089718e+03   5.7267113e-05
   1.2105729e+03   5.6633500e-05
   1.2121739e+03   5.6006898e-05
   1.2137750e+03   5.5387228e-05
   1.2153760e+03   5.4774414e-05
   1.2169771e+03   5.4168381e-05
   1.2185782e+03   5.3569053e-05
   1.2201792e+03   5.2976356e-05
   1.2217803e+03   5.2390216e-05
   1.2233813e+03   5.1810562e-05
   1.2249824e+03   5.1237321e-05
   1.2265834e+03   5.0670423e-05
   1.2281845e+03   5.0109797e-05
   1.2297856e+03   4.9555374e-05
   1.2313866e+03   4.9007085e-05
   1.2329877e+03   4.8464862e-05
   1.2345887e+03   4.7928639e-05
   1.2361898e+03   4.7398348e-05
   1.2377908e+03   4.6873925e-05
   1.2393919e+03   4.6355304e-05
   1.2409929e+03   4.5842421e-05
   1.2425940e+03   4.5335213e-05
   1.2441951e+03   4.4833616e-05
   1.2457961e+03   4.4337570e-05
   1.2473972e+03   4.3847011e-05
   1.2489982e+03   4.3361881e-05
   1.2505993e+03   4.2882117e-05
   1.2522003e+03   4.2407662e-05
   1.2538014e+03   4.1938457e-05
   1.2554024e+03   4.1474443e-05
   1.2570035e+03   4.1015563e-05
   1.2586046e+03   4.0561759e-05
   1.2602056e+03   4.0112977e-05
   1.2618067e+03   3.9669161e-05
   1.2634077e+03   3.9230254e-05
   1.2650088e+03   3.8796204e-05
   1.2666098e+03   3.8366956e-05
   1.2682109e+03   3.7942458e-05
   1.2698120e+03   3.7522656e-05
   1.2714130e+03   3.7107499e-05
   1.2730141e+03   3.6696936e-05
   1.2746151e+03   3.6290915e-05
   1.2762162e+03   3.5889386e-05
   1.2778172e+03   3.5492300e-05
   1.2794183e+03   3.5099607e-05
   1.2810193e+03   3.4711259e-05
   1.2826204e+03   3.4327208e-05
   1.2842215e+03   3.3947406e-05
   1.2858225e+03   3.3571806e-05
   1.2874236e+03   3.3200362e-05
   1.2890246e+03   3.2833027e-05
   1.2906257e+03   3.2469757e-05
   1.2922267e+03   3.2110506e-05
   1.2938278e+03   3.1755230e-05
   1.2954288e+03   3.1403885e-05
   1.2970299e+03   3.1056427e-05
   1.2986310e+03   3.0712814e-05
   1.3002320e+03   3.0373002e-05
   1.3018331e+03   3.0036950e-05
   1.3034341e+03   2.9704616e-05
   1.3050352e+03   2.9375959e-05
   1.3066362e+03   2.9050939e-05
   1.3082373e+03   2.8729514e-05
   1.3098384e+03   2.8411646e-05
   1.3114394e+03   2.8097295e-05
   1.3130405e+03   2.7786421e-05
   1.3146415e+03   2.7478988e-05
   1.3162426e+03   2.7174956e-05
   1.3178436e+03   2.6874287e-05
   1.3194447e+03   2.6576946e-05
   1.3210457e+03   2.6282894e-05
   1.3226468e+03   2.5992096e-05
   1.3242479e+03   2.5704515e-05
   1.3258489e+03   2.5420116e-05
   1.3274500e+03   2.5138863e-05
   1.3290510e+03   2.4860722e-05
   1.3306521e+03   2.4585659e-05
   1.3322531e+03   2.4313639e-05
   1.3338542e+03   2.4044629e-05
   1.3354553e+03   2.3778595e-05
   1.3370563e+03   2.3515505e-05
   1.3386574e+03   2.3255325e-05
   1.3402584e+03   2.2998025e-05
   1.3418595e+03   2.2743571e-05
   1.3434605e+03   2.2491932e-05
   1.3450616e+03   2.2243077e-05
   1.3466626e+03   2.1996976e-05
   1.3482637e+03   2.1753598e-05
   1.3498648e+03   2.1512913e-05
   1.3514658e+03   2.1274890e-05
   1.3530669e+03   2.1039501e-05
   1.3546679e+03   2.0806716e-05
   1.3562690e+03   2.0576507e-05
   1.3578700e+03   2.0348846e-05
   1.3594711e+03   2.0123702e-05
   1.3610721e+03   1.9901050e-05
   1.3626732e+03   1.9680862e-05
   1.3642743e+03   1.9463110e-05
   1.3658753e+03   1.9247766e-05
   1.3674764e+03   1.9034806e-05
   1.3690774e+03   1.8824202e-05
   1.3706785e+03   1.8615927e-05
   1.3722795e+03   1.8409958e-05
   1.3738806e+03   1.8206267e-05
   1.3754817e+03   1.8004830e-05
   1.3770827e+03   1.7805621e-05
   1.3786838e+03   1.7608617e-05
   1.3802848e+03   1.7413792e-05
   1.3818859e+03   1.7221123e-05
   1.3834869e+03   1.7030585e-05
   1.3850880e+03   1.6842156e-05
   1.3866890e+03   1.6655812e-05
   1.3882901e+03   1.6471529e-05
   1.3898912e+03   1.6289285e-05
   1.3914922e+03   1.6109058e-05
   1.3930933e+03   1.5930825e-05
   1.3946943e+03   1.5754563e-05
   1.3962954e+03   1.5580252e-05
   1.3978964e+03   1.5407870e-05
   1.3994975e+03   1.5237394e-05
   1.4010985e+03   1.5068805e-05
   1.4026996e+03   1.4902081e-05
   1.4043007e+03   1.4737202e-05
   1.4059017e+03   1.4574147e-05
   1.4075028e+03   1.4412897e-05
   1.4091038e+03   1.4253430e-05
   1.4107049e+03   1.4095728e-05
   1.4123059e+03   1.3939770e-05
   1.4139070e+03   1.3785538e-05
   1.4155081e+03   1.3633013e-05
   1.4171091e+03   1.3482175e-05
   1.4187102e+03   1.3333006e-05
   1.4203112e+03   1.3185487e-05
   1.4219123e+03   1.3039600e-05
   1.4235133e+03   1.2895328e-05
   1.4251144e+03   1.2752652e-05
   1.4267154e+03   1.2611555e-05
   1.4283165e+03   1.2472018e-05
   1.4299176e+03   1.2334026e-05
   1.4315186e+03   1.2197560e-05
   1.4331197e+03   1.2062604e-05
   1.4347207e+03   1.1929141e-05
   1.4363218e+03   1.1797155e-05
   1.4379228e+03   1.1666630e-05
   1.4395239e+03   1.1537548e-05
   1.4411249e+03   1.1409895e-05
   1.4427260e+03   1.1283654e-05
   1.4443271e+03   1.1158809e-05
   1.4459281e+03   1.1035347e-05
   1.4475292e+03   1.0913250e-05
   1.4491302e+03   1.0792504e-05
   1.4507313e+03   1.0673093e-05
   1.4523323e+03   1.0555005e-05
   1.4539334e+03   1.0438222e-05
   1.4555345e+03   1.0322732e-05
   1.4571355e+03   1.0208520e-05
   1.4587366e+03   1.0095571e-05
   1.4603376e+03   9.9838717e-06
   1.4619387e+03   9.8734084e-06
   1.4635397e+03   9.7641674e-06
   1.4651408e+03   9.6561350e-06
   1.4667418e+03   9.5492979e-06
   1.4683429e+03   9.4436428e-06
   1.4699440e+03   9.3391568e-06
   1.4715450e+03   9.2358268e-06
   1.4731461e+03   9.1336400e-06
   1.4747471e+03   9.0325839e-06
   1.4763482e+03   8.9326459e-06
   1.4779492e+03   8.8338136e-06
   1.4795503e+03   8.7360748e-06
   1.4811514e+03   8.6394174e-06
   1.4827524e+03   8.5438294e-06
   1.4843535e+03   8.4492990e-06
   1.4859545e+03   8.3558146e-06
   1.4875556e+03   8.2633644e-06
   1.4891566e+03   8.1719372e-06
   1.4907577e+03   8.0815215e-06
   1.4923587e+03   7.9921062e-06
   1.4939598e+03   7.9036802e-06
   1.4955609e+03   7.8162325e-06
   1.4971619e+03   7.7297524e-06
   1.4987630e+03   7.6442291e-06
   1.5003640e+03   7.5596521e-06
   1.5019651e+03   7.4760108e-06
   1.5035661e+03   7.3932950e-06
   1.5051672e+03   7.3114943e-06
   1.5067682e+03   7.2305987e-06
   1.5083693e+03   7.1505982e-06
   1.5099704e+03   7.0714827e-06
   1.5115714e+03   6.9932427e-06
   1.5131725e+03   6.9158682e-06
   1.5147735e+03   6.8393499e-06
   1.5163746e+03   6.7636782e-06
   1.5179756e+03   6.6888437e-06
   1.5195767e+03   6.6148372e-06
   1.5211778e+03   6.5416495e-06
   1.5227788e+03   6.4692716e-06
   1.5243799e+03   6.3976945e-06
   1.5259809e+03   6.3269094e-06
   1.5275820e+03   6.2569074e-06
   1.5291830e+03   6.1876799e-06
   1.5307841e+03   6.1192184e-06
   1.5323851e+03   6.0515143e-06
   1.5339862e+03   5.9845593e-06
   1.5355873e+03   5.9183451e-06
   1.5371883e+03   5.8528636e-06
   1.5387894e+03   5.7881065e-06
   1.5403904e+03   5.7240659e-06
   1.5419915e+03   5.6607339e-06
   1.5435925e+03   5.5981026e-06
   1.5451936e+03   5.5361642e-06
   1.5467946e+03   5.4749112e-06
   1.5483957e+03   5.4143358e-06
   1.5499968e+03   5.3544307e-06
   1.5515978e+03   5.2951884e-06
   1.5531989e+03   5.2366015e-06
   1.5547999e+03   5.1786629e-06
   1.5564010e+03   5.1213653e-06
   1.5580020e+03   5.0647016e-06
   1.5596031e+03   5.0086649e-06
   1.5612042e+03   4.9532482e-06
   1.5628052e+03   4.8984447e-06
   1.5644063e+03   4.8442474e-06
   1.5660073e+03   4.7906499e-06
   1.5676084e+03   4.7376453e-06
   1.5692094e+03   4.6852272e-06
   1.5708105e+03   4.6333891e-06
   1.5724115e+03   4.5821245e-06
   1.5740126e+03   4.5314271e-06
   1.5756137e+03   4.4812906e-06
   1.5772147e+03   4.4317088e-06
   1.5788158e+03   4.3826757e-06
   1.5804168e+03   4.3341850e-06
   1.5820179e+03   4.2862309e-06
   1.5836189e+03   4.2388073e-06
   1.5852200e+03   4.1919084e-06
   1.5868211e+03   4.1455284e-06
   1.5884221e+03   4.0996616e-06
   1.5900232e+03   4.0543022e-06
   1.5916242e+03   4.0094448e-06
   1.5932253e+03   3.9650836e-06
   1.5948263e+03   3.9212132e-06
   1.5964274e+03   3.8778283e-06
   1.5980284e+03   3.8349233e-06
   1.5996295e+03   3.7924931e-06
   1.6012306e+03   3.7505323e-06
   1.6028316e+03   3.7090358e-06
   1.6044327e+03   3.6679984e-06
   1.6060337e+03   3.6274150e-06
   1.6076348e+03   3.5872807e-06
   1.6092358e+03   3.5475904e-06
   1.6108369e+03   3.5083393e-06
   1.6124379e+03   3.4695224e-06
   1.6140390e+03   3.4311351e-06
   1.6156401e+03   3.3931724e-06
   1.6172411e+03   3.3556298e-06
   1.6188422e+03   3.3185025e-06
   1.6204432e+03   3.2817860e-06
   1.6220443e+03   3.2454758e-06
   1.6236453e+03   3.2095673e-06
   1.6252464e+03   3.1740561e-06
   1.6268475e+03   3.1389378e-06
   1.6284485e+03   3.1042081e-06
   1.6300496e+03   3.0698626e-06
   1.6316506e+03   3.0358971e-06
   1.6332517e+03   3.0023075e-06
   1.6348527e+03   2.9690894e-06
   1.6364538e+03   2.9362389e-06
   1.6380548e+03   2.9037519e-06
   1.6396559e+03   2.8716243e-06
   1.6412570e+03   2.8398521e-06
   1.6428580e+03   2.8084315e-06
   1.6444591e+03   2.7773586e-06
   1.6460601e+03   2.7466294e-06
   1.6476612e+03   2.7162402e-06
   1.6492622e+03   2.6861873e-06
   1.6508633e+03   2.6564669e-06
   1.6524643e+03   2.6270753e-06
   1.6540654e+03   2.5980089e-06
   1.6556665e+03   2.5692641e-06
   1.6572675e+03   2.5408373e-06
   1.6588686e+03   2.5127251e-06
   1.6604696e+03   2.4849238e-06
   1.6620707e+03   2.4574302e-06
   1.6636717e+03   2.4302408e-06
   1.6652728e+03   2.4033522e-06
   1.6668739e+03   2.3767611e-06
   1.6684749e+03   2.3504642e-06
   1.6700760e+03   2.3244583e-06
   1.6716770e+03   2.2987401e-06
   1.6732781e+03   2.2733064e-06
   1.6748791e+03   2.2481542e-06
   1.6764802e+03   2.2232802e-06
   1.6780812e+03   2.1986815e-06
   1.6796823e+03   2.1743549e-06
   1.6812834e+03   2.1502975e-06
   1.6828844e+03   2.1265062e-06
   1.6844855e+03   2.1029782e-06
   1.6860865e+03   2.0797105e-06
   1.6876876e+03   2.0567002e-06
   1.6892886e+03   2.0339446e-06
   1.6908897e+03   2.0114407e-06
   1.6924908e+03   1.9891857e-06
   1.6940918e+03   1.9671771e-06
   1.6956929e+03   1.9454119e-06
   1.6972939e+03   1.9238875e-06
   1.6988950e+03   1.9026013e-06
   1.7004960e+03   1.8815506e-06
   1.7020971e+03   1.8607328e-06
   1.7036981e+03   1.8401453e-06
   1.7052992e+03   1.8197857e-06
   1.7069003e+03   1.7996512e-06
   1.7085013e+03   1.7797396e-06
   1.7101024e+03   1.7600483e-06
   1.7117034e+03   1.7405748e-06
   1.7133045e+03   1.7213168e-06
   1.7149055e+03   1.7022718e-06
   1.7165066e+03   1.6834376e-06
   1.7181076e+03   1.6648118e-06
   1.7197087e+03   1.6463920e-06
   1.7213098e+03   1.6281761e-06
   1.7229108e+03   1.6101617e-06
   1.7245119e+03   1.5923466e-06
   1.7261129e+03   1.5747286e-06
   1.7277140e+03   1.5573055e-06
   1.7293150e+03   1.5400752e-06
   1.7309161e+03   1.5230356e-06
   1.7325172e+03   1.5061844e-06
   1.7341182e+03   1.4895198e-06
   1.7357193e+03   1.4730395e-06
   1.7373203e+03   1.4567415e-06
   1.7389214e+03   1.4406239e-06
   1.7405224e+03   1.4246846e-06
   1.7421235e+03   1.4089216e-06
   1.7437245e+03   1.3933331e-06
   1.7453256e+03   1.3779170e-06
   1.7469267e+03   1.3626715e-06
   1.7485277e+03   1.3475947e-06
   1.7501288e+03   1.3326846e-06
   1.7517298e+03   1.3179396e-06
   1.7533309e+03   1.3033577e-06
   1.7549319e+03   1.2889371e-06
   1.7565330e+03   1.2746761e-06
   1.7581340e+03   1.2605729e-06
   1.7597351e+03   1.2466257e-06
   1.7613362e+03   1.2328328e-06
   1.7629372e+03   1.2191925e-06
   1.7645383e+03   1.2057032e-06
   1.7661393e+03   1.1923631e-06
   1.7677404e+03   1.1791706e-06
   1.7693414e+03   1.1661240e-06
   1.7709425e+03   1.1532218e-06
   1.7725436e+03   1.1404624e-06
   1.7741446e+03   1.1278441e-06
   1.7757457e+03   1.1153655e-06
   1.7773467e+03   1.1030249e-06
   1.7789478e+03   1.0908208e-06
   1.7805488e+03   1.0787518e-06
   1.7821499e+03   1.0668163e-06
   1.7837509e+03   1.0550129e-06
   1.7853520e+03   1.0433400e-06
   1.7869531e+03   1.0317964e-06
   1.7885541e+03   1.0203804e-06
   1.7901552e+03   1.0090907e-06
   1.7917562e+03   9.9792597e-07
   1.7933573e+03   9.8688475e-07
   1.7949583e+03   9.7596569e-07
   1.7965594e+03   9.6516744e-07
   1.7981605e+03   9.5448867e-07
   1.7997615e+03   9.4392805e-07
   1.8013626e+03   9.3348427e-07
   1.8029636e+03   9.2315604e-07
   1.8045647e+03   9.1294209e-07
   1.8061657e+03   9.0284114e-07
   1.8077668e+03   8.9285195e-07
   1.8093678e+03   8.8297329e-07
   1.8109689e+03   8.7320393e-07
   1.8125700e+03   8.6354265e-07
   1.8141710e+03   8.5398827e-07
   1.8157721e+03   8.4453960e-07
   1.8173731e+03   8.3519547e-07
   1.8189742e+03   8.2595473e-07
   1.8205752e+03   8.1681622e-07
   1.8221763e+03   8.0777883e-07
   1.8237773e+03   7.9884143e-07
   1.8253784e+03   7.9000292e-07
   1.8269795e+03   7.8126219e-07
   1.8285805e+03   7.7261817e-07
   1.8301816e+03   7.6406980e-07
   1.8317826e+03   7.5561600e-07
   1.8333837e+03   7.4725574e-07
   1.8349847e+03   7.3898797e-07
   1.8365858e+03   7.3081169e-07
   1.8381869e+03   7.2272586e-07
   1.8397879e+03   7.1472950e-07
   1.8413890e+03   7.0682161e-07
   1.8429900e+03   6.9900122e-07
   1.8445911e+03   6.9126735e-07
   1.8461921e+03   6.8361905e-07
   1.8477932e+03   6.7605538e-07
   1.8493942e+03   6.6857539e-07
   1.8509953e+03   6.6117816e-07
   1.8525964e+03   6.5386277e-07
   1.8541974e+03   6.4662832e-07
   1.8557985e+03   6.3947392e-07
   1.8573995e+03   6.3239867e-07
   1.8590006e+03   6.2540171e-07
   1.8606016e+03   6.1848216e-07
   1.8622027e+03   6.1163917e-07
   1.8638037e+03   6.0487189e-07
   1.8654048e+03   5.9817948e-07
   1.8670059e+03   5.9156112e-07
   1.8686069e+03   5.8501599e-07
   1.8702080e+03   5.7854328e-07
   1.8718090e+03   5.7214218e-07
   1.8734101e+03   5.6581190e-07
   1.8750111e+03   5.5955166e-07
   1.8766122e+03   5.5336069e-07
   1.8782133e+03   5.4723821e-07
   1.8798143e+03   5.4118347e-07
   1.8814154e+03   5.3519573e-07
   1.8830164e+03   5.2927423e-07
   1.8846175e+03   5.2341825e-07
   1.8862185e+03   5.1762707e-07
   1.8878196e+03   5.1189995e-07
   1.8894206e+03   5.0623621e-07
   1.8910217e+03   5.0063512e-07
   1.8926228e+03   4.9509601e-07
   1.8942238e+03   4.8961819e-07
   1.8958249e+03   4.8420097e-07
   1.8974259e+03   4.7884369e-07
   1.8990270e+03   4.7354568e-07
   1.9006280e+03   4.6830629e-07
   1.9022291e+03   4.6312487e-07
   1.9038302e+03   4.5800078e-07
   1.9054312e+03   4.5293338e-07
   1.9070323e+03   4.4792205e-07
   1.9086333e+03   4.4296617e-07
   1.9102344e+03   4.3806511e-07
   1.9118354e+03   4.3321829e-07
   1.9134365e+03   4.2842509e-07
   1.9150375e+03   4.2368492e-07
   1.9166386e+03   4.1899720e-07
   1.9182397e+03   4.1436134e-07
   1.9198407e+03   4.0977678e-07
   1.9214418e+03   4.0524294e-07
   1.9230428e+03   4.0075926e-07
   1.9246439e+03   3.9632520e-07
   1.9262449e+03   3.9194019e-07
   1.9278460e+03   3.8760370e-07
   1.9294470e+03   3.8331518e-07
   1.9310481e+03   3.7907412e-07
   1.9326492e+03   3.7487998e-07
   1.9342502e+03   3.7073224e-07
   1.9358513e+03   3.6663040e-07
   1.9374523e+03   3.6257394e-07
   1.9390534e+03   3.5856236e-07
   1.9406544e+03   3.5459517e-07
   1.9422555e+03   3.5067187e-07
   1.9438566e+03   3.4679197e-07
   1.9454576e+03   3.4295501e-07
   1.9470587e+03   3.3916050e-07
   1.9486597e+03   3.3540797e-07
   1.9502608e+03   3.3169696e-07
   1.9518618e+03   3.2802701e-07
   1.9534629e+03   3.2439766e-07
   1.9550639e+03   3.2080847e-07
   1.9566650e+03   3.1725899e-07
