   3.9890000e+02   8.6194880e-05
   3.9997608e+02   9.1167498e-05
   4.0105215e+02   9.6383191e-05
   4.0212823e+02   1.0185104e-04
   4.0320430e+02   1.0758030e-04
   4.0428038e+02   1.1358040e-04
   4.0535646e+02   1.1986090e-04
   4.0643253e+02   1.2643155e-04
   4.0750861e+02   1.3330221e-04
   4.0858468e+02   1.4048290e-04
   4.0966076e+02   1.4798374e-04
   4.1073684e+02   1.5581498e-04
   4.1181291e+02   1.6398696e-04
   4.1288899e+02   1.7251011e-04
   4.1396507e+02   1.8139494e-04
   4.1504114e+02   1.9065202e-04
   4.1611722e+02   2.0029196e-04
   4.1719329e+02   2.1032542e-04
   4.1826937e+02   2.2076304e-04
   4.1934545e+02   2.3161550e-04
   4.2042152e+02   2.4289343e-04
   4.2149760e+02   2.5460743e-04
   4.2257367e+02   2.6676806e-04
   4.2364975e+02   2.7938578e-04
   4.2472583e+02   2.9247097e-04
   4.2580190e+02   3.0603387e-04
   4.2687798e+02   3.2008462e-04
   4.2795405e+02   3.3463315e-04
   4.2903013e+02   3.4968924e-04
   4.3010621e+02   3.6526245e-04
   4.3118228e+02   3.8136212e-04
   4.3225836e+02   3.9799731e-04
   4.3333443e+02   4.1517683e-04
   4.3441051e+02   4.3290916e-04
   4.3548659e+02   4.5120248e-04
   4.3656266e+02   4.7006458e-04
   4.3763874e+02   4.8950290e-04
   4.3871481e+02   5.0952446e-04
   4.3979089e+02   5.3013585e-04
   4.4086697e+02   5.5134322e-04
   4.4194304e+02   5.7315221e-04
   4.4301912e+02   5.9556798e-04
   4.4409520e+02   6.1859516e-04
   4.4517127e+02   6.4223779e-04
   4.4624735e+02   6.6649939e-04
   4.4732342e+02   6.9138282e-04
   4.4839950e+02   7.1689034e-04
   4.4947558e+02   7.4302357e-04
   4.5055165e+02   7.6978345e-04
   4.5162773e+02   7.9717022e-04
   4.5270380e+02   8.2518343e-04
   4.5377988e+02   8.5382190e-04
   4.5485596e+02   8.8308367e-04
   4.5593203e+02   9.1296606e-04
   4.5700811e+02   9.4346559e-04
   4.5808418e+02   9.7457797e-04
   4.5916026e+02   1.0062981e-03
   4.6023634e+02   1.0386201e-03
   4.6131241e+02   1.0715373e-03
   4.6238849e+02   1.1050420e-03
   4.6346456e+02   1.1391259e-03
   4.6454064e+02   1.1737797e-03
   4.6561672e+02   1.2089932e-03
   4.6669279e+02   1.2447554e-03
   4.6776887e+02   1.2810545e-03
   4.6884494e+02   1.3178779e-03
   4.6992102e+02   1.3552119e-03
   4.7099710e+02   1.3930420e-03
   4.7207317e+02   1.4313532e-03
   4.7314925e+02   1.4701291e-03
   4.7422533e+02   1.5093530e-03
   4.7530140e+02   1.5490070e-03
   4.7637748e+02   1.5890727e-03
   4.7745355e+02   1.6295307e-03
   4.7852963e+02   1.6703608e-03
   4.7960571e+02   1.7115423e-03
   4.8068178e+02   1.7530536e-03
   4.8175786e+02   1.7948724e-03
   4.8283393e+02   1.8369757e-03
   4.8391001e+02   1.8793399e-03
   4.8498609e+02   1.9219408e-03
   4.8606216e+02   1.9647536e-03
   4.8713824e+02   2.0077529e-03
   4.8821431e+02   2.0509127e-03
   4.8929039e+02   2.0942067e-03
   4.9036647e+02   2.1376079e-03
   4.9144254e+02   2.1810891e-03
   4.9251862e+02   2.2246227e-03
   4.9359469e+02   2.2681805e-03
   4.9467077e+02   2.3117343e-03
   4.9574685e+02   2.3552555e-03
   4.9682292e+02   2.3987153e-03
   4.9789900e+02   2.4420847e-03
   4.9897508e+02   2.4853346e-03
   5.0005115e+02   2.5284358e-03
   5.0112723e+02   2.5713591e-03
   5.0220330e+02   2.6140752e-03
   5.0327938e+02   2.6565550e-03
   5.0435546e+02   2.6987693e-03
   5.0543153e+02   2.7406892e-03
   5.0650761e+02   2.7822859e-03
   5.0758368e+02   2.8235309e-03
   5.0865976e+02   2.8643959e-03
   5.0973584e+02   2.9048530e-03
   5.1081191e+02   2.9448745e-03
   5.1188799e+02   2.9844333e-03
   5.1296406e+02   3.0235026e-03
   5.1404014e+02   3.0620562e-03
   5.1511622e+02   3.1000682e-03
   5.1619229e+02   3.1375136e-03
   5.1726837e+02   3.1743678e-03
   5.1834444e+02   3.2106069e-03
   5.1942052e+02   3.2462076e-03
   5.2049660e+02   3.2811473e-03
   5.2157267e+02   3.3154043e-03
   5.2264875e+02   3.3489575e-03
   5.2372482e+02   3.3817867e-03
   5.2480090e+02   3.4138725e-03
   5.2587698e+02   3.4451963e-03
   5.2695305e+02   3.4757404e-03
   5.2802913e+02   3.5054881e-03
   5.2910521e+02   3.5344235e-03
   5.3018128e+02   3.5625316e-03
   5.3125736e+02   3.5897984e-03
   5.3233343e+02   3.6162110e-03
   5.3340951e+02   3.6417573e-03
   5.3448559e+02   3.6664261e-03
   5.3556166e+02   3.6902075e-03
   5.3663774e+02   3.7130922e-03
   5.3771381e+02   3.7350724e-03
   5.3878989e+02   3.7561407e-03
   5.3986597e+02   3.7762913e-03
   5.4094204e+02   3.7955189e-03
   5.4201812e+02   3.8138194e-03
   5.4309419e+02   3.8311898e-03
   5.4417027e+02   3.8476280e-03
   5.4524635e+02   3.8631326e-03
   5.4632242e+02   3.8777036e-03
   5.4739850e+02   3.8913417e-03
   5.4847457e+02   3.9040484e-03
   5.4955065e+02   3.9158264e-03
   5.5062673e+02   3.9266791e-03
   5.5170280e+02   3.9366108e-03
   5.5277888e+02   3.9456267e-03
   5.5385495e+02   3.9537328e-03
   5.5493103e+02   3.9609359e-03
   5.5600711e+02   3.9672435e-03
   5.5708318e+02   3.9726641e-03
   5.5815926e+02   3.9772067e-03
   5.5923534e+02   3.9808810e-03
   5.6031141e+02   3.9836974e-03
   5.6138749e+02   3.9856671e-03
   5.6246356e+02   3.9868017e-03
   5.6353964e+02   3.9871135e-03
   5.6461572e+02   3.9866153e-03
   5.6569179e+02   3.9853204e-03
   5.6676787e+02   3.9832427e-03
   5.6784394e+02   3.9803965e-03
   5.6892002e+02   3.9767964e-03
   5.6999610e+02   3.9724576e-03
   5.7107217e+02   3.9673956e-03
   5.7214825e+02   3.9616261e-03
   5.7322432e+02   3.9551653e-03
   5.7430040e+02   3.9480296e-03
   5.7537648e+02   3.9402354e-03
   5.7645255e+02   3.9317998e-03
   5.7752863e+02   3.9227396e-03
   5.7860470e+02   3.9130721e-03
   5.7968078e+02   3.9028144e-03
   5.8075686e+02   3.8919841e-03
   5.8183293e+02   3.8805985e-03
   5.8290901e+02   3.8686750e-03
   5.8398509e+02   3.8562313e-03
   5.8506116e+02   3.8432847e-03
   5.8613724e+02   3.8298528e-03
   5.8721331e+02   3.8159528e-03
   5.8828939e+02   3.8016022e-03
   5.8936547e+02   3.7868182e-03
   5.9044154e+02   3.7716177e-03
   5.9151762e+02   3.7560178e-03
   5.9259369e+02   3.7400353e-03
   5.9366977e+02   3.7236868e-03
   5.9474585e+02   3.7069886e-03
   5.9582192e+02   3.6899570e-03
   5.9689800e+02   3.6726079e-03
   5.9797407e+02   3.6549571e-03
   5.9905015e+02   3.6370201e-03
   6.0012623e+02   3.6188121e-03
   6.0120230e+02   3.6003480e-03
   6.0227838e+02   3.5816426e-03
   6.0335445e+02   3.5627101e-03
   6.0443053e+02   3.5435646e-03
   6.0550661e+02   3.5242199e-03
   6.0658268e+02   3.5046895e-03
   6.0765876e+02   3.4849864e-03
   6.0873483e+02   3.4651235e-03
   6.0981091e+02   3.4451132e-03
   6.1088699e+02   3.4249676e-03
   6.1196306e+02   3.4046986e-03
   6.1303914e+02   3.3843176e-03
   6.1411522e+02   3.3638357e-03
   6.1519129e+02   3.3432637e-03
   6.1626737e+02   3.3226122e-03
   6.1734344e+02   3.3018911e-03
   6.1841952e+02   3.2811103e-03
   6.1949560e+02   3.2602791e-03
   6.2057167e+02   3.2394069e-03
   6.2164775e+02   3.2185022e-03
   6.2272382e+02   3.1975736e-03
   6.2379990e+02   3.1766292e-03
   6.2487598e+02   3.1556769e-03
   6.2595205e+02   3.1347242e-03
   6.2702813e+02   3.1137782e-03
   6.2810420e+02   3.0928460e-03
   6.2918028e+02   3.0719340e-03
   6.3025636e+02   3.0510487e-03
   6.3133243e+02   3.0301962e-03
   6.3240851e+02   3.0093820e-03
   6.3348458e+02   2.9886119e-03
   6.3456066e+02   2.9678909e-03
   6.3563674e+02   2.9472241e-03
   6.3671281e+02   2.9266163e-03
   6.3778889e+02   2.9060718e-03
   6.3886496e+02   2.8855950e-03
   6.3994104e+02   2.8651898e-03
   6.4101712e+02   2.8448601e-03
   6.4209319e+02   2.8246095e-03
   6.4316927e+02   2.8044412e-03
   6.4424535e+02   2.7843585e-03
   6.4532142e+02   2.7643645e-03
   6.4639750e+02   2.7444617e-03
   6.4747357e+02   2.7246529e-03
   6.4854965e+02   2.7049405e-03
   6.4962573e+02   2.6853268e-03
   6.5070180e+02   2.6658138e-03
   6.5177788e+02   2.6464035e-03
   6.5285395e+02   2.6270978e-03
   6.5393003e+02   2.6078982e-03
   6.5500611e+02   2.5888063e-03
   6.5608218e+02   2.5698235e-03
   6.5715826e+02   2.5509510e-03
   6.5823433e+02   2.5321900e-03
   6.5931041e+02   2.5135416e-03
   6.6038649e+02   2.4950066e-03
   6.6146256e+02   2.4765859e-03
   6.6253864e+02   2.4582801e-03
   6.6361471e+02   2.4400900e-03
   6.6469079e+02   2.4220161e-03
   6.6576687e+02   2.4040588e-03
   6.6684294e+02   2.3862185e-03
   6.6791902e+02   2.3684955e-03
   6.6899510e+02   2.3508900e-03
   6.7007117e+02   2.3334023e-03
   6.7114725e+02   2.3160323e-03
   6.7222332e+02   2.2987802e-03
   6.7329940e+02   2.2816459e-03
   6.7437548e+02   2.2646294e-03
   6.7545155e+02   2.2477304e-03
   6.7652763e+02   2.2309490e-03
   6.7760370e+02   2.2142848e-03
   6.7867978e+02   2.1977376e-03
   6.7975586e+02   2.1813072e-03
   6.8083193e+02   2.1649931e-03
   6.8190801e+02   2.1487950e-03
   6.8298408e+02   2.1327126e-03
   6.8406016e+02   2.1167454e-03
   6.8513624e+02   2.1008930e-03
   6.8621231e+02   2.0851549e-03
   6.8728839e+02   2.0695306e-03
   6.8836446e+02   2.0540195e-03
   6.8944054e+02   2.0386212e-03
   6.9051662e+02   2.0233351e-03
   6.9159269e+02   2.0081607e-03
   6.9266877e+02   1.9930972e-03
   6.9374484e+02   1.9781443e-03
   6.9482092e+02   1.9633011e-03
   6.9589700e+02   1.9485672e-03
   6.9697307e+02   1.9339418e-03
   6.9804915e+02   1.9194244e-03
   6.9912523e+02   1.9050142e-03
   7.0020130e+02   1.8907107e-03
   7.0127738e+02   1.8765131e-03
   7.0235345e+02   1.8624209e-03
   7.0342953e+02   1.8484332e-03
   7.0450561e+02   1.8345495e-03
   7.0558168e+02   1.8207691e-03
   7.0665776e+02   1.8070913e-03
   7.0773383e+02   1.7935153e-03
   7.0880991e+02   1.7800405e-03
   7.0988599e+02   1.7666663e-03
   7.1096206e+02   1.7533919e-03
   7.1203814e+02   1.7402167e-03
   7.1311421e+02   1.7271399e-03
   7.1419029e+02   1.7141608e-03
   7.1526637e+02   1.7012788e-03
   7.1634244e+02   1.6884933e-03
   7.1741852e+02   1.6758034e-03
   7.1849459e+02   1.6632086e-03
   7.1957067e+02   1.6507080e-03
   7.2064675e+02   1.6383012e-03
   7.2172282e+02   1.6259874e-03
   7.2279890e+02   1.6137658e-03
   7.2387497e+02   1.6016359e-03
   7.2495105e+02   1.5895970e-03
   7.2602713e+02   1.5776484e-03
   7.2710320e+02   1.5657895e-03
   7.2817928e+02   1.5540195e-03
   7.2925536e+02   1.5423379e-03
   7.3033143e+02   1.5307440e-03
   7.3140751e+02   1.5192371e-03
   7.3248358e+02   1.5078166e-03
   7.3355966e+02   1.4964819e-03
   7.3463574e+02   1.4852323e-03
   7.3571181e+02   1.4740672e-03
   7.3678789e+02   1.4629860e-03
   7.3786396e+02   1.4519880e-03
   7.3894004e+02   1.4410726e-03
   7.4001612e+02   1.4302392e-03
   7.4109219e+02   1.4194873e-03
   7.4216827e+02   1.4088161e-03
   7.4324434e+02   1.3982251e-03
   7.4432042e+02   1.3877137e-03
   7.4539650e+02   1.3772813e-03
   7.4647257e+02   1.3669273e-03
   7.4754865e+02   1.3566511e-03
   7.4862472e+02   1.3464521e-03
   7.4970080e+02   1.3363298e-03
   7.5077688e+02   1.3262836e-03
   7.5185295e+02   1.3163129e-03
   7.5292903e+02   1.3064171e-03
   7.5400511e+02   1.2965957e-03
   7.5508118e+02   1.2868482e-03
   7.5615726e+02   1.2771739e-03
   7.5723333e+02   1.2675723e-03
   7.5830941e+02   1.2580429e-03
   7.5938549e+02   1.2485851e-03
   7.6046156e+02   1.2391985e-03
   7.6153764e+02   1.2298823e-03
   7.6261371e+02   1.2206363e-03
   7.6368979e+02   1.2114597e-03
   7.6476587e+02   1.2023521e-03
   7.6584194e+02   1.1933130e-03
   7.6691802e+02   1.1843418e-03
   7.6799409e+02   1.1754381e-03
   7.6907017e+02   1.1666013e-03
   7.7014625e+02   1.1578310e-03
   7.7122232e+02   1.1491265e-03
   7.7229840e+02   1.1404875e-03
   7.7337447e+02   1.1319135e-03
   7.7445055e+02   1.1234039e-03
   7.7552663e+02   1.1149583e-03
   7.7660270e+02   1.1065762e-03
   7.7767878e+02   1.0982571e-03
   7.7875485e+02   1.0900005e-03
   7.7983093e+02   1.0818060e-03
   7.8090701e+02   1.0736731e-03
   7.8198308e+02   1.0656013e-03
   7.8305916e+02   1.0575903e-03
   7.8413524e+02   1.0496394e-03
   7.8521131e+02   1.0417484e-03
   7.8628739e+02   1.0339166e-03
   7.8736346e+02   1.0261438e-03
   7.8843954e+02   1.0184293e-03
   7.8951562e+02   1.0107729e-03
   7.9059169e+02   1.0031740e-03
   7.9166777e+02   9.9563226e-04
   7.9274384e+02   9.8814721e-04
   7.9381992e+02   9.8071843e-04
   7.9489600e+02   9.7334550e-04
   7.9597207e+02   9.6602800e-04
   7.9704815e+02   9.5876551e-04
   7.9812422e+02   9.5155762e-04
   7.9920030e+02   9.4440392e-04
   8.0027638e+02   9.3730399e-04
   8.0135245e+02   9.3025745e-04
   8.0242853e+02   9.2326388e-04
   8.0350460e+02   9.1632288e-04
   8.0458068e+02   9.0943407e-04
   8.0565676e+02   9.0259704e-04
   8.0673283e+02   8.9581142e-04
   8.0780891e+02   8.8907681e-04
   8.0888498e+02   8.8239283e-04
   8.0996106e+02   8.7575910e-04
   8.1103714e+02   8.6917524e-04
   8.1211321e+02   8.6264088e-04
   8.1318929e+02   8.5615564e-04
   8.1426537e+02   8.4971916e-04
   8.1534144e+02   8.4333107e-04
   8.1641752e+02   8.3699100e-04
   8.1749359e+02   8.3069859e-04
   8.1856967e+02   8.2445349e-04
   8.1964575e+02   8.1825534e-04
   8.2072182e+02   8.1210379e-04
   8.2179790e+02   8.0599849e-04
   8.2287397e+02   7.9993908e-04
   8.2395005e+02   7.9392523e-04
   8.2502613e+02   7.8795658e-04
   8.2610220e+02   7.8203282e-04
   8.2717828e+02   7.7615358e-04
   8.2825435e+02   7.7031854e-04
   8.2933043e+02   7.6452738e-04
   8.3040651e+02   7.5877974e-04
   8.3148258e+02   7.5307532e-04
   8.3255866e+02   7.4741379e-04
   8.3363473e+02   7.4179481e-04
   8.3471081e+02   7.3621808e-04
   8.3578689e+02   7.3068328e-04
   8.3686296e+02   7.2519008e-04
   8.3793904e+02   7.1973818e-04
   8.3901512e+02   7.1432727e-04
   8.4009119e+02   7.0895704e-04
   8.4116727e+02   7.0362718e-04
   8.4224334e+02   6.9833739e-04
   8.4331942e+02   6.9308737e-04
   8.4439550e+02   6.8787681e-04
   8.4547157e+02   6.8270543e-04
   8.4654765e+02   6.7757293e-04
   8.4762372e+02   6.7247901e-04
   8.4869980e+02   6.6742339e-04
   8.4977588e+02   6.6240577e-04
   8.5085195e+02   6.5742588e-04
   8.5192803e+02   6.5248343e-04
   8.5300410e+02   6.4757813e-04
   8.5408018e+02   6.4270971e-04
   8.5515626e+02   6.3787789e-04
   8.5623233e+02   6.3308240e-04
   8.5730841e+02   6.2832295e-04
   8.5838448e+02   6.2359929e-04
   8.5946056e+02   6.1891114e-04
   8.6053664e+02   6.1425824e-04
   8.6161271e+02   6.0964031e-04
   8.6268879e+02   6.0505710e-04
   8.6376486e+02   6.0050835e-04
   8.6484094e+02   5.9599380e-04
   8.6591702e+02   5.9151318e-04
   8.6699309e+02   5.8706625e-04
   8.6806917e+02   5.8265275e-04
   8.6914525e+02   5.7827244e-04
   8.7022132e+02   5.7392505e-04
   8.7129740e+02   5.6961034e-04
   8.7237347e+02   5.6532808e-04
   8.7344955e+02   5.6107800e-04
   8.7452563e+02   5.5685988e-04
   8.7560170e+02   5.5267347e-04
   8.7667778e+02   5.4851853e-04
   8.7775385e+02   5.4439483e-04
   8.7882993e+02   5.4030213e-04
   8.7990601e+02   5.3624020e-04
   8.8098208e+02   5.3220881e-04
   8.8205816e+02   5.2820772e-04
   8.8313423e+02   5.2423671e-04
   8.8421031e+02   5.2029556e-04
   8.8528639e+02   5.1638404e-04
   8.8636246e+02   5.1250192e-04
   8.8743854e+02   5.0864899e-04
   8.8851461e+02   5.0482502e-04
   8.8959069e+02   5.0102980e-04
   8.9066677e+02   4.9726312e-04
   8.9174284e+02   4.9352475e-04
   8.9281892e+02   4.8981449e-04
   8.9389499e+02   4.8613211e-04
   8.9497107e+02   4.8247743e-04
   8.9604715e+02   4.7885022e-04
   8.9712322e+02   4.7525027e-04
   8.9819930e+02   4.7167740e-04
   8.9927538e+02   4.6813138e-04
   9.0035145e+02   4.6461202e-04
   9.0142753e+02   4.6111912e-04
   9.0250360e+02   4.5765247e-04
   9.0357968e+02   4.5421189e-04
   9.0465576e+02   4.5079718e-04
   9.0573183e+02   4.4740814e-04
   9.0680791e+02   4.4404457e-04
   9.0788398e+02   4.4070630e-04
   9.0896006e+02   4.3739311e-04
   9.1003614e+02   4.3410484e-04
   9.1111221e+02   4.3084129e-04
   9.1218829e+02   4.2760227e-04
   9.1326436e+02   4.2438761e-04
   9.1434044e+02   4.2119711e-04
   9.1541652e+02   4.1803060e-04
   9.1649259e+02   4.1488789e-04
   9.1756867e+02   4.1176881e-04
   9.1864474e+02   4.0867318e-04
   9.1972082e+02   4.0560082e-04
   9.2079690e+02   4.0255155e-04
   9.2187297e+02   3.9952522e-04
   9.2294905e+02   3.9652163e-04
   9.2402513e+02   3.9354063e-04
   9.2510120e+02   3.9058203e-04
   9.2617728e+02   3.8764568e-04
   9.2725335e+02   3.8473140e-04
   9.2832943e+02   3.8183903e-04
   9.2940551e+02   3.7896841e-04
   9.3048158e+02   3.7611937e-04
   9.3155766e+02   3.7329175e-04
   9.3263373e+02   3.7048538e-04
   9.3370981e+02   3.6770011e-04
   9.3478589e+02   3.6493578e-04
   9.3586196e+02   3.6219224e-04
   9.3693804e+02   3.5946932e-04
   9.3801411e+02   3.5676687e-04
   9.3909019e+02   3.5408473e-04
   9.4016627e+02   3.5142276e-04
   9.4124234e+02   3.4878081e-04
   9.4231842e+02   3.4615871e-04
   9.4339449e+02   3.4355633e-04
   9.4447057e+02   3.4097351e-04
   9.4554665e+02   3.3841011e-04
   9.4662272e+02   3.3586598e-04
   9.4769880e+02   3.3334098e-04
   9.4877487e+02   3.3083496e-04
   9.4985095e+02   3.2834778e-04
   9.5092703e+02   3.2587930e-04
   9.5200310e+02   3.2342937e-04
   9.5307918e+02   3.2099787e-04
   9.5415526e+02   3.1858464e-04
   9.5523133e+02   3.1618956e-04
   9.5630741e+02   3.1381248e-04
   9.5738348e+02   3.1145327e-04
   9.5845956e+02   3.0911180e-04
   9.5953564e+02   3.0678793e-04
   9.6061171e+02   3.0448153e-04
   9.6168779e+02   3.0219248e-04
   9.6276386e+02   2.9992063e-04
   9.6383994e+02   2.9766586e-04
   9.6491602e+02   2.9542804e-04
   9.6599209e+02   2.9320704e-04
   9.6706817e+02   2.9100275e-04
   9.6814424e+02   2.8881502e-04
   9.6922032e+02   2.8664374e-04
   9.7029640e+02   2.8448878e-04
   9.7137247e+02   2.8235003e-04
   9.7244855e+02   2.8022735e-04
   9.7352462e+02   2.7812064e-04
   9.7460070e+02   2.7602976e-04
   9.7567678e+02   2.7395459e-04
   9.7675285e+02   2.7189503e-04
   9.7782893e+02   2.6985096e-04
   9.7890501e+02   2.6782225e-04
   9.7998108e+02   2.6580879e-04
   9.8105716e+02   2.6381047e-04
   9.8213323e+02   2.6182717e-04
   9.8320931e+02   2.5985879e-04
   9.8428539e+02   2.5790520e-04
   9.8536146e+02   2.5596629e-04
   9.8643754e+02   2.5404197e-04
   9.8751361e+02   2.5213211e-04
   9.8858969e+02   2.5023661e-04
   9.8966577e+02   2.4835536e-04
   9.9074184e+02   2.4648825e-04
   9.9181792e+02   2.4463518e-04
   9.9289399e+02   2.4279604e-04
   9.9397007e+02   2.4097072e-04
   9.9504615e+02   2.3915913e-04
   9.9612222e+02   2.3736116e-04
   9.9719830e+02   2.3557671e-04
   9.9827437e+02   2.3380567e-04
   9.9935045e+02   2.3204794e-04
   1.0004265e+03   2.3030343e-04
   1.0015026e+03   2.2857204e-04
   1.0025787e+03   2.2685366e-04
   1.0036548e+03   2.2514820e-04
   1.0047308e+03   2.2345556e-04
   1.0058069e+03   2.2177564e-04
   1.0068830e+03   2.2010836e-04
   1.0079591e+03   2.1845361e-04
   1.0090351e+03   2.1681130e-04
   1.0101112e+03   2.1518134e-04
   1.0111873e+03   2.1356363e-04
   1.0122634e+03   2.1195808e-04
   1.0133394e+03   2.1036460e-04
   1.0144155e+03   2.0878310e-04
   1.0154916e+03   2.0721350e-04
   1.0165677e+03   2.0565569e-04
   1.0176437e+03   2.0410959e-04
   1.0187198e+03   2.0257512e-04
   1.0197959e+03   2.0105218e-04
   1.0208720e+03   1.9954069e-04
   1.0219480e+03   1.9804057e-04
   1.0230241e+03   1.9655172e-04
   1.0241002e+03   1.9507407e-04
   1.0251763e+03   1.9360752e-04
   1.0262524e+03   1.9215200e-04
   1.0273284e+03   1.9070743e-04
   1.0284045e+03   1.8927371e-04
   1.0294806e+03   1.8785077e-04
   1.0305567e+03   1.8643853e-04
   1.0316327e+03   1.8503691e-04
   1.0327088e+03   1.8364582e-04
   1.0337849e+03   1.8226519e-04
   1.0348610e+03   1.8089494e-04
   1.0359370e+03   1.7953499e-04
   1.0370131e+03   1.7818527e-04
   1.0380892e+03   1.7684569e-04
   1.0391653e+03   1.7551619e-04
   1.0402413e+03   1.7419667e-04
   1.0413174e+03   1.7288708e-04
   1.0423935e+03   1.7158734e-04
   1.0434696e+03   1.7029736e-04
   1.0445456e+03   1.6901709e-04
   1.0456217e+03   1.6774644e-04
   1.0466978e+03   1.6648534e-04
   1.0477739e+03   1.6523372e-04
   1.0488499e+03   1.6399151e-04
   1.0499260e+03   1.6275864e-04
   1.0510021e+03   1.6153504e-04
   1.0520782e+03   1.6032064e-04
   1.0531543e+03   1.5911536e-04
   1.0542303e+03   1.5791915e-04
   1.0553064e+03   1.5673193e-04
   1.0563825e+03   1.5555364e-04
   1.0574586e+03   1.5438421e-04
   1.0585346e+03   1.5322356e-04
   1.0596107e+03   1.5207164e-04
   1.0606868e+03   1.5092839e-04
   1.0617629e+03   1.4979372e-04
   1.0628389e+03   1.4866759e-04
   1.0639150e+03   1.4754992e-04
   1.0649911e+03   1.4644066e-04
   1.0660672e+03   1.4533974e-04
   1.0671432e+03   1.4424709e-04
   1.0682193e+03   1.4316266e-04
   1.0692954e+03   1.4208637e-04
   1.0703715e+03   1.4101818e-04
   1.0714475e+03   1.3995803e-04
   1.0725236e+03   1.3890584e-04
   1.0735997e+03   1.3786156e-04
   1.0746758e+03   1.3682513e-04
   1.0757519e+03   1.3579649e-04
   1.0768279e+03   1.3477559e-04
   1.0779040e+03   1.3376236e-04
   1.0789801e+03   1.3275675e-04
   1.0800562e+03   1.3175870e-04
   1.0811322e+03   1.3076816e-04
   1.0822083e+03   1.2978506e-04
   1.0832844e+03   1.2880935e-04
   1.0843605e+03   1.2784097e-04
   1.0854365e+03   1.2687988e-04
   1.0865126e+03   1.2592601e-04
   1.0875887e+03   1.2497931e-04
   1.0886648e+03   1.2403973e-04
   1.0897408e+03   1.2310721e-04
   1.0908169e+03   1.2218171e-04
   1.0918930e+03   1.2126316e-04
   1.0929691e+03   1.2035152e-04
   1.0940451e+03   1.1944673e-04
   1.0951212e+03   1.1854874e-04
   1.0961973e+03   1.1765750e-04
   1.0972734e+03   1.1677297e-04
   1.0983494e+03   1.1589508e-04
   1.0994255e+03   1.1502379e-04
   1.1005016e+03   1.1415906e-04
   1.1015777e+03   1.1330082e-04
   1.1026538e+03   1.1244904e-04
   1.1037298e+03   1.1160366e-04
   1.1048059e+03   1.1076464e-04
   1.1058820e+03   1.0993192e-04
   1.1069581e+03   1.0910547e-04
   1.1080341e+03   1.0828522e-04
   1.1091102e+03   1.0747115e-04
   1.1101863e+03   1.0666319e-04
   1.1112624e+03   1.0586131e-04
   1.1123384e+03   1.0506546e-04
   1.1134145e+03   1.0427558e-04
   1.1144906e+03   1.0349165e-04
   1.1155667e+03   1.0271361e-04
   1.1166427e+03   1.0194142e-04
   1.1177188e+03   1.0117504e-04
   1.1187949e+03   1.0041442e-04
   1.1198710e+03   9.9659513e-05
   1.1209470e+03   9.8910284e-05
   1.1220231e+03   9.8166688e-05
   1.1230992e+03   9.7428681e-05
   1.1241753e+03   9.6696223e-05
   1.1252514e+03   9.5969272e-05
   1.1263274e+03   9.5247786e-05
   1.1274035e+03   9.4531724e-05
   1.1284796e+03   9.3821045e-05
   1.1295557e+03   9.3115709e-05
   1.1306317e+03   9.2415675e-05
   1.1317078e+03   9.1720904e-05
   1.1327839e+03   9.1031357e-05
   1.1338600e+03   9.0346993e-05
   1.1349360e+03   8.9667775e-05
   1.1360121e+03   8.8993662e-05
   1.1370882e+03   8.8324618e-05
   1.1381643e+03   8.7660603e-05
   1.1392403e+03   8.7001581e-05
   1.1403164e+03   8.6347512e-05
   1.1413925e+03   8.5698361e-05
   1.1424686e+03   8.5054091e-05
   1.1435446e+03   8.4414664e-05
   1.1446207e+03   8.3780044e-05
   1.1456968e+03   8.3150195e-05
   1.1467729e+03   8.2525081e-05
   1.1478489e+03   8.1904666e-05
   1.1489250e+03   8.1288916e-05
   1.1500011e+03   8.0677795e-05
   1.1510772e+03   8.0071269e-05
   1.1521533e+03   7.9469302e-05
   1.1532293e+03   7.8871860e-05
   1.1543054e+03   7.8278911e-05
   1.1553815e+03   7.7690418e-05
   1.1564576e+03   7.7106351e-05
   1.1575336e+03   7.6526674e-05
   1.1586097e+03   7.5951355e-05
   1.1596858e+03   7.5380361e-05
   1.1607619e+03   7.4813660e-05
   1.1618379e+03   7.4251219e-05
   1.1629140e+03   7.3693007e-05
   1.1639901e+03   7.3138991e-05
   1.1650662e+03   7.2589140e-05
   1.1661422e+03   7.2043423e-05
   1.1672183e+03   7.1501809e-05
   1.1682944e+03   7.0964266e-05
   1.1693705e+03   7.0430765e-05
   1.1704465e+03   6.9901274e-05
   1.1715226e+03   6.9375764e-05
   1.1725987e+03   6.8854205e-05
   1.1736748e+03   6.8336566e-05
   1.1747509e+03   6.7822820e-05
   1.1758269e+03   6.7312935e-05
   1.1769030e+03   6.6806884e-05
   1.1779791e+03   6.6304638e-05
   1.1790552e+03   6.5806167e-05
   1.1801312e+03   6.5311443e-05
   1.1812073e+03   6.4820439e-05
   1.1822834e+03   6.4333126e-05
   1.1833595e+03   6.3849477e-05
   1.1844355e+03   6.3369464e-05
   1.1855116e+03   6.2893059e-05
   1.1865877e+03   6.2420236e-05
   1.1876638e+03   6.1950968e-05
   1.1887398e+03   6.1485227e-05
   1.1898159e+03   6.1022988e-05
   1.1908920e+03   6.0564224e-05
   1.1919681e+03   6.0108909e-05
   1.1930441e+03   5.9657017e-05
   1.1941202e+03   5.9208522e-05
   1.1951963e+03   5.8763399e-05
   1.1962724e+03   5.8321623e-05
   1.1973484e+03   5.7883167e-05
   1.1984245e+03   5.7448008e-05
   1.1995006e+03   5.7016120e-05
   1.2005767e+03   5.6587480e-05
   1.2016528e+03   5.6162061e-05
   1.2027288e+03   5.5739841e-05
   1.2038049e+03   5.5320795e-05
   1.2048810e+03   5.4904900e-05
   1.2059571e+03   5.4492131e-05
   1.2070331e+03   5.4082465e-05
   1.2081092e+03   5.3675879e-05
   1.2091853e+03   5.3272350e-05
   1.2102614e+03   5.2871854e-05
   1.2113374e+03   5.2474370e-05
   1.2124135e+03   5.2079873e-05
   1.2134896e+03   5.1688342e-05
   1.2145657e+03   5.1299755e-05
   1.2156417e+03   5.0914089e-05
   1.2167178e+03   5.0531323e-05
   1.2177939e+03   5.0151434e-05
   1.2188700e+03   4.9774401e-05
   1.2199460e+03   4.9400203e-05
   1.2210221e+03   4.9028818e-05
   1.2220982e+03   4.8660224e-05
   1.2231743e+03   4.8294402e-05
   1.2242504e+03   4.7931330e-05
   1.2253264e+03   4.7570988e-05
   1.2264025e+03   4.7213355e-05
   1.2274786e+03   4.6858410e-05
   1.2285547e+03   4.6506134e-05
   1.2296307e+03   4.6156506e-05
   1.2307068e+03   4.5809506e-05
   1.2317829e+03   4.5465115e-05
   1.2328590e+03   4.5123314e-05
   1.2339350e+03   4.4784082e-05
   1.2350111e+03   4.4447400e-05
   1.2360872e+03   4.4113249e-05
   1.2371633e+03   4.3781611e-05
   1.2382393e+03   4.3452466e-05
   1.2393154e+03   4.3125795e-05
   1.2403915e+03   4.2801580e-05
   1.2414676e+03   4.2479803e-05
   1.2425436e+03   4.2160444e-05
   1.2436197e+03   4.1843487e-05
   1.2446958e+03   4.1528912e-05
   1.2457719e+03   4.1216702e-05
   1.2468479e+03   4.0906840e-05
   1.2479240e+03   4.0599307e-05
   1.2490001e+03   4.0294086e-05
   1.2500762e+03   3.9991159e-05
   1.2511523e+03   3.9690510e-05
   1.2522283e+03   3.9392121e-05
   1.2533044e+03   3.9095976e-05
   1.2543805e+03   3.8802056e-05
   1.2554566e+03   3.8510347e-05
   1.2565326e+03   3.8220830e-05
   1.2576087e+03   3.7933491e-05
   1.2586848e+03   3.7648311e-05
   1.2597609e+03   3.7365275e-05
   1.2608369e+03   3.7084367e-05
   1.2619130e+03   3.6805571e-05
   1.2629891e+03   3.6528871e-05
   1.2640652e+03   3.6254251e-05
   1.2651412e+03   3.5981695e-05
   1.2662173e+03   3.5711189e-05
   1.2672934e+03   3.5442716e-05
   1.2683695e+03   3.5176262e-05
   1.2694455e+03   3.4911811e-05
   1.2705216e+03   3.4649348e-05
   1.2715977e+03   3.4388858e-05
   1.2726738e+03   3.4130326e-05
   1.2737498e+03   3.3873738e-05
   1.2748259e+03   3.3619079e-05
   1.2759020e+03   3.3366335e-05
   1.2769781e+03   3.3115490e-05
   1.2780542e+03   3.2866532e-05
   1.2791302e+03   3.2619445e-05
   1.2802063e+03   3.2374215e-05
   1.2812824e+03   3.2130830e-05
   1.2823585e+03   3.1889274e-05
   1.2834345e+03   3.1649534e-05
   1.2845106e+03   3.1411596e-05
   1.2855867e+03   3.1175447e-05
   1.2866628e+03   3.0941074e-05
   1.2877388e+03   3.0708462e-05
   1.2888149e+03   3.0477599e-05
   1.2898910e+03   3.0248472e-05
   1.2909671e+03   3.0021067e-05
   1.2920431e+03   2.9795372e-05
   1.2931192e+03   2.9571374e-05
   1.2941953e+03   2.9349060e-05
   1.2952714e+03   2.9128417e-05
   1.2963474e+03   2.8909433e-05
   1.2974235e+03   2.8692095e-05
   1.2984996e+03   2.8476391e-05
   1.2995757e+03   2.8262309e-05
   1.3006518e+03   2.8049836e-05
   1.3017278e+03   2.7838960e-05
   1.3028039e+03   2.7629670e-05
   1.3038800e+03   2.7421953e-05
   1.3049561e+03   2.7215798e-05
   1.3060321e+03   2.7011193e-05
   1.3071082e+03   2.6808126e-05
   1.3081843e+03   2.6606585e-05
   1.3092604e+03   2.6406560e-05
   1.3103364e+03   2.6208038e-05
   1.3114125e+03   2.6011009e-05
   1.3124886e+03   2.5815461e-05
   1.3135647e+03   2.5621383e-05
   1.3146407e+03   2.5428765e-05
   1.3157168e+03   2.5237594e-05
   1.3167929e+03   2.5047861e-05
   1.3178690e+03   2.4859554e-05
   1.3189450e+03   2.4672662e-05
   1.3200211e+03   2.4487176e-05
   1.3210972e+03   2.4303084e-05
   1.3221733e+03   2.4120376e-05
   1.3232493e+03   2.3939042e-05
   1.3243254e+03   2.3759071e-05
   1.3254015e+03   2.3580453e-05
   1.3264776e+03   2.3403178e-05
   1.3275537e+03   2.3227235e-05
   1.3286297e+03   2.3052615e-05
   1.3297058e+03   2.2879308e-05
   1.3307819e+03   2.2707304e-05
   1.3318580e+03   2.2536593e-05
   1.3329340e+03   2.2367166e-05
   1.3340101e+03   2.2199012e-05
   1.3350862e+03   2.2032122e-05
   1.3361623e+03   2.1866487e-05
   1.3372383e+03   2.1702097e-05
   1.3383144e+03   2.1538943e-05
   1.3393905e+03   2.1377016e-05
   1.3404666e+03   2.1216306e-05
   1.3415426e+03   2.1056804e-05
   1.3426187e+03   2.0898502e-05
   1.3436948e+03   2.0741389e-05
   1.3447709e+03   2.0585457e-05
   1.3458469e+03   2.0430698e-05
   1.3469230e+03   2.0277103e-05
   1.3479991e+03   2.0124662e-05
   1.3490752e+03   1.9973367e-05
   1.3501513e+03   1.9823209e-05
   1.3512273e+03   1.9674180e-05
   1.3523034e+03   1.9526272e-05
   1.3533795e+03   1.9379476e-05
   1.3544556e+03   1.9233783e-05
   1.3555316e+03   1.9089186e-05
   1.3566077e+03   1.8945675e-05
   1.3576838e+03   1.8803244e-05
   1.3587599e+03   1.8661883e-05
   1.3598359e+03   1.8521585e-05
   1.3609120e+03   1.8382342e-05
   1.3619881e+03   1.8244146e-05
   1.3630642e+03   1.8106988e-05
   1.3641402e+03   1.7970862e-05
   1.3652163e+03   1.7835759e-05
   1.3662924e+03   1.7701672e-05
   1.3673685e+03   1.7568592e-05
   1.3684445e+03   1.7436514e-05
   1.3695206e+03   1.7305428e-05
   1.3705967e+03   1.7175328e-05
   1.3716728e+03   1.7046205e-05
   1.3727488e+03   1.6918054e-05
   1.3738249e+03   1.6790866e-05
   1.3749010e+03   1.6664634e-05
   1.3759771e+03   1.6539351e-05
   1.3770532e+03   1.6415010e-05
   1.3781292e+03   1.6291604e-05
   1.3792053e+03   1.6169126e-05
   1.3802814e+03   1.6047568e-05
   1.3813575e+03   1.5926924e-05
   1.3824335e+03   1.5807187e-05
   1.3835096e+03   1.5688351e-05
   1.3845857e+03   1.5570407e-05
   1.3856618e+03   1.5453351e-05
   1.3867378e+03   1.5337174e-05
   1.3878139e+03   1.5221871e-05
   1.3888900e+03   1.5107435e-05
   1.3899661e+03   1.4993859e-05
   1.3910421e+03   1.4881137e-05
   1.3921182e+03   1.4769262e-05
   1.3931943e+03   1.4658228e-05
   1.3942704e+03   1.4548029e-05
   1.3953464e+03   1.4438659e-05
   1.3964225e+03   1.4330111e-05
   1.3974986e+03   1.4222378e-05
   1.3985747e+03   1.4115456e-05
   1.3996508e+03   1.4009338e-05
   1.4007268e+03   1.3904017e-05
   1.4018029e+03   1.3799488e-05
   1.4028790e+03   1.3695745e-05
   1.4039551e+03   1.3592782e-05
   1.4050311e+03   1.3490593e-05
   1.4061072e+03   1.3389172e-05
   1.4071833e+03   1.3288514e-05
   1.4082594e+03   1.3188612e-05
   1.4093354e+03   1.3089462e-05
   1.4104115e+03   1.2991057e-05
   1.4114876e+03   1.2893392e-05
   1.4125637e+03   1.2796460e-05
   1.4136397e+03   1.2700258e-05
   1.4147158e+03   1.2604779e-05
   1.4157919e+03   1.2510018e-05
   1.4168680e+03   1.2415969e-05
   1.4179440e+03   1.2322627e-05
   1.4190201e+03   1.2229987e-05
   1.4200962e+03   1.2138043e-05
   1.4211723e+03   1.2046791e-05
   1.4222483e+03   1.1956224e-05
   1.4233244e+03   1.1866339e-05
   1.4244005e+03   1.1777129e-05
   1.4254766e+03   1.1688590e-05
   1.4265527e+03   1.1600716e-05
   1.4276287e+03   1.1513503e-05
   1.4287048e+03   1.1426946e-05
   1.4297809e+03   1.1341040e-05
   1.4308570e+03   1.1255779e-05
   1.4319330e+03   1.1171159e-05
   1.4330091e+03   1.1087176e-05
   1.4340852e+03   1.1003823e-05
   1.4351613e+03   1.0921098e-05
   1.4362373e+03   1.0838994e-05
   1.4373134e+03   1.0757508e-05
   1.4383895e+03   1.0676634e-05
   1.4394656e+03   1.0596369e-05
   1.4405416e+03   1.0516706e-05
   1.4416177e+03   1.0437643e-05
   1.4426938e+03   1.0359174e-05
   1.4437699e+03   1.0281295e-05
   1.4448459e+03   1.0204001e-05
   1.4459220e+03   1.0127288e-05
   1.4469981e+03   1.0051153e-05
   1.4480742e+03   9.9755892e-06
   1.4491503e+03   9.9005938e-06
   1.4502263e+03   9.8261623e-06
   1.4513024e+03   9.7522903e-06
   1.4523785e+03   9.6789737e-06
   1.4534546e+03   9.6062082e-06
   1.4545306e+03   9.5339898e-06
   1.4556067e+03   9.4623144e-06
   1.4566828e+03   9.3911777e-06
   1.4577589e+03   9.3205759e-06
   1.4588349e+03   9.2505049e-06
   1.4599110e+03   9.1809606e-06
   1.4609871e+03   9.1119392e-06
   1.4620632e+03   9.0434366e-06
   1.4631392e+03   8.9754491e-06
   1.4642153e+03   8.9079726e-06
   1.4652914e+03   8.8410035e-06
   1.4663675e+03   8.7745378e-06
   1.4674435e+03   8.7085718e-06
   1.4685196e+03   8.6431018e-06
   1.4695957e+03   8.5781239e-06
   1.4706718e+03   8.5136345e-06
   1.4717478e+03   8.4496300e-06
   1.4728239e+03   8.3861066e-06
   1.4739000e+03   8.3230608e-06
