   3.4320000e+02   3.8177803e-06
   3.4554745e+02   4.4074837e-06
   3.4789489e+02   5.0797462e-06
   3.5024234e+02   5.8447459e-06
   3.5258979e+02   6.7137073e-06
   3.5493724e+02   7.6989796e-06
   3.5728468e+02   8.8141170e-06
   3.5963213e+02   1.0073960e-05
   3.6197958e+02   1.1494718e-05
   3.6432703e+02   1.3094051e-05
   3.6667447e+02   1.4891152e-05
   3.6902192e+02   1.6906829e-05
   3.7136937e+02   1.9163577e-05
   3.7371682e+02   2.1685660e-05
   3.7606426e+02   2.4499170e-05
   3.7841171e+02   2.7632098e-05
   3.8075916e+02   3.1114388e-05
   3.8310661e+02   3.4977978e-05
   3.8545405e+02   3.9256842e-05
   3.8780150e+02   4.3987012e-05
   3.9014895e+02   4.9206587e-05
   3.9249640e+02   5.4955729e-05
   3.9484384e+02   6.1276644e-05
   3.9719129e+02   6.8213540e-05
   3.9953874e+02   7.5812566e-05
   4.0188619e+02   8.4121735e-05
   4.0423363e+02   9.3190818e-05
   4.0658108e+02   1.0307122e-04
   4.0892853e+02   1.1381581e-04
   4.1127598e+02   1.2547878e-04
   4.1362342e+02   1.3811540e-04
   4.1597087e+02   1.5178181e-04
   4.1831832e+02   1.6653475e-04
   4.2066577e+02   1.8243127e-04
   4.2301321e+02   1.9952844e-04
   4.2536066e+02   2.1788297e-04
   4.2770811e+02   2.3755090e-04
   4.3005556e+02   2.5858715e-04
   4.3240300e+02   2.8104514e-04
   4.3475045e+02   3.0497640e-04
   4.3709790e+02   3.3043004e-04
   4.3944535e+02   3.5745236e-04
   4.4179279e+02   3.8608635e-04
   4.4414024e+02   4.1637121e-04
   4.4648769e+02   4.4834190e-04
   4.4883514e+02   4.8202863e-04
   4.5118258e+02   5.1745638e-04
   4.5353003e+02   5.5464450e-04
   4.5587748e+02   5.9360618e-04
   4.5822492e+02   6.3434811e-04
   4.6057237e+02   6.7687003e-04
   4.6291982e+02   7.2116435e-04
   4.6526727e+02   7.6721590e-04
   4.6761471e+02   8.1500155e-04
   4.6996216e+02   8.6449001e-04
   4.7230961e+02   9.1564166e-04
   4.7465706e+02   9.6840836e-04
   4.7700450e+02   1.0227334e-03
   4.7935195e+02   1.0785515e-03
   4.8169940e+02   1.1357888e-03
   4.8404685e+02   1.1943629e-03
   4.8639429e+02   1.2541834e-03
   4.8874174e+02   1.3151516e-03
   4.9108919e+02   1.3771612e-03
   4.9343664e+02   1.4400985e-03
   4.9578408e+02   1.5038429e-03
   4.9813153e+02   1.5682676e-03
   5.0047898e+02   1.6332395e-03
   5.0282643e+02   1.6986208e-03
   5.0517387e+02   1.7642688e-03
   5.0752132e+02   1.8300369e-03
   5.0986877e+02   1.8957756e-03
   5.1221622e+02   1.9613330e-03
   5.1456366e+02   2.0265556e-03
   5.1691111e+02   2.0912894e-03
   5.1925856e+02   2.1553805e-03
   5.2160601e+02   2.2186758e-03
   5.2395345e+02   2.2810244e-03
   5.2630090e+02   2.3422779e-03
   5.2864835e+02   2.4022914e-03
   5.3099580e+02   2.4609244e-03
   5.3334324e+02   2.5180415e-03
   5.3569069e+02   2.5735129e-03
   5.3803814e+02   2.6272155e-03
   5.4038559e+02   2.6790332e-03
   5.4273303e+02   2.7288575e-03
   5.4508048e+02   2.7765882e-03
   5.4742793e+02   2.8221337e-03
   5.4977538e+02   2.8654114e-03
   5.5212282e+02   2.9063480e-03
   5.5447027e+02   2.9448798e-03
   5.5681772e+02   2.9809528e-03
   5.5916517e+02   3.0145229e-03
   5.6151261e+02   3.0455558e-03
   5.6386006e+02   3.0740269e-03
   5.6620751e+02   3.0999213e-03
   5.6855495e+02   3.1232339e-03
   5.7090240e+02   3.1439686e-03
   5.7324985e+02   3.1621383e-03
   5.7559730e+02   3.1777646e-03
   5.7794474e+02   3.1908772e-03
   5.8029219e+02   3.2015139e-03
   5.8263964e+02   3.2097195e-03
   5.8498709e+02   3.2155458e-03
   5.8733453e+02   3.2190507e-03
   5.8968198e+02   3.2202980e-03
   5.9202943e+02   3.2193565e-03
   5.9437688e+02   3.2162997e-03
   5.9672432e+02   3.2112051e-03
   5.9907177e+02   3.2041534e-03
   6.0141922e+02   3.1952283e-03
   6.0376667e+02   3.1845158e-03
   6.0611411e+02   3.1721034e-03
   6.0846156e+02   3.1580801e-03
   6.1080901e+02   3.1425354e-03
   6.1315646e+02   3.1255589e-03
   6.1550390e+02   3.1072402e-03
   6.1785135e+02   3.0876680e-03
   6.2019880e+02   3.0669300e-03
   6.2254625e+02   3.0451126e-03
   6.2489369e+02   3.0223002e-03
   6.2724114e+02   2.9985754e-03
   6.2958859e+02   2.9740182e-03
   6.3193604e+02   2.9487063e-03
   6.3428348e+02   2.9227146e-03
   6.3663093e+02   2.8961151e-03
   6.3897838e+02   2.8689769e-03
   6.4132583e+02   2.8413658e-03
   6.4367327e+02   2.8133445e-03
   6.4602072e+02   2.7849726e-03
   6.4836817e+02   2.7563062e-03
   6.5071562e+02   2.7273985e-03
   6.5306306e+02   2.6982991e-03
   6.5541051e+02   2.6690547e-03
   6.5775796e+02   2.6397089e-03
   6.6010541e+02   2.6103019e-03
   6.6245285e+02   2.5808715e-03
   6.6480030e+02   2.5514522e-03
   6.6714775e+02   2.5220758e-03
   6.6949520e+02   2.4927717e-03
   6.7184264e+02   2.4635666e-03
   6.7419009e+02   2.4344848e-03
   6.7653754e+02   2.4055483e-03
   6.7888498e+02   2.3767772e-03
   6.8123243e+02   2.3481891e-03
   6.8357988e+02   2.3198002e-03
   6.8592733e+02   2.2916246e-03
   6.8827477e+02   2.2636749e-03
   6.9062222e+02   2.2359620e-03
   6.9296967e+02   2.2084958e-03
   6.9531712e+02   2.1812843e-03
   6.9766456e+02   2.1543347e-03
   7.0001201e+02   2.1276529e-03
   7.0235946e+02   2.1012441e-03
   7.0470691e+02   2.0751121e-03
   7.0705435e+02   2.0492602e-03
   7.0940180e+02   2.0236909e-03
   7.1174925e+02   1.9984060e-03
   7.1409670e+02   1.9734065e-03
   7.1644414e+02   1.9486932e-03
   7.1879159e+02   1.9242662e-03
   7.2113904e+02   1.9001252e-03
   7.2348649e+02   1.8762693e-03
   7.2583393e+02   1.8526978e-03
   7.2818138e+02   1.8294091e-03
   7.3052883e+02   1.8064016e-03
   7.3287628e+02   1.7836737e-03
   7.3522372e+02   1.7612232e-03
   7.3757117e+02   1.7390480e-03
   7.3991862e+02   1.7171456e-03
   7.4226607e+02   1.6955138e-03
   7.4461351e+02   1.6741498e-03
   7.4696096e+02   1.6530512e-03
   7.4930841e+02   1.6322150e-03
   7.5165586e+02   1.6116387e-03
   7.5400330e+02   1.5913193e-03
   7.5635075e+02   1.5712541e-03
   7.5869820e+02   1.5514402e-03
   7.6104565e+02   1.5318747e-03
   7.6339309e+02   1.5125547e-03
   7.6574054e+02   1.4934773e-03
   7.6808799e+02   1.4746397e-03
   7.7043544e+02   1.4560389e-03
   7.7278288e+02   1.4376722e-03
   7.7513033e+02   1.4195367e-03
   7.7747778e+02   1.4016295e-03
   7.7982523e+02   1.3839478e-03
   7.8217267e+02   1.3664889e-03
   7.8452012e+02   1.3492501e-03
   7.8686757e+02   1.3322285e-03
   7.8921502e+02   1.3154214e-03
   7.9156246e+02   1.2988263e-03
   7.9390991e+02   1.2824405e-03
   7.9625736e+02   1.2662612e-03
   7.9860480e+02   1.2502860e-03
   8.0095225e+02   1.2345123e-03
   8.0329970e+02   1.2189375e-03
   8.0564715e+02   1.2035592e-03
   8.0799459e+02   1.1883749e-03
   8.1034204e+02   1.1733821e-03
   8.1268949e+02   1.1585785e-03
   8.1503694e+02   1.1439616e-03
   8.1738438e+02   1.1295291e-03
   8.1973183e+02   1.1152786e-03
   8.2207928e+02   1.1012080e-03
   8.2442673e+02   1.0873148e-03
   8.2677417e+02   1.0735970e-03
   8.2912162e+02   1.0600522e-03
   8.3146907e+02   1.0466782e-03
   8.3381652e+02   1.0334730e-03
   8.3616396e+02   1.0204344e-03
   8.3851141e+02   1.0075603e-03
   8.4085886e+02   9.9484865e-04
   8.4320631e+02   9.8229734e-04
   8.4555375e+02   9.6990438e-04
   8.4790120e+02   9.5766778e-04
   8.5024865e+02   9.4558555e-04
   8.5259610e+02   9.3365576e-04
   8.5494354e+02   9.2187648e-04
   8.5729099e+02   9.1024580e-04
   8.5963844e+02   8.9876187e-04
   8.6198589e+02   8.8742281e-04
   8.6433333e+02   8.7622682e-04
   8.6668078e+02   8.6517208e-04
   8.6902823e+02   8.5425680e-04
   8.7137568e+02   8.4347924e-04
   8.7372312e+02   8.3283765e-04
   8.7607057e+02   8.2233032e-04
   8.7841802e+02   8.1195555e-04
   8.8076547e+02   8.0171167e-04
   8.8311291e+02   7.9159703e-04
   8.8546036e+02   7.8161001e-04
   8.8780781e+02   7.7174898e-04
   8.9015526e+02   7.6201236e-04
   8.9250270e+02   7.5239858e-04
   8.9485015e+02   7.4290609e-04
   8.9719760e+02   7.3353336e-04
   8.9954505e+02   7.2427888e-04
   9.0189249e+02   7.1514116e-04
   9.0423994e+02   7.0611872e-04
   9.0658739e+02   6.9721011e-04
   9.0893483e+02   6.8841390e-04
   9.1128228e+02   6.7972866e-04
   9.1362973e+02   6.7115300e-04
   9.1597718e+02   6.6268553e-04
   9.1832462e+02   6.5432488e-04
   9.2067207e+02   6.4606972e-04
   9.2301952e+02   6.3791871e-04
   9.2536697e+02   6.2987054e-04
   9.2771441e+02   6.2192390e-04
   9.3006186e+02   6.1407752e-04
   9.3240931e+02   6.0633013e-04
   9.3475676e+02   5.9868048e-04
   9.3710420e+02   5.9112735e-04
   9.3945165e+02   5.8366951e-04
   9.4179910e+02   5.7630575e-04
   9.4414655e+02   5.6903491e-04
   9.4649399e+02   5.6185579e-04
   9.4884144e+02   5.5476725e-04
   9.5118889e+02   5.4776813e-04
   9.5353634e+02   5.4085733e-04
   9.5588378e+02   5.3403370e-04
   9.5823123e+02   5.2729617e-04
   9.6057868e+02   5.2064365e-04
   9.6292613e+02   5.1407505e-04
   9.6527357e+02   5.0758932e-04
   9.6762102e+02   5.0118542e-04
   9.6996847e+02   4.9486231e-04
   9.7231592e+02   4.8861898e-04
   9.7466336e+02   4.8245441e-04
   9.7701081e+02   4.7636762e-04
   9.7935826e+02   4.7035762e-04
   9.8170571e+02   4.6442345e-04
   9.8405315e+02   4.5856414e-04
   9.8640060e+02   4.5277876e-04
   9.8874805e+02   4.4706636e-04
   9.9109550e+02   4.4142604e-04
   9.9344294e+02   4.3585687e-04
   9.9579039e+02   4.3035797e-04
   9.9813784e+02   4.2492844e-04
   1.0004853e+03   4.1956742e-04
   1.0028327e+03   4.1427403e-04
   1.0051802e+03   4.0904742e-04
   1.0075276e+03   4.0388675e-04
   1.0098751e+03   3.9879120e-04
   1.0122225e+03   3.9375993e-04
   1.0145700e+03   3.8879213e-04
   1.0169174e+03   3.8388701e-04
   1.0192649e+03   3.7904378e-04
   1.0216123e+03   3.7426164e-04
   1.0239598e+03   3.6953985e-04
   1.0263072e+03   3.6487762e-04
   1.0286547e+03   3.6027421e-04
   1.0310021e+03   3.5572888e-04
   1.0333495e+03   3.5124090e-04
   1.0356970e+03   3.4680954e-04
   1.0380444e+03   3.4243408e-04
   1.0403919e+03   3.3811383e-04
   1.0427393e+03   3.3384808e-04
   1.0450868e+03   3.2963616e-04
   1.0474342e+03   3.2547737e-04
   1.0497817e+03   3.2137105e-04
   1.0521291e+03   3.1731653e-04
   1.0544766e+03   3.1331317e-04
   1.0568240e+03   3.0936031e-04
   1.0591715e+03   3.0545733e-04
   1.0615189e+03   3.0160359e-04
   1.0638664e+03   2.9779847e-04
   1.0662138e+03   2.9404135e-04
   1.0685613e+03   2.9033164e-04
   1.0709087e+03   2.8666872e-04
   1.0732562e+03   2.8305202e-04
   1.0756036e+03   2.7948095e-04
   1.0779511e+03   2.7595494e-04
   1.0802985e+03   2.7247341e-04
   1.0826459e+03   2.6903580e-04
   1.0849934e+03   2.6564156e-04
   1.0873408e+03   2.6229015e-04
   1.0896883e+03   2.5898101e-04
   1.0920357e+03   2.5571363e-04
   1.0943832e+03   2.5248747e-04
   1.0967306e+03   2.4930201e-04
   1.0990781e+03   2.4615674e-04
   1.1014255e+03   2.4305115e-04
   1.1037730e+03   2.3998475e-04
   1.1061204e+03   2.3695703e-04
   1.1084679e+03   2.3396750e-04
   1.1108153e+03   2.3101570e-04
   1.1131628e+03   2.2810114e-04
   1.1155102e+03   2.2522334e-04
   1.1178577e+03   2.2238186e-04
   1.1202051e+03   2.1957622e-04
   1.1225526e+03   2.1680598e-04
   1.1249000e+03   2.1407069e-04
   1.1272474e+03   2.1136991e-04
   1.1295949e+03   2.0870320e-04
   1.1319423e+03   2.0607014e-04
   1.1342898e+03   2.0347029e-04
   1.1366372e+03   2.0090325e-04
   1.1389847e+03   1.9836860e-04
   1.1413321e+03   1.9586592e-04
   1.1436796e+03   1.9339481e-04
   1.1460270e+03   1.9095489e-04
   1.1483745e+03   1.8854574e-04
   1.1507219e+03   1.8616699e-04
   1.1530694e+03   1.8381825e-04
   1.1554168e+03   1.8149914e-04
   1.1577643e+03   1.7920930e-04
   1.1601117e+03   1.7694834e-04
   1.1624592e+03   1.7471590e-04
   1.1648066e+03   1.7251163e-04
   1.1671541e+03   1.7033518e-04
   1.1695015e+03   1.6818617e-04
   1.1718489e+03   1.6606429e-04
   1.1741964e+03   1.6396917e-04
   1.1765438e+03   1.6190048e-04
   1.1788913e+03   1.5985790e-04
   1.1812387e+03   1.5784108e-04
   1.1835862e+03   1.5584971e-04
   1.1859336e+03   1.5388347e-04
   1.1882811e+03   1.5194202e-04
   1.1906285e+03   1.5002508e-04
   1.1929760e+03   1.4813232e-04
   1.1953234e+03   1.4626343e-04
   1.1976709e+03   1.4441813e-04
   1.2000183e+03   1.4259611e-04
   1.2023658e+03   1.4079707e-04
   1.2047132e+03   1.3902073e-04
   1.2070607e+03   1.3726680e-04
   1.2094081e+03   1.3553501e-04
   1.2117556e+03   1.3382505e-04
   1.2141030e+03   1.3213668e-04
   1.2164505e+03   1.3046960e-04
   1.2187979e+03   1.2882356e-04
   1.2211453e+03   1.2719828e-04
   1.2234928e+03   1.2559351e-04
   1.2258402e+03   1.2400898e-04
   1.2281877e+03   1.2244445e-04
   1.2305351e+03   1.2089965e-04
   1.2328826e+03   1.1937434e-04
   1.2352300e+03   1.1786828e-04
   1.2375775e+03   1.1638122e-04
   1.2399249e+03   1.1491292e-04
   1.2422724e+03   1.1346314e-04
   1.2446198e+03   1.1203166e-04
   1.2469673e+03   1.1061823e-04
   1.2493147e+03   1.0922264e-04
   1.2516622e+03   1.0784465e-04
   1.2540096e+03   1.0648405e-04
   1.2563571e+03   1.0514062e-04
   1.2587045e+03   1.0381413e-04
   1.2610520e+03   1.0250438e-04
   1.2633994e+03   1.0121115e-04
   1.2657468e+03   9.9934242e-05
   1.2680943e+03   9.8673441e-05
   1.2704417e+03   9.7428547e-05
   1.2727892e+03   9.6199359e-05
   1.2751366e+03   9.4985679e-05
   1.2774841e+03   9.3787311e-05
   1.2798315e+03   9.2604061e-05
   1.2821790e+03   9.1435740e-05
   1.2845264e+03   9.0282159e-05
   1.2868739e+03   8.9143132e-05
   1.2892213e+03   8.8018475e-05
   1.2915688e+03   8.6908008e-05
   1.2939162e+03   8.5811550e-05
   1.2962637e+03   8.4728925e-05
   1.2986111e+03   8.3659959e-05
   1.3009586e+03   8.2604480e-05
   1.3033060e+03   8.1562317e-05
   1.3056535e+03   8.0533302e-05
   1.3080009e+03   7.9517269e-05
   1.3103483e+03   7.8514055e-05
   1.3126958e+03   7.7523498e-05
   1.3150432e+03   7.6545438e-05
   1.3173907e+03   7.5579718e-05
   1.3197381e+03   7.4626181e-05
   1.3220856e+03   7.3684674e-05
   1.3244330e+03   7.2755046e-05
   1.3267805e+03   7.1837146e-05
   1.3291279e+03   7.0930827e-05
   1.3314754e+03   7.0035942e-05
   1.3338228e+03   6.9152348e-05
   1.3361703e+03   6.8279901e-05
   1.3385177e+03   6.7418461e-05
   1.3408652e+03   6.6567889e-05
   1.3432126e+03   6.5728048e-05
   1.3455601e+03   6.4898803e-05
   1.3479075e+03   6.4080020e-05
   1.3502550e+03   6.3271567e-05
   1.3526024e+03   6.2473314e-05
   1.3549498e+03   6.1685132e-05
   1.3572973e+03   6.0906893e-05
   1.3596447e+03   6.0138473e-05
   1.3619922e+03   5.9379748e-05
   1.3643396e+03   5.8630595e-05
   1.3666871e+03   5.7890894e-05
   1.3690345e+03   5.7160525e-05
   1.3713820e+03   5.6439370e-05
   1.3737294e+03   5.5727314e-05
   1.3760769e+03   5.5024241e-05
   1.3784243e+03   5.4330039e-05
   1.3807718e+03   5.3644595e-05
   1.3831192e+03   5.2967798e-05
   1.3854667e+03   5.2299540e-05
   1.3878141e+03   5.1639713e-05
   1.3901616e+03   5.0988211e-05
   1.3925090e+03   5.0344928e-05
   1.3948565e+03   4.9709761e-05
   1.3972039e+03   4.9082608e-05
   1.3995514e+03   4.8463367e-05
   1.4018988e+03   4.7851938e-05
   1.4042462e+03   4.7248224e-05
   1.4065937e+03   4.6652126e-05
   1.4089411e+03   4.6063548e-05
   1.4112886e+03   4.5482397e-05
   1.4136360e+03   4.4908577e-05
   1.4159835e+03   4.4341997e-05
   1.4183309e+03   4.3782565e-05
   1.4206784e+03   4.3230191e-05
   1.4230258e+03   4.2684785e-05
   1.4253733e+03   4.2146261e-05
   1.4277207e+03   4.1614531e-05
   1.4300682e+03   4.1089510e-05
   1.4324156e+03   4.0571112e-05
   1.4347631e+03   4.0059254e-05
   1.4371105e+03   3.9553855e-05
   1.4394580e+03   3.9054831e-05
   1.4418054e+03   3.8562104e-05
   1.4441529e+03   3.8075592e-05
   1.4465003e+03   3.7595219e-05
   1.4488477e+03   3.7120906e-05
   1.4511952e+03   3.6652578e-05
   1.4535426e+03   3.6190158e-05
   1.4558901e+03   3.5733572e-05
   1.4582375e+03   3.5282746e-05
   1.4605850e+03   3.4837608e-05
   1.4629324e+03   3.4398087e-05
   1.4652799e+03   3.3964110e-05
   1.4676273e+03   3.3535608e-05
   1.4699748e+03   3.3112513e-05
   1.4723222e+03   3.2694755e-05
   1.4746697e+03   3.2282268e-05
   1.4770171e+03   3.1874986e-05
   1.4793646e+03   3.1472841e-05
   1.4817120e+03   3.1075770e-05
   1.4840595e+03   3.0683709e-05
   1.4864069e+03   3.0296594e-05
   1.4887544e+03   2.9914363e-05
   1.4911018e+03   2.9536954e-05
   1.4934492e+03   2.9164307e-05
   1.4957967e+03   2.8796361e-05
   1.4981441e+03   2.8433058e-05
   1.5004916e+03   2.8074337e-05
   1.5028390e+03   2.7720143e-05
   1.5051865e+03   2.7370417e-05
   1.5075339e+03   2.7025104e-05
   1.5098814e+03   2.6684147e-05
   1.5122288e+03   2.6347492e-05
   1.5145763e+03   2.6015084e-05
   1.5169237e+03   2.5686869e-05
   1.5192712e+03   2.5362796e-05
   1.5216186e+03   2.5042811e-05
   1.5239661e+03   2.4726864e-05
   1.5263135e+03   2.4414902e-05
   1.5286610e+03   2.4106876e-05
   1.5310084e+03   2.3802737e-05
   1.5333559e+03   2.3502434e-05
   1.5357033e+03   2.3205920e-05
   1.5380508e+03   2.2913147e-05
   1.5403982e+03   2.2624068e-05
   1.5427456e+03   2.2338636e-05
   1.5450931e+03   2.2056805e-05
   1.5474405e+03   2.1778530e-05
   1.5497880e+03   2.1503765e-05
   1.5521354e+03   2.1232467e-05
   1.5544829e+03   2.0964592e-05
   1.5568303e+03   2.0700096e-05
   1.5591778e+03   2.0438937e-05
   1.5615252e+03   2.0181074e-05
   1.5638727e+03   1.9926463e-05
   1.5662201e+03   1.9675065e-05
   1.5685676e+03   1.9426838e-05
   1.5709150e+03   1.9181743e-05
   1.5732625e+03   1.8939741e-05
   1.5756099e+03   1.8700791e-05
   1.5779574e+03   1.8464856e-05
   1.5803048e+03   1.8231898e-05
   1.5826523e+03   1.8001879e-05
   1.5849997e+03   1.7774762e-05
   1.5873471e+03   1.7550510e-05
   1.5896946e+03   1.7329087e-05
   1.5920420e+03   1.7110458e-05
   1.5943895e+03   1.6894588e-05
   1.5967369e+03   1.6681440e-05
   1.5990844e+03   1.6470982e-05
   1.6014318e+03   1.6263179e-05
   1.6037793e+03   1.6057998e-05
   1.6061267e+03   1.5855405e-05
   1.6084742e+03   1.5655369e-05
   1.6108216e+03   1.5457856e-05
   1.6131691e+03   1.5262835e-05
   1.6155165e+03   1.5070274e-05
   1.6178640e+03   1.4880143e-05
   1.6202114e+03   1.4692411e-05
   1.6225589e+03   1.4507047e-05
   1.6249063e+03   1.4324022e-05
   1.6272538e+03   1.4143305e-05
   1.6296012e+03   1.3964869e-05
   1.6319486e+03   1.3788684e-05
   1.6342961e+03   1.3614722e-05
   1.6366435e+03   1.3442954e-05
   1.6389910e+03   1.3273354e-05
   1.6413384e+03   1.3105893e-05
   1.6436859e+03   1.2940545e-05
   1.6460333e+03   1.2777284e-05
   1.6483808e+03   1.2616082e-05
   1.6507282e+03   1.2456913e-05
   1.6530757e+03   1.2299753e-05
   1.6554231e+03   1.2144576e-05
   1.6577706e+03   1.1991356e-05
   1.6601180e+03   1.1840069e-05
   1.6624655e+03   1.1690691e-05
   1.6648129e+03   1.1543198e-05
   1.6671604e+03   1.1397566e-05
   1.6695078e+03   1.1253771e-05
   1.6718553e+03   1.1111790e-05
   1.6742027e+03   1.0971600e-05
   1.6765502e+03   1.0833179e-05
   1.6788976e+03   1.0696504e-05
   1.6812450e+03   1.0561554e-05
   1.6835925e+03   1.0428306e-05
   1.6859399e+03   1.0296739e-05
   1.6882874e+03   1.0166833e-05
   1.6906348e+03   1.0038565e-05
   1.6929823e+03   9.9119151e-06
   1.6953297e+03   9.7868634e-06
   1.6976772e+03   9.6633893e-06
   1.7000246e+03   9.5414731e-06
   1.7023721e+03   9.4210950e-06
   1.7047195e+03   9.3022356e-06
   1.7070670e+03   9.1848757e-06
   1.7094144e+03   9.0689966e-06
   1.7117619e+03   8.9545793e-06
   1.7141093e+03   8.8416057e-06
   1.7164568e+03   8.7300573e-06
   1.7188042e+03   8.6199162e-06
   1.7211517e+03   8.5111647e-06
   1.7234991e+03   8.4037853e-06
   1.7258465e+03   8.2977606e-06
   1.7281940e+03   8.1930735e-06
   1.7305414e+03   8.0897072e-06
   1.7328889e+03   7.9876450e-06
   1.7352363e+03   7.8868705e-06
   1.7375838e+03   7.7873673e-06
   1.7399312e+03   7.6891195e-06
   1.7422787e+03   7.5921113e-06
   1.7446261e+03   7.4963269e-06
   1.7469736e+03   7.4017509e-06
   1.7493210e+03   7.3083682e-06
   1.7516685e+03   7.2161636e-06
   1.7540159e+03   7.1251223e-06
   1.7563634e+03   7.0352296e-06
   1.7587108e+03   6.9464710e-06
   1.7610583e+03   6.8588322e-06
   1.7634057e+03   6.7722991e-06
   1.7657532e+03   6.6868577e-06
   1.7681006e+03   6.6024943e-06
   1.7704480e+03   6.5191952e-06
   1.7727955e+03   6.4369471e-06
   1.7751429e+03   6.3557366e-06
   1.7774904e+03   6.2755507e-06
   1.7798378e+03   6.1963765e-06
   1.7821853e+03   6.1182011e-06
   1.7845327e+03   6.0410120e-06
   1.7868802e+03   5.9647968e-06
   1.7892276e+03   5.8895431e-06
   1.7915751e+03   5.8152388e-06
   1.7939225e+03   5.7418720e-06
   1.7962700e+03   5.6694308e-06
   1.7986174e+03   5.5979035e-06
   1.8009649e+03   5.5272787e-06
   1.8033123e+03   5.4575449e-06
   1.8056598e+03   5.3886908e-06
   1.8080072e+03   5.3207055e-06
   1.8103547e+03   5.2535778e-06
   1.8127021e+03   5.1872971e-06
   1.8150495e+03   5.1218526e-06
   1.8173970e+03   5.0572337e-06
   1.8197444e+03   4.9934301e-06
   1.8220919e+03   4.9304315e-06
   1.8244393e+03   4.8682277e-06
   1.8267868e+03   4.8068086e-06
   1.8291342e+03   4.7461645e-06
   1.8314817e+03   4.6862854e-06
   1.8338291e+03   4.6271618e-06
   1.8361766e+03   4.5687842e-06
   1.8385240e+03   4.5111430e-06
   1.8408715e+03   4.4542290e-06
   1.8432189e+03   4.3980331e-06
   1.8455664e+03   4.3425462e-06
   1.8479138e+03   4.2877593e-06
   1.8502613e+03   4.2336637e-06
   1.8526087e+03   4.1802505e-06
   1.8549562e+03   4.1275112e-06
   1.8573036e+03   4.0754372e-06
   1.8596511e+03   4.0240203e-06
   1.8619985e+03   3.9732520e-06
   1.8643459e+03   3.9231243e-06
   1.8666934e+03   3.8736289e-06
   1.8690408e+03   3.8247581e-06
   1.8713883e+03   3.7765038e-06
   1.8737357e+03   3.7288582e-06
   1.8760832e+03   3.6818138e-06
   1.8784306e+03   3.6353629e-06
   1.8807781e+03   3.5894981e-06
   1.8831255e+03   3.5442119e-06
   1.8854730e+03   3.4994971e-06
   1.8878204e+03   3.4553463e-06
   1.8901679e+03   3.4117526e-06
   1.8925153e+03   3.3687089e-06
   1.8948628e+03   3.3262083e-06
   1.8972102e+03   3.2842438e-06
   1.8995577e+03   3.2428088e-06
   1.9019051e+03   3.2018965e-06
   1.9042526e+03   3.1615004e-06
   1.9066000e+03   3.1216140e-06
   1.9089474e+03   3.0822308e-06
   1.9112949e+03   3.0433444e-06
   1.9136423e+03   3.0049487e-06
   1.9159898e+03   2.9670373e-06
   1.9183372e+03   2.9296043e-06
   1.9206847e+03   2.8926435e-06
   1.9230321e+03   2.8561490e-06
   1.9253796e+03   2.8201150e-06
   1.9277270e+03   2.7845355e-06
   1.9300745e+03   2.7494050e-06
   1.9324219e+03   2.7147177e-06
   1.9347694e+03   2.6804680e-06
   1.9371168e+03   2.6466504e-06
   1.9394643e+03   2.6132594e-06
   1.9418117e+03   2.5802898e-06
   1.9441592e+03   2.5477360e-06
   1.9465066e+03   2.5155930e-06
   1.9488541e+03   2.4838555e-06
   1.9512015e+03   2.4525185e-06
   1.9535489e+03   2.4215767e-06
   1.9558964e+03   2.3910254e-06
   1.9582438e+03   2.3608595e-06
   1.9605913e+03   2.3310742e-06
   1.9629387e+03   2.3016646e-06
   1.9652862e+03   2.2726261e-06
   1.9676336e+03   2.2439540e-06
   1.9699811e+03   2.2156436e-06
   1.9723285e+03   2.1876904e-06
   1.9746760e+03   2.1600898e-06
   1.9770234e+03   2.1328374e-06
   1.9793709e+03   2.1059289e-06
   1.9817183e+03   2.0793599e-06
   1.9840658e+03   2.0531260e-06
   1.9864132e+03   2.0272232e-06
   1.9887607e+03   2.0016471e-06
   1.9911081e+03   1.9763937e-06
   1.9934556e+03   1.9514590e-06
   1.9958030e+03   1.9268388e-06
   1.9981505e+03   1.9025292e-06
   2.0004979e+03   1.8785263e-06
   2.0028453e+03   1.8548262e-06
   2.0051928e+03   1.8314252e-06
   2.0075402e+03   1.8083194e-06
   2.0098877e+03   1.7855051e-06
   2.0122351e+03   1.7629786e-06
   2.0145826e+03   1.7407363e-06
   2.0169300e+03   1.7187747e-06
   2.0192775e+03   1.6970901e-06
   2.0216249e+03   1.6756791e-06
   2.0239724e+03   1.6545382e-06
   2.0263198e+03   1.6336640e-06
   2.0286673e+03   1.6130532e-06
   2.0310147e+03   1.5927025e-06
   2.0333622e+03   1.5726084e-06
   2.0357096e+03   1.5527679e-06
   2.0380571e+03   1.5331777e-06
   2.0404045e+03   1.5138347e-06
   2.0427520e+03   1.4947357e-06
   2.0450994e+03   1.4758777e-06
   2.0474468e+03   1.4572576e-06
   2.0497943e+03   1.4388723e-06
   2.0521417e+03   1.4207191e-06
   2.0544892e+03   1.4027949e-06
   2.0568366e+03   1.3850968e-06
   2.0591841e+03   1.3676220e-06
   2.0615315e+03   1.3503677e-06
   2.0638790e+03   1.3333310e-06
   2.0662264e+03   1.3165093e-06
   2.0685739e+03   1.2998998e-06
   2.0709213e+03   1.2834999e-06
   2.0732688e+03   1.2673069e-06
   2.0756162e+03   1.2513181e-06
   2.0779637e+03   1.2355311e-06
   2.0803111e+03   1.2199433e-06
   2.0826586e+03   1.2045521e-06
   2.0850060e+03   1.1893551e-06
   2.0873535e+03   1.1743499e-06
   2.0897009e+03   1.1595339e-06
   2.0920483e+03   1.1449049e-06
   2.0943958e+03   1.1304604e-06
   2.0967432e+03   1.1161982e-06
   2.0990907e+03   1.1021159e-06
   2.1014381e+03   1.0882112e-06
   2.1037856e+03   1.0744820e-06
   2.1061330e+03   1.0609261e-06
   2.1084805e+03   1.0475411e-06
   2.1108279e+03   1.0343250e-06
   2.1131754e+03   1.0212756e-06
   2.1155228e+03   1.0083909e-06
   2.1178703e+03   9.9566874e-07
   2.1202177e+03   9.8310708e-07
   2.1225652e+03   9.7070391e-07
   2.1249126e+03   9.5845721e-07
   2.1272601e+03   9.4636502e-07
   2.1296075e+03   9.3442539e-07
   2.1319550e+03   9.2263640e-07
   2.1343024e+03   9.1099614e-07
   2.1366498e+03   8.9950274e-07
   2.1389973e+03   8.8815434e-07
   2.1413447e+03   8.7694911e-07
   2.1436922e+03   8.6588525e-07
   2.1460396e+03   8.5496098e-07
   2.1483871e+03   8.4417454e-07
   2.1507345e+03   8.3352417e-07
   2.1530820e+03   8.2300818e-07
   2.1554294e+03   8.1262486e-07
   2.1577769e+03   8.0237254e-07
   2.1601243e+03   7.9224956e-07
   2.1624718e+03   7.8225430e-07
   2.1648192e+03   7.7238514e-07
   2.1671667e+03   7.6264050e-07
   2.1695141e+03   7.5301879e-07
   2.1718616e+03   7.4351848e-07
   2.1742090e+03   7.3413803e-07
   2.1765565e+03   7.2487592e-07
   2.1789039e+03   7.1573066e-07
   2.1812514e+03   7.0670079e-07
   2.1835988e+03   6.9778484e-07
   2.1859462e+03   6.8898137e-07
   2.1882937e+03   6.8028897e-07
   2.1906411e+03   6.7170624e-07
   2.1929886e+03   6.6323179e-07
   2.1953360e+03   6.5486426e-07
   2.1976835e+03   6.4660229e-07
   2.2000309e+03   6.3844456e-07
   2.2023784e+03   6.3038975e-07
   2.2047258e+03   6.2243656e-07
   2.2070733e+03   6.1458371e-07
   2.2094207e+03   6.0682994e-07
   2.2117682e+03   5.9917399e-07
   2.2141156e+03   5.9161463e-07
   2.2164631e+03   5.8415064e-07
   2.2188105e+03   5.7678081e-07
   2.2211580e+03   5.6950397e-07
   2.2235054e+03   5.6231894e-07
   2.2258529e+03   5.5522455e-07
   2.2282003e+03   5.4821967e-07
   2.2305477e+03   5.4130316e-07
   2.2328952e+03   5.3447392e-07
   2.2352426e+03   5.2773083e-07
   2.2375901e+03   5.2107282e-07
   2.2399375e+03   5.1449881e-07
   2.2422850e+03   5.0800774e-07
   2.2446324e+03   5.0159856e-07
   2.2469799e+03   4.9527024e-07
   2.2493273e+03   4.8902176e-07
   2.2516748e+03   4.8285211e-07
   2.2540222e+03   4.7676030e-07
   2.2563697e+03   4.7074535e-07
   2.2587171e+03   4.6480628e-07
   2.2610646e+03   4.5894214e-07
   2.2634120e+03   4.5315199e-07
   2.2657595e+03   4.4743489e-07
   2.2681069e+03   4.4178991e-07
   2.2704544e+03   4.3621616e-07
   2.2728018e+03   4.3071272e-07
   2.2751492e+03   4.2527872e-07
   2.2774967e+03   4.1991327e-07
   2.2798441e+03   4.1461552e-07
   2.2821916e+03   4.0938461e-07
   2.2845390e+03   4.0421969e-07
   2.2868865e+03   3.9911993e-07
   2.2892339e+03   3.9408451e-07
   2.2915814e+03   3.8911262e-07
   2.2939288e+03   3.8420346e-07
   2.2962763e+03   3.7935623e-07
   2.2986237e+03   3.7457016e-07
   2.3009712e+03   3.6984446e-07
   2.3033186e+03   3.6517839e-07
   2.3056661e+03   3.6057119e-07
   2.3080135e+03   3.5602212e-07
   2.3103610e+03   3.5153043e-07
   2.3127084e+03   3.4709542e-07
   2.3150559e+03   3.4271636e-07
   2.3174033e+03   3.3839255e-07
   2.3197508e+03   3.3412328e-07
   2.3220982e+03   3.2990788e-07
   2.3244456e+03   3.2574566e-07
   2.3267931e+03   3.2163596e-07
   2.3291405e+03   3.1757810e-07
   2.3314880e+03   3.1357144e-07
   2.3338354e+03   3.0961533e-07
   2.3361829e+03   3.0570913e-07
   2.3385303e+03   3.0185221e-07
   2.3408778e+03   2.9804395e-07
   2.3432252e+03   2.9428373e-07
   2.3455727e+03   2.9057096e-07
   2.3479201e+03   2.8690503e-07
   2.3502676e+03   2.8328535e-07
   2.3526150e+03   2.7971133e-07
   2.3549625e+03   2.7618241e-07
   2.3573099e+03   2.7269801e-07
   2.3596574e+03   2.6925757e-07
   2.3620048e+03   2.6586053e-07
   2.3643523e+03   2.6250636e-07
   2.3666997e+03   2.5919450e-07
   2.3690471e+03   2.5592442e-07
   2.3713946e+03   2.5269560e-07
   2.3737420e+03   2.4950752e-07
   2.3760895e+03   2.4635965e-07
   2.3784369e+03   2.4325151e-07
   2.3807844e+03   2.4018257e-07
   2.3831318e+03   2.3715235e-07
   2.3854793e+03   2.3416037e-07
   2.3878267e+03   2.3120613e-07
   2.3901742e+03   2.2828916e-07
   2.3925216e+03   2.2540900e-07
   2.3948691e+03   2.2256517e-07
   2.3972165e+03   2.1975722e-07
   2.3995640e+03   2.1698470e-07
   2.4019114e+03   2.1424715e-07
   2.4042589e+03   2.1154414e-07
   2.4066063e+03   2.0887524e-07
   2.4089538e+03   2.0624001e-07
   2.4113012e+03   2.0363802e-07
   2.4136486e+03   2.0106886e-07
   2.4159961e+03   1.9853211e-07
   2.4183435e+03   1.9602737e-07
   2.4206910e+03   1.9355423e-07
   2.4230384e+03   1.9111229e-07
   2.4253859e+03   1.8870116e-07
   2.4277333e+03   1.8632045e-07
   2.4300808e+03   1.8396978e-07
   2.4324282e+03   1.8164876e-07
   2.4347757e+03   1.7935702e-07
   2.4371231e+03   1.7709420e-07
   2.4394706e+03   1.7485992e-07
   2.4418180e+03   1.7265384e-07
   2.4441655e+03   1.7047559e-07
   2.4465129e+03   1.6832481e-07
   2.4488604e+03   1.6620118e-07
   2.4512078e+03   1.6410433e-07
   2.4535553e+03   1.6203394e-07
   2.4559027e+03   1.5998967e-07
   2.4582502e+03   1.5797119e-07
   2.4605976e+03   1.5597818e-07
   2.4629450e+03   1.5401031e-07
   2.4652925e+03   1.5206727e-07
   2.4676399e+03   1.5014875e-07
   2.4699874e+03   1.4825442e-07
   2.4723348e+03   1.4638400e-07
   2.4746823e+03   1.4453718e-07
   2.4770297e+03   1.4271365e-07
   2.4793772e+03   1.4091313e-07
   2.4817246e+03   1.3913533e-07
   2.4840721e+03   1.3737996e-07
   2.4864195e+03   1.3564673e-07
   2.4887670e+03   1.3393537e-07
   2.4911144e+03   1.3224560e-07
   2.4934619e+03   1.3057715e-07
   2.4958093e+03   1.2892975e-07
   2.4981568e+03   1.2730313e-07
   2.5005042e+03   1.2569704e-07
   2.5028517e+03   1.2411120e-07
   2.5051991e+03   1.2254538e-07
   2.5075465e+03   1.2099931e-07
   2.5098940e+03   1.1947275e-07
   2.5122414e+03   1.1796544e-07
   2.5145889e+03   1.1647715e-07
   2.5169363e+03   1.1500764e-07
   2.5192838e+03   1.1355667e-07
   2.5216312e+03   1.1212401e-07
   2.5239787e+03   1.1070942e-07
   2.5263261e+03   1.0931267e-07
   2.5286736e+03   1.0793355e-07
   2.5310210e+03   1.0657183e-07
   2.5333685e+03   1.0522728e-07
   2.5357159e+03   1.0389971e-07
   2.5380634e+03   1.0258888e-07
   2.5404108e+03   1.0129458e-07
   2.5427583e+03   1.0001662e-07
   2.5451057e+03   9.8754780e-08
   2.5474532e+03   9.7508859e-08
   2.5498006e+03   9.6278658e-08
   2.5521480e+03   9.5063977e-08
   2.5544955e+03   9.3864621e-08
   2.5568429e+03   9.2680397e-08
   2.5591904e+03   9.1511113e-08
   2.5615378e+03   9.0356581e-08
   2.5638853e+03   8.9216615e-08
   2.5662327e+03   8.8091031e-08
   2.5685802e+03   8.6979648e-08
   2.5709276e+03   8.5882286e-08
   2.5732751e+03   8.4798769e-08
   2.5756225e+03   8.3728922e-08
   2.5779700e+03   8.2672572e-08
   2.5803174e+03   8.1629550e-08
   2.5826649e+03   8.0599687e-08
   2.5850123e+03   7.9582817e-08
   2.5873598e+03   7.8578776e-08
   2.5897072e+03   7.7587402e-08
   2.5920547e+03   7.6608536e-08
   2.5944021e+03   7.5642019e-08
   2.5967495e+03   7.4687697e-08
   2.5990970e+03   7.3745414e-08
   2.6014444e+03   7.2815020e-08
   2.6037919e+03   7.1896363e-08
   2.6061393e+03   7.0989297e-08
   2.6084868e+03   7.0093674e-08
   2.6108342e+03   6.9209351e-08
   2.6131817e+03   6.8336185e-08
   2.6155291e+03   6.7474035e-08
   2.6178766e+03   6.6622762e-08
   2.6202240e+03   6.5782229e-08
   2.6225715e+03   6.4952301e-08
   2.6249189e+03   6.4132843e-08
   2.6272664e+03   6.3323723e-08
   2.6296138e+03   6.2524812e-08
   2.6319613e+03   6.1735980e-08
   2.6343087e+03   6.0957100e-08
   2.6366562e+03   6.0188047e-08
   2.6390036e+03   5.9428696e-08
   2.6413511e+03   5.8678926e-08
   2.6436985e+03   5.7938614e-08
   2.6460459e+03   5.7207643e-08
   2.6483934e+03   5.6485894e-08
   2.6507408e+03   5.5773251e-08
   2.6530883e+03   5.5069599e-08
   2.6554357e+03   5.4374824e-08
   2.6577832e+03   5.3688815e-08
   2.6601306e+03   5.3011460e-08
   2.6624781e+03   5.2342652e-08
   2.6648255e+03   5.1682281e-08
   2.6671730e+03   5.1030242e-08
   2.6695204e+03   5.0386429e-08
   2.6718679e+03   4.9750738e-08
   2.6742153e+03   4.9123068e-08
   2.6765628e+03   4.8503316e-08
   2.6789102e+03   4.7891384e-08
   2.6812577e+03   4.7287171e-08
   2.6836051e+03   4.6690582e-08
   2.6859526e+03   4.6101519e-08
   2.6883000e+03   4.5519889e-08
