   4.0960000e+02   2.5160999e-05
   4.1184274e+02   2.6952917e-05
   4.1408549e+02   2.8857151e-05
   4.1632823e+02   3.0879560e-05
   4.1857097e+02   3.3026219e-05
   4.2081371e+02   3.5303429e-05
   4.2305646e+02   3.7717711e-05
   4.2529920e+02   4.0275817e-05
   4.2754194e+02   4.2984723e-05
   4.2978468e+02   4.5851633e-05
   4.3202743e+02   4.8883980e-05
   4.3427017e+02   5.2089423e-05
   4.3651291e+02   5.5475849e-05
   4.3875566e+02   5.9051365e-05
   4.4099840e+02   6.2824305e-05
   4.4324114e+02   6.6803218e-05
   4.4548388e+02   7.0996869e-05
   4.4772663e+02   7.5414232e-05
   4.4996937e+02   8.0064485e-05
   4.5221211e+02   8.4957005e-05
   4.5445485e+02   9.0101360e-05
   4.5669760e+02   9.5507298e-05
   4.5894034e+02   1.0118474e-04
   4.6118308e+02   1.0714378e-04
   4.6342583e+02   1.1339465e-04
   4.6566857e+02   1.1994773e-04
   4.6791131e+02   1.2681353e-04
   4.7015405e+02   1.3400266e-04
   4.7239680e+02   1.4152585e-04
   4.7463954e+02   1.4939389e-04
   4.7688228e+02   1.5761764e-04
   4.7912503e+02   1.6620803e-04
   4.8136777e+02   1.7517599e-04
   4.8361051e+02   1.8453247e-04
   4.8585325e+02   1.9428840e-04
   4.8809600e+02   2.0445467e-04
   4.9033874e+02   2.1504213e-04
   4.9258148e+02   2.2606153e-04
   4.9482422e+02   2.3752352e-04
   4.9706697e+02   2.4943860e-04
   4.9930971e+02   2.6181713e-04
   5.0155245e+02   2.7466927e-04
   5.0379520e+02   2.8800495e-04
   5.0603794e+02   3.0183388e-04
   5.0828068e+02   3.1616548e-04
   5.1052342e+02   3.3100885e-04
   5.1276617e+02   3.4637276e-04
   5.1500891e+02   3.6226563e-04
   5.1725165e+02   3.7869546e-04
   5.1949439e+02   3.9566980e-04
   5.2173714e+02   4.1319578e-04
   5.2397988e+02   4.3127998e-04
   5.2622262e+02   4.4992848e-04
   5.2846537e+02   4.6914680e-04
   5.3070811e+02   4.8893985e-04
   5.3295085e+02   5.0931191e-04
   5.3519359e+02   5.3026661e-04
   5.3743634e+02   5.5180689e-04
   5.3967908e+02   5.7393497e-04
   5.4192182e+02   5.9665232e-04
   5.4416456e+02   6.1995962e-04
   5.4640731e+02   6.4385674e-04
   5.4865005e+02   6.6834275e-04
   5.5089279e+02   6.9341582e-04
   5.5313554e+02   7.1907325e-04
   5.5537828e+02   7.4531144e-04
   5.5762102e+02   7.7212585e-04
   5.5986376e+02   7.9951099e-04
   5.6210651e+02   8.2746042e-04
   5.6434925e+02   8.5596668e-04
   5.6659199e+02   8.8502136e-04
   5.6883473e+02   9.1461500e-04
   5.7107748e+02   9.4473713e-04
   5.7332022e+02   9.7537627e-04
   5.7556296e+02   1.0065199e-03
   5.7780571e+02   1.0381544e-03
   5.8004845e+02   1.0702652e-03
   5.8229119e+02   1.1028366e-03
   5.8453393e+02   1.1358520e-03
   5.8677668e+02   1.1692937e-03
   5.8901942e+02   1.2031429e-03
   5.9126216e+02   1.2373800e-03
   5.9350490e+02   1.2719842e-03
   5.9574765e+02   1.3069337e-03
   5.9799039e+02   1.3422061e-03
   6.0023313e+02   1.3777776e-03
   6.0247588e+02   1.4136239e-03
   6.0471862e+02   1.4497196e-03
   6.0696136e+02   1.4860385e-03
   6.0920410e+02   1.5225535e-03
   6.1144685e+02   1.5592370e-03
   6.1368959e+02   1.5960605e-03
   6.1593233e+02   1.6329946e-03
   6.1817508e+02   1.6700096e-03
   6.2041782e+02   1.7070750e-03
   6.2266056e+02   1.7441597e-03
   6.2490330e+02   1.7812324e-03
   6.2714605e+02   1.8182609e-03
   6.2938879e+02   1.8552129e-03
   6.3163153e+02   1.8920557e-03
   6.3387427e+02   1.9287562e-03
   6.3611702e+02   1.9652813e-03
   6.3835976e+02   2.0015974e-03
   6.4060250e+02   2.0376711e-03
   6.4284525e+02   2.0734687e-03
   6.4508799e+02   2.1089567e-03
   6.4733073e+02   2.1441016e-03
   6.4957347e+02   2.1788699e-03
   6.5181622e+02   2.2132286e-03
   6.5405896e+02   2.2471447e-03
   6.5630170e+02   2.2805856e-03
   6.5854444e+02   2.3135191e-03
   6.6078719e+02   2.3459134e-03
   6.6302993e+02   2.3777373e-03
   6.6527267e+02   2.4089601e-03
   6.6751542e+02   2.4395516e-03
   6.6975816e+02   2.4694826e-03
   6.7200090e+02   2.4987244e-03
   6.7424364e+02   2.5272491e-03
   6.7648639e+02   2.5550298e-03
   6.7872913e+02   2.5820402e-03
   6.8097187e+02   2.6082552e-03
   6.8321461e+02   2.6336507e-03
   6.8545736e+02   2.6582035e-03
   6.8770010e+02   2.6818916e-03
   6.8994284e+02   2.7046939e-03
   6.9218559e+02   2.7265906e-03
   6.9442833e+02   2.7475633e-03
   6.9667107e+02   2.7675943e-03
   6.9891381e+02   2.7866677e-03
   7.0115656e+02   2.8047684e-03
   7.0339930e+02   2.8218829e-03
   7.0564204e+02   2.8379989e-03
   7.0788478e+02   2.8531053e-03
   7.1012753e+02   2.8671926e-03
   7.1237027e+02   2.8802524e-03
   7.1461301e+02   2.8922778e-03
   7.1685576e+02   2.9032632e-03
   7.1909850e+02   2.9132042e-03
   7.2134124e+02   2.9220981e-03
   7.2358398e+02   2.9299432e-03
   7.2582673e+02   2.9367393e-03
   7.2806947e+02   2.9424874e-03
   7.3031221e+02   2.9471900e-03
   7.3255495e+02   2.9508507e-03
   7.3479770e+02   2.9534744e-03
   7.3704044e+02   2.9550673e-03
   7.3928318e+02   2.9556368e-03
   7.4152593e+02   2.9551913e-03
   7.4376867e+02   2.9537407e-03
   7.4601141e+02   2.9512958e-03
   7.4825415e+02   2.9478684e-03
   7.5049690e+02   2.9434716e-03
   7.5273964e+02   2.9381192e-03
   7.5498238e+02   2.9318263e-03
   7.5722513e+02   2.9246087e-03
   7.5946787e+02   2.9164831e-03
   7.6171061e+02   2.9074671e-03
   7.6395335e+02   2.8975792e-03
   7.6619610e+02   2.8868383e-03
   7.6843884e+02   2.8752644e-03
   7.7068158e+02   2.8628779e-03
   7.7292432e+02   2.8496999e-03
   7.7516707e+02   2.8357520e-03
   7.7740981e+02   2.8210564e-03
   7.7965255e+02   2.8056356e-03
   7.8189530e+02   2.7895128e-03
   7.8413804e+02   2.7727112e-03
   7.8638078e+02   2.7552545e-03
   7.8862352e+02   2.7371667e-03
   7.9086627e+02   2.7184720e-03
   7.9310901e+02   2.6991946e-03
   7.9535175e+02   2.6793592e-03
   7.9759449e+02   2.6589902e-03
   7.9983724e+02   2.6381122e-03
   8.0207998e+02   2.6167499e-03
   8.0432272e+02   2.5949278e-03
   8.0656547e+02   2.5726704e-03
   8.0880821e+02   2.5500020e-03
   8.1105095e+02   2.5269468e-03
   8.1329369e+02   2.5035289e-03
   8.1553644e+02   2.4797720e-03
   8.1777918e+02   2.4556997e-03
   8.2002192e+02   2.4313351e-03
   8.2226466e+02   2.4067013e-03
   8.2450741e+02   2.3818208e-03
   8.2675015e+02   2.3567158e-03
   8.2899289e+02   2.3314081e-03
   8.3123564e+02   2.3059191e-03
   8.3347838e+02   2.2802697e-03
   8.3572112e+02   2.2544805e-03
   8.3796386e+02   2.2285715e-03
   8.4020661e+02   2.2025622e-03
   8.4244935e+02   2.1764717e-03
   8.4469209e+02   2.1503184e-03
   8.4693483e+02   2.1241204e-03
   8.4917758e+02   2.0978950e-03
   8.5142032e+02   2.0716593e-03
   8.5366306e+02   2.0454295e-03
   8.5590581e+02   2.0192214e-03
   8.5814855e+02   1.9930503e-03
   8.6039129e+02   1.9669309e-03
   8.6263403e+02   1.9408773e-03
   8.6487678e+02   1.9149030e-03
   8.6711952e+02   1.8890209e-03
   8.6936226e+02   1.8632437e-03
   8.7160501e+02   1.8375830e-03
   8.7384775e+02   1.8120502e-03
   8.7609049e+02   1.7866562e-03
   8.7833323e+02   1.7614111e-03
   8.8057598e+02   1.7363246e-03
   8.8281872e+02   1.7114060e-03
   8.8506146e+02   1.6866639e-03
   8.8730420e+02   1.6621064e-03
   8.8954695e+02   1.6377413e-03
   8.9178969e+02   1.6135756e-03
   8.9403243e+02   1.5896162e-03
   8.9627518e+02   1.5658692e-03
   8.9851792e+02   1.5423404e-03
   9.0076066e+02   1.5190353e-03
   9.0300340e+02   1.4959586e-03
   9.0524615e+02   1.4731150e-03
   9.0748889e+02   1.4505085e-03
   9.0973163e+02   1.4281428e-03
   9.1197437e+02   1.4060213e-03
   9.1421712e+02   1.3841471e-03
   9.1645986e+02   1.3625226e-03
   9.1870260e+02   1.3411502e-03
   9.2094535e+02   1.3200319e-03
   9.2318809e+02   1.2991694e-03
   9.2543083e+02   1.2785640e-03
   9.2767357e+02   1.2582168e-03
   9.2991632e+02   1.2381285e-03
   9.3215906e+02   1.2182999e-03
   9.3440180e+02   1.1987311e-03
   9.3664454e+02   1.1794223e-03
   9.3888729e+02   1.1603733e-03
   9.4113003e+02   1.1415837e-03
   9.4337277e+02   1.1230531e-03
   9.4561552e+02   1.1047805e-03
   9.4785826e+02   1.0867652e-03
   9.5010100e+02   1.0690060e-03
   9.5234374e+02   1.0515017e-03
   9.5458649e+02   1.0342508e-03
   9.5682923e+02   1.0172519e-03
   9.5907197e+02   1.0005033e-03
   9.6131471e+02   9.8400327e-04
   9.6355746e+02   9.6774982e-04
   9.6580020e+02   9.5174101e-04
   9.6804294e+02   9.3597475e-04
   9.7028569e+02   9.2044887e-04
   9.7252843e+02   9.0516112e-04
   9.7477117e+02   8.9010919e-04
   9.7701391e+02   8.7529068e-04
   9.7925666e+02   8.6070315e-04
   9.8149940e+02   8.4634410e-04
   9.8374214e+02   8.3221099e-04
   9.8598488e+02   8.1830122e-04
   9.8822763e+02   8.0461219e-04
   9.9047037e+02   7.9114123e-04
   9.9271311e+02   7.7788566e-04
   9.9495586e+02   7.6484279e-04
   9.9719860e+02   7.5200989e-04
   9.9944134e+02   7.3938423e-04
   1.0016841e+03   7.2696308e-04
   1.0039268e+03   7.1474368e-04
   1.0061696e+03   7.0272327e-04
   1.0084123e+03   6.9089912e-04
   1.0106551e+03   6.7926846e-04
   1.0128978e+03   6.6782856e-04
   1.0151405e+03   6.5657668e-04
   1.0173833e+03   6.4551010e-04
   1.0196260e+03   6.3462610e-04
   1.0218688e+03   6.2392198e-04
   1.0241115e+03   6.1339507e-04
   1.0263543e+03   6.0304270e-04
   1.0285970e+03   5.9286222e-04
   1.0308397e+03   5.8285102e-04
   1.0330825e+03   5.7300649e-04
   1.0353252e+03   5.6332605e-04
   1.0375680e+03   5.5380716e-04
   1.0398107e+03   5.4444728e-04
   1.0420535e+03   5.3524391e-04
   1.0442962e+03   5.2619458e-04
   1.0465389e+03   5.1729685e-04
   1.0487817e+03   5.0854829e-04
   1.0510244e+03   4.9994651e-04
   1.0532672e+03   4.9148916e-04
   1.0555099e+03   4.8317390e-04
   1.0577527e+03   4.7499843e-04
   1.0599954e+03   4.6696049e-04
   1.0622381e+03   4.5905782e-04
   1.0644809e+03   4.5128823e-04
   1.0667236e+03   4.4364952e-04
   1.0689664e+03   4.3613956e-04
   1.0712091e+03   4.2875622e-04
   1.0734519e+03   4.2149741e-04
   1.0756946e+03   4.1436108e-04
   1.0779373e+03   4.0734520e-04
   1.0801801e+03   4.0044777e-04
   1.0824228e+03   3.9366682e-04
   1.0846656e+03   3.8700041e-04
   1.0869083e+03   3.8044665e-04
   1.0891511e+03   3.7400364e-04
   1.0913938e+03   3.6766953e-04
   1.0936365e+03   3.6144252e-04
   1.0958793e+03   3.5532080e-04
   1.0981220e+03   3.4930262e-04
   1.1003648e+03   3.4338622e-04
   1.1026075e+03   3.3756992e-04
   1.1048503e+03   3.3185202e-04
   1.1070930e+03   3.2623087e-04
   1.1093357e+03   3.2070485e-04
   1.1115785e+03   3.1527236e-04
   1.1138212e+03   3.0993181e-04
   1.1160640e+03   3.0468167e-04
   1.1183067e+03   2.9952040e-04
   1.1205494e+03   2.9444651e-04
   1.1227922e+03   2.8945853e-04
   1.1250349e+03   2.8455500e-04
   1.1272777e+03   2.7973450e-04
   1.1295204e+03   2.7499563e-04
   1.1317632e+03   2.7033701e-04
   1.1340059e+03   2.6575728e-04
   1.1362486e+03   2.6125512e-04
   1.1384914e+03   2.5682920e-04
   1.1407341e+03   2.5247824e-04
   1.1429769e+03   2.4820098e-04
   1.1452196e+03   2.4399616e-04
   1.1474624e+03   2.3986257e-04
   1.1497051e+03   2.3579899e-04
   1.1519478e+03   2.3180424e-04
   1.1541906e+03   2.2787716e-04
   1.1564333e+03   2.2401660e-04
   1.1586761e+03   2.2022144e-04
   1.1609188e+03   2.1649056e-04
   1.1631616e+03   2.1282289e-04
   1.1654043e+03   2.0921734e-04
   1.1676470e+03   2.0567288e-04
   1.1698898e+03   2.0218846e-04
   1.1721325e+03   1.9876307e-04
   1.1743753e+03   1.9539570e-04
   1.1766180e+03   1.9208539e-04
   1.1788608e+03   1.8883115e-04
   1.1811035e+03   1.8563204e-04
   1.1833462e+03   1.8248713e-04
   1.1855890e+03   1.7939550e-04
   1.1878317e+03   1.7635624e-04
   1.1900745e+03   1.7336847e-04
   1.1923172e+03   1.7043132e-04
   1.1945600e+03   1.6754392e-04
   1.1968027e+03   1.6470545e-04
   1.1990454e+03   1.6191506e-04
   1.2012882e+03   1.5917194e-04
   1.2035309e+03   1.5647530e-04
   1.2057737e+03   1.5382434e-04
   1.2080164e+03   1.5121829e-04
   1.2102592e+03   1.4865640e-04
   1.2125019e+03   1.4613790e-04
   1.2147446e+03   1.4366208e-04
   1.2169874e+03   1.4122820e-04
   1.2192301e+03   1.3883555e-04
   1.2214729e+03   1.3648343e-04
   1.2237156e+03   1.3417117e-04
   1.2259584e+03   1.3189808e-04
   1.2282011e+03   1.2966350e-04
   1.2304438e+03   1.2746678e-04
   1.2326866e+03   1.2530727e-04
   1.2349293e+03   1.2318435e-04
   1.2371721e+03   1.2109739e-04
   1.2394148e+03   1.1904579e-04
   1.2416576e+03   1.1702895e-04
   1.2439003e+03   1.1504628e-04
   1.2461430e+03   1.1309720e-04
   1.2483858e+03   1.1118114e-04
   1.2506285e+03   1.0929754e-04
   1.2528713e+03   1.0744585e-04
   1.2551140e+03   1.0562553e-04
   1.2573568e+03   1.0383605e-04
   1.2595995e+03   1.0207689e-04
   1.2618422e+03   1.0034753e-04
   1.2640850e+03   9.8647467e-05
   1.2663277e+03   9.6976209e-05
   1.2685705e+03   9.5333264e-05
   1.2708132e+03   9.3718154e-05
   1.2730560e+03   9.2130406e-05
   1.2752987e+03   9.0569558e-05
   1.2775414e+03   8.9035153e-05
   1.2797842e+03   8.7526744e-05
   1.2820269e+03   8.6043889e-05
   1.2842697e+03   8.4586157e-05
   1.2865124e+03   8.3153121e-05
   1.2887552e+03   8.1744363e-05
   1.2909979e+03   8.0359473e-05
   1.2932406e+03   7.8998044e-05
   1.2954834e+03   7.7659681e-05
   1.2977261e+03   7.6343991e-05
   1.2999689e+03   7.5050592e-05
   1.3022116e+03   7.3779105e-05
   1.3044544e+03   7.2529160e-05
   1.3066971e+03   7.1300390e-05
   1.3089398e+03   7.0092438e-05
   1.3111826e+03   6.8904951e-05
   1.3134253e+03   6.7737582e-05
   1.3156681e+03   6.6589990e-05
   1.3179108e+03   6.5461841e-05
   1.3201536e+03   6.4352804e-05
   1.3223963e+03   6.3262556e-05
   1.3246390e+03   6.2190779e-05
   1.3268818e+03   6.1137160e-05
   1.3291245e+03   6.0101391e-05
   1.3313673e+03   5.9083169e-05
   1.3336100e+03   5.8082198e-05
   1.3358528e+03   5.7098185e-05
   1.3380955e+03   5.6130843e-05
   1.3403382e+03   5.5179889e-05
   1.3425810e+03   5.4245047e-05
   1.3448237e+03   5.3326042e-05
   1.3470665e+03   5.2422606e-05
   1.3493092e+03   5.1534477e-05
   1.3515520e+03   5.0661394e-05
   1.3537947e+03   4.9803102e-05
   1.3560374e+03   4.8959351e-05
   1.3582802e+03   4.8129895e-05
   1.3605229e+03   4.7314492e-05
   1.3627657e+03   4.6512902e-05
   1.3650084e+03   4.5724893e-05
   1.3672512e+03   4.4950234e-05
   1.3694939e+03   4.4188700e-05
   1.3717366e+03   4.3440067e-05
   1.3739794e+03   4.2704117e-05
   1.3762221e+03   4.1980635e-05
   1.3784649e+03   4.1269411e-05
   1.3807076e+03   4.0570236e-05
   1.3829504e+03   3.9882906e-05
   1.3851931e+03   3.9207220e-05
   1.3874358e+03   3.8542982e-05
   1.3896786e+03   3.7889997e-05
   1.3919213e+03   3.7248075e-05
   1.3941641e+03   3.6617028e-05
   1.3964068e+03   3.5996673e-05
   1.3986495e+03   3.5386827e-05
   1.4008923e+03   3.4787313e-05
   1.4031350e+03   3.4197955e-05
   1.4053778e+03   3.3618583e-05
   1.4076205e+03   3.3049026e-05
   1.4098633e+03   3.2489118e-05
   1.4121060e+03   3.1938696e-05
   1.4143487e+03   3.1397600e-05
   1.4165915e+03   3.0865670e-05
   1.4188342e+03   3.0342752e-05
   1.4210770e+03   2.9828694e-05
   1.4233197e+03   2.9323344e-05
   1.4255625e+03   2.8826556e-05
   1.4278052e+03   2.8338184e-05
   1.4300479e+03   2.7858086e-05
   1.4322907e+03   2.7386122e-05
   1.4345334e+03   2.6922154e-05
   1.4367762e+03   2.6466046e-05
   1.4390189e+03   2.6017665e-05
   1.4412617e+03   2.5576881e-05
   1.4435044e+03   2.5143564e-05
   1.4457471e+03   2.4717589e-05
   1.4479899e+03   2.4298830e-05
   1.4502326e+03   2.3887166e-05
   1.4524754e+03   2.3482476e-05
   1.4547181e+03   2.3084642e-05
   1.4569609e+03   2.2693549e-05
   1.4592036e+03   2.2309081e-05
   1.4614463e+03   2.1931126e-05
   1.4636891e+03   2.1559575e-05
   1.4659318e+03   2.1194319e-05
   1.4681746e+03   2.0835250e-05
   1.4704173e+03   2.0482265e-05
   1.4726601e+03   2.0135260e-05
   1.4749028e+03   1.9794134e-05
   1.4771455e+03   1.9458787e-05
   1.4793883e+03   1.9129121e-05
   1.4816310e+03   1.8805041e-05
   1.4838738e+03   1.8486451e-05
   1.4861165e+03   1.8173259e-05
   1.4883593e+03   1.7865372e-05
   1.4906020e+03   1.7562702e-05
   1.4928447e+03   1.7265159e-05
   1.4950875e+03   1.6972658e-05
   1.4973302e+03   1.6685112e-05
   1.4995730e+03   1.6402437e-05
   1.5018157e+03   1.6124551e-05
   1.5040585e+03   1.5851373e-05
   1.5063012e+03   1.5582824e-05
   1.5085439e+03   1.5318824e-05
   1.5107867e+03   1.5059296e-05
   1.5130294e+03   1.4804166e-05
   1.5152722e+03   1.4553358e-05
   1.5175149e+03   1.4306799e-05
   1.5197577e+03   1.4064417e-05
   1.5220004e+03   1.3826141e-05
   1.5242431e+03   1.3591903e-05
   1.5264859e+03   1.3361632e-05
   1.5287286e+03   1.3135263e-05
   1.5309714e+03   1.2912729e-05
   1.5332141e+03   1.2693965e-05
   1.5354569e+03   1.2478907e-05
   1.5376996e+03   1.2267493e-05
   1.5399423e+03   1.2059660e-05
   1.5421851e+03   1.1855349e-05
   1.5444278e+03   1.1654499e-05
   1.5466706e+03   1.1457051e-05
   1.5489133e+03   1.1262949e-05
   1.5511561e+03   1.1072135e-05
   1.5533988e+03   1.0884554e-05
   1.5556415e+03   1.0700151e-05
   1.5578843e+03   1.0518872e-05
   1.5601270e+03   1.0340664e-05
   1.5623698e+03   1.0165475e-05
   1.5646125e+03   9.9932546e-06
   1.5668553e+03   9.8239516e-06
   1.5690980e+03   9.6575169e-06
   1.5713407e+03   9.4939018e-06
   1.5735835e+03   9.3330587e-06
   1.5758262e+03   9.1749406e-06
   1.5780690e+03   9.0195012e-06
   1.5803117e+03   8.8666953e-06
   1.5825545e+03   8.7164781e-06
   1.5847972e+03   8.5688059e-06
   1.5870399e+03   8.4236355e-06
   1.5892827e+03   8.2809245e-06
   1.5915254e+03   8.1406314e-06
   1.5937682e+03   8.0027150e-06
   1.5960109e+03   7.8671352e-06
   1.5982537e+03   7.7338523e-06
   1.6004964e+03   7.6028274e-06
   1.6027391e+03   7.4740224e-06
   1.6049819e+03   7.3473995e-06
   1.6072246e+03   7.2229219e-06
   1.6094674e+03   7.1005531e-06
   1.6117101e+03   6.9802574e-06
   1.6139529e+03   6.8619998e-06
   1.6161956e+03   6.7457457e-06
   1.6184383e+03   6.6314611e-06
   1.6206811e+03   6.5191126e-06
   1.6229238e+03   6.4086676e-06
   1.6251666e+03   6.3000937e-06
   1.6274093e+03   6.1933592e-06
   1.6296521e+03   6.0884330e-06
   1.6318948e+03   5.9852844e-06
   1.6341375e+03   5.8838833e-06
   1.6363803e+03   5.7842002e-06
   1.6386230e+03   5.6862058e-06
   1.6408658e+03   5.5898717e-06
   1.6431085e+03   5.4951696e-06
   1.6453513e+03   5.4020719e-06
   1.6475940e+03   5.3105514e-06
   1.6498367e+03   5.2205815e-06
   1.6520795e+03   5.1321358e-06
   1.6543222e+03   5.0451886e-06
   1.6565650e+03   4.9597144e-06
   1.6588077e+03   4.8756882e-06
   1.6610505e+03   4.7930856e-06
   1.6632932e+03   4.7118825e-06
   1.6655359e+03   4.6320550e-06
   1.6677787e+03   4.5535800e-06
   1.6700214e+03   4.4764345e-06
   1.6722642e+03   4.4005959e-06
   1.6745069e+03   4.3260422e-06
   1.6767496e+03   4.2527516e-06
   1.6789924e+03   4.1807026e-06
   1.6812351e+03   4.1098743e-06
   1.6834779e+03   4.0402459e-06
   1.6857206e+03   3.9717972e-06
   1.6879634e+03   3.9045081e-06
   1.6902061e+03   3.8383589e-06
   1.6924488e+03   3.7733305e-06
   1.6946916e+03   3.7094038e-06
   1.6969343e+03   3.6465600e-06
   1.6991771e+03   3.5847810e-06
   1.7014198e+03   3.5240486e-06
   1.7036626e+03   3.4643451e-06
   1.7059053e+03   3.4056531e-06
   1.7081480e+03   3.3479555e-06
   1.7103908e+03   3.2912353e-06
   1.7126335e+03   3.2354761e-06
   1.7148763e+03   3.1806615e-06
   1.7171190e+03   3.1267756e-06
   1.7193618e+03   3.0738027e-06
   1.7216045e+03   3.0217271e-06
   1.7238472e+03   2.9705338e-06
   1.7260900e+03   2.9202079e-06
   1.7283327e+03   2.8707345e-06
   1.7305755e+03   2.8220993e-06
   1.7328182e+03   2.7742880e-06
   1.7350610e+03   2.7272868e-06
   1.7373037e+03   2.6810818e-06
   1.7395464e+03   2.6356597e-06
   1.7417892e+03   2.5910070e-06
   1.7440319e+03   2.5471109e-06
   1.7462747e+03   2.5039584e-06
   1.7485174e+03   2.4615371e-06
   1.7507602e+03   2.4198344e-06
   1.7530029e+03   2.3788382e-06
   1.7552456e+03   2.3385365e-06
   1.7574884e+03   2.2989177e-06
   1.7597311e+03   2.2599701e-06
   1.7619739e+03   2.2216823e-06
   1.7642166e+03   2.1840431e-06
   1.7664594e+03   2.1470416e-06
   1.7687021e+03   2.1106670e-06
   1.7709448e+03   2.0749087e-06
   1.7731876e+03   2.0397562e-06
   1.7754303e+03   2.0051992e-06
   1.7776731e+03   1.9712276e-06
   1.7799158e+03   1.9378316e-06
   1.7821586e+03   1.9050014e-06
   1.7844013e+03   1.8727274e-06
   1.7866440e+03   1.8410001e-06
   1.7888868e+03   1.8098104e-06
   1.7911295e+03   1.7791491e-06
   1.7933723e+03   1.7490072e-06
   1.7956150e+03   1.7193760e-06
   1.7978578e+03   1.6902468e-06
   1.8001005e+03   1.6616111e-06
   1.8023432e+03   1.6334605e-06
   1.8045860e+03   1.6057869e-06
   1.8068287e+03   1.5785821e-06
   1.8090715e+03   1.5518382e-06
   1.8113142e+03   1.5255474e-06
   1.8135570e+03   1.4997019e-06
   1.8157997e+03   1.4742944e-06
   1.8180424e+03   1.4493173e-06
   1.8202852e+03   1.4247634e-06
   1.8225279e+03   1.4006254e-06
   1.8247707e+03   1.3768964e-06
   1.8270134e+03   1.3535694e-06
   1.8292562e+03   1.3306376e-06
   1.8314989e+03   1.3080943e-06
   1.8337416e+03   1.2859329e-06
   1.8359844e+03   1.2641470e-06
   1.8382271e+03   1.2427301e-06
   1.8404699e+03   1.2216761e-06
   1.8427126e+03   1.2009788e-06
   1.8449554e+03   1.1806322e-06
   1.8471981e+03   1.1606302e-06
   1.8494408e+03   1.1409671e-06
   1.8516836e+03   1.1216372e-06
   1.8539263e+03   1.1026347e-06
   1.8561691e+03   1.0839542e-06
   1.8584118e+03   1.0655901e-06
   1.8606546e+03   1.0475372e-06
   1.8628973e+03   1.0297901e-06
   1.8651400e+03   1.0123437e-06
   1.8673828e+03   9.9519280e-07
   1.8696255e+03   9.7833251e-07
   1.8718683e+03   9.6175787e-07
   1.8741110e+03   9.4546403e-07
   1.8763538e+03   9.2944623e-07
   1.8785965e+03   9.1369980e-07
   1.8808392e+03   8.9822015e-07
   1.8830820e+03   8.8300275e-07
   1.8853247e+03   8.6804315e-07
   1.8875675e+03   8.5333700e-07
   1.8898102e+03   8.3887999e-07
   1.8920530e+03   8.2466792e-07
   1.8942957e+03   8.1069662e-07
   1.8965384e+03   7.9696201e-07
   1.8987812e+03   7.8346010e-07
   1.9010239e+03   7.7018693e-07
   1.9032667e+03   7.5713863e-07
   1.9055094e+03   7.4431139e-07
   1.9077522e+03   7.3170147e-07
   1.9099949e+03   7.1930518e-07
   1.9122376e+03   7.0711891e-07
   1.9144804e+03   6.9513909e-07
   1.9167231e+03   6.8336223e-07
   1.9189659e+03   6.7178489e-07
   1.9212086e+03   6.6040370e-07
   1.9234514e+03   6.4921532e-07
   1.9256941e+03   6.3821649e-07
   1.9279368e+03   6.2740399e-07
   1.9301796e+03   6.1677469e-07
   1.9324223e+03   6.0632546e-07
   1.9346651e+03   5.9605325e-07
   1.9369078e+03   5.8595508e-07
   1.9391506e+03   5.7602799e-07
   1.9413933e+03   5.6626908e-07
   1.9436360e+03   5.5667550e-07
   1.9458788e+03   5.4724445e-07
   1.9481215e+03   5.3797319e-07
   1.9503643e+03   5.2885899e-07
   1.9526070e+03   5.1989920e-07
   1.9548497e+03   5.1109121e-07
   1.9570925e+03   5.0243244e-07
   1.9593352e+03   4.9392037e-07
   1.9615780e+03   4.8555250e-07
   1.9638207e+03   4.7732641e-07
   1.9660635e+03   4.6923967e-07
   1.9683062e+03   4.6128994e-07
   1.9705489e+03   4.5347489e-07
   1.9727917e+03   4.4579224e-07
   1.9750344e+03   4.3823975e-07
   1.9772772e+03   4.3081521e-07
   1.9795199e+03   4.2351645e-07
   1.9817627e+03   4.1634135e-07
   1.9840054e+03   4.0928781e-07
   1.9862481e+03   4.0235377e-07
   1.9884909e+03   3.9553720e-07
   1.9907336e+03   3.8883611e-07
   1.9929764e+03   3.8224856e-07
   1.9952191e+03   3.7577261e-07
   1.9974619e+03   3.6940637e-07
   1.9997046e+03   3.6314799e-07
   2.0019473e+03   3.5699563e-07
   2.0041901e+03   3.5094751e-07
   2.0064328e+03   3.4500185e-07
   2.0086756e+03   3.3915692e-07
   2.0109183e+03   3.3341102e-07
   2.0131611e+03   3.2776246e-07
   2.0154038e+03   3.2220959e-07
   2.0176465e+03   3.1675081e-07
   2.0198893e+03   3.1138450e-07
   2.0221320e+03   3.0610911e-07
   2.0243748e+03   3.0092309e-07
   2.0266175e+03   2.9582493e-07
   2.0288603e+03   2.9081315e-07
   2.0311030e+03   2.8588627e-07
   2.0333457e+03   2.8104286e-07
   2.0355885e+03   2.7628151e-07
   2.0378312e+03   2.7160082e-07
   2.0400740e+03   2.6699944e-07
   2.0423167e+03   2.6247600e-07
   2.0445595e+03   2.5802921e-07
   2.0468022e+03   2.5365774e-07
   2.0490449e+03   2.4936034e-07
   2.0512877e+03   2.4513575e-07
   2.0535304e+03   2.4098272e-07
   2.0557732e+03   2.3690006e-07
   2.0580159e+03   2.3288656e-07
   2.0602587e+03   2.2894106e-07
   2.0625014e+03   2.2506241e-07
   2.0647441e+03   2.2124946e-07
   2.0669869e+03   2.1750111e-07
   2.0692296e+03   2.1381627e-07
   2.0714724e+03   2.1019385e-07
   2.0737151e+03   2.0663280e-07
   2.0759579e+03   2.0313208e-07
   2.0782006e+03   1.9969067e-07
   2.0804433e+03   1.9630757e-07
   2.0826861e+03   1.9298178e-07
   2.0849288e+03   1.8971233e-07
   2.0871716e+03   1.8649828e-07
   2.0894143e+03   1.8333868e-07
   2.0916571e+03   1.8023260e-07
   2.0938998e+03   1.7717915e-07
   2.0961425e+03   1.7417743e-07
   2.0983853e+03   1.7122656e-07
   2.1006280e+03   1.6832569e-07
   2.1028708e+03   1.6547396e-07
   2.1051135e+03   1.6267054e-07
   2.1073563e+03   1.5991462e-07
   2.1095990e+03   1.5720539e-07
   2.1118417e+03   1.5454206e-07
   2.1140845e+03   1.5192385e-07
   2.1163272e+03   1.4935000e-07
   2.1185700e+03   1.4681975e-07
   2.1208127e+03   1.4433237e-07
   2.1230555e+03   1.4188713e-07
   2.1252982e+03   1.3948332e-07
   2.1275409e+03   1.3712023e-07
   2.1297837e+03   1.3479718e-07
   2.1320264e+03   1.3251348e-07
   2.1342692e+03   1.3026847e-07
   2.1365119e+03   1.2806150e-07
   2.1387547e+03   1.2589191e-07
   2.1409974e+03   1.2375909e-07
   2.1432401e+03   1.2166239e-07
   2.1454829e+03   1.1960122e-07
   2.1477256e+03   1.1757497e-07
   2.1499684e+03   1.1558305e-07
   2.1522111e+03   1.1362487e-07
   2.1544539e+03   1.1169987e-07
   2.1566966e+03   1.0980748e-07
   2.1589393e+03   1.0794715e-07
   2.1611821e+03   1.0611834e-07
   2.1634248e+03   1.0432051e-07
   2.1656676e+03   1.0255314e-07
   2.1679103e+03   1.0081572e-07
   2.1701531e+03   9.9107723e-08
   2.1723958e+03   9.7428666e-08
   2.1746385e+03   9.5778056e-08
   2.1768813e+03   9.4155410e-08
   2.1791240e+03   9.2560255e-08
   2.1813668e+03   9.0992124e-08
   2.1836095e+03   8.9450560e-08
   2.1858523e+03   8.7935113e-08
   2.1880950e+03   8.6445340e-08
   2.1903377e+03   8.4980806e-08
   2.1925805e+03   8.3541085e-08
   2.1948232e+03   8.2125754e-08
   2.1970660e+03   8.0734402e-08
   2.1993087e+03   7.9366621e-08
   2.2015515e+03   7.8022014e-08
   2.2037942e+03   7.6700186e-08
   2.2060369e+03   7.5400752e-08
   2.2082797e+03   7.4123333e-08
   2.2105224e+03   7.2867555e-08
   2.2127652e+03   7.1633053e-08
   2.2150079e+03   7.0419465e-08
   2.2172507e+03   6.9226438e-08
   2.2194934e+03   6.8053622e-08
   2.2217361e+03   6.6900676e-08
   2.2239789e+03   6.5767263e-08
   2.2262216e+03   6.4653052e-08
   2.2284644e+03   6.3557717e-08
   2.2307071e+03   6.2480939e-08
   2.2329498e+03   6.1422404e-08
   2.2351926e+03   6.0381803e-08
   2.2374353e+03   5.9358830e-08
   2.2396781e+03   5.8353189e-08
   2.2419208e+03   5.7364585e-08
   2.2441636e+03   5.6392730e-08
   2.2464063e+03   5.5437339e-08
   2.2486490e+03   5.4498135e-08
   2.2508918e+03   5.3574842e-08
   2.2531345e+03   5.2667192e-08
   2.2553773e+03   5.1774919e-08
   2.2576200e+03   5.0897762e-08
   2.2598628e+03   5.0035466e-08
   2.2621055e+03   4.9187779e-08
   2.2643482e+03   4.8354452e-08
   2.2665910e+03   4.7535244e-08
   2.2688337e+03   4.6729915e-08
   2.2710765e+03   4.5938230e-08
   2.2733192e+03   4.5159957e-08
   2.2755620e+03   4.4394869e-08
   2.2778047e+03   4.3642743e-08
   2.2800474e+03   4.2903359e-08
   2.2822902e+03   4.2176502e-08
   2.2845329e+03   4.1461959e-08
   2.2867757e+03   4.0759522e-08
   2.2890184e+03   4.0068985e-08
   2.2912612e+03   3.9390147e-08
   2.2935039e+03   3.8722810e-08
   2.2957466e+03   3.8066779e-08
   2.2979894e+03   3.7421862e-08
   2.3002321e+03   3.6787871e-08
   2.3024749e+03   3.6164620e-08
   2.3047176e+03   3.5551929e-08
   2.3069604e+03   3.4949618e-08
   2.3092031e+03   3.4357511e-08
   2.3114458e+03   3.3775435e-08
   2.3136886e+03   3.3203221e-08
   2.3159313e+03   3.2640701e-08
   2.3181741e+03   3.2087711e-08
   2.3204168e+03   3.1544090e-08
   2.3226596e+03   3.1009678e-08
   2.3249023e+03   3.0484321e-08
   2.3271450e+03   2.9967864e-08
   2.3293878e+03   2.9460156e-08
   2.3316305e+03   2.8961050e-08
   2.3338733e+03   2.8470400e-08
   2.3361160e+03   2.7988062e-08
   2.3383588e+03   2.7513896e-08
   2.3406015e+03   2.7047763e-08
   2.3428442e+03   2.6589527e-08
   2.3450870e+03   2.6139055e-08
   2.3473297e+03   2.5696214e-08
   2.3495725e+03   2.5260875e-08
   2.3518152e+03   2.4832913e-08
   2.3540580e+03   2.4412200e-08
   2.3563007e+03   2.3998615e-08
   2.3585434e+03   2.3592037e-08
   2.3607862e+03   2.3192347e-08
   2.3630289e+03   2.2799429e-08
   2.3652717e+03   2.2413167e-08
   2.3675144e+03   2.2033449e-08
   2.3697572e+03   2.1660164e-08
   2.3719999e+03   2.1293204e-08
   2.3742426e+03   2.0932460e-08
   2.3764854e+03   2.0577828e-08
   2.3787281e+03   2.0229204e-08
   2.3809709e+03   1.9886486e-08
   2.3832136e+03   1.9549575e-08
   2.3854564e+03   1.9218371e-08
   2.3876991e+03   1.8892779e-08
   2.3899418e+03   1.8572702e-08
   2.3921846e+03   1.8258049e-08
   2.3944273e+03   1.7948726e-08
   2.3966701e+03   1.7644643e-08
   2.3989128e+03   1.7345713e-08
   2.4011556e+03   1.7051846e-08
   2.4033983e+03   1.6762958e-08
   2.4056410e+03   1.6478965e-08
   2.4078838e+03   1.6199783e-08
   2.4101265e+03   1.5925330e-08
   2.4123693e+03   1.5655528e-08
   2.4146120e+03   1.5390296e-08
   2.4168548e+03   1.5129558e-08
   2.4190975e+03   1.4873237e-08
   2.4213402e+03   1.4621259e-08
   2.4235830e+03   1.4373549e-08
   2.4258257e+03   1.4130036e-08
   2.4280685e+03   1.3890649e-08
   2.4303112e+03   1.3655318e-08
   2.4325540e+03   1.3423973e-08
   2.4347967e+03   1.3196548e-08
   2.4370394e+03   1.2972975e-08
   2.4392822e+03   1.2753191e-08
   2.4415249e+03   1.2537129e-08
   2.4437677e+03   1.2324729e-08
   2.4460104e+03   1.2115927e-08
   2.4482532e+03   1.1910662e-08
   2.4504959e+03   1.1708875e-08
   2.4527386e+03   1.1510506e-08
   2.4549814e+03   1.1315498e-08
   2.4572241e+03   1.1123794e-08
   2.4594669e+03   1.0935338e-08
   2.4617096e+03   1.0750074e-08
   2.4639524e+03   1.0567949e-08
   2.4661951e+03   1.0388910e-08
   2.4684378e+03   1.0212904e-08
   2.4706806e+03   1.0039880e-08
   2.4729233e+03   9.8697867e-09
   2.4751661e+03   9.7025755e-09
   2.4774088e+03   9.5381971e-09
   2.4796516e+03   9.3766035e-09
   2.4818943e+03   9.2177476e-09
   2.4841370e+03   9.0615830e-09
   2.4863798e+03   8.9080641e-09
   2.4886225e+03   8.7571461e-09
   2.4908653e+03   8.6087849e-09
   2.4931080e+03   8.4629372e-09
   2.4953508e+03   8.3195604e-09
   2.4975935e+03   8.1786127e-09
   2.4998362e+03   8.0400528e-09
   2.5020790e+03   7.9038404e-09
   2.5043217e+03   7.7699357e-09
   2.5065645e+03   7.6382996e-09
   2.5088072e+03   7.5088936e-09
   2.5110499e+03   7.3816799e-09
   2.5132927e+03   7.2566215e-09
   2.5155354e+03   7.1336818e-09
   2.5177782e+03   7.0128249e-09
   2.5200209e+03   6.8940155e-09
   2.5222637e+03   6.7772189e-09
   2.5245064e+03   6.6624011e-09
   2.5267491e+03   6.5495285e-09
   2.5289919e+03   6.4385682e-09
   2.5312346e+03   6.3294877e-09
   2.5334774e+03   6.2222552e-09
   2.5357201e+03   6.1168395e-09
   2.5379629e+03   6.0132096e-09
   2.5402056e+03   5.9113355e-09
   2.5424483e+03   5.8111872e-09
   2.5446911e+03   5.7127357e-09
   2.5469338e+03   5.6159520e-09
   2.5491766e+03   5.5208081e-09
   2.5514193e+03   5.4272761e-09
   2.5536621e+03   5.3353286e-09
   2.5559048e+03   5.2449389e-09
   2.5581475e+03   5.1560806e-09
   2.5603903e+03   5.0687277e-09
   2.5626330e+03   4.9828547e-09
   2.5648758e+03   4.8984365e-09
   2.5671185e+03   4.8154485e-09
   2.5693613e+03   4.7338665e-09
   2.5716040e+03   4.6536666e-09
   2.5738467e+03   4.5748254e-09
   2.5760895e+03   4.4973200e-09
   2.5783322e+03   4.4211276e-09
   2.5805750e+03   4.3462260e-09
   2.5828177e+03   4.2725935e-09
   2.5850605e+03   4.2002083e-09
   2.5873032e+03   4.1290495e-09
   2.5895459e+03   4.0590963e-09
   2.5917887e+03   3.9903282e-09
   2.5940314e+03   3.9227251e-09
   2.5962742e+03   3.8562674e-09
   2.5985169e+03   3.7909355e-09
   2.6007597e+03   3.7267105e-09
   2.6030024e+03   3.6635736e-09
   2.6052451e+03   3.6015063e-09
   2.6074879e+03   3.5404906e-09
   2.6097306e+03   3.4805086e-09
   2.6119734e+03   3.4215427e-09
   2.6142161e+03   3.3635759e-09
   2.6164589e+03   3.3065911e-09
   2.6187016e+03   3.2505717e-09
   2.6209443e+03   3.1955014e-09
   2.6231871e+03   3.1413641e-09
   2.6254298e+03   3.0881439e-09
   2.6276726e+03   3.0358254e-09
   2.6299153e+03   2.9843933e-09
   2.6321581e+03   2.9338325e-09
   2.6344008e+03   2.8841283e-09
   2.6366435e+03   2.8352662e-09
   2.6388863e+03   2.7872319e-09
   2.6411290e+03   2.7400114e-09
   2.6433718e+03   2.6935908e-09
   2.6456145e+03   2.6479567e-09
   2.6478573e+03   2.6030958e-09
   2.6501000e+03   2.5589948e-09
