   4.2430000e+02   4.8956780e-05
   4.2775465e+02   5.8006577e-05
   4.3120931e+02   6.8412222e-05
   4.3466396e+02   8.0314075e-05
   4.3811862e+02   9.3855782e-05
   4.4157327e+02   1.0918229e-04
   4.4502793e+02   1.2643755e-04
   4.4848258e+02   1.4576193e-04
   4.5193724e+02   1.6728936e-04
   4.5539189e+02   1.9114428e-04
   4.5884655e+02   2.1743846e-04
   4.6230120e+02   2.4626767e-04
   4.6575586e+02   2.7770841e-04
   4.6921051e+02   3.1181475e-04
   4.7266517e+02   3.4861524e-04
   4.7611982e+02   3.8811030e-04
   4.7957447e+02   4.3026977e-04
   4.8302913e+02   4.7503114e-04
   4.8648378e+02   5.2229821e-04
   4.8993844e+02   5.7194047e-04
   4.9339309e+02   6.2379312e-04
   4.9684775e+02   6.7765785e-04
   5.0030240e+02   7.3330443e-04
   5.0375706e+02   7.9047295e-04
   5.0721171e+02   8.4887685e-04
   5.1066637e+02   9.0820663e-04
   5.1412102e+02   9.6813410e-04
   5.1757568e+02   1.0283172e-03
   5.2103033e+02   1.0884050e-03
   5.2448498e+02   1.1480435e-03
   5.2793964e+02   1.2068806e-03
   5.3139429e+02   1.2645721e-03
   5.3484895e+02   1.3207869e-03
   5.3830360e+02   1.3752117e-03
   5.4175826e+02   1.4275561e-03
   5.4521291e+02   1.4775564e-03
   5.4866757e+02   1.5249788e-03
   5.5212222e+02   1.5696226e-03
   5.5557688e+02   1.6113218e-03
   5.5903153e+02   1.6499463e-03
   5.6248619e+02   1.6854025e-03
   5.6594084e+02   1.7176326e-03
   5.6939550e+02   1.7466141e-03
   5.7285015e+02   1.7723576e-03
   5.7630480e+02   1.7949046e-03
   5.7975946e+02   1.8143251e-03
   5.8321411e+02   1.8307143e-03
   5.8666877e+02   1.8441892e-03
   5.9012342e+02   1.8548854e-03
   5.9357808e+02   1.8629531e-03
   5.9703273e+02   1.8685539e-03
   6.0048739e+02   1.8718573e-03
   6.0394204e+02   1.8730374e-03
   6.0739670e+02   1.8722701e-03
   6.1085135e+02   1.8697301e-03
   6.1430601e+02   1.8655890e-03
   6.1776066e+02   1.8600127e-03
   6.2121532e+02   1.8531604e-03
   6.2466997e+02   1.8451826e-03
   6.2812462e+02   1.8362207e-03
   6.3157928e+02   1.8264058e-03
   6.3503393e+02   1.8158589e-03
   6.3848859e+02   1.8046901e-03
   6.4194324e+02   1.7929992e-03
   6.4539790e+02   1.7808757e-03
   6.4885255e+02   1.7683993e-03
   6.5230721e+02   1.7556404e-03
   6.5576186e+02   1.7426607e-03
   6.5921652e+02   1.7295138e-03
   6.6267117e+02   1.7162460e-03
   6.6612583e+02   1.7028971e-03
   6.6958048e+02   1.6895007e-03
   6.7303514e+02   1.6760855e-03
   6.7648979e+02   1.6626751e-03
   6.7994444e+02   1.6492894e-03
   6.8339910e+02   1.6359447e-03
   6.8685375e+02   1.6226543e-03
   6.9030841e+02   1.6094291e-03
   6.9376306e+02   1.5962775e-03
   6.9721772e+02   1.5832065e-03
   7.0067237e+02   1.5702214e-03
   7.0412703e+02   1.5573263e-03
   7.0758168e+02   1.5445242e-03
   7.1103634e+02   1.5318175e-03
   7.1449099e+02   1.5192076e-03
   7.1794565e+02   1.5066958e-03
   7.2140030e+02   1.4942825e-03
   7.2485495e+02   1.4819682e-03
   7.2830961e+02   1.4697528e-03
   7.3176426e+02   1.4576362e-03
   7.3521892e+02   1.4456182e-03
   7.3867357e+02   1.4336981e-03
   7.4212823e+02   1.4218756e-03
   7.4558288e+02   1.4101501e-03
   7.4903754e+02   1.3985208e-03
   7.5249219e+02   1.3869871e-03
   7.5594685e+02   1.3755484e-03
   7.5940150e+02   1.3642038e-03
   7.6285616e+02   1.3529527e-03
   7.6631081e+02   1.3417943e-03
   7.6976547e+02   1.3307279e-03
   7.7322012e+02   1.3197527e-03
   7.7667477e+02   1.3088680e-03
   7.8012943e+02   1.2980731e-03
   7.8358408e+02   1.2873672e-03
   7.8703874e+02   1.2767495e-03
   7.9049339e+02   1.2662195e-03
   7.9394805e+02   1.2557762e-03
   7.9740270e+02   1.2454192e-03
   8.0085736e+02   1.2351475e-03
   8.0431201e+02   1.2249605e-03
   8.0776667e+02   1.2148576e-03
   8.1122132e+02   1.2048379e-03
   8.1467598e+02   1.1949010e-03
   8.1813063e+02   1.1850459e-03
   8.2158529e+02   1.1752722e-03
   8.2503994e+02   1.1655790e-03
   8.2849459e+02   1.1559659e-03
   8.3194925e+02   1.1464319e-03
   8.3540390e+02   1.1369767e-03
   8.3885856e+02   1.1275994e-03
   8.4231321e+02   1.1182994e-03
   8.4576787e+02   1.1090762e-03
   8.4922252e+02   1.0999290e-03
   8.5267718e+02   1.0908572e-03
   8.5613183e+02   1.0818603e-03
   8.5958649e+02   1.0729376e-03
   8.6304114e+02   1.0640885e-03
   8.6649580e+02   1.0553123e-03
   8.6995045e+02   1.0466086e-03
   8.7340511e+02   1.0379766e-03
   8.7685976e+02   1.0294158e-03
   8.8031441e+02   1.0209256e-03
   8.8376907e+02   1.0125055e-03
   8.8722372e+02   1.0041548e-03
   8.9067838e+02   9.9587294e-04
   8.9413303e+02   9.8765941e-04
   8.9758769e+02   9.7951362e-04
   9.0104234e+02   9.7143501e-04
   9.0449700e+02   9.6342303e-04
   9.0795165e+02   9.5547714e-04
   9.1140631e+02   9.4759677e-04
   9.1486096e+02   9.3978140e-04
   9.1831562e+02   9.3203049e-04
   9.2177027e+02   9.2434350e-04
   9.2522492e+02   9.1671992e-04
   9.2867958e+02   9.0915921e-04
   9.3213423e+02   9.0166085e-04
   9.3558889e+02   8.9422434e-04
   9.3904354e+02   8.8684917e-04
   9.4249820e+02   8.7953482e-04
   9.4595285e+02   8.7228079e-04
   9.4940751e+02   8.6508660e-04
   9.5286216e+02   8.5795173e-04
   9.5631682e+02   8.5087572e-04
   9.5977147e+02   8.4385806e-04
   9.6322613e+02   8.3689828e-04
   9.6668078e+02   8.2999591e-04
   9.7013544e+02   8.2315046e-04
   9.7359009e+02   8.1636147e-04
   9.7704474e+02   8.0962847e-04
   9.8049940e+02   8.0295100e-04
   9.8395405e+02   7.9632861e-04
   9.8740871e+02   7.8976083e-04
   9.9086336e+02   7.8324723e-04
   9.9431802e+02   7.7678734e-04
   9.9777267e+02   7.7038073e-04
   1.0012273e+03   7.6402697e-04
   1.0046820e+03   7.5772560e-04
   1.0081366e+03   7.5147621e-04
   1.0115913e+03   7.4527835e-04
   1.0150459e+03   7.3913162e-04
   1.0185006e+03   7.3303558e-04
   1.0219553e+03   7.2698982e-04
   1.0254099e+03   7.2099392e-04
   1.0288646e+03   7.1504747e-04
   1.0323192e+03   7.0915007e-04
   1.0357739e+03   7.0330130e-04
   1.0392285e+03   6.9750078e-04
   1.0426832e+03   6.9174809e-04
   1.0461378e+03   6.8604285e-04
   1.0495925e+03   6.8038467e-04
   1.0530471e+03   6.7477315e-04
   1.0565018e+03   6.6920791e-04
   1.0599565e+03   6.6368857e-04
   1.0634111e+03   6.5821475e-04
   1.0668658e+03   6.5278608e-04
   1.0703204e+03   6.4740218e-04
   1.0737751e+03   6.4206269e-04
   1.0772297e+03   6.3676723e-04
   1.0806844e+03   6.3151545e-04
   1.0841390e+03   6.2630698e-04
   1.0875937e+03   6.2114147e-04
   1.0910483e+03   6.1601856e-04
   1.0945030e+03   6.1093791e-04
   1.0979577e+03   6.0589916e-04
   1.1014123e+03   6.0090196e-04
   1.1048670e+03   5.9594598e-04
   1.1083216e+03   5.9103087e-04
   1.1117763e+03   5.8615631e-04
   1.1152309e+03   5.8132194e-04
   1.1186856e+03   5.7652745e-04
   1.1221402e+03   5.7177250e-04
   1.1255949e+03   5.6705677e-04
   1.1290495e+03   5.6237993e-04
   1.1325042e+03   5.5774166e-04
   1.1359589e+03   5.5314165e-04
   1.1394135e+03   5.4857957e-04
   1.1428682e+03   5.4405512e-04
   1.1463228e+03   5.3956799e-04
   1.1497775e+03   5.3511787e-04
   1.1532321e+03   5.3070445e-04
   1.1566868e+03   5.2632742e-04
   1.1601414e+03   5.2198650e-04
   1.1635961e+03   5.1768138e-04
   1.1670508e+03   5.1341177e-04
   1.1705054e+03   5.0917737e-04
   1.1739601e+03   5.0497789e-04
   1.1774147e+03   5.0081305e-04
   1.1808694e+03   4.9668256e-04
   1.1843240e+03   4.9258614e-04
   1.1877787e+03   4.8852350e-04
   1.1912333e+03   4.8449437e-04
   1.1946880e+03   4.8049847e-04
   1.1981426e+03   4.7653552e-04
   1.2015973e+03   4.7260527e-04
   1.2050520e+03   4.6870742e-04
   1.2085066e+03   4.6484172e-04
   1.2119613e+03   4.6100791e-04
   1.2154159e+03   4.5720571e-04
   1.2188706e+03   4.5343488e-04
   1.2223252e+03   4.4969514e-04
   1.2257799e+03   4.4598625e-04
   1.2292345e+03   4.4230795e-04
   1.2326892e+03   4.3865998e-04
   1.2361438e+03   4.3504211e-04
   1.2395985e+03   4.3145407e-04
   1.2430532e+03   4.2789562e-04
   1.2465078e+03   4.2436652e-04
   1.2499625e+03   4.2086653e-04
   1.2534171e+03   4.1739540e-04
   1.2568718e+03   4.1395290e-04
   1.2603264e+03   4.1053880e-04
   1.2637811e+03   4.0715285e-04
   1.2672357e+03   4.0379483e-04
   1.2706904e+03   4.0046450e-04
   1.2741450e+03   3.9716165e-04
   1.2775997e+03   3.9388603e-04
   1.2810544e+03   3.9063743e-04
   1.2845090e+03   3.8741562e-04
   1.2879637e+03   3.8422038e-04
   1.2914183e+03   3.8105149e-04
   1.2948730e+03   3.7790875e-04
   1.2983276e+03   3.7479192e-04
   1.3017823e+03   3.7170080e-04
   1.3052369e+03   3.6863517e-04
   1.3086916e+03   3.6559482e-04
   1.3121462e+03   3.6257955e-04
   1.3156009e+03   3.5958915e-04
   1.3190556e+03   3.5662342e-04
   1.3225102e+03   3.5368214e-04
   1.3259649e+03   3.5076512e-04
   1.3294195e+03   3.4787216e-04
   1.3328742e+03   3.4500306e-04
   1.3363288e+03   3.4215763e-04
   1.3397835e+03   3.3933566e-04
   1.3432381e+03   3.3653696e-04
   1.3466928e+03   3.3376135e-04
   1.3501474e+03   3.3100863e-04
   1.3536021e+03   3.2827862e-04
   1.3570568e+03   3.2557112e-04
   1.3605114e+03   3.2288595e-04
   1.3639661e+03   3.2022292e-04
   1.3674207e+03   3.1758186e-04
   1.3708754e+03   3.1496258e-04
   1.3743300e+03   3.1236491e-04
   1.3777847e+03   3.0978866e-04
   1.3812393e+03   3.0723365e-04
   1.3846940e+03   3.0469972e-04
   1.3881486e+03   3.0218669e-04
   1.3916033e+03   2.9969438e-04
   1.3950580e+03   2.9722263e-04
   1.3985126e+03   2.9477127e-04
   1.4019673e+03   2.9234012e-04
   1.4054219e+03   2.8992903e-04
   1.4088766e+03   2.8753782e-04
   1.4123312e+03   2.8516633e-04
   1.4157859e+03   2.8281440e-04
   1.4192405e+03   2.8048187e-04
   1.4226952e+03   2.7816858e-04
   1.4261498e+03   2.7587436e-04
   1.4296045e+03   2.7359907e-04
   1.4330592e+03   2.7134254e-04
   1.4365138e+03   2.6910462e-04
   1.4399685e+03   2.6688517e-04
   1.4434231e+03   2.6468401e-04
   1.4468778e+03   2.6250101e-04
   1.4503324e+03   2.6033602e-04
   1.4537871e+03   2.5818888e-04
   1.4572417e+03   2.5605945e-04
   1.4606964e+03   2.5394758e-04
   1.4641511e+03   2.5185313e-04
   1.4676057e+03   2.4977595e-04
   1.4710604e+03   2.4771591e-04
   1.4745150e+03   2.4567285e-04
   1.4779697e+03   2.4364665e-04
   1.4814243e+03   2.4163716e-04
   1.4848790e+03   2.3964424e-04
   1.4883336e+03   2.3766776e-04
   1.4917883e+03   2.3570757e-04
   1.4952429e+03   2.3376356e-04
   1.4986976e+03   2.3183558e-04
   1.5021523e+03   2.2992350e-04
   1.5056069e+03   2.2802719e-04
   1.5090616e+03   2.2614652e-04
   1.5125162e+03   2.2428136e-04
   1.5159709e+03   2.2243158e-04
   1.5194255e+03   2.2059706e-04
   1.5228802e+03   2.1877767e-04
   1.5263348e+03   2.1697329e-04
   1.5297895e+03   2.1518379e-04
   1.5332441e+03   2.1340904e-04
   1.5366988e+03   2.1164894e-04
   1.5401535e+03   2.0990335e-04
   1.5436081e+03   2.0817216e-04
   1.5470628e+03   2.0645524e-04
   1.5505174e+03   2.0475249e-04
   1.5539721e+03   2.0306378e-04
   1.5574267e+03   2.0138900e-04
   1.5608814e+03   1.9972803e-04
   1.5643360e+03   1.9808076e-04
   1.5677907e+03   1.9644707e-04
   1.5712453e+03   1.9482686e-04
   1.5747000e+03   1.9322001e-04
   1.5781547e+03   1.9162642e-04
   1.5816093e+03   1.9004596e-04
   1.5850640e+03   1.8847855e-04
   1.5885186e+03   1.8692406e-04
   1.5919733e+03   1.8538239e-04
   1.5954279e+03   1.8385343e-04
   1.5988826e+03   1.8233709e-04
   1.6023372e+03   1.8083325e-04
   1.6057919e+03   1.7934182e-04
   1.6092465e+03   1.7786268e-04
   1.6127012e+03   1.7639575e-04
   1.6161559e+03   1.7494091e-04
   1.6196105e+03   1.7349808e-04
   1.6230652e+03   1.7206714e-04
   1.6265198e+03   1.7064800e-04
   1.6299745e+03   1.6924057e-04
   1.6334291e+03   1.6784475e-04
   1.6368838e+03   1.6646044e-04
   1.6403384e+03   1.6508754e-04
   1.6437931e+03   1.6372597e-04
   1.6472477e+03   1.6237563e-04
   1.6507024e+03   1.6103643e-04
   1.6541571e+03   1.5970827e-04
   1.6576117e+03   1.5839106e-04
   1.6610664e+03   1.5708472e-04
   1.6645210e+03   1.5578915e-04
   1.6679757e+03   1.5450427e-04
   1.6714303e+03   1.5322999e-04
   1.6748850e+03   1.5196621e-04
   1.6783396e+03   1.5071286e-04
   1.6817943e+03   1.4946985e-04
   1.6852489e+03   1.4823708e-04
   1.6887036e+03   1.4701449e-04
   1.6921583e+03   1.4580198e-04
   1.6956129e+03   1.4459946e-04
   1.6990676e+03   1.4340687e-04
   1.7025222e+03   1.4222411e-04
   1.7059769e+03   1.4105111e-04
   1.7094315e+03   1.3988778e-04
   1.7128862e+03   1.3873405e-04
   1.7163408e+03   1.3758983e-04
   1.7197955e+03   1.3645504e-04
   1.7232502e+03   1.3532962e-04
   1.7267048e+03   1.3421348e-04
   1.7301595e+03   1.3310655e-04
   1.7336141e+03   1.3200874e-04
   1.7370688e+03   1.3091999e-04
   1.7405234e+03   1.2984022e-04
   1.7439781e+03   1.2876935e-04
   1.7474327e+03   1.2770732e-04
   1.7508874e+03   1.2665404e-04
   1.7543420e+03   1.2560946e-04
   1.7577967e+03   1.2457348e-04
   1.7612514e+03   1.2354605e-04
   1.7647060e+03   1.2252710e-04
   1.7681607e+03   1.2151655e-04
   1.7716153e+03   1.2051433e-04
   1.7750700e+03   1.1952038e-04
   1.7785246e+03   1.1853463e-04
   1.7819793e+03   1.1755701e-04
   1.7854339e+03   1.1658745e-04
   1.7888886e+03   1.1562588e-04
   1.7923432e+03   1.1467225e-04
   1.7957979e+03   1.1372648e-04
   1.7992526e+03   1.1278852e-04
   1.8027072e+03   1.1185829e-04
   1.8061619e+03   1.1093573e-04
   1.8096165e+03   1.1002078e-04
   1.8130712e+03   1.0911337e-04
   1.8165258e+03   1.0821345e-04
   1.8199805e+03   1.0732096e-04
   1.8234351e+03   1.0643582e-04
   1.8268898e+03   1.0555798e-04
   1.8303444e+03   1.0468739e-04
   1.8337991e+03   1.0382397e-04
   1.8372538e+03   1.0296767e-04
   1.8407084e+03   1.0211844e-04
   1.8441631e+03   1.0127621e-04
   1.8476177e+03   1.0044093e-04
   1.8510724e+03   9.9612535e-05
   1.8545270e+03   9.8790974e-05
   1.8579817e+03   9.7976189e-05
   1.8614363e+03   9.7168123e-05
   1.8648910e+03   9.6366722e-05
   1.8683456e+03   9.5571931e-05
   1.8718003e+03   9.4783695e-05
   1.8752550e+03   9.4001960e-05
   1.8787096e+03   9.3226672e-05
   1.8821643e+03   9.2457779e-05
   1.8856189e+03   9.1695227e-05
   1.8890736e+03   9.0938964e-05
   1.8925282e+03   9.0188939e-05
   1.8959829e+03   8.9445099e-05
   1.8994375e+03   8.8707395e-05
   1.9028922e+03   8.7975774e-05
   1.9063468e+03   8.7250188e-05
   1.9098015e+03   8.6530586e-05
   1.9132562e+03   8.5816919e-05
   1.9167108e+03   8.5109138e-05
   1.9201655e+03   8.4407194e-05
   1.9236201e+03   8.3711040e-05
   1.9270748e+03   8.3020628e-05
   1.9305294e+03   8.2335909e-05
   1.9339841e+03   8.1656838e-05
   1.9374387e+03   8.0983368e-05
   1.9408934e+03   8.0315452e-05
   1.9443480e+03   7.9653045e-05
   1.9478027e+03   7.8996101e-05
   1.9512574e+03   7.8344575e-05
   1.9547120e+03   7.7698423e-05
   1.9581667e+03   7.7057599e-05
   1.9616213e+03   7.6422062e-05
   1.9650760e+03   7.5791765e-05
   1.9685306e+03   7.5166667e-05
   1.9719853e+03   7.4546725e-05
   1.9754399e+03   7.3931896e-05
   1.9788946e+03   7.3322137e-05
   1.9823492e+03   7.2717408e-05
   1.9858039e+03   7.2117666e-05
   1.9892586e+03   7.1522871e-05
   1.9927132e+03   7.0932981e-05
   1.9961679e+03   7.0347956e-05
   1.9996225e+03   6.9767757e-05
   2.0030772e+03   6.9192342e-05
   2.0065318e+03   6.8621674e-05
   2.0099865e+03   6.8055712e-05
   2.0134411e+03   6.7494417e-05
   2.0168958e+03   6.6937753e-05
   2.0203505e+03   6.6385679e-05
   2.0238051e+03   6.5838158e-05
   2.0272598e+03   6.5295154e-05
   2.0307144e+03   6.4756627e-05
   2.0341691e+03   6.4222542e-05
   2.0376237e+03   6.3692863e-05
   2.0410784e+03   6.3167551e-05
   2.0445330e+03   6.2646573e-05
   2.0479877e+03   6.2129891e-05
   2.0514423e+03   6.1617470e-05
   2.0548970e+03   6.1109276e-05
   2.0583517e+03   6.0605273e-05
   2.0618063e+03   6.0105427e-05
   2.0652610e+03   5.9609703e-05
   2.0687156e+03   5.9118068e-05
   2.0721703e+03   5.8630487e-05
   2.0756249e+03   5.8146928e-05
   2.0790796e+03   5.7667358e-05
   2.0825342e+03   5.7191742e-05
   2.0859889e+03   5.6720049e-05
   2.0894435e+03   5.6252247e-05
   2.0928982e+03   5.5788302e-05
   2.0963529e+03   5.5328184e-05
   2.0998075e+03   5.4871861e-05
   2.1032622e+03   5.4419302e-05
   2.1067168e+03   5.3970475e-05
   2.1101715e+03   5.3525350e-05
   2.1136261e+03   5.3083896e-05
   2.1170808e+03   5.2646083e-05
   2.1205354e+03   5.2211880e-05
   2.1239901e+03   5.1781259e-05
   2.1274447e+03   5.1354190e-05
   2.1308994e+03   5.0930643e-05
   2.1343541e+03   5.0510589e-05
   2.1378087e+03   5.0093999e-05
   2.1412634e+03   4.9680845e-05
   2.1447180e+03   4.9271099e-05
   2.1481727e+03   4.8864732e-05
   2.1516273e+03   4.8461717e-05
   2.1550820e+03   4.8062026e-05
   2.1585366e+03   4.7665631e-05
   2.1619913e+03   4.7272505e-05
   2.1654459e+03   4.6882622e-05
   2.1689006e+03   4.6495954e-05
   2.1723553e+03   4.6112476e-05
   2.1758099e+03   4.5732160e-05
   2.1792646e+03   4.5354981e-05
   2.1827192e+03   4.4980912e-05
   2.1861739e+03   4.4609929e-05
   2.1896285e+03   4.4242006e-05
   2.1930832e+03   4.3877117e-05
   2.1965378e+03   4.3515237e-05
   2.1999925e+03   4.3156342e-05
   2.2034471e+03   4.2800407e-05
   2.2069018e+03   4.2447408e-05
   2.2103565e+03   4.2097320e-05
   2.2138111e+03   4.1750119e-05
   2.2172658e+03   4.1405782e-05
   2.2207204e+03   4.1064285e-05
   2.2241751e+03   4.0725605e-05
   2.2276297e+03   4.0389718e-05
   2.2310844e+03   4.0056601e-05
   2.2345390e+03   3.9726231e-05
   2.2379937e+03   3.9398586e-05
   2.2414483e+03   3.9073644e-05
   2.2449030e+03   3.8751381e-05
   2.2483577e+03   3.8431776e-05
   2.2518123e+03   3.8114808e-05
   2.2552670e+03   3.7800453e-05
   2.2587216e+03   3.7488691e-05
   2.2621763e+03   3.7179501e-05
   2.2656309e+03   3.6872860e-05
   2.2690856e+03   3.6568749e-05
   2.2725402e+03   3.6267145e-05
   2.2759949e+03   3.5968030e-05
   2.2794495e+03   3.5671381e-05
   2.2829042e+03   3.5377179e-05
   2.2863589e+03   3.5085403e-05
   2.2898135e+03   3.4796034e-05
   2.2932682e+03   3.4509051e-05
   2.2967228e+03   3.4224435e-05
   2.3001775e+03   3.3942167e-05
   2.3036321e+03   3.3662226e-05
   2.3070868e+03   3.3384595e-05
   2.3105414e+03   3.3109253e-05
   2.3139961e+03   3.2836182e-05
   2.3174508e+03   3.2565363e-05
   2.3209054e+03   3.2296778e-05
   2.3243601e+03   3.2030408e-05
   2.3278147e+03   3.1766235e-05
   2.3312694e+03   3.1504241e-05
   2.3347240e+03   3.1244408e-05
   2.3381787e+03   3.0986717e-05
   2.3416333e+03   3.0731152e-05
   2.3450880e+03   3.0477695e-05
   2.3485426e+03   3.0226328e-05
   2.3519973e+03   2.9977034e-05
   2.3554520e+03   2.9729797e-05
   2.3589066e+03   2.9484598e-05
   2.3623613e+03   2.9241422e-05
   2.3658159e+03   2.9000251e-05
   2.3692706e+03   2.8761070e-05
   2.3727252e+03   2.8523861e-05
   2.3761799e+03   2.8288608e-05
   2.3796345e+03   2.8055296e-05
   2.3830892e+03   2.7823908e-05
   2.3865438e+03   2.7594428e-05
   2.3899985e+03   2.7366841e-05
   2.3934532e+03   2.7141132e-05
   2.3969078e+03   2.6917283e-05
   2.4003625e+03   2.6695281e-05
   2.4038171e+03   2.6475110e-05
   2.4072718e+03   2.6256755e-05
   2.4107264e+03   2.6040200e-05
   2.4141811e+03   2.5825432e-05
   2.4176357e+03   2.5612435e-05
   2.4210904e+03   2.5401194e-05
   2.4245450e+03   2.5191696e-05
   2.4279997e+03   2.4983926e-05
   2.4314544e+03   2.4777869e-05
   2.4349090e+03   2.4573512e-05
   2.4383637e+03   2.4370840e-05
   2.4418183e+03   2.4169840e-05
   2.4452730e+03   2.3970498e-05
   2.4487276e+03   2.3772799e-05
   2.4521823e+03   2.3576732e-05
   2.4556369e+03   2.3382281e-05
   2.4590916e+03   2.3189434e-05
   2.4625462e+03   2.2998177e-05
   2.4660009e+03   2.2808498e-05
   2.4694556e+03   2.2620384e-05
   2.4729102e+03   2.2433821e-05
   2.4763649e+03   2.2248796e-05
   2.4798195e+03   2.2065298e-05
   2.4832742e+03   2.1883313e-05
   2.4867288e+03   2.1702828e-05
   2.4901835e+03   2.1523833e-05
   2.4936381e+03   2.1346314e-05
   2.4970928e+03   2.1170258e-05
   2.5005474e+03   2.0995655e-05
   2.5040021e+03   2.0822492e-05
   2.5074568e+03   2.0650757e-05
   2.5109114e+03   2.0480439e-05
   2.5143661e+03   2.0311525e-05
   2.5178207e+03   2.0144004e-05
   2.5212754e+03   1.9977865e-05
   2.5247300e+03   1.9813096e-05
   2.5281847e+03   1.9649686e-05
   2.5316393e+03   1.9487624e-05
   2.5350940e+03   1.9326899e-05
   2.5385486e+03   1.9167499e-05
   2.5420033e+03   1.9009413e-05
   2.5454580e+03   1.8852632e-05
   2.5489126e+03   1.8697144e-05
   2.5523673e+03   1.8542938e-05
   2.5558219e+03   1.8390003e-05
   2.5592766e+03   1.8238331e-05
   2.5627312e+03   1.8087909e-05
   2.5661859e+03   1.7938727e-05
   2.5696405e+03   1.7790776e-05
   2.5730952e+03   1.7644046e-05
   2.5765498e+03   1.7498525e-05
   2.5800045e+03   1.7354205e-05
   2.5834592e+03   1.7211075e-05
   2.5869138e+03   1.7069125e-05
   2.5903685e+03   1.6928347e-05
   2.5938231e+03   1.6788729e-05
   2.5972778e+03   1.6650263e-05
   2.6007324e+03   1.6512939e-05
   2.6041871e+03   1.6376747e-05
   2.6076417e+03   1.6241679e-05
   2.6110964e+03   1.6107724e-05
   2.6145511e+03   1.5974875e-05
   2.6180057e+03   1.5843121e-05
   2.6214604e+03   1.5712454e-05
   2.6249150e+03   1.5582864e-05
   2.6283697e+03   1.5454343e-05
   2.6318243e+03   1.5326883e-05
   2.6352790e+03   1.5200473e-05
   2.6387336e+03   1.5075106e-05
   2.6421883e+03   1.4950773e-05
   2.6456429e+03   1.4827466e-05
   2.6490976e+03   1.4705175e-05
   2.6525523e+03   1.4583893e-05
   2.6560069e+03   1.4463611e-05
   2.6594616e+03   1.4344322e-05
   2.6629162e+03   1.4226016e-05
   2.6663709e+03   1.4108686e-05
   2.6698255e+03   1.3992324e-05
   2.6732802e+03   1.3876921e-05
   2.6767348e+03   1.3762470e-05
   2.6801895e+03   1.3648963e-05
   2.6836441e+03   1.3536392e-05
   2.6870988e+03   1.3424750e-05
   2.6905535e+03   1.3314028e-05
   2.6940081e+03   1.3204220e-05
   2.6974628e+03   1.3095317e-05
   2.7009174e+03   1.2987313e-05
   2.7043721e+03   1.2880199e-05
   2.7078267e+03   1.2773969e-05
   2.7112814e+03   1.2668615e-05
   2.7147360e+03   1.2564129e-05
   2.7181907e+03   1.2460506e-05
   2.7216453e+03   1.2357737e-05
   2.7251000e+03   1.2255816e-05
   2.7285547e+03   1.2154735e-05
   2.7320093e+03   1.2054488e-05
   2.7354640e+03   1.1955068e-05
   2.7389186e+03   1.1856467e-05
   2.7423733e+03   1.1758680e-05
   2.7458279e+03   1.1661700e-05
   2.7492826e+03   1.1565519e-05
   2.7527372e+03   1.1470132e-05
   2.7561919e+03   1.1375531e-05
   2.7596465e+03   1.1281711e-05
   2.7631012e+03   1.1188664e-05
   2.7665559e+03   1.1096385e-05
   2.7700105e+03   1.1004866e-05
   2.7734652e+03   1.0914103e-05
   2.7769198e+03   1.0824088e-05
   2.7803745e+03   1.0734816e-05
   2.7838291e+03   1.0646280e-05
   2.7872838e+03   1.0558474e-05
   2.7907384e+03   1.0471392e-05
   2.7941931e+03   1.0385028e-05
   2.7976477e+03   1.0299377e-05
   2.8011024e+03   1.0214432e-05
   2.8045571e+03   1.0130188e-05
   2.8080117e+03   1.0046639e-05
   2.8114664e+03   9.9637783e-06
   2.8149210e+03   9.8816013e-06
   2.8183757e+03   9.8001022e-06
   2.8218303e+03   9.7192751e-06
   2.8252850e+03   9.6391147e-06
   2.8287396e+03   9.5596155e-06
   2.8321943e+03   9.4807719e-06
   2.8356489e+03   9.4025786e-06
   2.8391036e+03   9.3250301e-06
   2.8425583e+03   9.2481213e-06
   2.8460129e+03   9.1718468e-06
   2.8494676e+03   9.0962014e-06
   2.8529222e+03   9.0211798e-06
   2.8563769e+03   8.9467770e-06
   2.8598315e+03   8.8729878e-06
   2.8632862e+03   8.7998073e-06
   2.8667408e+03   8.7272302e-06
   2.8701955e+03   8.6552518e-06
   2.8736502e+03   8.5838670e-06
   2.8771048e+03   8.5130710e-06
   2.8805595e+03   8.4428588e-06
   2.8840141e+03   8.3732258e-06
   2.8874688e+03   8.3041670e-06
   2.8909234e+03   8.2356778e-06
   2.8943781e+03   8.1677535e-06
   2.8978327e+03   8.1003894e-06
   2.9012874e+03   8.0335809e-06
   2.9047420e+03   7.9673233e-06
   2.9081967e+03   7.9016123e-06
   2.9116514e+03   7.8364432e-06
   2.9151060e+03   7.7718116e-06
   2.9185607e+03   7.7077130e-06
   2.9220153e+03   7.6441431e-06
   2.9254700e+03   7.5810975e-06
   2.9289246e+03   7.5185719e-06
   2.9323793e+03   7.4565620e-06
   2.9358339e+03   7.3950635e-06
   2.9392886e+03   7.3340722e-06
   2.9427432e+03   7.2735839e-06
   2.9461979e+03   7.2135945e-06
   2.9496526e+03   7.1540999e-06
   2.9531072e+03   7.0950960e-06
   2.9565619e+03   7.0365787e-06
   2.9600165e+03   6.9785440e-06
   2.9634712e+03   6.9209880e-06
   2.9669258e+03   6.8639066e-06
   2.9703805e+03   6.8072961e-06
   2.9738351e+03   6.7511524e-06
   2.9772898e+03   6.6954719e-06
   2.9807444e+03   6.6402505e-06
   2.9841991e+03   6.5854846e-06
   2.9876538e+03   6.5311703e-06
   2.9911084e+03   6.4773040e-06
   2.9945631e+03   6.4238820e-06
   2.9980177e+03   6.3709006e-06
   3.0014724e+03   6.3183562e-06
   3.0049270e+03   6.2662451e-06
   3.0083817e+03   6.2145638e-06
   3.0118363e+03   6.1633088e-06
   3.0152910e+03   6.1124764e-06
   3.0187456e+03   6.0620634e-06
   3.0222003e+03   6.0120661e-06
   3.0256550e+03   5.9624811e-06
   3.0291096e+03   5.9133052e-06
   3.0325643e+03   5.8645348e-06
   3.0360189e+03   5.8161666e-06
   3.0394736e+03   5.7681974e-06
   3.0429282e+03   5.7206238e-06
   3.0463829e+03   5.6734425e-06
   3.0498375e+03   5.6266504e-06
   3.0532922e+03   5.5802442e-06
   3.0567468e+03   5.5342208e-06
   3.0602015e+03   5.4885769e-06
   3.0636562e+03   5.4433095e-06
   3.0671108e+03   5.3984154e-06
   3.0705655e+03   5.3538916e-06
   3.0740201e+03   5.3097350e-06
   3.0774748e+03   5.2659426e-06
   3.0809294e+03   5.2225114e-06
   3.0843841e+03   5.1794384e-06
   3.0878387e+03   5.1367206e-06
   3.0912934e+03   5.0943551e-06
   3.0947480e+03   5.0523391e-06
   3.0982027e+03   5.0106696e-06
   3.1016574e+03   4.9693437e-06
   3.1051120e+03   4.9283587e-06
   3.1085667e+03   4.8877117e-06
   3.1120213e+03   4.8474000e-06
   3.1154760e+03   4.8074207e-06
   3.1189306e+03   4.7677712e-06
   3.1223853e+03   4.7284487e-06
   3.1258399e+03   4.6894505e-06
   3.1292946e+03   4.6507739e-06
   3.1327492e+03   4.6124163e-06
   3.1362039e+03   4.5743751e-06
   3.1396586e+03   4.5366476e-06
   3.1431132e+03   4.4992313e-06
   3.1465679e+03   4.4621236e-06
   3.1500225e+03   4.4253219e-06
   3.1534772e+03   4.3888238e-06
   3.1569318e+03   4.3526266e-06
   3.1603865e+03   4.3167281e-06
   3.1638411e+03   4.2811255e-06
   3.1672958e+03   4.2458167e-06
   3.1707505e+03   4.2107990e-06
   3.1742051e+03   4.1760701e-06
   3.1776598e+03   4.1416277e-06
   3.1811144e+03   4.1074693e-06
   3.1845691e+03   4.0735927e-06
   3.1880237e+03   4.0399955e-06
   3.1914784e+03   4.0066753e-06
   3.1949330e+03   3.9736300e-06
   3.1983877e+03   3.9408572e-06
   3.2018423e+03   3.9083547e-06
   3.2052970e+03   3.8761203e-06
   3.2087517e+03   3.8441517e-06
   3.2122063e+03   3.8124468e-06
   3.2156610e+03   3.7810034e-06
   3.2191156e+03   3.7498193e-06
   3.2225703e+03   3.7188924e-06
   3.2260249e+03   3.6882206e-06
   3.2294796e+03   3.6578017e-06
   3.2329342e+03   3.6276338e-06
   3.2363889e+03   3.5977146e-06
   3.2398435e+03   3.5680422e-06
   3.2432982e+03   3.5386145e-06
   3.2467529e+03   3.5094296e-06
   3.2502075e+03   3.4804853e-06
   3.2536622e+03   3.4517798e-06
   3.2571168e+03   3.4233110e-06
   3.2605715e+03   3.3950770e-06
   3.2640261e+03   3.3670758e-06
   3.2674808e+03   3.3393056e-06
   3.2709354e+03   3.3117645e-06
   3.2743901e+03   3.2844505e-06
   3.2778447e+03   3.2573617e-06
   3.2812994e+03   3.2304964e-06
   3.2847541e+03   3.2038527e-06
   3.2882087e+03   3.1774287e-06
   3.2916634e+03   3.1512226e-06
   3.2951180e+03   3.1252327e-06
   3.2985727e+03   3.0994571e-06
   3.3020273e+03   3.0738941e-06
   3.3054820e+03   3.0485420e-06
   3.3089366e+03   3.0233989e-06
   3.3123913e+03   2.9984632e-06
   3.3158459e+03   2.9737332e-06
   3.3193006e+03   2.9492071e-06
   3.3227553e+03   2.9248833e-06
   3.3262099e+03   2.9007602e-06
   3.3296646e+03   2.8768359e-06
   3.3331192e+03   2.8531090e-06
   3.3365739e+03   2.8295778e-06
   3.3400285e+03   2.8062407e-06
   3.3434832e+03   2.7830960e-06
   3.3469378e+03   2.7601422e-06
   3.3503925e+03   2.7373778e-06
   3.3538471e+03   2.7148011e-06
   3.3573018e+03   2.6924106e-06
   3.3607565e+03   2.6702047e-06
   3.3642111e+03   2.6481820e-06
   3.3676658e+03   2.6263410e-06
   3.3711204e+03   2.6046800e-06
   3.3745751e+03   2.5831977e-06
   3.3780297e+03   2.5618926e-06
   3.3814844e+03   2.5407633e-06
   3.3849390e+03   2.5198081e-06
   3.3883937e+03   2.4990258e-06
   3.3918483e+03   2.4784150e-06
   3.3953030e+03   2.4579741e-06
   3.3987577e+03   2.4377017e-06
   3.4022123e+03   2.4175966e-06
   3.4056670e+03   2.3976573e-06
   3.4091216e+03   2.3778825e-06
   3.4125763e+03   2.3582707e-06
   3.4160309e+03   2.3388207e-06
   3.4194856e+03   2.3195312e-06
   3.4229402e+03   2.3004007e-06
   3.4263949e+03   2.2814279e-06
   3.4298495e+03   2.2626117e-06
   3.4333042e+03   2.2439507e-06
   3.4367589e+03   2.2254435e-06
   3.4402135e+03   2.2070890e-06
   3.4436682e+03   2.1888859e-06
   3.4471228e+03   2.1708329e-06
   3.4505775e+03   2.1529288e-06
   3.4540321e+03   2.1351724e-06
   3.4574868e+03   2.1175624e-06
   3.4609414e+03   2.1000977e-06
   3.4643961e+03   2.0827770e-06
   3.4678508e+03   2.0655991e-06
   3.4713054e+03   2.0485630e-06
   3.4747601e+03   2.0316673e-06
   3.4782147e+03   2.0149110e-06
   3.4816694e+03   1.9982929e-06
   3.4851240e+03   1.9818118e-06
   3.4885787e+03   1.9654667e-06
   3.4920333e+03   1.9492563e-06
   3.4954880e+03   1.9331797e-06
   3.4989426e+03   1.9172357e-06
   3.5023973e+03   1.9014231e-06
   3.5058520e+03   1.8857410e-06
   3.5093066e+03   1.8701882e-06
   3.5127613e+03   1.8547637e-06
   3.5162159e+03   1.8394664e-06
   3.5196706e+03   1.8242953e-06
   3.5231252e+03   1.8092493e-06
   3.5265799e+03   1.7943274e-06
   3.5300345e+03   1.7795286e-06
   3.5334892e+03   1.7648518e-06
   3.5369438e+03   1.7502960e-06
   3.5403985e+03   1.7358604e-06
   3.5438532e+03   1.7215437e-06
   3.5473078e+03   1.7073452e-06
   3.5507625e+03   1.6932637e-06
   3.5542171e+03   1.6792984e-06
   3.5576718e+03   1.6654483e-06
   3.5611264e+03   1.6517124e-06
   3.5645811e+03   1.6380898e-06
   3.5680357e+03   1.6245795e-06
   3.5714904e+03   1.6111807e-06
   3.5749450e+03   1.5978924e-06
   3.5783997e+03   1.5847136e-06
   3.5818544e+03   1.5716436e-06
   3.5853090e+03   1.5586814e-06
   3.5887637e+03   1.5458260e-06
   3.5922183e+03   1.5330767e-06
   3.5956730e+03   1.5204326e-06
   3.5991276e+03   1.5078927e-06
   3.6025823e+03   1.4954562e-06
   3.6060369e+03   1.4831224e-06
   3.6094916e+03   1.4708902e-06
   3.6129462e+03   1.4587589e-06
   3.6164009e+03   1.4467277e-06
   3.6198556e+03   1.4347957e-06
   3.6233102e+03   1.4229622e-06
   3.6267649e+03   1.4112262e-06
   3.6302195e+03   1.3995870e-06
   3.6336742e+03   1.3880438e-06
   3.6371288e+03   1.3765958e-06
   3.6405835e+03   1.3652423e-06
   3.6440381e+03   1.3539823e-06
   3.6474928e+03   1.3428153e-06
   3.6509474e+03   1.3317403e-06
   3.6544021e+03   1.3207567e-06
   3.6578568e+03   1.3098636e-06
   3.6613114e+03   1.2990605e-06
   3.6647661e+03   1.2883464e-06
   3.6682207e+03   1.2777206e-06
   3.6716754e+03   1.2671825e-06
   3.6751300e+03   1.2567314e-06
   3.6785847e+03   1.2463664e-06
   3.6820393e+03   1.2360869e-06
   3.6854940e+03   1.2258922e-06
   3.6889486e+03   1.2157816e-06
   3.6924033e+03   1.2057543e-06
   3.6958580e+03   1.1958098e-06
   3.6993126e+03   1.1859472e-06
   3.7027673e+03   1.1761661e-06
   3.7062219e+03   1.1664656e-06
   3.7096766e+03   1.1568451e-06
   3.7131312e+03   1.1473039e-06
   3.7165859e+03   1.1378414e-06
   3.7200405e+03   1.1284570e-06
   3.7234952e+03   1.1191500e-06
   3.7269498e+03   1.1099197e-06
   3.7304045e+03   1.1007656e-06
   3.7338592e+03   1.0916869e-06
   3.7373138e+03   1.0826832e-06
   3.7407685e+03   1.0737537e-06
   3.7442231e+03   1.0648978e-06
   3.7476778e+03   1.0561150e-06
   3.7511324e+03   1.0474046e-06
   3.7545871e+03   1.0387661e-06
   3.7580417e+03   1.0301988e-06
   3.7614964e+03   1.0217021e-06
   3.7649511e+03   1.0132756e-06
   3.7684057e+03   1.0049185e-06
   3.7718604e+03   9.9663037e-07
   3.7753150e+03   9.8841059e-07
   3.7787697e+03   9.8025861e-07
   3.7822243e+03   9.7217386e-07
   3.7856790e+03   9.6415579e-07
   3.7891336e+03   9.5620384e-07
   3.7925883e+03   9.4831749e-07
   3.7960429e+03   9.4049617e-07
   3.7994976e+03   9.3273937e-07
   3.8029523e+03   9.2504653e-07
   3.8064069e+03   9.1741715e-07
   3.8098616e+03   9.0985069e-07
   3.8133162e+03   9.0234663e-07
   3.8167709e+03   8.9490446e-07
   3.8202255e+03   8.8752368e-07
   3.8236802e+03   8.8020376e-07
   3.8271348e+03   8.7294422e-07
   3.8305895e+03   8.6574456e-07
   3.8340441e+03   8.5860427e-07
   3.8374988e+03   8.5152287e-07
   3.8409535e+03   8.4449988e-07
   3.8444081e+03   8.3753480e-07
   3.8478628e+03   8.3062718e-07
   3.8513174e+03   8.2377652e-07
   3.8547721e+03   8.1698237e-07
   3.8582267e+03   8.1024425e-07
   3.8616814e+03   8.0356170e-07
   3.8651360e+03   7.9693427e-07
   3.8685907e+03   7.9036150e-07
   3.8720453e+03   7.8384294e-07
   3.8755000e+03   7.7737814e-07
